   1.0000000000000000E+00   1.0000000000000001E+25   1.9732696317747896E-22
   2.0000000000000000E+00   1.0000000000000001E+25   9.8663481588739479E-23
   3.0000000000000000E+00   1.0000000000000001E+25   6.5775654392492986E-23
   4.0000000000000000E+00   1.0000000000000001E+25   4.9331740794369739E-23
   5.0000000000000000E+00   1.0000000000000001E+25   3.9465392635495793E-23
   6.0000000000000000E+00   1.0000000000000001E+25   3.2887827196246493E-23
   7.0000000000000000E+00   1.0000000000000001E+25   2.8189566168211286E-23
   8.0000000000000000E+00   1.0000000000000001E+25   2.4665870397184870E-23
   8.1190000000000015E+00   1.0000000000000001E+25   2.4304343290735181E-23
   8.1210000000000004E+00   1.0000000000000001E+25   2.4298357736421492E-23
   8.4990000000000006E+00   1.0000000000000001E+25   2.3217668334801616E-23
   8.5009999999999994E+00   1.0000000000000001E+25   2.3212205996644977E-23
   9.0000000000000000E+00   1.0000000000000001E+25   2.1925218130830994E-23
   1.0000000000000000E+01   1.0000000000000001E+25   1.9732696317747896E-23
   1.1000000000000000E+01   1.0000000000000001E+25   1.7938814834316270E-23
   1.2000000000000000E+01   1.0000000000000001E+25   1.6443913598123246E-23
   1.3000000000000000E+01   1.0000000000000001E+25   1.5178997167498382E-23
   1.4000000000000000E+01   1.0000000000000001E+25   1.4094783084105643E-23
   1.5000000000000000E+01   1.0000000000000001E+25   1.3155130878498597E-23
   1.6000000000000000E+01   1.0000000000000001E+25   1.2332935198592435E-23
   1.7000000000000000E+01   1.0000000000000001E+25   1.1607468422204644E-23
   1.8000000000000000E+01   1.0000000000000001E+25   1.0962609065415497E-23
   1.9000000000000000E+01   1.0000000000000001E+25   1.0385629640919946E-23
   2.0000000000000000E+01   1.0000000000000001E+25   9.8663481588739482E-24
   2.1000000000000000E+01   1.0000000000000001E+25   9.3965220560704266E-24
   2.2000000000000000E+01   1.0000000000000001E+25   8.9694074171581351E-24
   2.3000000000000000E+01   1.0000000000000001E+25   8.5794331816295206E-24
   2.4000000000000000E+01   1.0000000000000001E+25   8.2219567990616232E-24
   2.5000000000000000E+01   1.0000000000000001E+25   7.8930785270991588E-24
   2.6000000000000000E+01   1.0000000000000001E+25   7.5894985837491909E-24
   2.7000000000000000E+01   1.0000000000000001E+25   7.3084060436103314E-24
   2.8000000000000000E+01   1.0000000000000001E+25   7.0473915420528214E-24
   2.9000000000000000E+01   1.0000000000000001E+25   6.8043780406027227E-24
   3.0000000000000000E+01   1.0000000000000001E+25   6.5775654392492983E-24
   3.1000000000000000E+01   1.0000000000000001E+25   6.3653859089509344E-24
   3.2000000000000000E+01   1.0000000000000001E+25   6.1664675992962174E-24
   3.3000000000000000E+01   1.0000000000000001E+25   5.9796049447720891E-24
   3.4000000000000000E+01   1.0000000000000001E+25   5.8037342111023222E-24
   3.5000000000000000E+01   1.0000000000000001E+25   5.6379132336422558E-24
   3.6000000000000000E+01   1.0000000000000001E+25   5.4813045327077486E-24
   3.7000000000000000E+01   1.0000000000000001E+25   5.3331611669588911E-24
   3.8000000000000000E+01   1.0000000000000001E+25   5.1928148204599731E-24
   3.9000000000000000E+01   1.0000000000000001E+25   5.0596657224994601E-24
   4.0000000000000000E+01   1.0000000000000001E+25   4.9331740794369741E-24
   4.1000000000000000E+01   1.0000000000000001E+25   4.8128527604263161E-24
   4.2000000000000000E+01   1.0000000000000001E+25   4.6982610280352133E-24
   4.3000000000000000E+01   1.0000000000000001E+25   4.5889991436623017E-24
   4.4000000000000000E+01   1.0000000000000001E+25   4.4847037085790676E-24
   4.5000000000000000E+01   1.0000000000000001E+25   4.3850436261661996E-24
   4.6000000000000000E+01   1.0000000000000001E+25   4.2897165908147603E-24
   4.7000000000000000E+01   1.0000000000000001E+25   4.1984460250527435E-24
   4.8000000000000000E+01   1.0000000000000001E+25   4.1109783995308116E-24
   4.8999000000000002E+01   1.0000000000000001E+25   4.0271630681744316E-24
   4.9000999999999998E+01   3.5608663246494444E+01   1.1309042043083706E+00
   5.0000000000000000E+01   3.6332385755646918E+01   1.0862317960873775E+00
   5.1000000000000000E+01   3.7086907114238983E+01   1.0432674066933383E+00
   5.2000000000000000E+01   3.8164552619848379E+01   9.9431253123115271E-01
   5.2999000000000002E+01   3.9829236461884534E+01   9.3479585069074989E-01
   5.3000999999999998E+01   3.9832623568362841E+01   9.3468109009928668E-01
   5.4000000000000000E+01   4.1947181096980202E+01   8.7114388291236911E-01
   5.5000000000000000E+01   4.4385727223709978E+01   8.0831456219708886E-01
   5.6000000000000000E+01   4.7118876430819029E+01   7.4783102610691032E-01
   5.7000000000000000E+01   5.0187956304813099E+01   6.8978233063483330E-01
   5.8000000000000000E+01   5.3354821902714512E+01   6.3765352389420504E-01
   5.9000000000000000E+01   5.6978566675055774E+01   5.8697945469422663E-01
   6.0000000000000000E+01   6.0647669252748599E+01   5.4227685253965463E-01
   6.1000000000000000E+01   6.4856547845217420E+01   4.9877280803339469E-01
   6.2000000000000000E+01   6.9125784146685618E+01   4.6042052090458185E-01
   6.3000000000000000E+01   7.3540691092562284E+01   4.2591033238290066E-01
   6.4000000000000000E+01   7.8219498703933510E+01   3.9417713623023504E-01
   6.5000000000000000E+01   8.3653101837096571E+01   3.6290339112726472E-01
   6.6000000000000000E+01   8.8857272543139104E+01   3.3647245597534325E-01
   6.7000000000000000E+01   9.3992385683470374E+01   3.1334224931857318E-01
   6.8000000000000000E+01   1.0020515901865113E+02   2.8959258524913262E-01
   6.9000000000000000E+01   1.0623630774318472E+02   2.6919337854403513E-01
   7.0000000000000000E+01   1.1186092007930542E+02   2.5200549171440645E-01
   7.1000000000000000E+01   1.1864315263000007E+02   2.3425313141897602E-01
   7.2000000000000000E+01   1.2519636694584989E+02   2.1890829048891372E-01
   7.3000000000000000E+01   1.3192046173779354E+02   2.0490445902135537E-01
   7.4000000000000000E+01   1.3837639781171694E+02   1.9270487060284314E-01
   7.5000000000000000E+01   1.4531419835969331E+02   1.8105774971742222E-01
   7.6000000000000000E+01   1.5318803755602170E+02   1.6949152503376555E-01
   7.7000000000000000E+01   1.5968717659994317E+02   1.6048175489343988E-01
   7.8000000000000000E+01   1.6692483876563378E+02   1.5155520771846739E-01
   7.9000000000000000E+01   1.7368868413946851E+02   1.4380957935456101E-01
   8.0000000000000000E+01   1.8099176123138440E+02   1.3628173033606433E-01
   8.0998999999999995E+01   1.8769869700550950E+02   1.2979128053909442E-01
   8.1001000000000005E+01   1.8771372268826536E+02   1.2977768687385716E-01
   8.2000000000000000E+01   1.9489465541208355E+02   1.2347318478924070E-01
   8.3000000000000000E+01   2.0130105585134817E+02   1.1810336916715208E-01
   8.4000000000000000E+01   2.0816679989341858E+02   1.1284847128458340E-01
   8.5000000000000000E+01   2.1563683437101415E+02   1.0765756653831605E-01
   8.6000000000000000E+01   2.2366294572389816E+02   1.0258738050707816E-01
   8.7000000000000000E+01   2.2794080103868063E+02   9.9505047064801233E-02
   8.8000000000000000E+01   2.3539425713338758E+02   9.5259412085779635E-02
   8.9000000000000000E+01   2.4335163337616322E+02   9.1109184634376505E-02
   9.0000000000000000E+01   2.4612200977287182E+02   8.9082720196638224E-02
   9.1000000000000000E+01   2.5312693640819057E+02   8.5665642604258144E-02
   9.2000000000000000E+01   2.5657511906992096E+02   8.3595724448358180E-02
   9.3000000000000000E+01   2.6276387680819579E+02   8.0749124604081221E-02
   9.4000000000000000E+01   2.6925856752252696E+02   7.7963090713937824E-02
   9.5000000000000000E+01   2.7155557320609711E+02   7.6489902367334370E-02
   9.6000000000000000E+01   2.7716621524026692E+02   7.4160885661463644E-02
   9.7000000000000000E+01   2.8026020300766982E+02   7.2586067077203748E-02
   9.8000000000000000E+01   2.8514795743845127E+02   7.0613882654977089E-02
   9.9000000000000000E+01   2.9020922336974121E+02   6.8681540342290362E-02
   1.0000000000000000E+02   2.9208644356714655E+02   6.7557727352079711E-02
   1.1000000000000000E+02   3.2338531630039938E+02   5.5471952281384747E-02
   1.2000000000000000E+02   3.4163138368843238E+02   4.8133498218419203E-02
   1.3000000000000000E+02   3.5472226291239593E+02   4.2791216550304503E-02
   1.4000000000000000E+02   3.6283030337950140E+02   3.8846763770343733E-02
   1.5000000000000000E+02   3.6951289816880092E+02   3.5601276555410177E-02
   1.6000000000000000E+02   3.7726323865635044E+02   3.2690529940094491E-02
   1.7000000000000000E+02   3.8598166051477750E+02   3.0072590513041356E-02
   1.8000000000000000E+02   3.9640490717083492E+02   2.7655079104989603E-02
   1.9000000000000000E+02   4.0776382319360624E+02   2.5469718131392077E-02
   2.0000000000000000E+02   4.1934974640027104E+02   2.3527731311554154E-02
   2.1000000000000000E+02   4.3230987972178457E+02   2.1735617196899624E-02
   2.2000000000000000E+02   4.4638175293943067E+02   2.0093579896791142E-02
   2.3000000000000000E+02   4.5991878020676069E+02   1.8654235379935036E-02
   2.4000000000000000E+02   4.7583773969119363E+02   1.7278908571643478E-02
   2.5000000000000000E+02   4.9087866923126626E+02   1.6079489743280159E-02
   2.6000000000000000E+02   5.0840138344166706E+02   1.4928162729163768E-02
   2.7000000000000000E+02   5.2491500647078351E+02   1.3923027449239280E-02
   2.8000000000000000E+02   5.4376488474845655E+02   1.2960365297058334E-02
   2.8599900000000002E+02   5.5563454991647313E+02   1.2417457288152016E-02
   2.8600099999999998E+02   5.5563859354123031E+02   1.2417280086461089E-02
   2.8999900000000002E+02   5.6384118714440433E+02   1.2067939801484424E-02
   2.9000099999999998E+02   5.6181227901860836E+02   1.2111437986362886E-02
   3.0000000000000000E+02   5.8148883514003558E+02   1.1311593691502734E-02
   3.1000000000000000E+02   6.0220050494639077E+02   1.0570210181935326E-02
   3.2000000000000000E+02   6.2128162944775511E+02   9.9253982526048105E-03
   3.3000000000000000E+02   6.4286386898451667E+02   9.3015103714222096E-03
   3.4000000000000000E+02   6.6483558139733316E+02   8.7295782197820918E-03
   3.5000000000000000E+02   6.8898569999841834E+02   8.1829176333488487E-03
   3.6000000000000000E+02   7.0882721577865016E+02   7.7329205350651076E-03
   3.7000000000000000E+02   7.3212078868307924E+02   7.2845372640654689E-03
   3.8000000000000000E+02   7.5782252699583887E+02   6.8522835300836686E-03
   3.9000000000000000E+02   7.7924278476898314E+02   6.4930543104091314E-03
   4.0000000000000000E+02   8.0551923911436882E+02   6.1242163313948552E-03
   4.1000000000000000E+02   8.3111216676213598E+02   5.7908582654689423E-03
   4.2000000000000000E+02   8.5999412661799636E+02   5.4631315291786293E-03
   4.3000000000000000E+02   8.8256260700031851E+02   5.1996301534454718E-03
   4.4000000000000000E+02   9.1043794009595047E+02   4.9258752420911055E-03
   4.5000000000000000E+02   9.3693157928466826E+02   4.6802175560291268E-03
   4.6000000000000000E+02   9.6675151253294553E+02   4.4372483882393439E-03
   4.6599900000000002E+02   9.8556913477513103E+02   4.2964954216220524E-03
   4.6600099999999998E+02   9.8557553051706668E+02   4.2964491004356883E-03
   4.7000000000000000E+02   9.9286537489299769E+02   4.2286156121671735E-03
   4.8000000000000000E+02   1.0234272300955812E+03   4.0168741642206199E-03
   4.8799900000000002E+02   1.0472651593630264E+03   3.8610981764406103E-03
   4.8800099999999998E+02   1.0472715601109460E+03   3.8610587540131910E-03
   4.9000000000000000E+02   1.0537084686313538E+03   3.8218169456336972E-03
   5.0000000000000000E+02   1.0871347934027103E+03   3.6302207302159745E-03
   5.1000000000000000E+02   1.1141409809387817E+03   3.4727706878484158E-03
   5.2000000000000000E+02   1.1483974100475309E+03   3.3043868426327568E-03
   5.3000000000000000E+02   1.1748152298175278E+03   3.1691368601085962E-03
   5.4000000000000000E+02   1.2074824588985396E+03   3.0262990529390508E-03
   5.5000000000000000E+02   1.2426077293502685E+03   2.8872852486916483E-03
   5.6000000000000000E+02   1.2735618965609365E+03   2.7668037027031227E-03
   5.7000000000000000E+02   1.3096089480460091E+03   2.6434429545847096E-03
   5.8000000000000000E+02   1.3477559984538227E+03   2.5243360253669306E-03
   5.9000000000000000E+02   1.3768268937334992E+03   2.4291541767818337E-03
   5.9199900000000002E+02   1.3843081725403592E+03   2.4078680065081426E-03
   5.9200099999999998E+02   1.3843156982740286E+03   2.4078467816740254E-03
   6.0000000000000000E+02   1.4124564431155175E+03   2.3284135490723072E-03
   6.1000000000000000E+02   1.4511996008758813E+03   2.2290994614791132E-03
   6.2000000000000000E+02   1.4921281233542641E+03   2.1329890541308604E-03
   6.3000000000000000E+02   1.5235157997241290E+03   2.0558854849141057E-03
   6.4000000000000000E+02   1.5646420712655124E+03   1.9705681294600054E-03
   6.5000000000000000E+02   1.6080502939118380E+03   1.8878759234044924E-03
   6.6000000000000000E+02   1.6372221259383230E+03   1.8261434566629331E-03
   6.7000000000000000E+02   1.6797442484552678E+03   1.7533493908945968E-03
   6.8000000000000000E+02   1.7181842926448489E+03   1.6889149307052719E-03
   6.9000000000000000E+02   1.7625948753398004E+03   1.6225004965998483E-03
   7.0000000000000000E+02   1.8093621683159336E+03   1.5579836177545795E-03
   7.1000000000000000E+02   1.8420177075344286E+03   1.5088090582037782E-03
   7.2000000000000000E+02   1.8886300810173359E+03   1.4511323810312213E-03
   7.3000000000000000E+02   1.9223671259842522E+03   1.4061357209482071E-03
   7.4000000000000000E+02   1.9678461254066840E+03   1.3550757597616317E-03
   7.5000000000000000E+02   2.0106329545193366E+03   1.3085561786828938E-03
   7.6000000000000000E+02   2.0578768452182467E+03   1.2616923195686311E-03
   7.7000000000000000E+02   2.1073943405220707E+03   1.2160457035482459E-03
   7.8000000000000000E+02   2.1593536123349336E+03   1.1715695135796648E-03
   7.9000000000000000E+02   2.1949243194262299E+03   1.1379935236798342E-03
   8.0000000000000000E+02   2.2464143463888031E+03   1.0980107225915913E-03
   8.1000000000000000E+02   2.3003781817493555E+03   1.0590151511598483E-03
   8.2000000000000000E+02   2.3340535852873240E+03   1.0310073407834488E-03
   8.3000000000000000E+02   2.3863028218262702E+03   9.9628314962786038E-04
   8.4000000000000000E+02   2.4318561565644791E+03   9.6598250997553250E-04
   8.5000000000000000E+02   2.4851438514264601E+03   9.3414861401620820E-04
   8.6000000000000000E+02   2.5321611147827484E+03   9.0614280364541971E-04
   8.7000000000000000E+02   2.5857007514148850E+03   8.7718039772898384E-04
   8.8000000000000000E+02   2.6415533613799562E+03   8.4887622831064896E-04
   8.9000000000000000E+02   2.6998721383760039E+03   8.2120810764328787E-04
   9.0000000000000000E+02   2.7412286850867622E+03   7.9983177799472971E-04
   9.1000000000000000E+02   2.7991106205266265E+03   7.7468469837662713E-04
   9.2000000000000000E+02   2.8594896752453947E+03   7.5008429440239670E-04
   9.3000000000000000E+02   2.8991013311265187E+03   7.3188035209489129E-04
   9.4000000000000000E+02   2.9578162777651060E+03   7.0972055577181502E-04
   9.5000000000000000E+02   3.0102051058844086E+03   6.9002803965868712E-04
   9.6000000000000000E+02   3.0702418655643960E+03   6.6948771131669443E-04
   9.7000000000000000E+02   3.1237963902141405E+03   6.5122637180558759E-04
   9.8000000000000000E+02   3.1842250561589831E+03   6.3234865786006419E-04
   9.9000000000000000E+02   3.2470377804321447E+03   6.1385231187303599E-04
   1.0000000000000000E+03   3.2977419651333325E+03   5.9836993089148734E-04
   1.1000000000000000E+03   3.9260435072522278E+03   4.5691839128067507E-04
   1.2000000000000000E+03   4.6101737637518463E+03   3.5668750118305481E-04
   1.3000000000000000E+03   5.3613668483097754E+03   2.8311804800829315E-04
   1.4000000000000000E+03   6.2081092348231596E+03   2.2703825836445899E-04
   1.5000000000000000E+03   7.1008162167444625E+03   1.8526223573393484E-04
   1.6000000000000000E+03   8.1070034619621310E+03   1.5212692650815163E-04
   1.7000000000000000E+03   9.1471552399516877E+03   1.2689703101907728E-04
   1.8000000000000000E+03   1.0308458361260580E+04   1.0634576656596134E-04
   1.9000000000000000E+03   1.1561633788448731E+04   8.9828391306566598E-05
   2.0000000000000000E+03   1.2894223472382913E+04   7.6517583086766546E-05
   2.1000000000000000E+03   1.4302034096753845E+04   6.5700598897349652E-05
   2.2000000000000000E+03   1.5865167553999951E+04   5.6535220234070299E-05
   2.3000000000000000E+03   1.7487381628319970E+04   4.9060707680419942E-05
   2.4000000000000000E+03   1.9138700061407086E+04   4.2959849794820090E-05
   2.5000000000000000E+03   2.1038179507307996E+04   3.7517878029120127E-05
   2.6000000000000000E+03   2.3094321634243573E+04   3.2863050510631621E-05
   2.7000000000000000E+03   2.5012896168057068E+04   2.9218551880224070E-05
   2.8000000000000000E+03   2.7266046818935796E+04   2.5846766819011439E-05
   2.8439989999999998E+03   2.8240368546405098E+04   2.4568952052564564E-05
   2.8440010000000002E+03   2.8240417316967709E+04   2.4568892344831361E-05
   2.9000000000000000E+03   2.9561751347096619E+04   2.3017506509373333E-05
   2.9729989999999998E+03   3.1336626383677671E+04   2.1180657103471876E-05
   2.9730010000000002E+03   3.1336679098943227E+04   2.1180607224247278E-05
   3.0000000000000000E+03   3.2064846113910251E+04   2.0513322957741704E-05
   3.1000000000000000E+03   3.4697229364385501E+04   1.8345516416030033E-05
   3.2000000000000000E+03   3.7325206023715866E+04   1.6520920461572642E-05
   3.2299989999999998E+03   3.8134582206656472E+04   1.6020093690049692E-05
   3.2300010000000002E+03   3.8134640427046397E+04   1.6020059312529750E-05
   3.3000000000000000E+03   4.0287356370155991E+04   1.4842386007739274E-05
   3.4000000000000000E+03   4.3129910355481959E+04   1.3456402211985236E-05
   3.5000000000000000E+03   4.6412670778957472E+04   1.2147357906837733E-05
   3.6000000000000000E+03   4.9787706765173156E+04   1.1009353289880705E-05
   3.7000000000000000E+03   5.3112661805862874E+04   1.0041223666124349E-05
   3.8000000000000000E+03   5.6757695057238438E+04   9.1490939073955977E-06
   3.9000000000000000E+03   6.0529092138591950E+04   8.3590642841866358E-06
   4.0000000000000000E+03   6.4534695078344586E+04   7.6442200175396232E-06
   4.1000000000000000E+03   6.8689270469466443E+04   7.0067023969423462E-06
   4.2000000000000000E+03   7.3095517886363741E+04   6.4275637739365320E-06
   4.3000000000000000E+03   7.7598021817505432E+04   5.9138094453679277E-06
   4.4000000000000000E+03   8.1974824736223614E+04   5.4708304933982187E-06
   4.5000000000000000E+03   8.7298810366612641E+04   5.0230279287325265E-06
   4.6000000000000000E+03   9.2327449452543704E+04   4.6461985208631522E-06
   4.7000000000000000E+03   9.7163824769902640E+04   4.3209970737517228E-06
   4.8000000000000000E+03   1.0255916875532115E+05   4.0083967620081937E-06
   4.9000000000000000E+03   1.0811092491920968E+05   3.7249527595684173E-06
   5.0000000000000000E+03   1.1407529676706625E+05   3.4595914938605298E-06
   5.1000000000000000E+03   1.2074372768212805E+05   3.2044365492184296E-06
   5.2000000000000000E+03   1.2689936958722826E+05   2.9903610271807979E-06
   5.3000000000000000E+03   1.3328903250280331E+05   2.7932907747330030E-06
   5.4000000000000000E+03   1.4007059009903736E+05   2.6088296045739869E-06
   5.5000000000000000E+03   1.4691011573551907E+05   2.4421483496223442E-06
   5.6000000000000000E+03   1.5387070724011859E+05   2.2900367680299325E-06
   5.7000000000000000E+03   1.6147317017843778E+05   2.1439329785547214E-06
   5.8000000000000000E+03   1.7005164374735946E+05   2.0006798789642342E-06
   5.9000000000000000E+03   1.7765245481479247E+05   1.8826223387146810E-06
   6.0000000000000000E+03   1.8557908588463988E+05   1.7721731432975324E-06
   6.1000000000000000E+03   1.9400934069450040E+05   1.6673775794666313E-06
   6.2000000000000000E+03   2.0249095254100050E+05   1.5717704492653979E-06
   6.3000000000000000E+03   2.1235239249740326E+05   1.4749888060377962E-06
   6.4000000000000000E+03   2.2101183250460739E+05   1.3950537239149101E-06
   6.5000000000000000E+03   2.3072417701134642E+05   1.3157699695036225E-06
   6.6000000000000000E+03   2.4015397909501015E+05   1.2449522942125454E-06
   6.7000000000000000E+03   2.5127207401195643E+05   1.1721073925419995E-06
   6.8000000000000000E+03   2.6115416494834001E+05   1.1111701420213581E-06
   6.9000000000000000E+03   2.7173970195430313E+05   1.0524082568634344E-06
   7.0000000000000000E+03   2.8238680093402055E+05   9.9826075705279693E-07
   7.1000000000000000E+03   2.9453133239853242E+05   9.4361879256332470E-07
   7.2000000000000000E+03   3.0541393594240560E+05   8.9735665070329406E-07
   7.3000000000000000E+03   3.1745606655102555E+05   8.5149076342773933E-07
   7.4000000000000000E+03   3.2982987625546823E+05   8.0847151075364011E-07
   7.5000000000000000E+03   3.4340745099388401E+05   7.6615290905454980E-07
   7.6000000000000000E+03   3.5576924096958985E+05   7.2980098087004667E-07
   7.7000000000000000E+03   3.6878243340962281E+05   6.9490507174653385E-07
   7.8000000000000000E+03   3.8331581383021286E+05   6.5998656198679634E-07
   7.9000000000000000E+03   3.9904168379829713E+05   6.2595206513236869E-07
   8.0000000000000000E+03   4.1168498083890986E+05   5.9914428617051010E-07
   8.1000000000000000E+03   4.2830996925891639E+05   5.6877857689963090E-07
   8.2000000000000000E+03   4.4100959492129204E+05   5.4566304405296180E-07
   8.3000000000000000E+03   4.5634060671506921E+05   5.2097780831048283E-07
   8.4000000000000000E+03   4.7218059820537228E+05   4.9750678510425922E-07
   8.5000000000000000E+03   4.8960864169824944E+05   4.7415292270753838E-07
   8.6000000000000000E+03   5.0525353228317935E+05   4.5412835838328254E-07
   8.7000000000000000E+03   5.2378731178038113E+05   4.3302423760987247E-07
   8.8000000000000000E+03   5.4013771606371133E+05   4.1514446919774806E-07
   8.9000000000000000E+03   5.5766148185436346E+05   3.9758114228402434E-07
   9.0000000000000000E+03   5.7718153852007852E+05   3.7986693384283078E-07
   9.1000000000000000E+03   5.9475703954241797E+05   3.6459058449375971E-07
   9.2000000000000000E+03   6.1554205708299740E+05   3.4845032451099855E-07
   9.3000000000000000E+03   6.3327201166710816E+05   3.3505275203904139E-07
   9.4000000000000000E+03   6.5306668536297779E+05   3.2144083591702636E-07
   9.5000000000000000E+03   6.7502838130306336E+05   3.0770942166525508E-07
   9.6000000000000000E+03   6.9540426019450545E+05   2.9558191075655521E-07
   9.7000000000000000E+03   7.1889803237998276E+05   2.8297456632671537E-07
   9.8000000000000000E+03   7.3852484244901990E+05   2.7264356252518535E-07
   9.9000000000000000E+03   7.6310267336963094E+05   2.6119704697874886E-07
   1.0000000000000000E+04   7.8368931812959770E+05   2.5179233480996266E-07
   1.1000000000000000E+04   1.0418112462357257E+06   1.7218872323688990E-07
   1.2000000000000000E+04   1.3475055728811272E+06   1.2203224928386906E-07
   1.3000000000000000E+04   1.7171812954219060E+06   8.8394843386463445E-08
   1.4000000000000000E+04   2.1559625697528464E+06   6.5375824617036039E-08
   1.5000000000000000E+04   2.6691080575437997E+06   4.9286617832192153E-08
   1.6000000000000000E+04   3.2596344040224459E+06   3.7835332647653304E-08
   1.7000000000000000E+04   3.9555128342628698E+06   2.9345040475308576E-08
   1.8000000000000000E+04   4.7202722717923624E+06   2.3224526964104176E-08
   1.9000000000000000E+04   5.6194061747402670E+06   1.8481720875782711E-08
   2.0000000000000000E+04   6.6185495411622142E+06   1.4907115369482335E-08
   2.1000000000000000E+04   7.7628793579912120E+06   1.2104428811453217E-08
   2.2000000000000000E+04   9.0356387762499098E+06   9.9266998595983453E-09
   2.2122999000000000E+04   9.2222146626088843E+06   9.6717977345989224E-09
   2.2123001000000000E+04   9.2222177590329964E+06   9.6717936128596832E-09
   2.3000000000000000E+04   1.0413290083889706E+07   8.2389265184330879E-09
   2.4000000000000000E+04   1.1976577415148057E+07   6.8650303956307571E-09
   2.5000000000000000E+04   1.3681950086994635E+07   5.7689718767516318E-09
   2.6000000000000000E+04   1.5596107177943597E+07   4.8662775249983207E-09
   2.7000000000000000E+04   1.7701601504768193E+07   4.1286693984392903E-09
   2.8000000000000000E+04   1.9972440340804346E+07   3.5285580639110833E-09
   2.9000000000000000E+04   2.2439486533919141E+07   3.0323234136027771E-09
   3.0000000000000000E+04   2.5077027884214606E+07   2.6229445808407466E-09
   3.1000000000000000E+04   2.8073018209395807E+07   2.2674390980947292E-09
   3.2000000000000000E+04   3.1219468033582006E+07   1.9751994469166171E-09
   3.3000000000000000E+04   3.4559734225596949E+07   1.7302230699283695E-09
   3.4000000000000000E+04   3.8367473876209684E+07   1.5126704014519481E-09
   3.5000000000000000E+04   4.2189091598221682E+07   1.3363438320345112E-09
   3.6000000000000000E+04   4.6404475512094043E+07   1.1812016992367900E-09
   3.7000000000000000E+04   5.0887946807895981E+07   1.0480205041661018E-09
   3.8000000000000000E+04   5.5839840983491994E+07   9.2994799573213884E-10
   3.9000000000000000E+04   6.0939528360365853E+07   8.3027648205268879E-10
   4.0000000000000000E+04   6.6371986279673964E+07   7.4326148062676421E-10
   4.1000000000000000E+04   7.2498803550993979E+07   6.6385271545082350E-10
   4.2000000000000000E+04   7.8450254313167945E+07   5.9888410422228633E-10
   4.3000000000000000E+04   8.5173328749532700E+07   5.3878358531190781E-10
   4.4000000000000000E+04   9.2073122535053164E+07   4.8708065775348238E-10
   4.5000000000000000E+04   9.9500947699816689E+07   4.4070370459137624E-10
   4.6000000000000000E+04   1.0742530230083764E+08   3.9932087682673542E-10
   4.7000000000000000E+04   1.1542337491812801E+08   3.6374313504788624E-10
   4.8000000000000000E+04   1.2412923709787412E+08   3.3118534324748688E-10
   4.9000000000000000E+04   1.3358726184076373E+08   3.0145695223346429E-10
   5.0000000000000000E+04   1.4374574581920639E+08   2.7454998692714485E-10
   5.1000000000000000E+04   1.5412088321326345E+08   2.5104684453312994E-10
   5.2000000000000000E+04   1.6393130528528917E+08   2.3148411374329049E-10
   5.3000000000000000E+04   1.7529914956667435E+08   2.1238838053892512E-10
   5.4000000000000000E+04   1.8735314661206710E+08   1.9504358949313774E-10
   5.5000000000000000E+04   1.9962113837261385E+08   1.7972860971097745E-10
   5.6000000000000000E+04   2.1252106809873173E+08   1.6580453893584770E-10
   5.7000000000000000E+04   2.2631352620893109E+08   1.5296816787598171E-10
   5.8000000000000000E+04   2.4049605983004117E+08   1.4146547859061359E-10
   5.9000000000000000E+04   2.5505844134367126E+08   1.3112778318565049E-10
   6.0000000000000000E+04   2.7048367644377530E+08   1.2158895364276372E-10
   6.1000000000000000E+04   2.8649248496052700E+08   1.1291284828140716E-10
   6.2000000000000000E+04   3.0325443138944721E+08   1.0495124308301270E-10
   6.3000000000000000E+04   3.2078415080928957E+08   9.7641171198394445E-11
   6.4000000000000000E+04   3.3910688212369823E+08   9.0922183010235049E-11
   6.5000000000000000E+04   3.5713869386688250E+08   8.5003375037016300E-11
   6.6000000000000000E+04   3.7696482216829532E+08   7.9312506010209432E-11
   6.7000000000000000E+04   3.9925411383707029E+08   7.3767018367896647E-11
   6.8000000000000000E+04   4.1980833810437119E+08   6.9123617664537908E-11
   6.9000000000000000E+04   4.4099184071790671E+08   6.4849523199512788E-11
   7.0000000000000000E+04   4.6343380708266717E+08   6.0827599837106484E-11
   7.1000000000000000E+04   4.8695216249723113E+08   5.7074456518416375E-11
   7.2000000000000000E+04   5.1148026643240666E+08   5.3582756681309003E-11
   7.3000000000000000E+04   5.3703583500527978E+08   5.0333868029429069E-11
   7.4000000000000000E+04   5.6273161517051041E+08   4.7386365215529230E-11
   7.5000000000000000E+04   5.9220384657692909E+08   4.4427711689271192E-11
   7.6000000000000000E+04   6.1788193739453685E+08   4.2021092592193707E-11
   7.7000000000000000E+04   6.4874979494656646E+08   3.9501944408087646E-11
   7.8000000000000000E+04   6.7828777978919315E+08   3.7297338041914661E-11
   7.9000000000000000E+04   7.0844828434157145E+08   3.5257473490755502E-11
   8.0000000000000000E+04   7.4009442577553093E+08   3.3328004560145115E-11
   8.1000000000000000E+04   7.7286320921238637E+08   3.1520912353335344E-11
   8.2000000000000000E+04   8.0941486510213709E+08   2.9730444596041613E-11
   8.3000000000000000E+04   8.4403603375597572E+08   2.8167438310842085E-11
   8.4000000000000000E+04   8.7984730617513692E+08   2.6699297679613553E-11
   8.5000000000000000E+04   9.1685205453969216E+08   2.5320264844762123E-11
   8.6000000000000000E+04   9.5505616592636847E+08   2.4024760571076706E-11
   8.7000000000000000E+04   9.9446806527730501E+08   2.2807429345675164E-11
   8.8000000000000000E+04   1.0350987631223556E+09   2.1663168136009773E-11
   8.9000000000000000E+04   1.0769619522615235E+09   2.0587142238207810E-11
   9.0000000000000000E+04   1.1200741225228310E+09   1.9574792140940730E-11
   9.1000000000000000E+04   1.1679807911624744E+09   1.8565614975801770E-11
   9.2000000000000000E+04   1.2106199393267663E+09   1.7717024358612085E-11
   9.3000000000000000E+04   1.2625382922359498E+09   1.6805789701839101E-11
   9.4000000000000000E+04   1.3059709043659375E+09   1.6074041201902327E-11
   9.5000000000000000E+04   1.3607949828452899E+09   1.5264062216344456E-11
   9.6000000000000000E+04   1.4069190073693027E+09   1.4609861612494798E-11
   9.7000000000000000E+04   1.4650152086890848E+09   1.3885853043661328E-11
   9.8000000000000000E+04   1.5137620821840658E+09   1.3301564785407828E-11
   9.9000000000000000E+04   1.5659300236404002E+09   1.2728548646277710E-11
   1.0000000000000000E+05   1.6268761636192446E+09   1.2129193824961685E-11
   1.1000000000000000E+05   2.2696782750890036E+09   7.9036817822177081E-12
   1.2000000000000000E+05   3.0842776989858069E+09   5.3315282224847806E-12
   1.3000000000000000E+05   4.0823544272446876E+09   3.7181967999145958E-12
   1.4000000000000000E+05   5.2793811823793335E+09   2.6697793921660616E-12
   1.5000000000000000E+05   6.7186552370543671E+09   1.9580005840969671E-12
   1.6000000000000000E+05   8.3973814257256231E+09   1.4686644054073962E-12
   1.7000000000000000E+05   1.0347603126753344E+10   1.1217543116041981E-12
   1.8000000000000000E+05   1.2622620330493916E+10   8.6848917089994873E-13
   1.9000000000000000E+05   1.5197945450482031E+10   6.8335747583503437E-13
   2.0000000000000000E+05   1.8096892467481525E+10   5.4519571117543422E-13
   2.1000000000000000E+05   2.1335067867373966E+10   4.4042616196406792E-13
   2.2000000000000000E+05   2.4889711665351093E+10   3.6036606360709371E-13
   2.3000000000000000E+05   2.8840250594085690E+10   2.9748122866133894E-13
   2.4000000000000000E+05   3.3212806029450298E+10   2.4755381378408947E-13
   2.5000000000000000E+05   3.8071166917282051E+10   2.0732431302272929E-13
   2.6000000000000000E+05   4.3181122348094994E+10   1.7575964150649304E-13
   2.7000000000000000E+05   4.8876063730775337E+10   1.4952935006933703E-13
   2.8000000000000000E+05   5.4918778200075447E+10   1.2832389526908920E-13
   2.9000000000000000E+05   6.1500755223548523E+10   1.1063893469063191E-13
   3.0000000000000000E+05   6.8521310127449638E+10   9.5992990020404267E-14
   3.1000000000000000E+05   7.6108837980975372E+10   8.3635305410155710E-14
   3.2000000000000000E+05   8.4043328216296371E+10   7.3372482149041234E-14
   3.3000000000000000E+05   9.2921757034219849E+10   6.4350967261305777E-14
   3.4000000000000000E+05   1.0164926518179082E+11   5.7095682892767126E-14
   3.5000000000000000E+05   1.1090991406050716E+11   5.0833266632651794E-14
   3.6000000000000000E+05   1.2136343164834688E+11   4.5164383194024580E-14
   3.7000000000000000E+05   1.3170924915451082E+11   4.0491925974784433E-14
   3.8000000000000000E+05   1.4276641254127679E+11   3.6372804555543624E-14
   3.9000000000000000E+05   1.5410610494069095E+11   3.2832350960052598E-14
   4.0000000000000000E+05   1.6656630242108304E+11   2.9616879331125505E-14
   4.1000000000000000E+05   1.7969289514711212E+11   2.6783767697026083E-14
   4.2000000000000000E+05   1.9175943399377100E+11   2.4500807757848460E-14
   4.3000000000000000E+05   2.0676044840917633E+11   2.2194762968305865E-14
   4.4000000000000000E+05   2.2115272499217413E+11   2.0278763052717373E-14
   4.5000000000000000E+05   2.3582616788111243E+11   1.8594389526682388E-14
   4.6000000000000000E+05   2.4939407314635236E+11   1.7200555477103974E-14
   4.7000000000000000E+05   2.6649012208145587E+11   1.5754602805763434E-14
   4.8000000000000000E+05   2.8274402444343909E+11   1.4539576592725425E-14
   4.9000000000000000E+05   2.9931994891927972E+11   1.3454101190759789E-14
   5.0000000000000000E+05   3.1590042782687286E+11   1.2492984864561356E-14
   5.1000000000000000E+05   3.3377330789989539E+11   1.1592167645398750E-14
   5.2000000000000000E+05   3.5185794114318585E+11   1.0784890287101270E-14
   5.3000000000000000E+05   3.7314138740174451E+11   9.9778539029312528E-15
   5.4000000000000000E+05   3.9184134053144287E+11   9.3257210095521765E-15
   5.5000000000000000E+05   4.1030934730454761E+11   8.7440439522823656E-15
   5.6000000000000000E+05   4.3054885607808197E+11   8.1841949439237911E-15
   5.7000000000000000E+05   4.5091978027580359E+11   7.6773667920619287E-15
   5.8000000000000000E+05   4.7482434398425623E+11   7.1651528894950008E-15
   5.9000000000000000E+05   4.9565047191194604E+11   6.7477486437508201E-15
   6.0000000000000000E+05   5.1658858079305804E+11   6.3663480802765062E-15
   6.1000000000000000E+05   5.3930443532809473E+11   5.9982229644433483E-15
   6.2000000000000000E+05   5.6216700072877063E+11   5.6614723922776549E-15
   6.3000000000000000E+05   5.8840499631798828E+11   5.3231601333946526E-15
   6.4000000000000000E+05   6.1176830273008228E+11   5.0398717715331844E-15
   6.5000000000000000E+05   6.3435634470116418E+11   4.7856373769380308E-15
   6.6000000000000000E+05   6.5895729113096204E+11   4.5371718510841213E-15
   6.7000000000000000E+05   6.8645955256428918E+11   4.2903890606313917E-15
   6.8000000000000000E+05   7.1112212062369604E+11   4.0806874394598394E-15
   6.9000000000000000E+05   7.4080744176557410E+11   3.8603973169159269E-15
   7.0000000000000000E+05   7.6556186843282715E+11   3.6822061456532339E-15
   7.1000000000000000E+05   7.9031114172485193E+11   3.5166567390584827E-15
   7.2000000000000000E+05   8.1988503285799902E+11   3.3427275246144725E-15
   7.3000000000000000E+05   8.4688891590466553E+11   3.1918106777150091E-15
   7.4000000000000000E+05   8.7396823282792798E+11   3.0511184312170046E-15
   7.5000000000000000E+05   9.0525154227645972E+11   2.9064034169811072E-15
   7.6000000000000000E+05   9.3271869643556458E+11   2.7836982577408378E-15
   7.7000000000000000E+05   9.6528763490141406E+11   2.6548437386080093E-15
   7.8000000000000000E+05   1.0002133717630878E+12   2.5292931815042271E-15
   7.9000000000000000E+05   1.0234356428837534E+12   2.4406123412277236E-15
   8.0000000000000000E+05   1.0524097455854161E+12   2.3437516139176544E-15
   8.1000000000000000E+05   1.0858903418049984E+12   2.2434450828807409E-15
   8.2000000000000000E+05   1.1165576450633699E+12   2.1552191155133620E-15
   8.3000000000000000E+05   1.1519232233306013E+12   2.0638817267881449E-15
   8.4000000000000000E+05   1.1821915314203560E+12   1.9870980730129413E-15
   8.5000000000000000E+05   1.2192237338198547E+12   1.9040752078928441E-15
   8.6000000000000000E+05   1.2493925030565625E+12   1.8364921881776926E-15
   8.7000000000000000E+05   1.2800049190983430E+12   1.7719666383250677E-15
   8.8000000000000000E+05   1.3158380454026580E+12   1.7041245023458447E-15
   8.9000000000000000E+05   1.3473886797224229E+12   1.6455213874079412E-15
   9.0000000000000000E+05   1.3843725572441599E+12   1.5837657295429958E-15
   9.1000000000000000E+05   1.4234440449368086E+12   1.5233673388838739E-15
   9.2000000000000000E+05   1.4540520836046423E+12   1.4750904177312595E-15
   9.3000000000000000E+05   1.4858794174053052E+12   1.4279727400012031E-15
   9.4000000000000000E+05   1.5227133535862397E+12   1.3786068189277762E-15
   9.5000000000000000E+05   1.5614198864139473E+12   1.3302801804032639E-15
   9.6000000000000000E+05   1.5933225314304399E+12   1.2900647290288714E-15
   9.7000000000000000E+05   1.6328763050445996E+12   1.2458375341560133E-15
   9.8000000000000000E+05   1.6651621942663501E+12   1.2092158034332873E-15
   9.9000000000000000E+05   1.7049177752436331E+12   1.1690896049063331E-15
   1.0000000000000000E+06   1.7354703588250447E+12   1.1370229527346934E-15
   1.1000000000000000E+06   2.1102200788060227E+12   8.5009213088647020E-16
   1.2000000000000000E+06   2.5007339914210352E+12   6.5756348554206029E-16
   1.3000000000000000E+06   2.9217082205457261E+12   5.1952474448879776E-16
   1.4000000000000000E+06   3.3512561609811279E+12   4.2058208644901653E-16
   1.5000000000000000E+06   3.7703696549227080E+12   3.4890825257207512E-16
   1.6000000000000000E+06   4.2281480497092993E+12   2.9168645595180541E-16
   1.7000000000000000E+06   4.7267792246647832E+12   2.4556823728165197E-16
   1.8000000000000000E+06   5.1964078923017656E+12   2.1096513769937285E-16
   1.9000000000000000E+06   5.6797714532548301E+12   1.8285294974269420E-16
   2.0000000000000000E+06   6.1985035970664072E+12   1.5917306498851495E-16
   2.1000000000000000E+06   6.7402780131011826E+12   1.3940852347345707E-16
   2.2000000000000000E+06   7.1994746141861992E+12   1.2458419395610303E-16
   2.3000000000000000E+06   7.7154546465853730E+12   1.1119802493332676E-16
   2.4000000000000000E+06   8.2616496557578633E+12   9.9519552893790706E-17
   2.5000000000000000E+06   8.7948756410257549E+12   8.9746334675615525E-17
   2.6000000000000000E+06   9.3530427014144199E+12   8.1144701526931607E-17
   2.7000000000000000E+06   9.9106192282476816E+12   7.3743182694171047E-17
   2.8000000000000000E+06   1.0469411188790748E+13   6.7314115521589495E-17
   2.9000000000000000E+06   1.1018304094095172E+13   6.1755220971340434E-17
   3.0000000000000000E+06   1.1599322776715535E+13   5.6706460936263421E-17
   3.1000000000000000E+06   1.2179071033767775E+13   5.2264954291687949E-17
   3.2000000000000000E+06   1.2757038795180090E+13   4.8337766297505150E-17
   3.3000000000000000E+06   1.3297117021767688E+13   4.4969183432644382E-17
   3.4000000000000000E+06   1.3873600775696570E+13   4.1832933676952561E-17
   3.5000000000000000E+06   1.4442654140552855E+13   3.9036545352227351E-17
   3.6000000000000000E+06   1.5098210587154311E+13   3.6304332232399056E-17
   3.7000000000000000E+06   1.5657990506746064E+13   3.4060316773478437E-17
   3.8000000000000000E+06   1.6199857778130254E+13   3.2054693884228132E-17
   3.9000000000000000E+06   1.6782802565539367E+13   3.0147918994701306E-17
   4.0000000000000000E+06   1.7420792386815541E+13   2.8317736472024746E-17
   4.1000000000000000E+06   1.7984874798419141E+13   2.6760557492729187E-17
   4.2000000000000000E+06   1.8654168246666535E+13   2.5186119080247837E-17
   4.3000000000000000E+06   1.9206120147865137E+13   2.3893420994621827E-17
   4.4000000000000000E+06   1.9890485811706320E+13   2.2546979249444204E-17
   4.5000000000000000E+06   2.0402236474785609E+13   2.1492955596243173E-17
   4.6000000000000000E+06   2.0988509640976199E+13   2.0438404937718297E-17
   4.7000000000000000E+06   2.1643394678206281E+13   1.9398278724179763E-17
   4.8000000000000000E+06   2.2206523287288133E+13   1.8512480978434360E-17
   4.9000000000000000E+06   2.2877279891115008E+13   1.7602970721781758E-17
   5.0000000000000000E+06   2.3589819490475805E+13   1.6729840875395265E-17
   5.1000000000000000E+06   2.4107316293827363E+13   1.6049717411828094E-17
   5.2000000000000000E+06   2.4818133245855852E+13   1.5290228536863246E-17
   5.3000000000000000E+06   2.5282284502952512E+13   1.4726320511886031E-17
   5.4000000000000000E+06   2.5959916195016812E+13   1.4076328268373285E-17
   5.5000000000000000E+06   2.6513194154055180E+13   1.3531990698731060E-17
   5.6000000000000000E+06   2.7192126169803691E+13   1.2958515082720538E-17
   5.7000000000000000E+06   2.7906743252115410E+13   1.2405161418148984E-17
   5.8000000000000000E+06   2.8395809559412742E+13   1.1981306654360175E-17
   5.9000000000000000E+06   2.9101018182759973E+13   1.1492810246755048E-17
   6.0000000000000000E+06   2.9842146517896164E+13   1.1020597052736758E-17
   6.1000000000000000E+06   3.0287743796922688E+13   1.0680453025820306E-17
   6.2000000000000000E+06   3.0999641749258117E+13   1.0266870114883295E-17
   6.3000000000000000E+06   3.1745810822507719E+13   9.8664168201665128E-18
   6.4000000000000000E+06   3.2138079867754402E+13   9.5937088100327293E-18
   6.5000000000000000E+06   3.2832809363447785E+13   9.2462372010096132E-18
   6.6000000000000000E+06   3.3373001528623879E+13   8.9587460984643677E-18
   6.7000000000000000E+06   3.4056587843499984E+13   8.6478967547239499E-18
   6.8000000000000000E+06   3.4768763856101203E+13   8.3461900387406014E-18
   6.9000000000000000E+06   3.5255129498562391E+13   8.1117587744495127E-18
   7.0000000000000000E+06   3.5947002626326055E+13   7.8419796112754177E-18
   7.1000000000000000E+06   3.6666575020604781E+13   7.5797998611484786E-18
   7.2000000000000000E+06   3.7415544076927680E+13   7.3249028818583977E-18
   7.3000000000000000E+06   3.7830798603617320E+13   7.1452604343502621E-18
   7.4000000000000000E+06   3.8539376122178539E+13   6.9191067728387248E-18
   7.5000000000000000E+06   3.9275003859457016E+13   6.6989838756341597E-18
   7.6000000000000000E+06   4.0039260935939820E+13   6.4846536862507718E-18
   7.7000000000000000E+06   4.0322408788480758E+13   6.3554929144160098E-18
   7.8000000000000000E+06   4.1013396597136234E+13   6.1683085799979232E-18
   7.9000000000000000E+06   4.1728479638307016E+13   5.9858630894891548E-18
   8.0000000000000000E+06   4.2207642351291234E+13   5.8439346580632417E-18
   8.1000000000000000E+06   4.2888269605204445E+13   5.6801903417770173E-18
   8.2000000000000000E+06   4.3591207803339539E+13   5.5204397893026509E-18
   8.3000000000000000E+06   4.4134219305710312E+13   5.3868252994957202E-18
   8.4000000000000000E+06   4.4821473060581500E+13   5.2410827971728646E-18
   8.5000000000000000E+06   4.5530469080653305E+13   5.0987695301987838E-18
   8.6000000000000000E+06   4.6262255720985055E+13   4.9597658740845646E-18
   8.7000000000000000E+06   4.6720746079444164E+13   4.8546442509233686E-18
   8.8000000000000000E+06   4.7428004560656797E+13   4.7279068032932667E-18
   8.9000000000000000E+06   4.8157005125999844E+13   4.6040173881941802E-18
   9.0000000000000000E+06   4.8908765997936320E+13   4.4828810712084050E-18
   9.1000000000000000E+06   4.9313386267570898E+13   4.3972404470862082E-18
   9.2000000000000000E+06   5.0024663417711500E+13   4.2876016526039868E-18
   9.3000000000000000E+06   5.0756759219285102E+13   4.1803206816590172E-18
   9.4000000000000000E+06   5.1510601271403227E+13   4.0753222845639403E-18
   9.5000000000000000E+06   5.2287173110971227E+13   3.9725343800392860E-18
   9.6000000000000000E+06   5.2473547150321891E+13   3.9171912542466588E-18
   9.7000000000000000E+06   5.3172786532574242E+13   3.8258265592537872E-18
   9.8000000000000000E+06   5.3890913109451492E+13   3.7363264498730148E-18
   9.9000000000000000E+06   5.4628702602106039E+13   3.6486344235100353E-18
   1.0000000000000000E+07   5.5027284844933352E+13   3.5859840029095657E-18
   1.1000000000000000E+07   6.1634415328697758E+13   2.9105191861800198E-18
   1.2000000000000000E+07   6.8129945388804266E+13   2.4136102714131135E-18
   1.3000000000000000E+07   7.4532367290673438E+13   2.0365644778597817E-18
   1.4000000000000000E+07   8.1094322422217156E+13   1.7380727359335010E-18
   1.5000000000000000E+07   8.7476645536210891E+13   1.5038449174474851E-18
   1.6000000000000000E+07   9.4336686145782453E+13   1.3073318241785420E-18
   1.7000000000000000E+07   1.0052688674231483E+14   1.1546630755569504E-18
   1.8000000000000000E+07   1.0741492171428836E+14   1.0205853051380337E-18
   1.9000000000000000E+07   1.1365516205598728E+14   9.1378424464380402E-19
   2.0000000000000000E+07   1.2022914596036683E+14   8.2062864874099339E-19
   2.1000000000000000E+07   1.2694109828772833E+14   7.4022693854215763E-19
   2.2000000000000000E+07   1.3339825054063492E+14   6.7237818942954823E-19
   2.3000000000000000E+07   1.3991274188874858E+14   6.1319884563847983E-19
   2.4000000000000000E+07   1.4660559482968875E+14   5.6082148901704912E-19
   2.5000000000000000E+07   1.5314789997389919E+14   5.1538927588588331E-19
   2.6000000000000000E+07   1.5961365711644116E+14   4.7549180445207835E-19
   2.7000000000000000E+07   1.6595896753163250E+14   4.4037427758866473E-19
   2.8000000000000000E+07   1.7311796022652803E+14   4.0708610087775876E-19
   2.9000000000000000E+07   1.7947289790266700E+14   3.7913122928972379E-19
   3.0000000000000000E+07   1.8594736847469250E+14   3.5373264452217877E-19
   3.1000000000000000E+07   1.9251013964916797E+14   3.3065198126972769E-19
   3.2000000000000000E+07   1.9875652886048516E+14   3.1025232905051882E-19
   3.3000000000000000E+07   2.0607792928887706E+14   2.9016231701309299E-19
   3.4000000000000000E+07   2.1225632897063991E+14   2.7343044324040474E-19
   3.5000000000000000E+07   2.1876127276831997E+14   2.5771989540457247E-19
   3.6000000000000000E+07   2.2512523647526384E+14   2.4347801332837333E-19
   3.7000000000000000E+07   2.3236248281759181E+14   2.2951903002110312E-19
   3.8000000000000000E+07   2.3851593306933481E+14   2.1771354029210535E-19
   3.9000000000000000E+07   2.4486039373850425E+14   2.0663471316242637E-19
   4.0000000000000000E+07   2.5186737731930884E+14   1.9586395554446360E-19
   4.1000000000000000E+07   2.5928720189212712E+14   1.8561860073713310E-19
   4.2000000000000000E+07   2.6484314255183438E+14   1.7739787342674665E-19
   4.3000000000000000E+07   2.7229471310599894E+14   1.6853060022050063E-19
   4.4000000000000000E+07   2.7775405802364547E+14   1.6146312102476216E-19
   4.5000000000000000E+07   2.8503781061108112E+14   1.5384076999347140E-19
   4.6000000000000000E+07   2.9082345980252956E+14   1.4750242617041615E-19
   4.7000000000000000E+07   2.9802723707641188E+14   1.4087457462742893E-19
   4.8000000000000000E+07   3.0400233970521869E+14   1.3522851184359622E-19
   4.9000000000000000E+07   3.1119680023044750E+14   1.2940624319372520E-19
   5.0000000000000000E+07   3.1727945594902362E+14   1.2438685170286157E-19
   5.1000000000000000E+07   3.2363903685935794E+14   1.1955158989106375E-19
   5.2000000000000000E+07   3.3067255118934931E+14   1.1475852102709460E-19
   5.3000000000000000E+07   3.3801857001032356E+14   1.1014632268629410E-19
   5.4000000000000000E+07   3.4357102784008900E+14   1.0635946356646729E-19
   5.5000000000000000E+07   3.5083107929483662E+14   1.0226468459050392E-19
   5.6000000000000000E+07   3.5667672981158706E+14   9.8792421162092293E-20
   5.7000000000000000E+07   3.6376708759505125E+14   9.5167393231217971E-20
   5.8000000000000000E+07   3.7114506055759619E+14   9.1667366263477252E-20
   5.9000000000000000E+07   3.7882851134087744E+14   8.8285984277693870E-20
   6.0000000000000000E+07   3.8347899953959762E+14   8.5761742457165596E-20
   6.1000000000000000E+07   3.9085925693394662E+14   8.2762994387972465E-20
   6.2000000000000000E+07   3.9852916272699094E+14   7.9860980127462953E-20
   6.3000000000000000E+07   4.0650610969797519E+14   7.7051093303795039E-20
   6.4000000000000000E+07   4.1022302557765444E+14   7.5159940018151395E-20
   6.5000000000000000E+07   4.1766782494131650E+14   7.2684541451719790E-20
   6.6000000000000000E+07   4.2277922996464912E+14   7.0717818201145749E-20
   6.7000000000000000E+07   4.2976671808471175E+14   6.8529702998248896E-20
   6.8000000000000000E+07   4.3698905930700975E+14   6.6405944124848987E-20
   6.9000000000000000E+07   4.4254868271948369E+14   6.4621389063221081E-20
   7.0000000000000000E+07   4.4959966179453100E+14   6.2699260172250829E-20
   7.1000000000000000E+07   4.5547131040576631E+14   6.1019276933683210E-20
   7.2000000000000000E+07   4.6238457667317412E+14   5.9272138488543096E-20
   7.3000000000000000E+07   4.6951094022468444E+14   5.7572866850119123E-20
   7.4000000000000000E+07   4.7529227694165619E+14   5.6104016682913148E-20
   7.5000000000000000E+07   4.8229436451904125E+14   5.4552289416100890E-20
   7.6000000000000000E+07   4.8829487394401669E+14   5.3172940138783155E-20
   7.7000000000000000E+07   4.9520092338839975E+14   5.1750465567362576E-20
   7.8000000000000000E+07   5.0230512250515144E+14   5.0364464702901485E-20
   7.9000000000000000E+07   5.0961612344039825E+14   4.9013552467920428E-20
   8.0000000000000000E+07   5.1714308950470825E+14   4.7696413038813911E-20
   8.1000000000000000E+07   5.2129580119575712E+14   4.6732303277372699E-20
   8.2000000000000000E+07   5.2845933883757119E+14   4.5536642147463389E-20
   8.3000000000000000E+07   5.3582249932036769E+14   4.4369792129118170E-20
   8.4000000000000000E+07   5.4339374473852712E+14   4.3230724254066875E-20
   8.5000000000000000E+07   5.4742839776477900E+14   4.2407257166779951E-20
   8.6000000000000000E+07   5.5446667916634444E+14   4.1382100278433191E-20
   8.7000000000000000E+07   5.6168829998729462E+14   4.0380510215105887E-20
   8.8000000000000000E+07   5.6910051844448200E+14   3.9401683562308759E-20
   8.9000000000000000E+07   5.7375476985265638E+14   3.8642936078840345E-20
   9.0000000000000000E+07   5.8074459465080538E+14   3.7753632720446348E-20
   9.1000000000000000E+07   5.8790682831487025E+14   3.6883874490808260E-20
   9.2000000000000000E+07   5.9524792937287088E+14   3.6033024048771007E-20
   9.3000000000000000E+07   6.0021290895045225E+14   3.5350710911797468E-20
   9.4000000000000000E+07   6.0721599663629100E+14   3.4571273223286967E-20
   9.5000000000000000E+07   6.1438443302465475E+14   3.3808244749271442E-20
   9.6000000000000000E+07   6.2172414410408712E+14   3.3061112701797900E-20
   9.7000000000000000E+07   6.2681415397545538E+14   3.2454573282309838E-20
   9.8000000000000000E+07   6.3388545192139100E+14   3.1765052100236907E-20
   9.9000000000000000E+07   6.4111811761575225E+14   3.1089460639013933E-20
   1.0000000000000000E+08   6.4851773845400225E+14   3.0427381007015419E-20
   1.1000000000000000E+08   7.1399629621584938E+14   2.5124520854507568E-20
   1.2000000000000000E+08   7.8050748084567762E+14   2.1068233170944518E-20
   1.3000000000000000E+08   8.4510530145060150E+14   1.7961072000665509E-20
   1.4000000000000000E+08   9.1056010947583150E+14   1.5479245068422089E-20
   1.5000000000000000E+08   9.7631443986720675E+14   1.3474276668782950E-20
   1.6000000000000000E+08   1.0425870802351984E+15   1.1829165575128973E-20
   1.7000000000000000E+08   1.1089652221689870E+15   1.0466936374706140E-20
   1.8000000000000000E+08   1.1758537143669995E+15   9.3231062091061466E-21
   1.9000000000000000E+08   1.2395395625089290E+15   8.3786189283854611E-21
   2.0000000000000000E+08   1.3069019036113945E+15   7.5494175435891751E-21
   2.1000000000000000E+08   1.3727473888268518E+15   6.8450482095622001E-21
   2.2000000000000000E+08   1.4390732404906748E+15   6.2327664532903647E-21
   2.3000000000000000E+08   1.5065718221342872E+15   5.6946725377323558E-21
   2.4000000000000000E+08   1.5727954006956012E+15   5.2276073514872270E-21
   2.5000000000000000E+08   1.6380206480360318E+15   4.8186685171294211E-21
   2.6000000000000000E+08   1.7029025340370625E+15   4.4568015092189717E-21
   2.7000000000000000E+08   1.7682597691152158E+15   4.1331065555301527E-21
   2.8000000000000000E+08   1.8337893025102780E+15   3.8430759370259341E-21
   2.9000000000000000E+08   1.8994599224462888E+15   3.5822698653412265E-21
   3.0000000000000000E+08   1.9652536051137762E+15   3.3469295881884404E-21
   3.1000000000000000E+08   2.0371565464143938E+15   3.1246424925736183E-21
   3.2000000000000000E+08   2.0978103138092898E+15   2.9394781590614332E-21
   3.3000000000000000E+08   2.1721247860626622E+15   2.7528827916056885E-21
   3.4000000000000000E+08   2.2304215189456498E+15   2.6020795449668301E-21
   3.5000000000000000E+08   2.3049391405886355E+15   2.4460139247765327E-21
   3.6000000000000000E+08   2.3640093140817320E+15   2.3186476043292958E-21
   3.7000000000000000E+08   2.4265452999849685E+15   2.1978411723827815E-21
   3.8000000000000000E+08   2.4909537199226455E+15   2.0846693292323519E-21
   3.9000000000000000E+08   2.5613771178060410E+15   1.9753692993218193E-21
   4.0000000000000000E+08   2.6254601195727450E+15   1.8789750576138160E-21
   4.1000000000000000E+08   2.6984453406486415E+15   1.7835650357362519E-21
   4.2000000000000000E+08   2.7567997630785940E+15   1.7042445704466169E-21
   4.3000000000000000E+08   2.8303549666083300E+15   1.6213511018235954E-21
   4.4000000000000000E+08   2.8890305085847295E+15   1.5523213393741633E-21
   4.5000000000000000E+08   2.9527844191163930E+15   1.4850537674803919E-21
   4.6000000000000000E+08   3.0235851176916810E+15   1.4187517214960008E-21
   4.7000000000000000E+08   3.0842467127213185E+15   1.3612549241718526E-21
   4.8000000000000000E+08   3.1555417375092085E+15   1.3027805497435020E-21
   4.9000000000000000E+08   3.2302108492961450E+15   1.2466928844754921E-21
   5.0000000000000000E+08   3.2854600594616870E+15   1.2012135871760404E-21
   5.1000000000000000E+08   3.3589562572890900E+15   1.1518923869099621E-21
   5.2000000000000000E+08   3.4161028635383090E+15   1.1108416354723273E-21
   5.3000000000000000E+08   3.4885824655351365E+15   1.0672387095371587E-21
   5.4000000000000000E+08   3.5472736166002400E+15   1.0301441097479840E-21
   5.5000000000000000E+08   3.6190946564994825E+15   9.9134267196356420E-22
   5.6000000000000000E+08   3.6787863942980870E+15   9.5784190582196938E-22
   5.7000000000000000E+08   3.7501568085135395E+15   9.2312847801836569E-22
   5.8000000000000000E+08   3.8105800585673790E+15   8.9282706779829322E-22
   5.9000000000000000E+08   3.8816852112844970E+15   8.6161669933856992E-22
   6.0000000000000000E+08   3.9426113595155880E+15   8.3416355804055931E-22
   6.1000000000000000E+08   4.0136165502605220E+15   8.0597341781470307E-22
   6.2000000000000000E+08   4.0872262089667855E+15   7.7869263695097115E-22
   6.3000000000000000E+08   4.1635863105042370E+15   7.5227791262259574E-22
   6.4000000000000000E+08   4.2088824592122400E+15   7.3255402818381053E-22
   6.5000000000000000E+08   4.2823706330266480E+15   7.0890627964027173E-22
   6.6000000000000000E+08   4.3584706553458740E+15   6.8597512953744646E-22
   6.7000000000000000E+08   4.4036722204824640E+15   6.6880058447335435E-22
   6.8000000000000000E+08   4.4751478550578450E+15   6.4844049840084056E-22
   6.9000000000000000E+08   4.5489820004886990E+15   6.2867055975071859E-22
   7.0000000000000000E+08   4.6006076612917210E+15   6.1273571327089536E-22
   7.1000000000000000E+08   4.6709550060340130E+15   5.9500744471086126E-22
   7.2000000000000000E+08   4.7434871033364230E+15   5.7777162805527270E-22
   7.3000000000000000E+08   4.7986739932581910E+15   5.6330333930179113E-22
   7.4000000000000000E+08   4.8685929423836070E+15   5.4771072772699674E-22
   7.5000000000000000E+08   4.9405795221649470E+15   5.3253391912753015E-22
   7.6000000000000000E+08   4.9975302387764470E+15   5.1953810906118078E-22
   7.7000000000000000E+08   5.0676069626934150E+15   5.0569980117631171E-22
   7.8000000000000000E+08   5.1396769057123500E+15   4.9221632169874691E-22
   7.9000000000000000E+08   5.1972900697412800E+15   4.8059847092559101E-22
   8.0000000000000000E+08   5.2680261403272960E+15   4.6821845108863512E-22
   8.1000000000000000E+08   5.3407142401644510E+15   4.5614411075382632E-22
   8.2000000000000000E+08   5.4154363019177540E+15   4.4436426652474464E-22
   8.3000000000000000E+08   5.4604889245012150E+15   4.3538835517592273E-22
   8.4000000000000000E+08   5.5319526785150930E+15   4.2464761550494125E-22
   8.5000000000000000E+08   5.6053117913280820E+15   4.1415959912033572E-22
   8.6000000000000000E+08   5.6806426792395210E+15   4.0391549009351177E-22
   8.7000000000000000E+08   5.7261326316367630E+15   3.9610085190882455E-22
   8.8000000000000000E+08   5.7973247612105160E+15   3.8679079517727714E-22
   8.9000000000000000E+08   5.8703094186849230E+15   3.7768995320374213E-22
   9.0000000000000000E+08   5.9451551676144590E+15   3.6879135216295235E-22
   9.1000000000000000E+08   6.0219341134207380E+15   3.6008832477141061E-22
   9.2000000000000000E+08   6.0546325947231710E+15   3.5425077605480160E-22
   9.3000000000000000E+08   6.1262450221164740E+15   3.4634515846553821E-22
   9.4000000000000000E+08   6.1995717475110320E+15   3.3860774550583366E-22
   9.5000000000000000E+08   6.2746750733464050E+15   3.3103322545054400E-22
   9.6000000000000000E+08   6.3516203580794910E+15   3.2361650789640622E-22
   9.7000000000000000E+08   6.4304762058879590E+15   3.1635271235369387E-22
   9.8000000000000000E+08   6.4513708509944140E+15   3.1211047808174800E-22
   9.9000000000000000E+08   6.5229880664397650E+15   3.0556573581856163E-22
   1.0000000000000000E+09   6.5962131889740550E+15   2.9915188840063904E-22
   1.1000000000000000E+09   7.2600615547519120E+15   2.4708901844743753E-22
   1.2000000000000000E+09   7.9044054761404480E+15   2.0803479335364839E-22
   1.3000000000000000E+09   8.5846348494643260E+15   1.7681587433442833E-22
   1.4000000000000000E+09   9.2173445900011080E+15   1.5291587448510425E-22
   1.5000000000000000E+09   9.8968636693756700E+15   1.3292221978569976E-22
   1.6000000000000000E+09   1.0549280865643526E+16   1.1690782865358950E-22
   1.7000000000000000E+09   1.1222162118605772E+16   1.0343344089602891E-22
   1.8000000000000000E+09   1.1857695822389980E+16   9.2451427575968366E-23
   1.9000000000000000E+09   1.2526343793252968E+16   8.2910303376105104E-23
   2.0000000000000000E+09   1.3190834556923510E+16   7.4796997235443086E-23
   2.1000000000000000E+09   1.3856823277903458E+16   6.7811516879589764E-23
   2.2000000000000000E+09   1.4525572573561090E+16   6.1749079919120843E-23
   2.3000000000000000E+09   1.5147852085425768E+16   5.6637951923785071E-23
   2.4000000000000000E+09   1.5814508592527530E+16   5.1989960680451104E-23
   2.5000000000000000E+09   1.6548939132870540E+16   4.7695374692758598E-23
   2.6000000000000000E+09   1.7175367794966834E+16   4.4188274011653254E-23
   2.7000000000000000E+09   1.7798322365430088E+16   4.1062331008261451E-23
   2.8000000000000000E+09   1.8441378911460216E+16   3.8215100811541200E-23
   2.9000000000000000E+09   1.9163758416735788E+16   3.5506490390008424E-23
   3.0000000000000000E+09   1.9800871600774596E+16   3.3218565181706394E-23
   3.1000000000000000E+09   2.0449591952593676E+16   3.1127202555959047E-23
   3.2000000000000000E+09   2.1106219406447680E+16   2.9216353154238703E-23
   3.3000000000000000E+09   2.1849256482613440E+16   2.7367544289346254E-23
   3.4000000000000000E+09   2.2452512323518684E+16   2.5848930077294714E-23
   3.5000000000000000E+09   2.3073976200462836E+16   2.4434077528125246E-23
   3.6000000000000000E+09   2.3723963956873328E+16   2.3104505396619022E-23
   3.7000000000000000E+09   2.4443606136764908E+16   2.1818225744267091E-23
   3.8000000000000000E+09   2.5061779401509608E+16   2.0720056374557276E-23
   3.9000000000000000E+09   2.5803184962927464E+16   1.9608686794939847E-23
   4.0000000000000000E+09   2.6391110554161384E+16   1.8692559637885740E-23
   4.1000000000000000E+09   2.7010942271772188E+16   1.7818159440724115E-23
   4.2000000000000000E+09   2.7723833054080160E+16   1.6946650266110169E-23
   4.3000000000000000E+09   2.8340585623483400E+16   1.6192322927370259E-23
   4.4000000000000000E+09   2.9061552494590400E+16   1.5431741677991441E-23
   4.5000000000000000E+09   2.9674140563382836E+16   1.4777323093148776E-23
   4.6000000000000000E+09   3.0306764707914312E+16   1.4154320436897520E-23
   4.7000000000000000E+09   3.1013175226417844E+16   1.3537620686695753E-23
   4.8000000000000000E+09   3.1640461393006168E+16   1.2992789038277128E-23
   4.9000000000000000E+09   3.2358448242387812E+16   1.2445222499569009E-23
   5.0000000000000000E+09   3.3109776868163040E+16   1.1919558622409216E-23
   5.1000000000000000E+09   3.3627151658129412E+16   1.1506047791590186E-23
   5.2000000000000000E+09   3.4363108109609708E+16   1.1043090979344174E-23
   5.3000000000000000E+09   3.5131999326462460E+16   1.0597604235484805E-23
   5.4000000000000000E+09   3.5609582749352680E+16   1.0261852961115062E-23
   5.5000000000000000E+09   3.6342360869060328E+16   9.8721241027510038E-24
   5.6000000000000000E+09   3.6896136688226096E+16   9.5503109195463668E-24
   5.7000000000000000E+09   3.7604915708839808E+16   9.2059149228714539E-24
   5.8000000000000000E+09   3.8341459547469608E+16   8.8733946502198135E-24
   5.9000000000000000E+09   3.8896542605650088E+16   8.5985143551870960E-24
   6.0000000000000000E+09   3.9615817763867992E+16   8.3016908529507038E-24
   6.1000000000000000E+09   4.0204588831803952E+16   8.0460174890588086E-24
   6.2000000000000000E+09   4.0914302008359352E+16   7.7789252125704100E-24
   6.3000000000000000E+09   4.1521738160156032E+16   7.5434559280944426E-24
   6.4000000000000000E+09   4.2227751978318320E+16   7.3014395870071047E-24
   6.5000000000000000E+09   4.2958190476893456E+16   7.0668699025686059E-24
   6.6000000000000000E+09   4.3714343430475960E+16   6.8394083903858208E-24
   6.7000000000000000E+09   4.4189722554806168E+16   6.6648496179965762E-24
   6.8000000000000000E+09   4.4921314884132664E+16   6.4598890594277201E-24
   6.9000000000000000E+09   4.5463867958899168E+16   6.2902942246984717E-24
   7.0000000000000000E+09   4.6164779439349560E+16   6.1062928298501282E-24
   7.1000000000000000E+09   4.6887641074216752E+16   5.9274745728848345E-24
   7.2000000000000000E+09   4.7465064105420832E+16   5.7740410089130671E-24
   7.3000000000000000E+09   4.8174176324114432E+16   5.6111163508776190E-24
   7.4000000000000000E+09   4.8904797682004632E+16   5.4525950619782652E-24
   7.5000000000000000E+09   4.9431670908643488E+16   5.3225515693414797E-24
   7.6000000000000000E+09   5.0141878166104472E+16   5.1781215726082208E-24
   7.7000000000000000E+09   5.0872790645073632E+16   5.0374430043615388E-24
   7.8000000000000000E+09   5.1625327192485240E+16   4.9003715788904128E-24
   7.9000000000000000E+09   5.2084674750587200E+16   4.7956710345901838E-24
   8.0000000000000000E+09   5.2801164350085936E+16   4.6714633475965626E-24
   8.1000000000000000E+09   5.3537641315098160E+16   4.5503225170719204E-24
   8.2000000000000000E+09   5.4041369230445904E+16   4.4529337699634420E-24
   8.3000000000000000E+09   5.4745230382766232E+16   4.3427222329186544E-24
   8.4000000000000000E+09   5.5467668350524592E+16   4.2351347800892193E-24
   8.5000000000000000E+09   5.6209428407865040E+16   4.1300787967381230E-24
   8.6000000000000000E+09   5.6701644875196712E+16   4.0466190652519248E-24
   8.7000000000000000E+09   5.7413815338070712E+16   3.9504882233984928E-24
   8.8000000000000000E+09   5.8144103019350984E+16   3.8565421734053668E-24
   8.9000000000000000E+09   5.8665598541808280E+16   3.7793135069687032E-24
   9.0000000000000000E+09   5.9369811024393048E+16   3.6929910593487769E-24
   9.1000000000000000E+09   6.0091135424216016E+16   3.6085658083798367E-24
   9.2000000000000000E+09   6.0635211396952488E+16   3.5373147812842960E-24
   9.3000000000000000E+09   6.1333634378586944E+16   3.4594318834698221E-24
   9.4000000000000000E+09   6.2048334330481984E+16   3.3832060685875724E-24
   9.5000000000000000E+09   6.2609138827101400E+16   3.3176082071981339E-24
   9.6000000000000000E+09   6.3303743584136848E+16   3.2470262947932305E-24
   9.7000000000000000E+09   6.4013933559594520E+16   3.1778996795513151E-24
   9.8000000000000000E+09   6.4740239245765608E+16   3.1101838115592345E-24
   9.9000000000000000E+09   6.5483215487224976E+16   3.0438359409003276E-24
   1.0000000000000000E+10   6.6243442894420488E+16   2.9788150276545987E-24
   1.1000000000000000E+10   7.2704755820886240E+16   2.4673509499859849E-24
   1.2000000000000000E+10   7.9262296558660624E+16   2.0746198775546953E-24
   1.3000000000000000E+10   8.5943110175247552E+16   1.7661680077142569E-24
   1.4000000000000000E+10   9.2358322616662304E+16   1.5260977770900759E-24
   1.5000000000000000E+10   9.8895800479282544E+16   1.3302011627131160E-24
   1.6000000000000000E+10   1.0563876032520256E+17   1.1674630751654259E-24
   1.7000000000000000E+10   1.1245959487412739E+17   1.0321456728700235E-24
   1.8000000000000000E+10   1.1878837370671184E+17   9.2286885688679853E-25
   1.9000000000000000E+10   1.2526282610038877E+17   8.2910708342127317E-25
   2.0000000000000000E+10   1.3252837073486438E+17   7.4447064459975280E-25
   2.1000000000000000E+10   1.3907396477526451E+17   6.7564925406812576E-25
   2.2000000000000000E+10   1.4547501747809469E+17   6.1655998209512019E-25
   2.3000000000000000E+10   1.5197657781604995E+17   5.6452338280797003E-25
   2.4000000000000000E+10   1.5857757863182506E+17   5.1848167124249130E-25
   2.5000000000000000E+10   1.6482990720513824E+17   4.7886203789921853E-25
   2.6000000000000000E+10   1.7195329200773267E+17   4.4136977519499278E-25
   2.7000000000000000E+10   1.7833348321896723E+17   4.0981681688102772E-25
   2.8000000000000000E+10   1.8479129664467350E+17   3.8137031721812738E-25
   2.9000000000000000E+10   1.9140832411901731E+17   3.5549018423941558E-25
   3.0000000000000000E+10   1.9786935084793030E+17   3.3241961986848556E-25
   3.1000000000000000E+10   2.0512952653107002E+17   3.1031056409067465E-25
   3.2000000000000000E+10   2.1135479649800416E+17   2.9175905640515941E-25
   3.3000000000000000E+10   2.1773369665957974E+17   2.7462928506289162E-25
   3.4000000000000000E+10   2.2420710848214413E+17   2.5885594129432041E-25
   3.5000000000000000E+10   2.3131117034810762E+17   2.4373717988446384E-25
   3.6000000000000000E+10   2.3768793963293395E+17   2.3060928296036530E-25
   3.7000000000000000E+10   2.4415385747336669E+17   2.1843444220579862E-25
   3.8000000000000000E+10   2.5066612564561213E+17   2.0716061283053035E-25
   3.9000000000000000E+10   2.5779237338647360E+17   1.9626902285872443E-25
   4.0000000000000000E+10   2.6533566499958333E+17   1.8592201238550879E-25
   4.1000000000000000E+10   2.7090445991677894E+17   1.7765867575250740E-25
   4.2000000000000000E+10   2.7847043399855891E+17   1.6871669141218516E-25
   4.3000000000000000E+10   2.8390621019980202E+17   1.6163785710896373E-25
   4.4000000000000000E+10   2.9129935364932493E+17   1.5395515480538591E-25
   4.5000000000000000E+10   2.9703914871142669E+17   1.4762510750481131E-25
   4.6000000000000000E+10   3.0434217512994522E+17   1.4095044792865718E-25
   4.7000000000000000E+10   3.1027581222600550E+17   1.3531335217308491E-25
   4.8000000000000000E+10   3.1657987412888736E+17   1.2985596165399738E-25
   4.9000000000000000E+10   3.2359262298876026E+17   1.2444909417211645E-25
   5.0000000000000000E+10   3.3092309710146106E+17   1.1925850138951076E-25
   5.1000000000000000E+10   3.3859338962688019E+17   1.1427146126504645E-25
   5.2000000000000000E+10   3.4350637336525178E+17   1.1047100100933565E-25
   5.3000000000000000E+10   3.5098468088074323E+17   1.0607728631600084E-25
   5.4000000000000000E+10   3.5634335167900480E+17   1.0254724844977279E-25
   5.5000000000000000E+10   3.6353911658817216E+17   9.8689874160847962E-26
   5.6000000000000000E+10   3.6953567775111040E+17   9.5354683814851824E-26
   5.7000000000000000E+10   3.7665727494215802E+17   9.1910518587619043E-26
   5.8000000000000000E+10   3.8405875721092205E+17   8.8585117678566725E-26
   5.9000000000000000E+10   3.8937571572871430E+17   8.5894540016678488E-26
   6.0000000000000000E+10   3.9659962010551750E+17   8.2924505039859874E-26
   6.1000000000000000E+10   4.0409663476412506E+17   8.0051848259002529E-26
   6.2000000000000000E+10   4.0908247159017075E+17   7.7800765750334334E-26
   6.3000000000000000E+10   4.1624679032256467E+17   7.5248004105038459E-26
   6.4000000000000000E+10   4.2366652156884672E+17   7.2775016261158066E-26
   6.5000000000000000E+10   4.3135557164099827E+17   7.0378120350935534E-26
   6.6000000000000000E+10   4.3555737104554272E+17   6.8643137991422620E-26
   6.7000000000000000E+10   4.4279601086203283E+17   6.6513213367800867E-26
   6.8000000000000000E+10   4.5027931850447821E+17   6.4445933586050349E-26
   6.9000000000000000E+10   4.5801991196862061E+17   6.2438574957394035E-26
   7.0000000000000000E+10   4.6212682349815405E+17   6.0999631994579259E-26
   7.1000000000000000E+10   4.6939405633668000E+17   5.9209377813387624E-26
   7.2000000000000000E+10   4.7689350445312384E+17   5.7468852915006872E-26
   7.3000000000000000E+10   4.8170770918422266E+17   5.6115130256078834E-26
   7.4000000000000000E+10   4.8884699758301613E+17   5.4548367826000734E-26
   7.5000000000000000E+10   4.9620108931304173E+17   5.3023385727391390E-26
   7.6000000000000000E+10   5.0147083576437670E+17   5.1775840688170066E-26
   7.7000000000000000E+10   5.0856737014063878E+17   5.0390331427772677E-26
   7.8000000000000000E+10   5.1586764002666362E+17   4.9040348045847020E-26
   7.9000000000000000E+10   5.2132039168897062E+17   4.7913139410910613E-26
   8.0000000000000000E+10   5.2842029569746029E+17   4.6678506859068436E-26
   8.1000000000000000E+10   5.3571625816000794E+17   4.5474359061592730E-26
   8.2000000000000000E+10   5.4321651378201901E+17   4.4299580722592040E-26
   8.3000000000000000E+10   5.5092976497449824E+17   4.3153110295374502E-26
   8.4000000000000000E+10   5.5443930958711526E+17   4.2369479822182486E-26
   8.5000000000000000E+10   5.6171995951025306E+17   4.1328310399811511E-26
   8.6000000000000000E+10   5.6919436626193440E+17   4.0311354219821247E-26
   8.7000000000000000E+10   5.7374915280536915E+17   3.9531666451168589E-26
   8.8000000000000000E+10   5.8074709351656410E+17   3.8611503687630204E-26
   8.9000000000000000E+10   5.8791784788268339E+17   3.7712018739002795E-26
   9.0000000000000000E+10   5.9526789736496947E+17   3.6832522344789330E-26
   9.1000000000000000E+10   6.0038596240440282E+17   3.6117236287494881E-26
   9.2000000000000000E+10   6.0743891298540877E+17   3.5309859963793616E-26
   9.3000000000000000E+10   6.1465954043895296E+17   3.4519846571784866E-26
   9.4000000000000000E+10   6.2205389622460442E+17   3.3746641975350768E-26
   9.5000000000000000E+10   6.2648144044198605E+17   3.3155426387708562E-26
   9.6000000000000000E+10   6.3351474570415501E+17   3.2445798834259473E-26
   9.7000000000000000E+10   6.4070776533174541E+17   3.1750802776757786E-26
   9.8000000000000000E+10   6.4806600206488627E+17   3.1069990312266349E-26
   9.9000000000000000E+10   6.5559521436641741E+17   3.0402931634936357E-26
   1.0000000000000000E+11   6.5941312232113421E+17   2.9924633965864685E-26
