   1.0000000000000000E+00   1.0000000000000001E+25   1.9732696317747896E-22
   2.0000000000000000E+00   1.0000000000000001E+25   9.8663481588739479E-23
   3.0000000000000000E+00   1.0000000000000001E+25   6.5775654392492986E-23
   4.0000000000000000E+00   1.0000000000000001E+25   4.9331740794369739E-23
   5.0000000000000000E+00   1.0000000000000001E+25   3.9465392635495793E-23
   6.0000000000000000E+00   1.0000000000000001E+25   3.2887827196246493E-23
   7.0000000000000000E+00   1.0000000000000001E+25   2.8189566168211286E-23
   8.0000000000000000E+00   1.0000000000000001E+25   2.4665870397184870E-23
   8.1190000000000015E+00   1.0000000000000001E+25   2.4304343290735181E-23
   8.1210000000000004E+00   1.0000000000000001E+25   2.4298357736421492E-23
   8.4990000000000006E+00   1.0000000000000001E+25   2.3217668334801616E-23
   8.5009999999999994E+00   1.7996708066350564E+01   1.2898028856758598E+01
   9.0000000000000000E+00   1.6850776381296786E+01   1.3011399376925146E+01
   1.0000000000000000E+01   1.4771825519923944E+01   1.3358332923126415E+01
   1.1000000000000000E+01   1.3076128238989588E+01   1.3718751075587823E+01
   1.2000000000000000E+01   1.1697521769105574E+01   1.4057604612930417E+01
   1.3000000000000000E+01   1.0585513880777466E+01   1.4339405094978291E+01
   1.4000000000000000E+01   9.7069578603051259E+00   1.4520288732007117E+01
   1.5000000000000000E+01   8.9438853720220983E+00   1.4708519095794706E+01
   1.6000000000000000E+01   8.3312671648161274E+00   1.4803192545157836E+01
   1.7000000000000000E+01   7.7756855715280917E+00   1.4927903546803945E+01
   1.8000000000000000E+01   7.3232728754551326E+00   1.4969548795809668E+01
   1.9000000000000000E+01   6.9016701785221821E+00   1.5047994720523961E+01
   2.0000000000000000E+01   6.5599100618903998E+00   1.5040371080988141E+01
   2.1000000000000000E+01   6.2322734229828010E+00   1.5077198027639165E+01
   2.2000000000000000E+01   5.9830474283349266E+00   1.4991369405965598E+01
   2.3000000000000000E+01   5.7714105804126623E+00   1.4865400861874019E+01
   2.4000000000000000E+01   5.5904273993555353E+00   1.4707206107371059E+01
   2.5000000000000000E+01   5.4179492735345960E+00   1.4568387647435140E+01
   2.6000000000000000E+01   5.3145337999833231E+00   1.4280647878790434E+01
   2.7000000000000000E+01   5.2447133925441980E+00   1.3934805387077676E+01
   2.8000000000000000E+01   5.2438907361950644E+00   1.3439241770255430E+01
   2.9000000000000000E+01   5.2518856895568353E+00   1.2956066530794754E+01
   3.0000000000000000E+01   5.2977522167119719E+00   1.2415766480168900E+01
   3.1000000000000000E+01   5.3806688401665355E+00   1.1830101606390484E+01
   3.2000000000000000E+01   5.5056232278652200E+00   1.1200308019782961E+01
   3.3000000000000000E+01   5.6696484171285810E+00   1.0546694441770144E+01
   3.4000000000000000E+01   5.8749746052289753E+00   9.8787392305266390E+00
   3.5000000000000000E+01   6.1288987073846179E+00   9.1989009817525940E+00
   3.6000000000000000E+01   6.4304060933432021E+00   8.5240410218913407E+00
   3.7000000000000000E+01   6.7806150552798572E+00   7.8653059102745004E+00
   3.8000000000000000E+01   7.1825562098448898E+00   7.2297586941851639E+00
   3.9000000000000000E+01   7.6379989094637093E+00   6.6243341776736617E+00
   4.0000000000000000E+01   8.1520487525123606E+00   6.0514531122211848E+00
   4.1000000000000000E+01   8.7207503541627958E+00   5.5188516640989853E+00
   4.2000000000000000E+01   9.3632303535341439E+00   5.0177778935683870E+00
   4.3000000000000000E+01   1.0094914933390642E+01   4.5458522176184060E+00
   4.4000000000000000E+01   1.0865825086815978E+01   4.1273475992362263E+00
   4.5000000000000000E+01   1.1724242479510719E+01   3.7401509170673499E+00
   4.6000000000000000E+01   1.2676770684764080E+01   3.3839190575329039E+00
   4.7000000000000000E+01   1.3774546777044339E+01   3.0479739863743247E+00
   4.8000000000000000E+01   1.4905463601610029E+01   2.7580345767217600E+00
   4.8999000000000002E+01   1.6185743619316554E+01   2.4880927085538995E+00
   4.9000999999999998E+01   1.6188557361159667E+01   2.4875587167439104E+00
   5.0000000000000000E+01   1.7663379796815672E+01   2.2343058400754403E+00
   5.1000000000000000E+01   1.9141620230063271E+01   2.0213315770720905E+00
   5.2000000000000000E+01   2.0829790528785900E+01   1.8217894638116552E+00
   5.2999000000000002E+01   2.2746081440533199E+01   1.6368623790471055E+00
   5.3000999999999998E+01   2.2750292528712134E+01   1.6364976393778046E+00
   5.4000000000000000E+01   2.4786778090166102E+01   1.4742549469367838E+00
   5.5000000000000000E+01   2.7144822384955454E+01   1.3217117120838886E+00
   5.6000000000000000E+01   2.9654422685578087E+01   1.1882530334134944E+00
   5.7000000000000000E+01   3.2336302286643757E+01   1.0705851634752979E+00
   5.8000000000000000E+01   3.5472909942079248E+01   9.5909498991103692E-01
   5.9000000000000000E+01   3.8845792044634159E+01   8.6097479896288354E-01
   6.0000000000000000E+01   4.2729268106317889E+01   7.6967916029864658E-01
   6.1000000000000000E+01   4.6655538040385302E+01   6.9335139721484074E-01
   6.2000000000000000E+01   5.1246442966587935E+01   6.2105636415595611E-01
   6.3000000000000000E+01   5.6338616385653822E+01   5.5595508367644719E-01
   6.4000000000000000E+01   6.1902449655185904E+01   4.9807944868459825E-01
   6.5000000000000000E+01   6.8248006437190341E+01   4.4481877083011478E-01
   6.6000000000000000E+01   7.5210149112947335E+01   3.9752646519768092E-01
   6.7000000000000000E+01   8.2657106008392049E+01   3.5631280807106008E-01
   6.8000000000000000E+01   9.1366923300035481E+01   3.1760586881336239E-01
   6.9000000000000000E+01   1.0080392241876791E+02   2.8370037513646662E-01
   7.0000000000000000E+01   1.1099286671044224E+02   2.5397637707432236E-01
   7.1000000000000000E+01   1.2283470888279727E+02   2.2625958312414188E-01
   7.2000000000000000E+01   1.3579941316616154E+02   2.0181620836611902E-01
   7.3000000000000000E+01   1.5015122936740289E+02   1.8002577108501730E-01
   7.4000000000000000E+01   1.6624290985032184E+02   1.6040266534556713E-01
   7.5000000000000000E+01   1.8351721758535385E+02   1.4336672113481830E-01
   7.6000000000000000E+01   2.0386812350906592E+02   1.2735720354607205E-01
   7.7000000000000000E+01   2.2540566790968953E+02   1.1369225349295622E-01
   7.8000000000000000E+01   2.4988609292545337E+02   1.0123944200465916E-01
   7.9000000000000000E+01   2.7622900226981625E+02   9.0425322466125238E-02
   8.0000000000000000E+01   3.0527311316765605E+02   8.0799354195462247E-02
   8.0998999999999995E+01   3.3688081172829936E+02   7.2315351280715548E-02
   8.1001000000000005E+01   3.3695083924160423E+02   7.2298537020399373E-02
   8.2000000000000000E+01   3.7342265387649547E+02   6.4442431524495872E-02
   8.3000000000000000E+01   4.1043466289208720E+02   5.7924768696254333E-02
   8.4000000000000000E+01   4.5164601229431554E+02   5.2012648181797599E-02
   8.5000000000000000E+01   4.9570649144957804E+02   4.6832021054480491E-02
   8.6000000000000000E+01   5.4388654400877840E+02   4.2187099443925895E-02
   8.7000000000000000E+01   5.9645250226925998E+02   3.8026934330980942E-02
   8.8000000000000000E+01   6.4944519402962840E+02   3.4527191438223741E-02
   8.9000000000000000E+01   7.0087423262185905E+02   3.1634161828728732E-02
   9.0000000000000000E+01   7.5954156533229445E+02   2.8866383528647125E-02
   9.1000000000000000E+01   8.1352591069620996E+02   2.6654690874317172E-02
   9.2000000000000000E+01   8.6718159910021291E+02   2.4733669367902687E-02
   9.3000000000000000E+01   9.1911595750743106E+02   2.3085175332368115E-02
   9.4000000000000000E+01   9.6841045108558819E+02   2.1676996671949823E-02
   9.5000000000000000E+01   1.0133609616065904E+03   2.0497394382460694E-02
   9.6000000000000000E+01   1.0626875112113530E+03   1.9342367140669250E-02
   9.7000000000000000E+01   1.0872758499289685E+03   1.8710050348229902E-02
   9.8000000000000000E+01   1.1147384998606660E+03   1.8062894937585786E-02
   9.9000000000000000E+01   1.1358031320003795E+03   1.7548830357131798E-02
   1.0000000000000000E+02   1.1490666993001610E+03   1.7172803223490941E-02
   1.1000000000000000E+02   1.0173256143926454E+03   1.7633306957503411E-02
   1.2000000000000000E+02   7.8665598307693858E+02   2.0903563885453797E-02
   1.3000000000000000E+02   6.3143002372423518E+02   2.4039080495366998E-02
   1.4000000000000000E+02   5.4085584488038035E+02   2.6060147482039227E-02
   1.5000000000000000E+02   4.8617743534032451E+02   2.7058291731063163E-02
   1.6000000000000000E+02   4.5424353378461655E+02   2.7150491490408761E-02
   1.7000000000000000E+02   4.3299005806484672E+02   2.6807701946048503E-02
   1.8000000000000000E+02   4.2479284108210186E+02   2.5806953425791611E-02
   1.9000000000000000E+02   4.2006735494021217E+02   2.4723724704572968E-02
   2.0000000000000000E+02   4.2311139133772451E+02   2.3318559511433006E-02
   2.1000000000000000E+02   4.2741683669630828E+02   2.1984445275249936E-02
   2.2000000000000000E+02   4.3512360996074551E+02   2.0613469855077057E-02
   2.3000000000000000E+02   4.4529089295518639E+02   1.9267030422948590E-02
   2.4000000000000000E+02   4.5570254356174541E+02   1.8042376359805393E-02
   2.5000000000000000E+02   4.7147400012240143E+02   1.6741280590340087E-02
   2.6000000000000000E+02   4.8812927669403859E+02   1.5548132320910388E-02
   2.7000000000000000E+02   5.0675038083530040E+02   1.4422102715667514E-02
   2.8000000000000000E+02   5.2611320747623017E+02   1.3395199819938414E-02
   2.8599900000000002E+02   5.3869162617819484E+02   1.2808011032878118E-02
   2.8600099999999998E+02   5.3869586931315541E+02   1.2807820582782172E-02
   2.8999900000000002E+02   5.4731365518214102E+02   1.2432362027933949E-02
   2.9000099999999998E+02   5.4731803523163933E+02   1.2432176795400681E-02
   3.0000000000000000E+02   5.7056902347191021E+02   1.1528080159740956E-02
   3.1000000000000000E+02   5.9310511182917116E+02   1.0732306604675364E-02
   3.2000000000000000E+02   6.1829215967939388E+02   9.9733879894154682E-03
   3.3000000000000000E+02   6.4524408599419974E+02   9.2671983743309230E-03
   3.4000000000000000E+02   6.7246241634342869E+02   8.6305703784318819E-03
   3.5000000000000000E+02   7.0224799600503547E+02   8.0283792416857690E-03
   3.6000000000000000E+02   7.3456998988080284E+02   7.4619227687169601E-03
   3.7000000000000000E+02   7.6427454862435866E+02   6.9780698265540994E-03
   3.8000000000000000E+02   7.9842581596065406E+02   6.5038162803040820E-03
   3.9000000000000000E+02   8.3148104327776571E+02   6.0851245658636406E-03
   4.0000000000000000E+02   8.6891632217461358E+02   5.6773868248795843E-03
   4.1000000000000000E+02   9.0691312987444314E+02   5.3068509010258001E-03
   4.2000000000000000E+02   9.4319410844213508E+02   4.9812238922858501E-03
   4.3000000000000000E+02   9.8563434788264112E+02   4.6558839528274137E-03
   4.4000000000000000E+02   1.0274114572594408E+03   4.3650512916623965E-03
   4.5000000000000000E+02   1.0672666695195846E+03   4.1086672632061737E-03
   4.6000000000000000E+02   1.1129168315176776E+03   3.8544808285133950E-03
   4.6599900000000002E+02   1.1424814839544276E+03   3.7063999152062124E-03
   4.6600099999999998E+02   1.1424916024097272E+03   3.7063511824246076E-03
   4.7000000000000000E+02   1.1579043743204049E+03   3.6259004786270786E-03
   4.8000000000000000E+02   1.2083493600524662E+03   3.4021438959940479E-03
   4.8799900000000002E+02   1.2434569799902781E+03   3.2518966575731320E-03
   4.8800099999999998E+02   1.2434672012636220E+03   3.2518565997448927E-03
   4.9000000000000000E+02   1.2537680793008519E+03   3.2119823017177883E-03
   5.0000000000000000E+02   1.3058414319372955E+03   3.0222193652522174E-03
   5.1000000000000000E+02   1.3564164605383130E+03   2.8524839186921639E-03
   5.2000000000000000E+02   1.4138363060547028E+03   2.6840089447581162E-03
   5.3000000000000000E+02   1.4647607271553691E+03   2.5418146319789738E-03
   5.4000000000000000E+02   1.5229108276959230E+03   2.3994858762241300E-03
   5.5000000000000000E+02   1.5869891585019736E+03   2.2607356500468447E-03
   5.6000000000000000E+02   1.6435873705846395E+03   2.1439053585408110E-03
   5.7000000000000000E+02   1.7012715808626365E+03   2.0348759045383906E-03
   5.8000000000000000E+02   1.7686148449725438E+03   1.9236460838109599E-03
   5.9000000000000000E+02   1.8354382697492008E+03   1.8221941073917418E-03
   5.9199900000000002E+02   1.8500540485664594E+03   1.8016940436905000E-03
   5.9200099999999998E+02   1.8500687882193868E+03   1.8016736026977866E-03
   6.0000000000000000E+02   1.8993381038344019E+03   1.7315414843651184E-03
   6.1000000000000000E+02   1.9739303584791844E+03   1.6387955304073831E-03
   6.2000000000000000E+02   2.0382005157410317E+03   1.5615210230276733E-03
   6.3000000000000000E+02   2.1162450642270178E+03   1.4800620550220653E-03
   6.4000000000000000E+02   2.1909915561668217E+03   1.4072321689099893E-03
   6.5000000000000000E+02   2.2663949044325427E+03   1.3394838770429446E-03
   6.6000000000000000E+02   2.3417976583612108E+03   1.2767125552932306E-03
   6.7000000000000000E+02   2.4275284945964713E+03   1.2132416000238645E-03
   6.8000000000000000E+02   2.5036211668051351E+03   1.1590679708361098E-03
   6.9000000000000000E+02   2.5937093583361907E+03   1.1025950349262269E-03
   7.0000000000000000E+02   2.6800722798687375E+03   1.0518211161675063E-03
   7.1000000000000000E+02   2.7669480143937612E+03   1.0044471338246802E-03
   7.2000000000000000E+02   2.8653625123961160E+03   9.5647662538240086E-04
   7.3000000000000000E+02   2.9514996757884246E+03   9.1584258226317663E-04
   7.4000000000000000E+02   3.0557605283125231E+03   8.7264056157960990E-04
   7.5000000000000000E+02   3.1415907903682310E+03   8.3748213922900285E-04
   7.6000000000000000E+02   3.2399357857724735E+03   8.0137619443928099E-04
   7.7000000000000000E+02   3.3495885741652332E+03   7.6507540455544236E-04
   7.8000000000000000E+02   3.4498829439610981E+03   7.3330976799607539E-04
   7.9000000000000000E+02   3.5660029865060792E+03   7.0045080442339641E-04
   8.0000000000000000E+02   3.6649181089489562E+03   6.7302650874943219E-04
   8.1000000000000000E+02   3.7867095546179453E+03   6.4333831595275368E-04
   8.2000000000000000E+02   3.8855972957742260E+03   6.1931955296300602E-04
   8.3000000000000000E+02   4.0109105223095326E+03   5.9274154286692278E-04
   8.4000000000000000E+02   4.1239681228718855E+03   5.6962867898738712E-04
   8.5000000000000000E+02   4.2408828085439091E+03   5.4740811978202370E-04
   8.6000000000000000E+02   4.3712811250816485E+03   5.2490322772097929E-04
   8.7000000000000000E+02   4.5099527831142623E+03   5.0291568950041861E-04
   8.8000000000000000E+02   4.6216655440386821E+03   4.8518263230489742E-04
   8.9000000000000000E+02   4.7643091918371301E+03   4.6536796844195868E-04
   9.0000000000000000E+02   4.8788436750182718E+03   4.4939374145347845E-04
   9.1000000000000000E+02   5.0226406728363927E+03   4.3173069865675367E-04
   9.2000000000000000E+02   5.1751715134193892E+03   4.1445163505126204E-04
   9.3000000000000000E+02   5.3078049745263606E+03   3.9975004981658769E-04
   9.4000000000000000E+02   5.4466433926739546E+03   3.8541590869524276E-04
   9.5000000000000000E+02   5.6033829394105396E+03   3.7069141100010155E-04
   9.6000000000000000E+02   5.7694108536587783E+03   3.5627367367360908E-04
   9.7000000000000000E+02   5.9022061047570287E+03   3.4466749438298220E-04
   9.8000000000000000E+02   6.0725531973318275E+03   3.3158053542803616E-04
   9.9000000000000000E+02   6.2084213828029406E+03   3.2104806123154684E-04
   1.0000000000000000E+03   6.3799440147737614E+03   3.0929262501447889E-04
   1.1000000000000000E+03   8.1652535175001067E+03   2.1969697322770279E-04
   1.2000000000000000E+03   1.0312312788887739E+04   1.5945902664863648E-04
   1.3000000000000000E+03   1.2827007040185639E+04   1.1833623478917733E-04
   1.4000000000000000E+03   1.5794000736091748E+04   8.9241372845430306E-05
   1.5000000000000000E+03   1.9155002547875119E+04   6.8677259873076393E-05
   1.6000000000000000E+03   2.3111853650134399E+04   5.3361947446048834E-05
   1.7000000000000000E+03   2.7713308394856627E+04   4.1884095023309819E-05
   1.8000000000000000E+03   3.2822579960708463E+04   3.3399595883500668E-05
   1.9000000000000000E+03   3.8541899282857383E+04   2.6946335894607182E-05
   2.0000000000000000E+03   4.5053519465508594E+04   2.1899172974549264E-05
   2.1000000000000000E+03   5.2204083466009179E+04   1.7999592047600332E-05
   2.2000000000000000E+03   6.0165252315700120E+04   1.4907952799888066E-05
   2.3000000000000000E+03   6.9007699052873490E+04   1.2432573900277396E-05
   2.4000000000000000E+03   7.8892530625309024E+04   1.0421717663121824E-05
   2.5000000000000000E+03   8.9976881054595331E+04   8.7723406663872590E-06
   2.6000000000000000E+03   1.0198117372885907E+05   7.4420584763298160E-06
   2.7000000000000000E+03   1.1538587656161132E+05   6.3338826738538869E-06
   2.8000000000000000E+03   1.3011692211144647E+05   5.4161990828653777E-06
   2.8439989999999998E+03   1.3675116279222956E+05   5.0737137922369772E-06
   2.8440010000000002E+03   1.3675150373214899E+05   5.0736975747826950E-06
   2.9000000000000000E+03   1.4627659909552359E+05   4.6517201539251222E-06
   2.9729989999999998E+03   1.5841472210237989E+05   4.1898273683384848E-06
   2.9730010000000002E+03   1.5841509277103384E+05   4.1898147461638729E-06
   3.0000000000000000E+03   1.6358215791761165E+05   4.0209552942577631E-06
   3.1000000000000000E+03   1.8259701055458380E+05   3.4860296395970441E-06
   3.2000000000000000E+03   2.0310711839016067E+05   3.0360667061656997E-06
   3.2299989999999998E+03   2.0945515888053935E+05   2.9167082016345585E-06
   3.2300010000000002E+03   2.0945562031026284E+05   2.9166999701336940E-06
   3.3000000000000000E+03   2.2576004659898885E+05   2.6486550808493994E-06
   3.4000000000000000E+03   2.4951874706843102E+05   2.3259712062880139E-06
   3.5000000000000000E+03   2.7536611669634021E+05   2.0474244621241692E-06
   3.6000000000000000E+03   3.0399616373001831E+05   1.8030834552161471E-06
   3.7000000000000000E+03   3.3343342692134925E+05   1.5994680605963615E-06
   3.8000000000000000E+03   3.6641638776253193E+05   1.4171895673578186E-06
   3.9000000000000000E+03   4.0242722416569805E+05   1.2572871363236002E-06
   4.0000000000000000E+03   4.3681531928797357E+05   1.1293500620532827E-06
   4.1000000000000000E+03   4.7751498527049104E+05   1.0078956491177023E-06
   4.2000000000000000E+03   5.1962530254990805E+05   9.0416325090019332E-07
   4.3000000000000000E+03   5.6559485386827961E+05   8.1135800870122936E-07
   4.4000000000000000E+03   6.1221372070657578E+05   7.3253890870056377E-07
   4.5000000000000000E+03   6.6413950823868904E+05   6.6025941413957155E-07
   4.6000000000000000E+03   7.1624045463393326E+05   5.9892129285090616E-07
   4.7000000000000000E+03   7.7495839595068642E+05   5.4176405430155600E-07
   4.8000000000000000E+03   8.3832543065439060E+05   4.9037977964259214E-07
   4.9000000000000000E+03   8.9841678883045015E+05   4.4824194418889402E-07
   5.0000000000000000E+03   9.6755174942693778E+05   4.0788921790354249E-07
   5.1000000000000000E+03   1.0400665169336415E+06   3.7201045103750249E-07
   5.2000000000000000E+03   1.1157570119186812E+06   3.4010535012001029E-07
   5.3000000000000000E+03   1.1928485964969965E+06   3.1212261636265867E-07
   5.4000000000000000E+03   1.2787252942286520E+06   2.8576919830223904E-07
   5.5000000000000000E+03   1.3669081707876008E+06   2.6247285981149826E-07
   5.6000000000000000E+03   1.4600472723708272E+06   2.4134121118589728E-07
   5.7000000000000000E+03   1.5597194818991439E+06   2.2195507507273481E-07
   5.8000000000000000E+03   1.6627617248415679E+06   2.0461073703302442E-07
   5.9000000000000000E+03   1.7690128104587691E+06   1.8906164951688121E-07
   6.0000000000000000E+03   1.8780534171714417E+06   1.7511656961163139E-07
   6.1000000000000000E+03   1.9989571578303836E+06   1.6182779286386370E-07
   6.2000000000000000E+03   2.1225889361298960E+06   1.4994391520189742E-07
   6.3000000000000000E+03   2.2525809867219492E+06   1.3904823121357399E-07
   6.4000000000000000E+03   2.3907145663086362E+06   1.2896703952445281E-07
   6.5000000000000000E+03   2.5330122802921818E+06   1.1984937685140233E-07
   6.6000000000000000E+03   2.6795334691027938E+06   1.1157921731006184E-07
   6.7000000000000000E+03   2.8369415816885373E+06   1.0381526972207819E-07
   6.8000000000000000E+03   3.0002434246851075E+06   9.6721055420885693E-08
   6.9000000000000000E+03   3.1631033244015425E+06   9.0411560017067986E-08
   7.0000000000000000E+03   3.3532855470996085E+06   8.4065510593315176E-08
   7.1000000000000000E+03   3.5348522409747094E+06   7.8624304865805243E-08
   7.2000000000000000E+03   3.7241212803638545E+06   7.3591917664026971E-08
   7.3000000000000000E+03   3.9157499698399669E+06   6.9031707985519646E-08
   7.4000000000000000E+03   4.1471479146720981E+06   6.4299143371409827E-08
   7.5000000000000000E+03   4.3455172346200710E+06   6.0545754018387893E-08
   7.6000000000000000E+03   4.5683608207179159E+06   5.6834552088246885E-08
   7.7000000000000000E+03   4.8009023387977490E+06   5.3379295237142976E-08
   7.8000000000000000E+03   5.0445691649731463E+06   5.0149631782542870E-08
   7.9000000000000000E+03   5.2995477760198740E+06   4.7132505754110786E-08
   8.0000000000000000E+03   5.5546063915956141E+06   4.4406153484620471E-08
   8.1000000000000000E+03   5.8219653114910135E+06   4.1843865731419363E-08
   8.2000000000000000E+03   6.1034698348295754E+06   3.9427185606469895E-08
   8.3000000000000000E+03   6.3902740560881924E+06   3.7203933202675094E-08
   8.4000000000000000E+03   6.7154431929725343E+06   3.4981019815280194E-08
   8.5000000000000000E+03   7.0160773810341423E+06   3.3088199550312686E-08
   8.6000000000000000E+03   7.3376901723643765E+06   3.1270052536053163E-08
   8.7000000000000000E+03   7.6700165627585417E+06   2.9571331365137286E-08
   8.8000000000000000E+03   8.0170222004198786E+06   2.7969884556039951E-08
   8.9000000000000000E+03   8.3777566255441969E+06   2.6464804227833185E-08
   9.0000000000000000E+03   8.7789350332283191E+06   2.4974803945858945E-08
   9.1000000000000000E+03   9.1467459969726745E+06   2.3707099415498960E-08
   9.2000000000000000E+03   9.5331094810776580E+06   2.2499041888323281E-08
   9.3000000000000000E+03   9.9416057914828472E+06   2.1342581344368183E-08
   9.4000000000000000E+03   1.0398592433731252E+07   2.0187568903237828E-08
   9.5000000000000000E+03   1.0820922539360134E+07   1.9195460651609233E-08
   9.6000000000000000E+03   1.1252074238426935E+07   1.8267646979662731E-08
   9.7000000000000000E+03   1.1760483904657615E+07   1.7297745619573392E-08
   9.8000000000000000E+03   1.2223964770451412E+07   1.6472073328072619E-08
   9.9000000000000000E+03   1.2703238305970931E+07   1.5690500329514359E-08
   1.0000000000000000E+04   1.3208828852675645E+07   1.4939020361181187E-08
   1.1000000000000000E+04   1.9249967983183820E+07   9.3188803482619145E-09
   1.2000000000000000E+04   2.7288179559749167E+07   6.0260207399025199E-09
   1.3000000000000000E+04   3.7806855107275121E+07   4.0148796096445243E-09
   1.4000000000000000E+04   5.0885466497138530E+07   2.7699034821461725E-09
   1.5000000000000000E+04   6.7396806252885759E+07   1.9518923239682935E-09
   1.6000000000000000E+04   8.7831615239355296E+07   1.4041567111094567E-09
   1.7000000000000000E+04   1.1291474988234276E+08   1.0279851334125645E-09
   1.8000000000000000E+04   1.4327201492736593E+08   7.6516052845164286E-10
   1.9000000000000000E+04   1.7914771283927038E+08   5.7972437807441247E-10
   2.0000000000000000E+04   2.2260509809742489E+08   4.4322202156196184E-10
   2.1000000000000000E+04   2.7271982102196729E+08   3.4454855612836249E-10
   2.2000000000000000E+04   3.3233186736499989E+08   2.6989308874514405E-10
   2.2122999000000000E+04   3.4104913599821842E+08   2.6153238776207166E-10
   2.2123001000000000E+04   3.4104928146170598E+08   2.6153225257045907E-10
   2.3000000000000000E+04   4.0028781899826461E+08   2.1433160776912665E-10
   2.4000000000000000E+04   4.8169643726414436E+08   1.7068751526914472E-10
   2.5000000000000000E+04   5.7172665889972115E+08   1.3805685644061560E-10
   2.6000000000000000E+04   6.7541284525739765E+08   1.1236828907002586E-10
   2.7000000000000000E+04   7.9221901171703815E+08   9.2252343550431254E-11
   2.8000000000000000E+04   9.2443173425288999E+08   7.6234850891920123E-11
   2.9000000000000000E+04   1.0752498114511175E+09   6.3281834306204490E-11
   3.0000000000000000E+04   1.2436207434245632E+09   5.2890444888661415E-11
   3.1000000000000000E+04   1.4339490885571675E+09   4.4390599078770321E-11
   3.2000000000000000E+04   1.6404048948545709E+09   3.7591131425165022E-11
   3.3000000000000000E+04   1.8765523450417509E+09   3.1864844913980014E-11
   3.4000000000000000E+04   2.1362884967886238E+09   2.7167370979279193E-11
   3.5000000000000000E+04   2.4208411173412137E+09   2.3289067561089355E-11
   3.6000000000000000E+04   2.7228291796241193E+09   2.0130915937460430E-11
   3.7000000000000000E+04   3.0689203627733254E+09   1.7377971848508360E-11
   3.8000000000000000E+04   3.4530540971138849E+09   1.5038324551011834E-11
   3.9000000000000000E+04   3.8545777712821398E+09   1.3126381208846323E-11
   4.0000000000000000E+04   4.2987330246050615E+09   1.1475879174632393E-11
   4.1000000000000000E+04   4.7791168629238138E+09   1.0070590233447155E-11
   4.2000000000000000E+04   5.3022554231542721E+09   8.8608726911165168E-12
   4.3000000000000000E+04   5.8895173021429176E+09   7.7918085782557789E-12
   4.4000000000000000E+04   6.4856912647191935E+09   6.9147659448036321E-12
   4.5000000000000000E+04   7.1657978703101416E+09   6.1194073647187744E-12
   4.6000000000000000E+04   7.8608492058994379E+09   5.4570651063951186E-12
   4.7000000000000000E+04   8.6462855085030117E+09   4.8557800004682579E-12
   4.8000000000000000E+04   9.4549908560693245E+09   4.3479453995366937E-12
   4.9000000000000000E+04   1.0360560894052528E+10   3.8869332677584887E-12
   5.0000000000000000E+04   1.1291770571094479E+10   3.4950579616382102E-12
   5.1000000000000000E+04   1.2335442036455225E+10   3.1366173415596075E-12
   5.2000000000000000E+04   1.3400532600523794E+10   2.8317899034298591E-12
   5.3000000000000000E+04   1.4543693469490551E+10   2.5599757423669745E-12
   5.4000000000000000E+04   1.5766165501995434E+10   2.3177500079792228E-12
   5.5000000000000000E+04   1.7069997898759060E+10   2.1017946154076997E-12
   5.6000000000000000E+04   1.8462758940628555E+10   1.9085423702696344E-12
   5.7000000000000000E+04   1.9939499126173672E+10   1.7361903250764549E-12
   5.8000000000000000E+04   2.1510456494524025E+10   1.5816442673671135E-12
   5.9000000000000000E+04   2.3181440532525017E+10   1.4427596917135971E-12
   6.0000000000000000E+04   2.4959693583951431E+10   1.3176374575925359E-12
   6.1000000000000000E+04   2.6742392522365177E+10   1.2096405533296053E-12
   6.2000000000000000E+04   2.8726427454178257E+10   1.1079320460409513E-12
   6.3000000000000000E+04   3.0757922587930202E+10   1.0183308088301280E-12
   6.4000000000000000E+04   3.2975346051654129E+10   9.3501180998021591E-13
   6.5000000000000000E+04   3.5265659445302147E+10   8.6083727945262775E-13
   6.6000000000000000E+04   3.7671948161065262E+10   7.9364158699816536E-13
   6.7000000000000000E+04   4.0223594216417488E+10   7.3220173688149796E-13
   6.8000000000000000E+04   4.2928641893846123E+10   6.7597458888331338E-13
   6.9000000000000000E+04   4.5804055313613197E+10   6.2435761221631897E-13
   7.0000000000000000E+04   4.8721351005003960E+10   5.7858753065603732E-13
   7.1000000000000000E+04   5.1796551252666718E+10   5.3657105256725288E-13
   7.2000000000000000E+04   5.5098353795253204E+10   4.9741091658349788E-13
   7.3000000000000000E+04   5.8498596855883110E+10   4.6208101217920959E-13
   7.4000000000000000E+04   6.2003285557525261E+10   4.3007085181082093E-13
   7.5000000000000000E+04   6.5643192675707138E+10   4.0080716193948852E-13
   7.6000000000000000E+04   6.9487100694468246E+10   3.7365315062521847E-13
   7.7000000000000000E+04   7.3520270718508331E+10   3.4856887881788090E-13
   7.8000000000000000E+04   7.7749810415533691E+10   3.2538122571991423E-13
   7.9000000000000000E+04   8.1935982412582047E+10   3.0484893046096622E-13
   8.0000000000000000E+04   8.6544027812957138E+10   2.8500950349218628E-13
   8.1000000000000000E+04   9.1729907218296417E+10   2.6557699901218262E-13
   8.2000000000000000E+04   9.6552754977997040E+10   2.4923435698562381E-13
   8.3000000000000000E+04   1.0153994750333841E+11   2.3413773098678850E-13
   8.4000000000000000E+04   1.0683677500111871E+11   2.1988032809798019E-13
   8.5000000000000000E+04   1.1240598633418518E+11   2.0652758453087038E-13
   8.6000000000000000E+04   1.1823664869779453E+11   1.9405992956513409E-13
   8.7000000000000000E+04   1.2433801619999361E+11   1.8241613328348710E-13
   8.8000000000000000E+04   1.3049521912734256E+11   1.7183402344428846E-13
   8.9000000000000000E+04   1.3696912215320181E+11   1.6187275312713732E-13
   9.0000000000000000E+04   1.4423044543189981E+11   1.5201518698202496E-13
   9.1000000000000000E+04   1.5091620013859485E+11   1.4368425422811424E-13
   9.2000000000000000E+04   1.5904626148521793E+11   1.3485751097687559E-13
   9.3000000000000000E+04   1.6595049140189252E+11   1.2785712684906508E-13
   9.4000000000000000E+04   1.7350712099640283E+11   1.2098771511342715E-13
   9.5000000000000000E+04   1.8154491718735474E+11   1.1441388502440919E-13
   9.6000000000000000E+04   1.8989709803718781E+11   1.0824226494303125E-13
   9.7000000000000000E+04   1.9816758112603363E+11   1.0265546856348527E-13
   9.8000000000000000E+04   2.0786569645857489E+11   9.6867375179809642E-14
   9.9000000000000000E+04   2.1650820038607199E+11   9.2061254248251866E-14
   1.0000000000000000E+05   2.2574278974720523E+11   8.7412299368875839E-14
   1.1000000000000000E+05   3.3918915478266565E+11   5.2887347904181976E-14
   1.2000000000000000E+05   4.9020241725008655E+11   3.3545149961457773E-14
   1.3000000000000000E+05   6.8638586163111121E+11   2.2114379121136572E-14
   1.4000000000000000E+05   9.3651507229225757E+11   1.5050246921927909E-14
   1.5000000000000000E+05   1.2450858887111638E+12   1.0565641292518364E-14
   1.6000000000000000E+05   1.6228850539676387E+12   7.5993892287323778E-15
   1.7000000000000000E+05   2.0796398550580552E+12   5.5814800788575055E-15
   1.8000000000000000E+05   2.6223155443009224E+12   4.1805072197510831E-15
   1.9000000000000000E+05   3.2546082266509438E+12   3.1910537052894273E-15
   2.0000000000000000E+05   3.9995413934645142E+12   2.4668698703796742E-15
   2.1000000000000000E+05   4.8348922630775557E+12   1.9434811666494624E-15
   2.2000000000000000E+05   5.8005453520813203E+12   1.5463041615457382E-15
   2.3000000000000000E+05   6.8936244668458105E+12   1.2445460617838172E-15
   2.4000000000000000E+05   8.1361759461595459E+12   1.0105431413319631E-15
   2.5000000000000000E+05   9.5037843918776777E+12   8.3051952797297321E-16
   2.6000000000000000E+05   1.1046145877961406E+13   6.8707209442990369E-16
   2.7000000000000000E+05   1.2699000529130535E+13   5.7551033460038130E-16
   2.8000000000000000E+05   1.4562497003483920E+13   4.8394114967830097E-16
   2.9000000000000000E+05   1.6515773117066539E+13   4.1199270493558874E-16
   3.0000000000000000E+05   1.8719421646111586E+13   3.5137653094189458E-16
   3.1000000000000000E+05   2.1067800903754578E+13   3.0213812718424413E-16
   3.2000000000000000E+05   2.3642556481657402E+13   2.6082067749654513E-16
   3.3000000000000000E+05   2.6403397020872797E+13   2.2647104613262476E-16
   3.4000000000000000E+05   2.9270178742909672E+13   1.9828147487852986E-16
   3.5000000000000000E+05   3.2421126664863094E+13   1.7389627732315773E-16
   3.6000000000000000E+05   3.5921335778255336E+13   1.5259189041699859E-16
   3.7000000000000000E+05   3.9316309572604719E+13   1.3564755250261317E-16
   3.8000000000000000E+05   4.3167365365760070E+13   1.2029492132449813E-16
   3.9000000000000000E+05   4.7263035877062547E+13   1.0705333731968310E-16
   4.0000000000000000E+05   5.1198438892783586E+13   9.6353994108447411E-17
   4.1000000000000000E+05   5.5655916534179672E+13   8.6475132566914526E-17
   4.2000000000000000E+05   6.0359845185539539E+13   7.7837526149930887E-17
   4.3000000000000000E+05   6.5175295580242969E+13   7.0410100986997239E-17
   4.4000000000000000E+05   7.0405448422587141E+13   6.3698247920544546E-17
   4.5000000000000000E+05   7.5833064190667438E+13   5.7824956342801378E-17
   4.6000000000000000E+05   8.1438423653732266E+13   5.2674356874270925E-17
   4.7000000000000000E+05   8.6618097626045422E+13   4.8470771583770073E-17
   4.8000000000000000E+05   9.2585247983425906E+13   4.4402088767605142E-17
   4.9000000000000000E+05   9.8801662805395203E+13   4.0759241968477641E-17
   5.0000000000000000E+05   1.0513243787879136E+14   3.7538740118436132E-17
   5.1000000000000000E+05   1.1180501721203266E+14   3.4606283664329842E-17
   5.2000000000000000E+05   1.1864317398254064E+14   3.1984556418163806E-17
   5.3000000000000000E+05   1.2655034000648378E+14   2.9420310118810611E-17
   5.4000000000000000E+05   1.3381492381565102E+14   2.7307888519514819E-17
   5.5000000000000000E+05   1.4048579394241147E+14   2.5538261671738605E-17
   5.6000000000000000E+05   1.4881089426752069E+14   2.3679017509912840E-17
   5.7000000000000000E+05   1.5675025871986006E+14   2.2085300370446536E-17
   5.8000000000000000E+05   1.6485709343838941E+14   2.0637201283503351E-17
   5.9000000000000000E+05   1.7295055112829131E+14   1.9338040716258750E-17
   6.0000000000000000E+05   1.8158775999402809E+14   1.8111257717661190E-17
   6.1000000000000000E+05   1.9033366897969338E+14   1.6995775188657018E-17
   6.2000000000000000E+05   2.0027596248324891E+14   1.5891537431715841E-17
   6.3000000000000000E+05   2.0934225127166425E+14   1.4961977334549194E-17
   6.4000000000000000E+05   2.1833501447466147E+14   1.4121572790634226E-17
   6.5000000000000000E+05   2.2800257463798753E+14   1.3314759442167639E-17
   6.6000000000000000E+05   2.3884698377466553E+14   1.2517648015210871E-17
   6.7000000000000000E+05   2.4872078640688072E+14   1.1841304450001810E-17
   6.8000000000000000E+05   2.5877302230994056E+14   1.1213947573234678E-17
   6.9000000000000000E+05   2.6882937067464294E+14   1.0638015680229847E-17
   7.0000000000000000E+05   2.8026139679700244E+14   1.0058312165135397E-17
   7.1000000000000000E+05   2.9105933858497425E+14   9.5487504919492768E-18
   7.2000000000000000E+05   3.0188783953926569E+14   9.0783791441768417E-18
   7.3000000000000000E+05   3.1446819308886269E+14   8.5958107815983558E-18
   7.4000000000000000E+05   3.2545145065301800E+14   8.1934819406364742E-18
   7.5000000000000000E+05   3.3633300708219888E+14   7.8226820451693114E-18
   7.6000000000000000E+05   3.4810522189360769E+14   7.4586856126609132E-18
   7.7000000000000000E+05   3.6092906366626644E+14   7.1002534610051412E-18
   7.8000000000000000E+05   3.7276899873345906E+14   6.7865967122942978E-18
   7.9000000000000000E+05   3.8650372240981819E+14   6.4625759485595243E-18
   8.0000000000000000E+05   3.9847375429285569E+14   6.1900865819777061E-18
   8.1000000000000000E+05   4.1292499483858881E+14   5.8997042521545318E-18
   8.2000000000000000E+05   4.2473748200386925E+14   5.6656793482408895E-18
   8.3000000000000000E+05   4.3782350550410194E+14   5.4301179845462948E-18
   8.4000000000000000E+05   4.5268645979520662E+14   5.1893103122199492E-18
   8.5000000000000000E+05   4.6569380925103525E+14   4.9850215706636396E-18
   8.6000000000000000E+05   4.8140916946714006E+14   4.7662149318237460E-18
   8.7000000000000000E+05   4.9442440837262838E+14   4.5874070436766202E-18
   8.8000000000000000E+05   5.1075060953886531E+14   4.3903067610904204E-18
   8.9000000000000000E+05   5.2174322456178044E+14   4.2495173588441265E-18
   9.0000000000000000E+05   5.3761483105252869E+14   4.0782390783205071E-18
   9.1000000000000000E+05   5.5448237360135312E+14   3.9107251556105947E-18
   9.2000000000000000E+05   5.6654952483204950E+14   3.7858266601551054E-18
   9.3000000000000000E+05   5.8348076201623075E+14   3.6364443202064355E-18
   9.4000000000000000E+05   5.9448043996619738E+14   3.5311893737760921E-18
   9.5000000000000000E+05   6.1054074461197350E+14   3.4021086168525864E-18
   9.6000000000000000E+05   6.2749290405174712E+14   3.2757170423649876E-18
   9.7000000000000000E+05   6.4015180544258462E+14   3.1778377756071220E-18
   9.8000000000000000E+05   6.5705536880503438E+14   3.0644912684428436E-18
   9.9000000000000000E+05   6.7487583954100425E+14   2.9534345897061261E-18
   1.0000000000000000E+06   6.8447490980717288E+14   2.8828954918606007E-18
   1.1000000000000000E+06   8.3786307301716350E+14   2.1410198649426333E-18
   1.2000000000000000E+06   9.9278795571251275E+14   1.6563369351435814E-18
   1.3000000000000000E+06   1.1561320882337288E+15   1.3129120212109996E-18
   1.4000000000000000E+06   1.3173339881060252E+15   1.0699475768001839E-18
   1.5000000000000000E+06   1.4913028610513665E+15   8.8212335817717456E-19
   1.6000000000000000E+06   1.6694996469600855E+15   7.3872044364003945E-19
   1.7000000000000000E+06   1.8593162751935708E+15   6.2428692617108452E-19
   1.8000000000000000E+06   2.0475943943048308E+15   5.3538967951401149E-19
   1.9000000000000000E+06   2.2541043062895370E+15   4.6074308149544545E-19
   2.0000000000000000E+06   2.4396658612032540E+15   4.0441391240388239E-19
   2.1000000000000000E+06   2.6480599239659360E+15   3.5484552184897241E-19
   2.2000000000000000E+06   2.8355802465590225E+15   3.1631647272344043E-19
   2.3000000000000000E+06   3.0461433148206050E+15   2.8164903272565773E-19
   2.4000000000000000E+06   3.2593001930811345E+15   2.5226141539571140E-19
   2.5000000000000000E+06   3.4747545738788605E+15   2.2715499351910008E-19
   2.6000000000000000E+06   3.6851226007717675E+15   2.0594969030771835E-19
   2.7000000000000000E+06   3.9077205693118435E+15   1.8702478629113839E-19
   2.8000000000000000E+06   4.1291535047710885E+15   1.7067400216315070E-19
   2.9000000000000000E+06   4.3505394390163650E+15   1.5640308830624367E-19
   3.0000000000000000E+06   4.5687710703567860E+15   1.4396793662799224E-19
   3.1000000000000000E+06   4.7896738198633730E+15   1.3289810847980686E-19
   3.2000000000000000E+06   5.0121992296680380E+15   1.2302917974201572E-19
   3.3000000000000000E+06   5.2673237106974430E+15   1.1352264020963951E-19
   3.4000000000000000E+06   5.4756199521001590E+15   1.0599227597737707E-19
   3.5000000000000000E+06   5.7035214942552960E+15   9.8849688553306558E-20
   3.6000000000000000E+06   5.9278934733010750E+15   9.2466312989517458E-20
   3.7000000000000000E+06   6.1911321610398900E+15   8.6141937019530693E-20
   3.8000000000000000E+06   6.4103004312225140E+15   8.1007354899739819E-20
   3.9000000000000000E+06   6.6217694581201640E+15   7.6409572312954484E-20
   4.0000000000000000E+06   6.8518064821947590E+15   7.1998152490973273E-20
   4.1000000000000000E+06   7.1056920103688890E+15   6.7732358134904016E-20
   4.2000000000000000E+06   7.3276548984450510E+15   6.4116843562490891E-20
   4.3000000000000000E+06   7.5929536210249180E+15   6.0437602713064723E-20
   4.4000000000000000E+06   7.8100150281173750E+15   5.7422472203105579E-20
   4.5000000000000000E+06   8.0803017630308080E+15   5.4268315154128991E-20
   4.6000000000000000E+06   8.2820446065919370E+15   5.1795381389282081E-20
   4.7000000000000000E+06   8.5136575983724190E+15   4.9314245687486582E-20
   4.8000000000000000E+06   8.7711368305386380E+15   4.6869390809382181E-20
   4.9000000000000000E+06   9.0446756854640380E+15   4.4524325926302470E-20
   5.0000000000000000E+06   9.2568951440483600E+15   4.2633509423372614E-20
   5.1000000000000000E+06   9.5357369292017640E+15   4.0575323852382835E-20
   5.2000000000000000E+06   9.7417544618852000E+15   3.8953448341585947E-20
   5.3000000000000000E+06   1.0019327401267194E+16   3.7159682476897534E-20
   5.4000000000000000E+06   1.0207369191046194E+16   3.5799655654765557E-20
   5.5000000000000000E+06   1.0471752580093998E+16   3.4261342019131712E-20
   5.6000000000000000E+06   1.0692965483409700E+16   3.2953400780106122E-20
   5.7000000000000000E+06   1.0957372853905528E+16   3.1594038033846786E-20
   5.8000000000000000E+06   1.1235187879959404E+16   3.0281549865044667E-20
   5.9000000000000000E+06   1.1432568683408832E+16   2.9254359997608654E-20
   6.0000000000000000E+06   1.1706325280858504E+16   2.8094065735575226E-20
   6.1000000000000000E+06   1.1993513894918886E+16   2.6971813908362578E-20
   6.2000000000000000E+06   1.2177431762171996E+16   2.6135994983459423E-20
   6.3000000000000000E+06   1.2453103120937212E+16   2.5151755255475771E-20
   6.4000000000000000E+06   1.2741544808707152E+16   2.4198273018991611E-20
   6.5000000000000000E+06   1.2909380842723772E+16   2.3516228008803154E-20
   6.6000000000000000E+06   1.3178020916112208E+16   2.2687795773115980E-20
   6.7000000000000000E+06   1.3398280865086840E+16   2.1981764560274853E-20
   6.8000000000000000E+06   1.3662408191231910E+16   2.1239792172316192E-20
   6.9000000000000000E+06   1.3937158698263314E+16   2.0519326230385320E-20
   7.0000000000000000E+06   1.4223186434350718E+16   1.9819445029652475E-20
   7.1000000000000000E+06   1.4405339188825424E+16   1.9293214592653530E-20
   7.2000000000000000E+06   1.4682397708098246E+16   1.8666244579672682E-20
   7.3000000000000000E+06   1.4970322577622318E+16   1.8056451827321443E-20
   7.4000000000000000E+06   1.5269765858611696E+16   1.7463139960168892E-20
   7.5000000000000000E+06   1.5422476543261190E+16   1.7059686674312625E-20
   7.6000000000000000E+06   1.5705016335457686E+16   1.6532344537381983E-20
   7.7000000000000000E+06   1.5998101579129574E+16   1.6018699598813175E-20
   7.8000000000000000E+06   1.6302333895747300E+16   1.5518225043284592E-20
   7.9000000000000000E+06   1.6402327754709604E+16   1.5228385250119273E-20
   8.0000000000000000E+06   1.6676887973743570E+16   1.4790451573470614E-20
   8.1000000000000000E+06   1.6960796456721598E+16   1.4363331074023151E-20
   8.2000000000000000E+06   1.7144669393392880E+16   1.4036003407219585E-20
   8.3000000000000000E+06   1.7414394852417422E+16   1.3652115456454684E-20
   8.4000000000000000E+06   1.7692742778399948E+16   1.3277367694993709E-20
   8.5000000000000000E+06   1.7904562502265776E+16   1.2965933594563677E-20
   8.6000000000000000E+06   1.8176254272296972E+16   1.2623610659586081E-20
   8.7000000000000000E+06   1.8456318634519608E+16   1.2289157217366588E-20
   8.8000000000000000E+06   1.8745148666684428E+16   1.1962304989742995E-20
   8.9000000000000000E+06   1.8924179942894040E+16   1.1715999828394833E-20
   9.0000000000000000E+06   1.9202956230160628E+16   1.1417626467530410E-20
   9.1000000000000000E+06   1.9490068750825812E+16   1.1125810762948719E-20
   9.2000000000000000E+06   1.9785897097312852E+16   1.0840338878031849E-20
   9.3000000000000000E+06   1.9945378612018340E+16   1.0638029712332112E-20
   9.4000000000000000E+06   2.0224969453902760E+16   1.0379363080428735E-20
   9.5000000000000000E+06   2.0427920980220420E+16   1.0168073051561103E-20
   9.6000000000000000E+06   2.0689750333452500E+16   9.9348187708285719E-21
   9.7000000000000000E+06   2.0958378684872428E+16   9.7063738567090825E-21
   9.8000000000000000E+06   2.1234074345449032E+16   9.4825910836940714E-21
   9.9000000000000000E+06   2.1517119932258272E+16   9.2633291747803731E-21
   1.0000000000000000E+07   2.1686409463203988E+16   9.0991071395331637E-21
   1.1000000000000000E+07   2.4286637642035552E+16   7.3862899832900689E-21
   1.2000000000000000E+07   2.6783807015425144E+16   6.1394982381156585E-21
   1.3000000000000000E+07   2.9398190560276616E+16   5.1632419812968101E-21
   1.4000000000000000E+07   3.1947290838023152E+16   4.4118868030369132E-21
   1.5000000000000000E+07   3.4479191807744028E+16   3.8153826086909482E-21
   1.6000000000000000E+07   3.7107385334226592E+16   3.3235796829955993E-21
   1.7000000000000000E+07   3.9592513227308000E+16   2.9317331677239092E-21
   1.8000000000000000E+07   4.2218757072529536E+16   2.5966205131482984E-21
   1.9000000000000000E+07   4.4921190390729144E+16   2.3119667022589267E-21
   2.0000000000000000E+07   4.7359696897939856E+16   2.0832794137462343E-21
   2.1000000000000000E+07   4.9950323226725048E+16   1.8811734237273130E-21
   2.2000000000000000E+07   5.2577475377257672E+16   1.7059410617950367E-21
   2.3000000000000000E+07   5.5121765778512856E+16   1.5564510788901268E-21
   2.4000000000000000E+07   5.7696771642846528E+16   1.4250289166882726E-21
   2.5000000000000000E+07   6.0324707176099120E+16   1.3084321328005433E-21
   2.6000000000000000E+07   6.2902751678597888E+16   1.2065447665195626E-21
   2.7000000000000000E+07   6.5464461959854432E+16   1.1163928984999763E-21
   2.8000000000000000E+07   6.8352589640491800E+16   1.0310350462388298E-21
   2.9000000000000000E+07   7.0748196968057552E+16   9.6177405675438850E-22
   3.0000000000000000E+07   7.3258126224319392E+16   8.9786154495796466E-22
   3.1000000000000000E+07   7.5810499072033184E+16   8.3964437470629347E-22
   3.2000000000000000E+07   7.8391546698435040E+16   7.8662405055203767E-22
   3.3000000000000000E+07   8.1259694886082576E+16   7.3586357334406174E-22
   3.4000000000000000E+07   8.3661335817255248E+16   6.9371761213323784E-22
   3.5000000000000000E+07   8.6146547603289520E+16   6.5445608564666057E-22
   3.6000000000000000E+07   8.8729195442300480E+16   6.1775659132085513E-22
   3.7000000000000000E+07   9.1534220746604544E+16   5.8264123772056296E-22
   3.8000000000000000E+07   9.4004130614193184E+16   5.5240283448522604E-22
   3.9000000000000000E+07   9.6905932621980160E+16   5.2212135888900471E-22
   4.0000000000000000E+07   9.9279879271580672E+16   4.9689565656523909E-22
   4.1000000000000000E+07   1.0174927076063683E+17   4.7301103235898942E-22
   4.2000000000000000E+07   1.0453623932726134E+17   4.4943849695289198E-22
   4.3000000000000000E+07   1.0748018067279563E+17   4.2696235854242717E-22
   4.4000000000000000E+07   1.0964532130157003E+17   4.0901915880608131E-22
   4.5000000000000000E+07   1.1259400930420061E+17   3.8945621114875816E-22
   4.6000000000000000E+07   1.1472057839885502E+17   3.7392738518981996E-22
   4.7000000000000000E+07   1.1759695905490126E+17   3.5701994837236049E-22
   4.8000000000000000E+07   1.1986498771692752E+17   3.4296740673258780E-22
   4.9000000000000000E+07   1.2270457253593261E+17   3.2819322034586418E-22
   5.0000000000000000E+07   1.2505648329790238E+17   3.1558054084635985E-22
   5.1000000000000000E+07   1.2788810905795122E+17   3.0254229022821918E-22
   5.2000000000000000E+07   1.3028370960333163E+17   2.9126813347795214E-22
   5.3000000000000000E+07   1.3312893646832190E+17   2.7966498849914604E-22
   5.4000000000000000E+07   1.3610120997949493E+17   2.6849158963066603E-22
   5.5000000000000000E+07   1.3809393888954032E+17   2.5980596945192954E-22
   5.6000000000000000E+07   1.4099110695636090E+17   2.4992326445930050E-22
   5.7000000000000000E+07   1.4319593355111314E+17   2.4175802071485603E-22
   5.8000000000000000E+07   1.4598731804493706E+17   2.3304688830944328E-22
   5.9000000000000000E+07   1.4841501644635011E+17   2.2534948819193678E-22
   6.0000000000000000E+07   1.5117584517536288E+17   2.1754683863746126E-22
   6.1000000000000000E+07   1.5404133516252957E+17   2.1000001365854236E-22
   6.2000000000000000E+07   1.5701755285790157E+17   2.0269663464668530E-22
   6.3000000000000000E+07   1.5904664174736022E+17   1.9693430708618712E-22
   6.4000000000000000E+07   1.6195128846133770E+17   1.9038031922692380E-22
   6.5000000000000000E+07   1.6496400312373891E+17   1.8402799253256082E-22
   6.6000000000000000E+07   1.6684638391867363E+17   1.7919492182961377E-22
   6.7000000000000000E+07   1.6972219841921120E+17   1.7352936635979700E-22
   6.8000000000000000E+07   1.7269888844967891E+17   1.6803044487438660E-22
   6.9000000000000000E+07   1.7456535138021254E+17   1.6382466726254025E-22
   7.0000000000000000E+07   1.7737697346746973E+17   1.5892460908056448E-22
   7.1000000000000000E+07   1.7961101151087398E+17   1.5473733927117507E-22
   7.2000000000000000E+07   1.8234768547101622E+17   1.5029816579654342E-22
   7.3000000000000000E+07   1.8516904536658390E+17   1.4598061351299756E-22
   7.4000000000000000E+07   1.8739818490589894E+17   1.4229489921785825E-22
   7.5000000000000000E+07   1.9015276219824173E+17   1.3836381577022642E-22
   7.6000000000000000E+07   1.9298952696685360E+17   1.3453618188700599E-22
   7.7000000000000000E+07   1.9520613932868726E+17   1.3128110838556723E-22
   7.8000000000000000E+07   1.9798326039160432E+17   1.2778013940399837E-22
   7.9000000000000000E+07   2.0030908994880544E+17   1.2469776888871105E-22
   8.0000000000000000E+07   2.0303768046598051E+17   1.2148420106344597E-22
   8.1000000000000000E+07   2.0584163475874918E+17   1.1834998059189114E-22
   8.2000000000000000E+07   2.0872411887590058E+17   1.1529220452208152E-22
   8.3000000000000000E+07   2.1168847872675856E+17   1.1230810980335167E-22
   8.4000000000000000E+07   2.1327796823290381E+17   1.1014407786613521E-22
   8.5000000000000000E+07   2.1608898787014496E+17   1.0743229941157350E-22
   8.6000000000000000E+07   2.1897509608023504E+17   1.0478358557223418E-22
   8.7000000000000000E+07   2.2193934226494941E+17   1.0219576170621296E-22
   8.8000000000000000E+07   2.2498494320983290E+17   9.9666752018965010E-23
   8.9000000000000000E+07   2.2630492824297398E+17   9.7972099275457599E-23
   9.0000000000000000E+07   2.2912011740344547E+17   9.5693116690508859E-23
   9.1000000000000000E+07   2.3200622964111754E+17   9.3464221634899633E-23
   9.2000000000000000E+07   2.3496597929543110E+17   9.1283780819629787E-23
   9.3000000000000000E+07   2.3663620294277971E+17   8.9664864319037013E-23
   9.4000000000000000E+07   2.3941368752959642E+17   8.7681829480483025E-23
   9.5000000000000000E+07   2.4225714716907936E+17   8.5740542743793383E-23
   9.6000000000000000E+07   2.4516896082583222E+17   8.3839699480784743E-23
   9.7000000000000000E+07   2.4703582309168336E+17   8.2348323575060970E-23
   9.8000000000000000E+07   2.4980254889264378E+17   8.0605280030664055E-23
   9.9000000000000000E+07   2.5263194960207686E+17   7.8897449487164057E-23
   1.0000000000000000E+08   2.5552617928934362E+17   7.7223775554534057E-23
   1.1000000000000000E+08   2.8096726264485984E+17   6.3846637026146269E-23
   1.2000000000000000E+08   3.0864041722913280E+17   5.3278549017497554E-23
   1.3000000000000000E+08   3.3327142090741997E+17   4.5545450990575581E-23
   1.4000000000000000E+08   3.6020755894117178E+17   3.9129614951827173E-23
   1.5000000000000000E+08   3.8570103603363622E+17   3.4107066482837670E-23
   1.6000000000000000E+08   4.1143456618784179E+17   2.9975447403128000E-23
   1.7000000000000000E+08   4.3771495399818957E+17   2.6518327318222386E-23
   1.8000000000000000E+08   4.6379470888397037E+17   2.3636770440514155E-23
   1.9000000000000000E+08   4.9010382481489101E+17   2.1190672496470580E-23
   2.0000000000000000E+08   5.1481391916750618E+17   1.9164882283735834E-23
   2.1000000000000000E+08   5.4138663083160051E+17   1.7356398405399923E-23
   2.2000000000000000E+08   5.6728107658680595E+17   1.5811222667826160E-23
   2.3000000000000000E+08   5.9330595614994394E+17   1.4460386066748458E-23
   2.4000000000000000E+08   6.1981699952934118E+17   1.3265136008378242E-23
   2.5000000000000000E+08   6.4582296235245094E+17   1.2221737205422555E-23
   2.6000000000000000E+08   6.7145686504807053E+17   1.1303032225615637E-23
   2.7000000000000000E+08   6.9706572321918746E+17   1.0484529363829090E-23
   2.8000000000000000E+08   7.2277923992962854E+17   9.7504066978168476E-24
   2.9000000000000000E+08   7.5087598852145434E+17   9.0619198704185304E-24
   3.0000000000000000E+08   7.7648033825775181E+17   8.4710006360339848E-24
   3.1000000000000000E+08   8.0219103971043456E+17   7.9350000110305856E-24
   3.2000000000000000E+08   8.2792452125172838E+17   7.4481035903770736E-24
   3.3000000000000000E+08   8.5738124228706918E+17   6.9742661138952160E-24
   3.4000000000000000E+08   8.8047900726793997E+17   6.5915645497453405E-24
   3.5000000000000000E+08   9.1072056331486656E+17   6.1906071530011579E-24
   3.6000000000000000E+08   9.3256438352659251E+17   5.8776687481668629E-24
   3.7000000000000000E+08   9.5652120653509581E+17   5.5755806881456863E-24
   3.8000000000000000E+08   9.8496024854517286E+17   5.2721059841044101E-24
   3.9000000000000000E+08   1.0092414724509485E+18   5.0133351240630593E-24
   4.0000000000000000E+08   1.0343276689686642E+18   4.7694499793821429E-24
   4.1000000000000000E+08   1.0623675539650559E+18   4.5303085005405052E-24
   4.2000000000000000E+08   1.0874121780202703E+18   4.3205889385833550E-24
   4.3000000000000000E+08   1.1163279050485024E+18   4.1107985591947718E-24
   4.4000000000000000E+08   1.1389869754732621E+18   3.9374495100926169E-24
   4.5000000000000000E+08   1.1679806893777774E+18   3.7543802445075190E-24
   4.6000000000000000E+08   1.1909366115275804E+18   3.6019688615605358E-24
   4.7000000000000000E+08   1.2160400297822976E+18   3.4525557730236676E-24
   4.8000000000000000E+08   1.2437733968919800E+18   3.3052470890626748E-24
   4.9000000000000000E+08   1.2728012777419297E+18   3.1639510044470287E-24
   5.0000000000000000E+08   1.2955233501528008E+18   3.0462895655906972E-24
   5.1000000000000000E+08   1.3245854146262141E+18   2.9210318172095548E-24
   5.2000000000000000E+08   1.3466338885337382E+18   2.8179517270328394E-24
   5.3000000000000000E+08   1.3751508501662241E+18   2.7074486033162363E-24
   5.4000000000000000E+08   1.3981113386699978E+18   2.6136709722140972E-24
   5.5000000000000000E+08   1.4261572835077880E+18   2.5156853373414488E-24
   5.6000000000000000E+08   1.4497801092659814E+18   2.4305035974113653E-24
   5.7000000000000000E+08   1.4774837302967931E+18   2.3430894540394720E-24
   5.8000000000000000E+08   1.5062667456141542E+18   2.2586895914735062E-24
   5.9000000000000000E+08   1.5290689626671675E+18   2.1872949365111733E-24
   6.0000000000000000E+08   1.5575581855996063E+18   2.1114991080468573E-24
   6.1000000000000000E+08   1.5808288225175944E+18   2.0463115314783727E-24
   6.2000000000000000E+08   1.6091061308914580E+18   1.9779260630324176E-24
   6.3000000000000000E+08   1.6327071706244611E+18   1.9183930070523184E-24
   6.4000000000000000E+08   1.6608396691012129E+18   1.8564307301960371E-24
   6.5000000000000000E+08   1.6899586439125133E+18   1.7963749849353329E-24
   6.6000000000000000E+08   1.7201169077357484E+18   1.7381391107431353E-24
   6.7000000000000000E+08   1.7374174258911068E+18   1.6951473554935645E-24
   6.8000000000000000E+08   1.7663503893007340E+18   1.6428603991193151E-24
   6.9000000000000000E+08   1.7962633046971021E+18   1.5920890066979429E-24
   7.0000000000000000E+08   1.8139243626111383E+18   1.5540651390575344E-24
   7.1000000000000000E+08   1.8419433845470610E+18   1.5088699391176617E-24
   7.2000000000000000E+08   1.8708415858799711E+18   1.4649301613983412E-24
   7.3000000000000000E+08   1.9006610064389755E+18   1.4221942132055773E-24
   7.4000000000000000E+08   1.9189545176052552E+18   1.3896007221719799E-24
   7.5000000000000000E+08   1.9472480266603451E+18   1.3511510293899734E-24
   7.6000000000000000E+08   1.9763883534696806E+18   1.3137131706285465E-24
   7.7000000000000000E+08   1.9967012001874563E+18   1.2834608569540402E-24
   7.8000000000000000E+08   2.0246807892463744E+18   1.2494971428021419E-24
   7.9000000000000000E+08   2.0534556734851505E+18   1.2163932695148486E-24
   8.0000000000000000E+08   2.0748877485921600E+18   1.1887809552069026E-24
   8.1000000000000000E+08   2.1027940905132372E+18   1.1585230141461515E-24
   8.2000000000000000E+08   2.1262067085150758E+18   1.1317932403165944E-24
   8.3000000000000000E+08   2.1535696674635064E+18   1.1039500264205939E-24
   8.4000000000000000E+08   2.1816460968859241E+18   1.0767697461887836E-24
   8.5000000000000000E+08   2.2104642702715817E+18   1.0502290019624277E-24
   8.6000000000000000E+08   2.2400539750074417E+18   1.0243054843459869E-24
   8.7000000000000000E+08   2.2570280797166382E+18   1.0049170561577579E-24
   8.8000000000000000E+08   2.2852460877069540E+18   9.8122992808163561E-25
   8.9000000000000000E+08   2.3141786078802888E+18   9.5807509501846011E-25
   9.0000000000000000E+08   2.3438531266265390E+18   9.3543481380113295E-25
   9.1000000000000000E+08   2.3614270061891369E+18   9.1827024976939073E-25
   9.2000000000000000E+08   2.3894036951885271E+18   8.9765421377995667E-25
   9.3000000000000000E+08   2.4180512320920724E+18   8.7748153340319821E-25
   9.4000000000000000E+08   2.4473940389139108E+18   8.5773805899190323E-25
   9.5000000000000000E+08   2.4774577376646886E+18   8.3841023667347731E-25
   9.6000000000000000E+08   2.5082692249717596E+18   8.1948507732001876E-25
   9.7000000000000000E+08   2.5185168600163907E+18   8.0773673655109337E-25
   9.8000000000000000E+08   2.5471643798106644E+18   7.9050274750473329E-25
   9.9000000000000000E+08   2.5764711152329272E+18   7.7361691985324931E-25
   1.0000000000000000E+09   2.6064600852072709E+18   7.5706880875479490E-25
   1.1000000000000000E+09   2.8610521199733350E+18   6.2700063061009392E-25
   1.2000000000000000E+09   3.1145922069315497E+18   5.2796361467569297E-25
   1.3000000000000000E+09   3.3882710436370836E+18   4.4798650910774658E-25
   1.4000000000000000E+09   3.6346981594816118E+18   3.8778414233207934E-25
   1.5000000000000000E+09   3.9011765269296778E+18   3.3720932102634204E-25
   1.6000000000000000E+09   4.1554420098358881E+18   2.9678997250835188E-25
   1.7000000000000000E+09   4.4259592071127603E+18   2.6225882072186310E-25
   1.8000000000000000E+09   4.6922513692747981E+18   2.3363217787519779E-25
   1.9000000000000000E+09   4.9378689217975572E+18   2.1032615092462224E-25
   2.0000000000000000E+09   5.2016103027541688E+18   1.8967872609852908E-25
   2.1000000000000000E+09   5.4624678294012211E+18   1.7201972349373901E-25
   2.2000000000000000E+09   5.7237475379895583E+18   1.5670515440498624E-25
   2.3000000000000000E+09   5.9863651967661271E+18   1.4331623447002842E-25
   2.4000000000000000E+09   6.2314003839281142E+18   1.3194396592245153E-25
   2.5000000000000000E+09   6.4931426640900157E+18   1.2156022030366614E-25
   2.6000000000000000E+09   6.7786586413554852E+18   1.1196165768618151E-25
   2.7000000000000000E+09   7.0249924152760125E+18   1.0403436205451311E-25
   2.8000000000000000E+09   7.2718631201918822E+18   9.6913149017948804E-26
   2.9000000000000000E+09   7.5598404015640996E+18   9.0006900664132080E-26
   3.0000000000000000E+09   7.8052982132092672E+18   8.4270520607627523E-26
   3.1000000000000000E+09   8.0570424487094323E+18   7.9004001151446508E-26
   3.2000000000000000E+09   8.3134042518762711E+18   7.4174999945473532E-26
   3.3000000000000000E+09   8.5725403994944645E+18   6.9753009797710810E-26
   3.4000000000000000E+09   8.8556933071718021E+18   6.5536757087128986E-26
   3.5000000000000000E+09   9.0967309882574961E+18   6.1977354732375298E-26
   3.6000000000000000E+09   9.3881544689474970E+18   5.8385325367598655E-26
   3.7000000000000000E+09   9.6259404340170916E+18   5.5404053282025763E-26
   3.8000000000000000E+09   9.8789653105742500E+18   5.2564359294810837E-26
   3.9000000000000000E+09   1.0167150993379099E+19   4.9764833096256186E-26
   4.0000000000000000E+09   1.0406777191612191E+19   4.7403475529514436E-26
   4.1000000000000000E+09   1.0648232404269273E+19   4.5198607409213430E-26
   4.2000000000000000E+09   1.0928855966615128E+19   4.2989504504288507E-26
   4.3000000000000000E+09   1.1170265772463809E+19   4.1082273574678906E-26
   4.4000000000000000E+09   1.1451898952424606E+19   3.9161223192853643E-26
   4.5000000000000000E+09   1.1693380894229705E+19   3.7500220559223154E-26
   4.6000000000000000E+09   1.1976993578388681E+19   3.5816305341894286E-26
   4.7000000000000000E+09   1.2217373915202128E+19   3.4364553742835042E-26
   4.8000000000000000E+09   1.2466930032677777E+19   3.2975065944505134E-26
   4.9000000000000000E+09   1.2743148114807054E+19   3.1601931052607992E-26
   5.0000000000000000E+09   1.2990781013799117E+19   3.0379538069015807E-26
   5.1000000000000000E+09   1.3270350238715378E+19   2.9156398068883463E-26
   5.2000000000000000E+09   1.3562217103356066E+19   2.7980301914910050E-26
   5.3000000000000000E+09   1.3769631902502033E+19   2.7038850965617738E-26
   5.4000000000000000E+09   1.4054769046231802E+19   2.5999737240683354E-26
   5.5000000000000000E+09   1.4351964957040179E+19   2.4998409469382947E-26
   5.6000000000000000E+09   1.4548970814696149E+19   2.4219553505922690E-26
   5.7000000000000000E+09   1.4831562309659335E+19   2.3341280403876963E-26
   5.8000000000000000E+09   1.5125349070251702E+19   2.2493292581212115E-26
   5.9000000000000000E+09   1.5332492014183623E+19   2.1813315125319286E-26
   6.0000000000000000E+09   1.5615440048710246E+19   2.1061095360526105E-26
   6.1000000000000000E+09   1.5844316758550809E+19   2.0416584054123682E-26
   6.2000000000000000E+09   1.6120082864814416E+19   1.9743651327142903E-26
   6.3000000000000000E+09   1.6405618274215125E+19   1.9092081543875808E-26
   6.4000000000000000E+09   1.6633058261815306E+19   1.8536782298937307E-26
   6.5000000000000000E+09   1.6913745410988229E+19   1.7948711889250922E-26
   6.6000000000000000E+09   1.7150942108757406E+19   1.7432292951764024E-26
   6.7000000000000000E+09   1.7429393181285231E+19   1.6897768753361562E-26
   6.8000000000000000E+09   1.7717034953588855E+19   1.6378965854912106E-26
   6.9000000000000000E+09   1.8014330090615828E+19   1.5875200721635104E-26
   7.0000000000000000E+09   1.8199440616240462E+19   1.5489248687707484E-26
   7.1000000000000000E+09   1.8486279168384340E+19   1.5034139521450301E-26
   7.2000000000000000E+09   1.8782304141875778E+19   1.4591672276478043E-26
   7.3000000000000000E+09   1.8975810305746354E+19   1.4245025856969229E-26
   7.4000000000000000E+09   1.9258075280128102E+19   1.3846558104542357E-26
   7.5000000000000000E+09   1.9488383317910634E+19   1.3500484533684726E-26
   7.6000000000000000E+09   1.9764662513398100E+19   1.3136613936463271E-26
   7.7000000000000000E+09   2.0048887761371312E+19   1.2782194523585229E-26
   7.8000000000000000E+09   2.0341406867483820E+19   1.2436862787960470E-26
   7.9000000000000000E+09   2.0537261740049256E+19   1.2162330558428315E-26
   8.0000000000000000E+09   2.0820659761758401E+19   1.1846824586456681E-26
   8.1000000000000000E+09   2.1111988560510931E+19   1.1539108885397927E-26
   8.2000000000000000E+09   2.1303947887864001E+19   1.1295682813719247E-26
   8.3000000000000000E+09   2.1581095537032511E+19   1.1016277126503256E-26
   8.4000000000000000E+09   2.1865549178417402E+19   1.0743523955649550E-26
   8.5000000000000000E+09   2.2157601564664848E+19   1.0477188506462991E-26
   8.6000000000000000E+09   2.2348644238455087E+19   1.0266840114994666E-26
   8.7000000000000000E+09   2.2626943441436254E+19   1.0024005316514243E-26
   8.8000000000000000E+09   2.2912261152397738E+19   9.7866894907265610E-27
   8.9000000000000000E+09   2.3204866264658518E+19   9.5547066048442188E-27
   9.0000000000000000E+09   2.3394453445321073E+19   9.3719727977727460E-27
   9.1000000000000000E+09   2.3674575238963102E+19   9.1593118140372436E-27
   9.2000000000000000E+09   2.3961486605451596E+19   8.9512738951655579E-27
   9.3000000000000000E+09   2.4167064342425240E+19   8.7796981582857677E-27
   9.4000000000000000E+09   2.4443381844271804E+19   8.5881038307238799E-27
   9.5000000000000000E+09   2.4726091056041562E+19   8.4005430679527697E-27
   9.6000000000000000E+09   2.4942550650746221E+19   8.2408941593305359E-27
   9.7000000000000000E+09   2.5215818755227832E+19   8.0675492206129075E-27
   9.8000000000000000E+09   2.5495140984452387E+19   7.8977419337058404E-27
   9.9000000000000000E+09   2.5780720781387596E+19   7.7313650970393209E-27
   1.0000000000000000E+10   2.5990214643599356E+19   7.5923560418180293E-27
   1.1000000000000000E+10   2.8716127176477127E+19   6.2469478297236711E-27
   1.2000000000000000E+10   3.1241010740591206E+19   5.2635664494547852E-27
   1.3000000000000000E+10   3.3841959972292542E+19   4.4852594766750797E-27
   1.4000000000000000E+10   3.6409643601534206E+19   3.8711675506518078E-27
   1.5000000000000000E+10   3.8990037037173981E+19   3.3739723986299882E-27
   1.6000000000000000E+10   4.1657882308012622E+19   2.9605285999428437E-27
   1.7000000000000000E+10   4.4326204845310304E+19   2.6186470199089718E-27
   1.8000000000000000E+10   4.6804578885360173E+19   2.3422086741270631E-27
   1.9000000000000000E+10   4.9469532201234039E+19   2.0993992016485799E-27
   2.0000000000000000E+10   5.2000452634874085E+19   1.8973581303515589E-27
   2.1000000000000000E+10   5.4894325061663629E+19   1.7117474430216914E-27
   2.2000000000000000E+10   5.7446852489636528E+19   1.5613400958348809E-27
   2.3000000000000000E+10   5.9946092772009927E+19   1.4311913896138757E-27
   2.4000000000000000E+10   6.2502433496386118E+19   1.3154618691025872E-27
   2.5000000000000000E+10   6.5090963973837054E+19   1.2126227736113629E-27
   2.6000000000000000E+10   6.7701275336647369E+19   1.1210274172842533E-27
   2.7000000000000000E+10   7.0331020422412526E+19   1.0391440362610393E-27
   2.8000000000000000E+10   7.2846325335923065E+19   9.6743267550621489E-28
   2.9000000000000000E+10   7.5402897862410076E+19   9.0240272370153145E-28
   3.0000000000000000E+10   7.8010254313429058E+19   8.4316677302729999E-28
   3.1000000000000000E+10   8.0837138253806305E+19   7.8743335630776286E-28
   3.2000000000000000E+10   8.3339880233455272E+19   7.3991798188603627E-28
   3.3000000000000000E+10   8.5829877822074765E+19   6.9668105052739372E-28
   3.4000000000000000E+10   8.8697260161526137E+19   6.5433072008460822E-28
   3.5000000000000000E+10   9.1136205528369676E+19   6.1862496918277310E-28
   3.6000000000000000E+10   9.3657534708152107E+19   5.8524971320120040E-28
   3.7000000000000000E+10   9.6198480803991618E+19   5.5439141266954379E-28
   3.8000000000000000E+10   9.8987602827765383E+19   5.2459244108530149E-28
   3.9000000000000000E+10   1.0151643457594135E+20   4.9840853292719608E-28
   4.0000000000000000E+10   1.0405586398327122E+20   4.7408900282929440E-28
   4.1000000000000000E+10   1.0688974550961129E+20   4.5026328180316936E-28
   4.2000000000000000E+10   1.0919925451854669E+20   4.3024662107352101E-28
   4.3000000000000000E+10   1.1203866462821053E+20   4.0959066755128250E-28
   4.4000000000000000E+10   1.1502967800159984E+20   3.8987362100732774E-28
   4.5000000000000000E+10   1.1713017860666692E+20   3.7437351144930362E-28
   4.6000000000000000E+10   1.2003666181343083E+20   3.5736720148733645E-28
   4.7000000000000000E+10   1.2229182883460550E+20   3.4331370011081971E-28
   4.8000000000000000E+10   1.2515285648176198E+20   3.2847659375076972E-28
   4.9000000000000000E+10   1.2749063697795097E+20   3.1587267713389093E-28
   5.0000000000000000E+10   1.3033318313540662E+20   3.0280387301286232E-28
   5.1000000000000000E+10   1.3272725953951944E+20   2.9151179299251967E-28
   5.2000000000000000E+10   1.3557909344409015E+20   2.7989192105340837E-28
   5.3000000000000000E+10   1.3855616977353834E+20   2.6871053484784849E-28
   5.4000000000000000E+10   1.4052484847311035E+20   2.6003963437857073E-28
   5.5000000000000000E+10   1.4341609225190716E+20   2.5016460220945281E-28
   5.6000000000000000E+10   1.4642880768157001E+20   2.4064224976066061E-28
   5.7000000000000000E+10   1.4838946154678397E+20   2.3329665805693761E-28
   5.8000000000000000E+10   1.5127369940492658E+20   2.2490287694984216E-28
   5.9000000000000000E+10   1.5355582899597604E+20   2.1780513455506347E-28
   6.0000000000000000E+10   1.5639684925475432E+20   2.1028446131082616E-28
   6.1000000000000000E+10   1.5934497771581764E+20   2.0301036751721964E-28
   6.2000000000000000E+10   1.6136551756533904E+20   1.9723501045920502E-28
   6.3000000000000000E+10   1.6423388617153472E+20   1.9071423636768428E-28
   6.4000000000000000E+10   1.6720607416520888E+20   1.8439723646652353E-28
   6.5000000000000000E+10   1.6910614213501328E+20   1.7952035302632082E-28
   6.6000000000000000E+10   1.7193712095320500E+20   1.7388929486610167E-28
   6.7000000000000000E+10   1.7486449950914685E+20   1.6842632799424726E-28
   6.8000000000000000E+10   1.7789328695534833E+20   1.6312403661862392E-28
   6.9000000000000000E+10   1.7957365948263200E+20   1.5925559844258610E-28
   7.0000000000000000E+10   1.8243272378690532E+20   1.5452033814470010E-28
   7.1000000000000000E+10   1.8538430165733569E+20   1.4991846546083900E-28
   7.2000000000000000E+10   1.8729089047689108E+20   1.4633131698906792E-28
   7.3000000000000000E+10   1.9009527445545291E+20   1.4219759498842507E-28
   7.4000000000000000E+10   1.9298491745537612E+20   1.3817559520401583E-28
   7.5000000000000000E+10   1.9507059849834155E+20   1.3487558842559701E-28
   7.6000000000000000E+10   1.9785007531852906E+20   1.3123105493136132E-28
   7.7000000000000000E+10   2.0070990417292948E+20   1.2768118464476814E-28
   7.8000000000000000E+10   2.0289143025952529E+20   1.2468899539097021E-28
   7.9000000000000000E+10   2.0567034925928094E+20   1.2144724164033591E-28
   8.0000000000000000E+10   2.0801977774843616E+20   1.1857464066236032E-28
   8.1000000000000000E+10   2.1074362651777191E+20   1.1559710668947194E-28
   8.2000000000000000E+10   2.1353975487058611E+20   1.1269219549641013E-28
   8.3000000000000000E+10   2.1641107848984402E+20   1.0985728216342204E-28
   8.4000000000000000E+10   2.1936067201672443E+20   1.0708986676693373E-28
   8.5000000000000000E+10   2.2108549852928747E+20   1.0500433994468425E-28
   8.6000000000000000E+10   2.2390312433545458E+20   1.0247733606403374E-28
   8.7000000000000000E+10   2.2679349575538999E+20   1.0000842422661659E-28
   8.8000000000000000E+10   2.2975946685756077E+20   9.7595624021867989E-29
   8.9000000000000000E+10   2.3151384871720855E+20   9.5767786761768469E-29
   9.0000000000000000E+10   2.3431207722915738E+20   9.3572718871798131E-29
   9.1000000000000000E+10   2.3717877577212595E+20   9.1425894232156863E-29
   9.2000000000000000E+10   2.4011648856980039E+20   8.9325739693377317E-29
   9.3000000000000000E+10   2.4312788747845838E+20   8.7270749768334989E-29
   9.4000000000000000E+10   2.4440889638165424E+20   8.5889795486345630E-29
   9.5000000000000000E+10   2.4721580785979192E+20   8.4020756850711928E-29
   9.6000000000000000E+10   2.5008794025943197E+20   8.2190656519987224E-29
   9.7000000000000000E+10   2.5302759349426877E+20   8.0398290216700186E-29
   9.8000000000000000E+10   2.5603717690135259E+20   7.8642502817561842E-29
   9.9000000000000000E+10   2.5911921582698912E+20   7.6922185870931353E-29
   1.0000000000000000E+11   2.5997660210581049E+20   7.5901816386217281E-29
