   1.0000000000000000E+00   0.0000000000000000E+00
   2.0000000000000000E+00   0.0000000000000000E+00
   3.0000000000000000E+00   0.0000000000000000E+00
   4.0000000000000000E+00   0.0000000000000000E+00
   5.0000000000000000E+00   0.0000000000000000E+00
   6.0000000000000000E+00   0.0000000000000000E+00
   7.0000000000000000E+00   0.0000000000000000E+00
   7.8689999999999989E+00   0.0000000000000000E+00
   7.8709999999999996E+00   0.0000000000000000E+00
   8.0000000000000000E+00   0.0000000000000000E+00
   8.9990000000000006E+00   0.0000000000000000E+00
   9.0009999999999994E+00   0.0000000000000000E+00
   1.0000000000000000E+01   0.0000000000000000E+00
   1.1000000000000000E+01   0.0000000000000000E+00
   1.2000000000000000E+01   0.0000000000000000E+00
   1.3000000000000000E+01   0.0000000000000000E+00
   1.4000000000000000E+01   0.0000000000000000E+00
   1.5000000000000000E+01   0.0000000000000000E+00
   1.6000000000000000E+01   0.0000000000000000E+00
   1.7000000000000000E+01   0.0000000000000000E+00
   1.8000000000000000E+01   0.0000000000000000E+00
   1.9000000000000000E+01   0.0000000000000000E+00
   2.0000000000000000E+01   0.0000000000000000E+00
   2.1000000000000000E+01   0.0000000000000000E+00
   2.2000000000000000E+01   0.0000000000000000E+00
   2.3000000000000000E+01   0.0000000000000000E+00
   2.4000000000000000E+01   0.0000000000000000E+00
   2.5000000000000000E+01   0.0000000000000000E+00
   2.6000000000000000E+01   0.0000000000000000E+00
   2.7000000000000000E+01   0.0000000000000000E+00
   2.8000000000000000E+01   0.0000000000000000E+00
   2.9000000000000000E+01   0.0000000000000000E+00
   3.0000000000000000E+01   0.0000000000000000E+00
   3.1000000000000000E+01   0.0000000000000000E+00
   3.2000000000000000E+01   0.0000000000000000E+00
   3.3000000000000000E+01   0.0000000000000000E+00
   3.4000000000000000E+01   0.0000000000000000E+00
   3.5000000000000000E+01   0.0000000000000000E+00
   3.6000000000000000E+01   0.0000000000000000E+00
   3.7000000000000000E+01   0.0000000000000000E+00
   3.8000000000000000E+01   0.0000000000000000E+00
   3.9000000000000000E+01   0.0000000000000000E+00
   4.0000000000000000E+01   0.0000000000000000E+00
   4.1000000000000000E+01   0.0000000000000000E+00
   4.2000000000000000E+01   0.0000000000000000E+00
   4.3000000000000000E+01   0.0000000000000000E+00
   4.4000000000000000E+01   0.0000000000000000E+00
   4.5000000000000000E+01   0.0000000000000000E+00
   4.6000000000000000E+01   0.0000000000000000E+00
   4.7000000000000000E+01   0.0000000000000000E+00
   4.8000000000000000E+01   0.0000000000000000E+00
   4.9000000000000000E+01   0.0000000000000000E+00
   5.0000000000000000E+01   0.0000000000000000E+00
   5.1000000000000000E+01   0.0000000000000000E+00
   5.2000000000000000E+01   0.0000000000000000E+00
   5.3000000000000000E+01   0.0000000000000000E+00
   5.4000000000000000E+01   0.0000000000000000E+00
   5.5000000000000000E+01   0.0000000000000000E+00
   5.6000000000000000E+01   0.0000000000000000E+00
   5.7000000000000000E+01   0.0000000000000000E+00
   5.8000000000000000E+01   0.0000000000000000E+00
   5.8999000000000002E+01   0.0000000000000000E+00
   5.9000999999999998E+01   0.0000000000000000E+00
   6.0000000000000000E+01   0.0000000000000000E+00
   6.0999000000000002E+01   0.0000000000000000E+00
   6.1000999999999998E+01   0.0000000000000000E+00
   6.2000000000000000E+01   0.0000000000000000E+00
   6.3000000000000000E+01   0.0000000000000000E+00
   6.4000000000000000E+01   0.0000000000000000E+00
   6.5000000000000000E+01   0.0000000000000000E+00
   6.6000000000000000E+01   0.0000000000000000E+00
   6.7000000000000000E+01   0.0000000000000000E+00
   6.8000000000000000E+01   0.0000000000000000E+00
   6.9000000000000000E+01   0.0000000000000000E+00
   7.0000000000000000E+01   0.0000000000000000E+00
   7.1000000000000000E+01   0.0000000000000000E+00
   7.2000000000000000E+01   0.0000000000000000E+00
   7.3000000000000000E+01   0.0000000000000000E+00
   7.4000000000000000E+01   0.0000000000000000E+00
   7.5000000000000000E+01   0.0000000000000000E+00
   7.6000000000000000E+01   0.0000000000000000E+00
   7.7000000000000000E+01   0.0000000000000000E+00
   7.8000000000000000E+01   0.0000000000000000E+00
   7.9000000000000000E+01   0.0000000000000000E+00
   8.0000000000000000E+01   0.0000000000000000E+00
   8.1000000000000000E+01   0.0000000000000000E+00
   8.2000000000000000E+01   0.0000000000000000E+00
   8.3000000000000000E+01   0.0000000000000000E+00
   8.4000000000000000E+01   0.0000000000000000E+00
   8.5000000000000000E+01   0.0000000000000000E+00
   8.6000000000000000E+01   0.0000000000000000E+00
   8.7000000000000000E+01   0.0000000000000000E+00
   8.8000000000000000E+01   0.0000000000000000E+00
   8.9000000000000000E+01   0.0000000000000000E+00
   9.0000000000000000E+01   0.0000000000000000E+00
   9.1000000000000000E+01   0.0000000000000000E+00
   9.2000000000000000E+01   0.0000000000000000E+00
   9.3000000000000000E+01   0.0000000000000000E+00
   9.4000000000000000E+01   0.0000000000000000E+00
   9.5000000000000000E+01   0.0000000000000000E+00
   9.6000000000000000E+01   0.0000000000000000E+00
   9.7000000000000000E+01   0.0000000000000000E+00
   9.7998999999999995E+01   0.0000000000000000E+00
   9.8001000000000005E+01   3.5086134297441863E-03
   9.9000000000000000E+01   3.5008809141860464E-03
   1.0000000000000000E+02   3.4931406583720930E-03
   1.1000000000000000E+02   3.4111290154350154E-03
   1.2000000000000000E+02   3.2875153496615532E-03
   1.3000000000000000E+02   3.1634829377219960E-03
   1.4000000000000000E+02   3.0453065227792012E-03
   1.5000000000000000E+02   2.9260540535055754E-03
   1.6000000000000000E+02   2.8128951866086432E-03
   1.7000000000000000E+02   2.6919792835589018E-03
   1.8000000000000000E+02   2.5647984900151939E-03
   1.9000000000000000E+02   2.4417760919114859E-03
   2.0000000000000000E+02   2.3221429783163716E-03
   2.1000000000000000E+02   2.2134329589001854E-03
   2.2000000000000000E+02   2.1088400781125146E-03
   2.3000000000000000E+02   2.0125572209477730E-03
   2.4000000000000000E+02   1.9202538627323639E-03
   2.5000000000000000E+02   1.8334161995097538E-03
   2.6000000000000000E+02   1.7505533769266843E-03
   2.7000000000000000E+02   1.6721573727210043E-03
   2.8000000000000000E+02   1.5984308634682510E-03
   2.9000000000000000E+02   1.5264570448238065E-03
   3.0000000000000000E+02   1.4624778782788010E-03
   3.1000000000000000E+02   1.3999794091508519E-03
   3.2000000000000000E+02   1.3417426567428861E-03
   3.3000000000000000E+02   1.2863744339022373E-03
   3.4000000000000000E+02   1.2364695000657878E-03
   3.5000000000000000E+02   1.1876500227865603E-03
   3.6000000000000000E+02   1.1417410521674489E-03
   3.7000000000000000E+02   1.0979598019569151E-03
   3.8000000000000000E+02   1.0580575632853631E-03
   3.9000000000000000E+02   1.0189292115741096E-03
   4.0000000000000000E+02   9.8175697056464284E-04
   4.1000000000000000E+02   9.4657596786546373E-04
   4.2000000000000000E+02   9.1371099890885080E-04
   4.3000000000000000E+02   8.8206581924303411E-04
   4.4000000000000000E+02   8.5196290810276242E-04
   4.5000000000000000E+02   8.2267366521092714E-04
   4.6000000000000000E+02   7.9518929543417915E-04
   4.7000000000000000E+02   7.6995261907468460E-04
   4.8000000000000000E+02   7.4484479520769411E-04
   4.9000000000000000E+02   7.2217639760384703E-04
   5.0000000000000000E+02   6.9950800000000005E-04
   5.1000000000000000E+02   6.7810051259706002E-04
   5.2000000000000000E+02   6.5768153540318719E-04
   5.3000000000000000E+02   6.3821438137113835E-04
   5.4000000000000000E+02   6.1914586400897372E-04
   5.5000000000000000E+02   6.0177782185879733E-04
   5.6000000000000000E+02   5.8440977970862095E-04
   5.7000000000000000E+02   5.6791453595419193E-04
   5.8000000000000000E+02   5.5168611070472644E-04
   5.9000000000000000E+02   5.3636249836800667E-04
   6.0000000000000000E+02   5.2155263236304116E-04
   6.1000000000000000E+02   5.0791457694409692E-04
   6.2000000000000000E+02   4.9427652152515280E-04
   6.3000000000000000E+02   4.8146892691825724E-04
   6.4000000000000000E+02   4.6922646345912860E-04
   6.5000000000000000E+02   4.5698400000000001E-04
   6.6000000000000000E+02   4.4559698122746211E-04
   6.7000000000000000E+02   4.3420996245492421E-04
   6.8000000000000000E+02   4.2340688478459127E-04
   6.9000000000000000E+02   4.1294307101096158E-04
   7.0000000000000000E+02   4.0320379213685495E-04
   7.1000000000000000E+02   3.9364510119855938E-04
   7.1299900000000002E+02   3.9077844978616447E-04
   7.1300099999999998E+02   3.9077653804797685E-04
   7.2000000000000000E+02   3.8408641026026376E-04
   7.2599900000000002E+02   3.7890178830999769E-04
   7.2600099999999998E+02   3.7890007339909317E-04
   7.3000000000000000E+02   3.7547110904545452E-04
   7.4000000000000000E+02   3.6689655452272723E-04
   7.5000000000000000E+02   3.5832200000000000E-04
   7.6000000000000000E+02   3.5032943598623249E-04
   7.7000000000000000E+02   3.4233687197246499E-04
   7.8000000000000000E+02   3.3457851105839800E-04
   7.9000000000000000E+02   3.2722397363353401E-04
   8.0000000000000000E+02   3.2007732964332180E-04
   8.1000000000000000E+02   3.1334917008131745E-04
   8.2000000000000000E+02   3.0662101051931310E-04
   8.3000000000000000E+02   3.0001472757649545E-04
   8.4000000000000000E+02   2.9396873528884584E-04
   8.5000000000000000E+02   2.8792274300119624E-04
   8.5099900000000002E+02   2.8731874837166005E-04
   8.5100099999999998E+02   2.8731753917320255E-04
   8.6000000000000000E+02   2.8187675071354663E-04
   8.7000000000000000E+02   2.7623391541775031E-04
   8.8000000000000000E+02   2.7063556696640603E-04
   8.9000000000000000E+02   2.6503721851506176E-04
   9.0000000000000000E+02   2.5983627718209065E-04
   9.1000000000000000E+02   2.5469215901265682E-04
   9.2000000000000000E+02   2.4978671002136771E-04
   9.3000000000000000E+02   2.4508783951705668E-04
   9.4000000000000000E+02   2.4038896901274563E-04
   9.5000000000000000E+02   2.3569009850843458E-04
   9.6000000000000000E+02   2.3143281985706508E-04
   9.7000000000000000E+02   2.2721806914451016E-04
   9.8000000000000000E+02   2.2300331843195528E-04
   9.9000000000000000E+02   2.1883609490245721E-04
   1.0000000000000000E+03   2.1494982012505197E-04
   1.1000000000000000E+03   1.8021638513136316E-04
   1.2000000000000000E+03   1.5310643098408628E-04
   1.3000000000000000E+03   1.3158347749563947E-04
   1.4000000000000000E+03   1.1412771383367346E-04
   1.5000000000000000E+03   9.9840217017041103E-05
   1.6000000000000000E+03   8.7971319848742437E-05
   1.7000000000000000E+03   7.8004905059520134E-05
   1.8000000000000000E+03   6.9633576900817105E-05
   1.9000000000000000E+03   6.2461274074209343E-05
   2.0000000000000000E+03   5.6278351899499041E-05
   2.1000000000000000E+03   5.0962794868369094E-05
   2.2000000000000000E+03   4.6368312198722333E-05
   2.3000000000000000E+03   4.2268617366564252E-05
   2.4000000000000000E+03   3.8695989633264742E-05
   2.5000000000000000E+03   3.5540942929573379E-05
   2.6000000000000000E+03   3.2762013911387629E-05
   2.7000000000000000E+03   3.0237909860523596E-05
   2.8000000000000000E+03   2.7993241168491164E-05
   2.9000000000000000E+03   2.5970986935242014E-05
   3.0000000000000000E+03   2.4164115023701790E-05
   3.1000000000000000E+03   2.2529365927796596E-05
   3.2000000000000000E+03   2.1042321798267781E-05
   3.3000000000000000E+03   1.9672148685082906E-05
   3.4000000000000000E+03   1.8428039369289455E-05
   3.5000000000000000E+03   1.7304173590082036E-05
   3.6000000000000000E+03   1.6272910797815910E-05
   3.7000000000000000E+03   1.5322485274443357E-05
   3.8000000000000000E+03   1.4433634790964789E-05
   3.9000000000000000E+03   1.3622827257211253E-05
   4.0000000000000000E+03   1.2882658687184921E-05
   4.1000000000000000E+03   1.2194411405656675E-05
   4.2000000000000000E+03   1.1550537619198476E-05
   4.3000000000000000E+03   1.0956599312844562E-05
   4.4000000000000000E+03   1.0392076861881981E-05
   4.5000000000000000E+03   9.8736056819309811E-06
   4.6000000000000000E+03   9.3961247070325638E-06
   4.7000000000000000E+03   8.9472087644813516E-06
   4.8000000000000000E+03   8.5332606088947543E-06
   4.9000000000000000E+03   8.1359806946846239E-06
   5.0000000000000000E+03   7.7625795804747027E-06
   5.1000000000000000E+03   7.4189287797551237E-06
   5.2000000000000000E+03   7.0898840298034481E-06
   5.3000000000000000E+03   6.7845586953263787E-06
   5.4000000000000000E+03   6.4985047997524929E-06
   5.5000000000000000E+03   6.2283845412684867E-06
   5.6000000000000000E+03   5.9713374382335655E-06
   5.7000000000000000E+03   5.7265424664778399E-06
   5.8000000000000000E+03   5.4952238332668703E-06
   5.9000000000000000E+03   5.2805542605447451E-06
   6.0000000000000000E+03   5.0710077707894646E-06
   6.1000000000000000E+03   4.8774017997522495E-06
   6.2000000000000000E+03   4.6928722005720381E-06
   6.3000000000000000E+03   4.5203028161920670E-06
   6.4000000000000000E+03   4.3537544399755864E-06
   6.5000000000000000E+03   4.1972029952772586E-06
   6.6000000000000000E+03   4.0461487474303580E-06
   6.7000000000000000E+03   3.9015172087009863E-06
   6.8000000000000000E+03   3.7652773738999015E-06
   6.9000000000000000E+03   3.6357022782005865E-06
   7.0000000000000000E+03   3.5102688571903263E-06
   7.1000000000000000E+03   3.3913316828521939E-06
   7.1169989999999998E+03   3.3714651554317502E-06
   7.1170010000000002E+03   3.3714629246835848E-06
   7.2000000000000000E+03   3.2788879912051254E-06
   7.3000000000000000E+03   3.1726995462628445E-06
   7.4000000000000000E+03   3.0685690043169614E-06
   7.5000000000000000E+03   2.9723070106027674E-06
   7.6000000000000000E+03   2.8771731792903324E-06
   7.7000000000000000E+03   2.7865459245823225E-06
   7.8000000000000000E+03   2.6993533860145228E-06
   7.9000000000000000E+03   2.6155135374257379E-06
   8.0000000000000000E+03   2.5353495219034818E-06
   8.1000000000000000E+03   2.4608386549569906E-06
   8.2000000000000000E+03   2.3863439614523508E-06
   8.3000000000000000E+03   2.3165810283428605E-06
   8.4000000000000000E+03   2.2486728434077905E-06
   8.5000000000000000E+03   2.1857863371933609E-06
   8.6000000000000000E+03   2.1228998309789313E-06
   8.7000000000000000E+03   2.0634087167403884E-06
   8.8000000000000000E+03   2.0067999534690031E-06
   8.9000000000000000E+03   1.9501911901976174E-06
   9.0000000000000000E+03   1.8968583975879041E-06
   9.1000000000000000E+03   1.8442011342177569E-06
   9.2000000000000000E+03   1.7947306545046328E-06
   9.3000000000000000E+03   1.7464980775015479E-06
   9.4000000000000000E+03   1.6998341228274336E-06
   9.5000000000000000E+03   1.6564999952796518E-06
   9.6000000000000000E+03   1.6131658677318702E-06
   9.7000000000000000E+03   1.5713262727304822E-06
   9.8000000000000000E+03   1.5314445140322556E-06
   9.9000000000000000E+03   1.4926648728620271E-06
   1.0000000000000000E+04   1.4551901591257459E-06
   1.1000000000000000E+04   1.1428909914901921E-06
   1.2000000000000000E+04   9.1471138879067807E-07
   1.3000000000000000E+04   7.4333388140050240E-07
   1.4000000000000000E+04   6.1297391745180476E-07
   1.5000000000000000E+04   5.1091097733146661E-07
   1.6000000000000000E+04   4.3049359704565186E-07
   1.7000000000000000E+04   3.6650574436862263E-07
   1.8000000000000000E+04   3.1421886864095305E-07
   1.9000000000000000E+04   2.7148778531267074E-07
   2.0000000000000000E+04   2.3631930000000002E-07
   2.1000000000000000E+04   2.0676725991799049E-07
   2.2000000000000000E+04   1.8192130320282468E-07
   2.3000000000000000E+04   1.6111237864769218E-07
   2.4000000000000000E+04   1.4327776862105824E-07
   2.5000000000000000E+04   1.2781399271066308E-07
   2.6000000000000000E+04   1.1459636244684599E-07
   2.7000000000000000E+04   1.0309281569662114E-07
   2.8000000000000000E+04   9.3193855135623644E-08
   2.9000000000000000E+04   8.4391834377113268E-08
   3.0000000000000000E+04   7.6648415683832829E-08
   3.1000000000000000E+04   6.9843520135845641E-08
   3.2000000000000000E+04   6.3833638783801645E-08
   3.3000000000000000E+04   5.8523051197607493E-08
   3.4000000000000000E+04   5.3751470356834864E-08
   3.5000000000000000E+04   4.9422657266832390E-08
   3.6000000000000000E+04   4.5586038076219109E-08
   3.7000000000000000E+04   4.2152979840241672E-08
   3.8000000000000000E+04   3.9025969959078202E-08
   3.9000000000000000E+04   3.6228349658816748E-08
   4.0000000000000000E+04   3.3688028659422944E-08
   4.1000000000000000E+04   3.1354187701376673E-08
   4.2000000000000000E+04   2.9218808913989211E-08
   4.3000000000000000E+04   2.7273259069381427E-08
   4.4000000000000000E+04   2.5510703779336443E-08
   4.5000000000000000E+04   2.3906267780762669E-08
   4.6000000000000000E+04   2.2413672673013250E-08
   4.7000000000000000E+04   2.1044739296345250E-08
   4.8000000000000000E+04   1.9791698585731888E-08
   4.9000000000000000E+04   1.8635837584970052E-08
   5.0000000000000000E+04   1.7565656073670260E-08
   5.1000000000000000E+04   1.6567742453263848E-08
   5.2000000000000000E+04   1.5641477606009392E-08
   5.3000000000000000E+04   1.4782955888827988E-08
   5.4000000000000000E+04   1.3985628122453969E-08
   5.5000000000000000E+04   1.3246977533826347E-08
   5.6000000000000000E+04   1.2562336059067497E-08
   5.7000000000000000E+04   1.1920294711658230E-08
   5.8000000000000000E+04   1.1321159414906177E-08
   5.9000000000000000E+04   1.0763739687423059E-08
   6.0000000000000000E+04   1.0244392576639759E-08
   6.1000000000000000E+04   9.7500206862267823E-09
   6.2000000000000000E+04   9.2858636008833767E-09
   6.3000000000000000E+04   8.8538105113427607E-09
   6.4000000000000000E+04   8.4507698038830010E-09
   6.5000000000000000E+04   8.0670606606240686E-09
   6.6000000000000000E+04   7.7033104121838502E-09
   6.7000000000000000E+04   7.3648930417447713E-09
   6.8000000000000000E+04   7.0463066704064655E-09
   6.9000000000000000E+04   6.7449513560998139E-09
   7.0000000000000000E+04   6.4652276660660826E-09
   7.1000000000000000E+04   6.1919331553970552E-09
   7.2000000000000000E+04   5.9402261954457420E-09
   7.3000000000000000E+04   5.6991769317275666E-09
   7.4000000000000000E+04   5.4735097293261062E-09
   7.5000000000000000E+04   5.2558948158626660E-09
   7.6000000000000000E+04   5.0544219266918890E-09
   7.7000000000000000E+04   4.8582789908779101E-09
   7.8000000000000000E+04   4.6720064529886110E-09
   7.9000000000000000E+04   4.4967113958179050E-09
   8.0000000000000000E+04   4.3290285123917539E-09
   8.1000000000000000E+04   4.1690799017615496E-09
   8.2000000000000000E+04   4.0167681198634869E-09
   8.3000000000000000E+04   3.8724293976282873E-09
   8.4000000000000000E+04   3.7351167949036766E-09
   8.5000000000000000E+04   3.6066422684180335E-09
   8.6000000000000000E+04   3.4798039588592478E-09
   8.7000000000000000E+04   3.3613741327241745E-09
   8.8000000000000000E+04   3.2456953645405959E-09
   8.9000000000000000E+04   3.1379894456159565E-09
   9.0000000000000000E+04   3.0329151934761949E-09
   9.1000000000000000E+04   2.9334571397051688E-09
   9.2000000000000000E+04   2.8384367146857424E-09
   9.3000000000000000E+04   2.7479812768377181E-09
   9.4000000000000000E+04   2.6615754405091021E-09
   9.5000000000000000E+04   2.5757603581259245E-09
   9.6000000000000000E+04   2.4966509151297330E-09
   9.7000000000000000E+04   2.4189607891343159E-09
   9.8000000000000000E+04   2.3449150926404929E-09
   9.9000000000000000E+04   2.2754578309708300E-09
   1.0000000000000000E+05   2.2064688115280847E-09
   1.1000000000000000E+05   1.6518813848951602E-09
   1.2000000000000000E+05   1.2683266424399978E-09
   1.3000000000000000E+05   9.9418704739844537E-10
   1.4000000000000000E+05   7.9347505738243209E-10
   1.5000000000000000E+05   6.4317895247313698E-10
   1.6000000000000000E+05   5.2884089717661252E-10
   1.7000000000000000E+05   4.4000332499663819E-10
   1.8000000000000000E+05   3.7032225698951132E-10
   1.9000000000000000E+05   3.1469943022002746E-10
   2.0000000000000000E+05   2.6970995202264424E-10
   2.1000000000000000E+05   2.3279759013360211E-10
   2.2000000000000000E+05   2.0258391431424848E-10
   2.3000000000000000E+05   1.7750692408222085E-10
   2.4000000000000000E+05   1.5632393388137655E-10
   2.5000000000000000E+05   1.3846027715624201E-10
   2.6000000000000000E+05   1.2335924640471773E-10
   2.7000000000000000E+05   1.1047663585985514E-10
   2.8000000000000000E+05   9.9296976007228804E-11
   2.9000000000000000E+05   8.9632845776400446E-11
   3.0000000000000000E+05   8.1244083191062663E-11
   3.1000000000000000E+05   7.3952131509347587E-11
   3.2000000000000000E+05   6.7501324207094348E-11
   3.3000000000000000E+05   6.1770502755017960E-11
   3.4000000000000000E+05   5.6799990008452701E-11
   3.5000000000000000E+05   5.2309107486545264E-11
   3.6000000000000000E+05   4.8329452914797137E-11
   3.7000000000000000E+05   4.4724624619817169E-11
   3.8000000000000000E+05   4.1555723386315075E-11
   3.9000000000000000E+05   3.8673014067768919E-11
   4.0000000000000000E+05   3.6052465947446052E-11
   4.1000000000000000E+05   3.3688094336283467E-11
   4.2000000000000000E+05   3.1546742563124499E-11
   4.3000000000000000E+05   2.9602120653584911E-11
   4.4000000000000000E+05   2.7823717662010009E-11
   4.5000000000000000E+05   2.6196135485202081E-11
   4.6000000000000000E+05   2.4691814950922885E-11
   4.7000000000000000E+05   2.3337821596660210E-11
   4.8000000000000000E+05   2.2078498558925072E-11
   4.9000000000000000E+05   2.0910747405522349E-11
   5.0000000000000000E+05   1.9836641712041077E-11
   5.1000000000000000E+05   1.8836049344022336E-11
   5.2000000000000000E+05   1.7926384971581706E-11
   5.3000000000000000E+05   1.7072377760554146E-11
   5.4000000000000000E+05   1.6283686129089137E-11
   5.5000000000000000E+05   1.5539389016707098E-11
   5.6000000000000000E+05   1.4849747933002441E-11
   5.7000000000000000E+05   1.4187328541554611E-11
   5.8000000000000000E+05   1.3593296125502033E-11
   5.9000000000000000E+05   1.3030922264718826E-11
   6.0000000000000000E+05   1.2507941001926849E-11
   6.1000000000000000E+05   1.2003689999576171E-11
   6.2000000000000000E+05   1.1533803288756814E-11
   6.3000000000000000E+05   1.1095958260212632E-11
   6.4000000000000000E+05   1.0682017719203947E-11
   6.5000000000000000E+05   1.0292642610270691E-11
   6.6000000000000000E+05   9.9291460769989471E-12
   6.7000000000000000E+05   9.5765828446423326E-12
   6.8000000000000000E+05   9.2436524014597349E-12
   6.9000000000000000E+05   8.9326207838504319E-12
   7.0000000000000000E+05   8.6359625127380945E-12
   7.1000000000000000E+05   8.3582119184986561E-12
   7.2000000000000000E+05   8.0957220398105264E-12
   7.3000000000000000E+05   7.8371259404800824E-12
   7.4000000000000000E+05   7.5982831913245920E-12
   7.5000000000000000E+05   7.3612520786732530E-12
   7.6000000000000000E+05   7.1506735033663863E-12
   7.7000000000000000E+05   6.9407308550483981E-12
   7.8000000000000000E+05   6.7450561781414528E-12
   7.9000000000000000E+05   6.5572528443673986E-12
   8.0000000000000000E+05   6.3763484464977055E-12
   8.1000000000000000E+05   6.1989057182520014E-12
   8.2000000000000000E+05   6.0342856986543206E-12
   8.3000000000000000E+05   5.8696656790566398E-12
   8.4000000000000000E+05   5.7204979939746845E-12
   8.5000000000000000E+05   5.5746394596684306E-12
   8.6000000000000000E+05   5.4367388660521764E-12
   8.7000000000000000E+05   5.3034949898013454E-12
   8.8000000000000000E+05   5.1756229232978378E-12
   8.9000000000000000E+05   5.0490650924502099E-12
   9.0000000000000000E+05   4.9312206286187234E-12
   9.1000000000000000E+05   4.8133761647872368E-12
   9.2000000000000000E+05   4.7054932807376336E-12
   9.3000000000000000E+05   4.6001176245237861E-12
   9.4000000000000000E+05   4.5021298020538230E-12
   9.5000000000000000E+05   4.4045902128009132E-12
   9.6000000000000000E+05   4.3078070023179506E-12
   9.7000000000000000E+05   4.2189070221694026E-12
   9.8000000000000000E+05   4.1300070420208547E-12
   9.9000000000000000E+05   4.0427413068095953E-12
   1.0000000000000000E+06   3.9651361289092237E-12
   1.1000000000000000E+06   3.2773749332707154E-12
   1.2000000000000000E+06   2.7681706940540318E-12
   1.3000000000000000E+06   2.3796284359841632E-12
   1.4000000000000000E+06   2.0749130353077240E-12
   1.5000000000000000E+06   1.8361048134221091E-12
   1.6000000000000000E+06   1.6401144237562763E-12
   1.7000000000000000E+06   1.4792433779420658E-12
   1.8000000000000000E+06   1.3441289086578473E-12
   1.9000000000000000E+06   1.2298725282482946E-12
   2.0000000000000000E+06   1.1317509423868593E-12
   2.1000000000000000E+06   1.0473632280141792E-12
   2.2000000000000000E+06   9.7319112612509938E-13
   2.3000000000000000E+06   9.0923690702215715E-13
   2.4000000000000000E+06   8.5193833230334570E-13
   2.5000000000000000E+06   8.0091775591976834E-13
   2.6000000000000000E+06   7.5600642791399562E-13
   2.7000000000000000E+06   7.1530550384441160E-13
   2.8000000000000000E+06   6.7805122501249518E-13
   2.9000000000000000E+06   6.4498806825082281E-13
   3.0000000000000000E+06   6.1454079258846765E-13
   3.1000000000000000E+06   5.8693038536903424E-13
   3.2000000000000000E+06   5.6117087906312088E-13
   3.3000000000000000E+06   5.3724142840247442E-13
   3.4000000000000000E+06   5.1557835620694377E-13
   3.5000000000000000E+06   4.9558586197859555E-13
   3.6000000000000000E+06   4.7711072252157442E-13
   3.7000000000000000E+06   4.5959599698307520E-13
   3.8000000000000000E+06   4.4287273851537816E-13
   3.9000000000000000E+06   4.2816330186206197E-13
   4.0000000000000000E+06   4.1397443977144653E-13
   4.1000000000000000E+06   4.0068741316185551E-13
   4.2000000000000000E+06   3.8830396682056698E-13
   4.3000000000000000E+06   3.7630543518896342E-13
   4.4000000000000000E+06   3.6515829956537895E-13
   4.5000000000000000E+06   3.5448217420129796E-13
   4.6000000000000000E+06   3.4475528420400554E-13
   4.7000000000000000E+06   3.3531755710230792E-13
   4.8000000000000000E+06   3.2639185523104440E-13
   4.9000000000000000E+06   3.1811489311865318E-13
   5.0000000000000000E+06   3.0997456736631536E-13
   5.1000000000000000E+06   3.0219927561648988E-13
   5.2000000000000000E+06   2.9491092851698504E-13
   5.3000000000000000E+06   2.8762258141748021E-13
   5.4000000000000000E+06   2.8122522511632518E-13
   5.5000000000000000E+06   2.7491431318109892E-13
   5.6000000000000000E+06   2.6874702953788087E-13
   5.7000000000000000E+06   2.6301213833214049E-13
   5.8000000000000000E+06   2.5734280092794200E-13
   5.9000000000000000E+06   2.5200416034807738E-13
   6.0000000000000000E+06   2.4688341323232960E-13
   6.1000000000000000E+06   2.4193983554915661E-13
   6.2000000000000000E+06   2.3701621283919112E-13
   6.3000000000000000E+06   2.3250770630256512E-13
   6.4000000000000000E+06   2.2799919976593907E-13
   6.5000000000000000E+06   2.2373992049696564E-13
   6.6000000000000000E+06   2.1980490392226280E-13
   6.7000000000000000E+06   2.1586988734755997E-13
   6.8000000000000000E+06   2.1193487077285713E-13
   6.9000000000000000E+06   2.0833877718963899E-13
   7.0000000000000000E+06   2.0478875237490467E-13
   7.1000000000000000E+06   2.0126164614329623E-13
   7.2000000000000000E+06   1.9797554871324931E-13
   7.3000000000000000E+06   1.9468945128320238E-13
   7.4000000000000000E+06   1.9164222841604911E-13
   7.5000000000000000E+06   1.8861668766905326E-13
   7.6000000000000000E+06   1.8559114692205741E-13
   7.7000000000000000E+06   1.8271899634085433E-13
   7.8000000000000000E+06   1.7997933089390291E-13
   7.9000000000000000E+06   1.7723966544695146E-13
   8.0000000000000000E+06   1.7450000000000001E-13
   8.1000000000000000E+06   1.7206412454544518E-13
   8.2000000000000000E+06   1.6962824909089034E-13
   8.3000000000000000E+06   1.6727694704163080E-13
   8.4000000000000000E+06   1.6506291568942729E-13
   8.5000000000000000E+06   1.6284888433722376E-13
   8.6000000000000000E+06   1.6063485298502022E-13
   8.7000000000000000E+06   1.5842082163281669E-13
   8.8000000000000000E+06   1.5633864919304287E-13
   8.9000000000000000E+06   1.5434794831479249E-13
   9.0000000000000000E+06   1.5235724743654214E-13
   9.1000000000000000E+06   1.5036654655829175E-13
   9.2000000000000000E+06   1.4850046322784835E-13
   9.3000000000000000E+06   1.4666250415425051E-13
   9.4000000000000000E+06   1.4482454508065268E-13
   9.5000000000000000E+06   1.4311866116808276E-13
   9.6000000000000000E+06   1.4143106547195128E-13
   9.7000000000000000E+06   1.3974346977581980E-13
   9.8000000000000000E+06   1.3805587407968832E-13
   9.9000000000000000E+06   1.3641659683251737E-13
   1.0000000000000000E+07   1.3489349266510844E-13
   1.1000000000000000E+07   1.2107807061491388E-13
   1.2000000000000000E+07   1.0971131820979278E-13
   1.3000000000000000E+07   1.0029916651199478E-13
   1.4000000000000000E+07   9.2398006774961462E-14
   1.5000000000000000E+07   8.5662604555195656E-14
   1.6000000000000000E+07   7.9785496222245729E-14
   1.7000000000000000E+07   7.4682033231697356E-14
   1.8000000000000000E+07   7.0180360471580691E-14
   1.9000000000000000E+07   6.6196459995417215E-14
   2.0000000000000000E+07   6.2699957560996365E-14
   2.1000000000000000E+07   5.9480842090957646E-14
   2.2000000000000000E+07   5.6579572145540121E-14
   2.3000000000000000E+07   5.3962257263849514E-14
   2.4000000000000000E+07   5.1556135848091559E-14
   2.5000000000000000E+07   4.9362134255466134E-14
   2.6000000000000000E+07   4.7356933493727211E-14
   2.7000000000000000E+07   4.5508105972712311E-14
   2.8000000000000000E+07   4.3797964993448921E-14
   2.9000000000000000E+07   4.2225957658756546E-14
   3.0000000000000000E+07   4.0733937849313637E-14
   3.1000000000000000E+07   3.9355595593543659E-14
   3.2000000000000000E+07   3.8078615632935962E-14
   3.3000000000000000E+07   3.6858107229387991E-14
   3.4000000000000000E+07   3.5724794588849041E-14
   3.5000000000000000E+07   3.4647327843301740E-14
   3.6000000000000000E+07   3.3629535614395682E-14
   3.7000000000000000E+07   3.2696601613330533E-14
   3.8000000000000000E+07   3.1822355593611075E-14
   3.9000000000000000E+07   3.0948706748452126E-14
   4.0000000000000000E+07   3.0171313458389070E-14
   4.1000000000000000E+07   2.9393920168326013E-14
   4.2000000000000000E+07   2.8680910231740365E-14
   4.3000000000000000E+07   2.7979435685115869E-14
   4.4000000000000000E+07   2.7329972172446190E-14
   4.5000000000000000E+07   2.6691048464643275E-14
   4.6000000000000000E+07   2.6098336862030648E-14
   4.7000000000000000E+07   2.5521184205685336E-14
   4.8000000000000000E+07   2.4967988310531308E-14
   4.9000000000000000E+07   2.4456777062231846E-14
   5.0000000000000000E+07   2.3950302913069813E-14
   5.1000000000000000E+07   2.3451693721948289E-14
   5.2000000000000000E+07   2.2992657220689726E-14
   5.3000000000000000E+07   2.2534102530143877E-14
   5.4000000000000000E+07   2.2107690243444175E-14
   5.5000000000000000E+07   2.1692380536813268E-14
   5.6000000000000000E+07   2.1298434374231069E-14
   5.7000000000000000E+07   2.0904488211648870E-14
   5.8000000000000000E+07   2.0536658040769309E-14
   5.9000000000000000E+07   2.0178329020384655E-14
   6.0000000000000000E+07   1.9819999999999998E-14
   6.1000000000000000E+07   1.9497707033707949E-14
   6.2000000000000000E+07   1.9175414067415901E-14
   6.3000000000000000E+07   1.8862981401180481E-14
   6.4000000000000000E+07   1.8566550526613260E-14
   6.5000000000000000E+07   1.8270119652046037E-14
   6.6000000000000000E+07   1.7992033271701484E-14
   6.7000000000000000E+07   1.7717906023725721E-14
   6.8000000000000000E+07   1.7450166933880919E-14
   6.9000000000000000E+07   1.7195470937784468E-14
   7.0000000000000000E+07   1.6940774941688021E-14
   7.1000000000000000E+07   1.6701376582776572E-14
   7.2000000000000000E+07   1.6463597177092422E-14
   7.3000000000000000E+07   1.6237821624588270E-14
   7.4000000000000000E+07   1.6021767143999804E-14
   7.5000000000000000E+07   1.5805712663411340E-14
   7.6000000000000000E+07   1.5589658182822877E-14
   7.7000000000000000E+07   1.5373603702234414E-14
   7.8000000000000000E+07   1.5179693408895464E-14
   7.9000000000000000E+07   1.4987494985678174E-14
   8.0000000000000000E+07   1.4795296562460882E-14
   8.1000000000000000E+07   1.4603098139243593E-14
   8.2000000000000000E+07   1.4422909505190891E-14
   8.3000000000000000E+07   1.4249462156025543E-14
   8.4000000000000000E+07   1.4076014806860194E-14
   8.5000000000000000E+07   1.3902567457694847E-14
   8.6000000000000000E+07   1.3739418188993405E-14
   8.7000000000000000E+07   1.3580820992551998E-14
   8.8000000000000000E+07   1.3422223796110592E-14
   8.9000000000000000E+07   1.3264619778688522E-14
   9.0000000000000000E+07   1.3117979662733215E-14
   9.1000000000000000E+07   1.2971339546777908E-14
   9.2000000000000000E+07   1.2824699430822601E-14
   9.3000000000000000E+07   1.2685843201511547E-14
   9.4000000000000000E+07   1.2548947181203309E-14
   9.5000000000000000E+07   1.2412051160895069E-14
   9.6000000000000000E+07   1.2284678309023857E-14
   9.7000000000000000E+07   1.2159314735803628E-14
   9.8000000000000000E+07   1.2033951162583400E-14
   9.9000000000000000E+07   1.1908587589363172E-14
   1.0000000000000000E+08   1.1783224016142943E-14
   1.1000000000000000E+08   1.0695163214972093E-14
   1.2000000000000000E+08   9.7870637745301081E-15
   1.3000000000000000E+08   9.0260413467786959E-15
   1.4000000000000000E+08   8.3751894466214267E-15
   1.5000000000000000E+08   7.8171144945256135E-15
   1.6000000000000000E+08   7.3210342501804541E-15
   1.7000000000000000E+08   6.8836847230053832E-15
   1.8000000000000000E+08   6.4992835748963826E-15
   1.9000000000000000E+08   6.1528449916083082E-15
   2.0000000000000000E+08   5.8420547755070280E-15
   2.1000000000000000E+08   5.5613417779371195E-15
   2.2000000000000000E+08   5.3084052215960840E-15
   2.3000000000000000E+08   5.0752560856044847E-15
   2.4000000000000000E+08   4.8614387005640835E-15
   2.5000000000000000E+08   4.6659060480903271E-15
   2.6000000000000000E+08   4.4855710317655786E-15
   2.7000000000000000E+08   4.3187344253699685E-15
   2.8000000000000000E+08   4.1639134574704359E-15
   2.9000000000000000E+08   4.0210679797928783E-15
   3.0000000000000000E+08   3.8877863906335522E-15
   3.1000000000000000E+08   3.7608968822620940E-15
   3.2000000000000000E+08   3.6424329945332607E-15
   3.3000000000000000E+08   3.5321678298394242E-15
   3.4000000000000000E+08   3.4263922320331849E-15
   3.5000000000000000E+08   3.3287607677812044E-15
   3.6000000000000000E+08   3.2360359722396573E-15
   3.7000000000000000E+08   3.1478520051957611E-15
   3.8000000000000000E+08   3.0646490091879730E-15
   3.9000000000000000E+08   2.9875959113429846E-15
   4.0000000000000000E+08   2.9105428134979959E-15
   4.1000000000000000E+08   2.8403406396637739E-15
   4.2000000000000000E+08   2.7716164339282288E-15
   4.3000000000000000E+08   2.7067930957419436E-15
   4.4000000000000000E+08   2.6462804195901414E-15
   4.5000000000000000E+08   2.5863975040539716E-15
   4.6000000000000000E+08   2.5307240966901789E-15
   4.7000000000000000E+08   2.4762826357308808E-15
   4.8000000000000000E+08   2.4245448076066087E-15
   4.9000000000000000E+08   2.3748256844434152E-15
   5.0000000000000000E+08   2.3270476661699642E-15
   5.1000000000000000E+08   2.2813110580019287E-15
   5.2000000000000000E+08   2.2371208413878996E-15
   5.3000000000000000E+08   2.1948249927231813E-15
   5.4000000000000000E+08   2.1539174894428537E-15
   5.5000000000000000E+08   2.1146220842154570E-15
   5.6000000000000000E+08   2.0767114243867414E-15
   5.7000000000000000E+08   2.0400253940184754E-15
   5.8000000000000000E+08   2.0055351181148768E-15
   5.9000000000000000E+08   1.9721956347095347E-15
   6.0000000000000000E+08   1.9388561513041926E-15
   6.1000000000000000E+08   1.9055166678988509E-15
   6.2000000000000000E+08   1.8757495844834545E-15
   6.3000000000000000E+08   1.8460971471858459E-15
   6.4000000000000000E+08   1.8164447098882373E-15
   6.5000000000000000E+08   1.7883745963078027E-15
   6.6000000000000000E+08   1.7616063820874134E-15
   6.7000000000000000E+08   1.7348381678670242E-15
   6.8000000000000000E+08   1.7089856432863115E-15
   6.9000000000000000E+08   1.6845124918047212E-15
   7.0000000000000000E+08   1.6600393403231310E-15
   7.1000000000000000E+08   1.6365216806313176E-15
   7.2000000000000000E+08   1.6138965016710331E-15
   7.3000000000000000E+08   1.5912713227107488E-15
   7.4000000000000000E+08   1.5699845232075123E-15
   7.5000000000000000E+08   1.5488551597854937E-15
   7.6000000000000000E+08   1.5286544885986715E-15
   7.7000000000000000E+08   1.5093099452867226E-15
   7.8000000000000000E+08   1.4899654019747737E-15
   7.9000000000000000E+08   1.4706208586628250E-15
   8.0000000000000000E+08   1.4515978188313643E-15
   8.1000000000000000E+08   1.4340592881590531E-15
   8.2000000000000000E+08   1.4165207574867421E-15
   8.3000000000000000E+08   1.3989822268144309E-15
   8.4000000000000000E+08   1.3827691638783095E-15
   8.5000000000000000E+08   1.3669789955174197E-15
   8.6000000000000000E+08   1.3511888271565298E-15
   8.7000000000000000E+08   1.3353986587956398E-15
   8.8000000000000000E+08   1.3196084904347500E-15
   8.9000000000000000E+08   1.3044762784321075E-15
   9.0000000000000000E+08   1.2905574797380223E-15
   9.1000000000000000E+08   1.2766386810439371E-15
   9.2000000000000000E+08   1.2627198823498517E-15
   9.3000000000000000E+08   1.2488010836557665E-15
   9.4000000000000000E+08   1.2348822849616811E-15
   9.5000000000000000E+08   1.2218233701363512E-15
   9.6000000000000000E+08   1.2093524067519179E-15
   9.7000000000000000E+08   1.1968814433674845E-15
   9.8000000000000000E+08   1.1844104799830511E-15
   9.9000000000000000E+08   1.1723532691135673E-15
   1.0000000000000000E+09   1.1608821912171428E-15
   1.1000000000000000E+09   1.0550770492648955E-15
   1.2000000000000000E+09   9.6765042285868695E-16
   1.3000000000000000E+09   8.9293174257269272E-16
   1.4000000000000000E+09   8.2894819340355726E-16
   1.5000000000000000E+09   7.7362705865102640E-16
   1.6000000000000000E+09   7.2525421947674415E-16
   1.7000000000000000E+09   6.8263880141976465E-16
   1.8000000000000000E+09   6.4457295774985039E-16
   1.9000000000000000E+09   6.1076575349838536E-16
   2.0000000000000000E+09   5.8030202557200542E-16
   2.1000000000000000E+09   5.5264594378920950E-16
   2.2000000000000000E+09   5.2741165277956927E-16
   2.3000000000000000E+09   5.0456728865770448E-16
   2.4000000000000000E+09   4.8370935445517809E-16
   2.5000000000000000E+09   4.6438134371815410E-16
   2.6000000000000000E+09   4.4635944065117748E-16
   2.7000000000000000E+09   4.2966093265993267E-16
   2.8000000000000000E+09   4.1437473737373739E-16
   2.9000000000000000E+09   4.0008773401631572E-16
   3.0000000000000000E+09   3.8672035875144025E-16
   3.1000000000000000E+09   3.7448783366733467E-16
   3.2000000000000000E+09   3.6254028955592704E-16
   3.3000000000000000E+09   3.5160344821571339E-16
   3.4000000000000000E+09   3.4123790100859168E-16
   3.5000000000000000E+09   3.3159191992818672E-16
   3.6000000000000000E+09   3.2220771885098744E-16
   3.7000000000000000E+09   3.1366633181143704E-16
   3.8000000000000000E+09   3.0530965263157898E-16
   3.9000000000000000E+09   2.9751778660287080E-16
   4.0000000000000000E+09   2.9008103841683488E-16
   4.1000000000000000E+09   2.8291703278889093E-16
   4.2000000000000000E+09   2.7625746677959722E-16
   4.3000000000000000E+09   2.6979414027732990E-16
   4.4000000000000000E+09   2.6364322121896162E-16
   4.5000000000000000E+09   2.5781547850069781E-16
   4.6000000000000000E+09   2.5222384408565833E-16
   4.7000000000000000E+09   2.4701037384313990E-16
   4.8000000000000000E+09   2.4179690360062152E-16
   4.9000000000000000E+09   2.3676937817572978E-16
   5.0000000000000000E+09   2.3213481458833807E-16
   5.1000000000000000E+09   2.2750025100094636E-16
   5.2000000000000000E+09   2.2312587257497333E-16
   5.3000000000000000E+09   2.1894475123473862E-16
   5.4000000000000000E+09   2.1477907844068382E-16
   5.5000000000000000E+09   2.1095806307200828E-16
   5.6000000000000000E+09   2.0713704770333276E-16
   5.7000000000000000E+09   2.0352664594004932E-16
   5.8000000000000000E+09   1.9999553229937395E-16
   5.9000000000000000E+09   1.9660997287247972E-16
   6.0000000000000000E+09   1.9331434574495943E-16
   6.1000000000000000E+09   1.9021623109075295E-16
   6.2000000000000000E+09   1.8719934016604638E-16
   6.3000000000000000E+09   1.8418244924133982E-16
   6.4000000000000000E+09   1.8122668236491151E-16
   6.5000000000000000E+09   1.7849329815763652E-16
   6.6000000000000000E+09   1.7575991395036156E-16
   6.7000000000000000E+09   1.7311677881023533E-16
   6.8000000000000000E+09   1.7057802274000747E-16
   6.9000000000000000E+09   1.6810152698821136E-16
   7.0000000000000000E+09   1.6575606591466699E-16
   7.1000000000000000E+09   1.6341060484112262E-16
   7.2000000000000000E+09   1.6106514376757825E-16
   7.3000000000000000E+09   1.5892835933576810E-16
   7.4000000000000000E+09   1.5679585534124630E-16
   7.5000000000000000E+09   1.5466335134672450E-16
   7.6000000000000000E+09   1.5261874619501840E-16
   7.7000000000000000E+09   1.5067125344616215E-16
   7.8000000000000000E+09   1.4872376069730587E-16
   7.9000000000000000E+09   1.4679677134817717E-16
   8.0000000000000000E+09   1.4500603241986787E-16
   8.1000000000000000E+09   1.4321529349155859E-16
   8.2000000000000000E+09   1.4142455456324931E-16
   8.3000000000000000E+09   1.3975061581407018E-16
   8.4000000000000000E+09   1.3809550180346892E-16
   8.5000000000000000E+09   1.3644038779286765E-16
   8.6000000000000000E+09   1.3486450357902883E-16
   8.7000000000000000E+09   1.3332713335912814E-16
   8.8000000000000000E+09   1.3178976313922746E-16
   8.9000000000000000E+09   1.3031118184535673E-16
   9.0000000000000000E+09   1.2887667938753822E-16
   9.1000000000000000E+09   1.2744217692971969E-16
   9.2000000000000000E+09   1.2608144224634136E-16
   9.3000000000000000E+09   1.2477850350252351E-16
   9.4000000000000000E+09   1.2347556475870569E-16
   9.5000000000000000E+09   1.2217262601488784E-16
   9.6000000000000000E+09   1.2086968727107001E-16
   9.7000000000000000E+09   1.1956674852725216E-16
   9.8000000000000000E+09   1.1835644304808950E-16
   9.9000000000000000E+09   1.1719906254540171E-16
   1.0000000000000000E+10   1.1604168204271395E-16
   1.1000000000000000E+10   1.0545442980561555E-16
   1.2000000000000000E+10   9.6634080628272254E-17
   1.3000000000000000E+10   8.9226595454545456E-17
   1.4000000000000000E+10   8.2856417391304343E-17
   1.5000000000000000E+10   7.7312678969957092E-17
   1.6000000000000000E+10   7.2486075688073398E-17
   1.7000000000000000E+10   6.8204970892018775E-17
   1.8000000000000000E+10   6.4422767940199338E-17
   1.9000000000000000E+10   6.1071089198312241E-17
   2.0000000000000000E+10   5.8006349090909096E-17
   2.1000000000000000E+10   5.5232637154150196E-17
   2.2000000000000000E+10   5.2713599999999997E-17
   2.3000000000000000E+10   5.0416203672985785E-17
   2.4000000000000000E+10   4.8305832068062830E-17
   2.5000000000000000E+10   4.6400095272206305E-17
   2.6000000000000000E+10   4.4601647683923708E-17
   2.7000000000000000E+10   4.2941515887850468E-17
   2.8000000000000000E+10   4.1419108689138577E-17
   2.9000000000000000E+10   3.9979334167262332E-17
   3.0000000000000000E+10   3.8647239814152963E-17
   3.1000000000000000E+10   3.7406097159940208E-17
   3.2000000000000000E+10   3.6233816348357528E-17
   3.3000000000000000E+10   3.5127769827586207E-17
   3.4000000000000000E+10   3.4093992398119124E-17
   3.5000000000000000E+10   3.3123872602739724E-17
   3.6000000000000000E+10   3.2203535714285714E-17
   3.7000000000000000E+10   3.1341975010552977E-17
   3.8000000000000000E+10   3.0528171718024485E-17
   3.9000000000000000E+10   2.9719165984538427E-17
   4.0000000000000000E+10   2.8995882673942700E-17
   4.1000000000000000E+10   2.8272599363346979E-17
   4.2000000000000000E+10   2.7609601580246916E-17
   4.3000000000000000E+10   2.6956910222222222E-17
   4.4000000000000000E+10   2.6350718510523476E-17
   4.5000000000000000E+10   2.5754118402590394E-17
   4.6000000000000000E+10   2.5201813989330173E-17
   4.7000000000000000E+10   2.4661239005235606E-17
   4.8000000000000000E+10   2.4146841099476440E-17
   4.9000000000000000E+10   2.3665543629205439E-17
   5.0000000000000000E+10   2.3194641696492484E-17
   5.1000000000000000E+10   2.2723739763779525E-17
   5.2000000000000000E+10   2.2295566469786460E-17
   5.3000000000000000E+10   2.1868851340299865E-17
   5.4000000000000000E+10   2.1465461879743141E-17
   5.5000000000000000E+10   2.1070793113772453E-17
   5.6000000000000000E+10   2.0704625449101797E-17
   5.7000000000000000E+10   2.0338457784431138E-17
   5.8000000000000000E+10   1.9984931488754019E-17
   5.9000000000000000E+10   1.9651943270260623E-17
   6.0000000000000000E+10   1.9318955051767227E-17
   6.1000000000000000E+10   1.9006148370672098E-17
   6.2000000000000000E+10   1.8707955906313646E-17
   6.3000000000000000E+10   1.8409763441955193E-17
   6.4000000000000000E+10   1.8111570977596740E-17
   6.5000000000000000E+10   1.7835101343570060E-17
   6.6000000000000000E+10   1.7570226103646834E-17
   6.7000000000000000E+10   1.7305350863723608E-17
   6.8000000000000000E+10   1.7040605505952382E-17
   6.9000000000000000E+10   1.6801706696428571E-17
   7.0000000000000000E+10   1.6562807886904764E-17
   7.1000000000000000E+10   1.6323909077380953E-17
   7.2000000000000000E+10   1.6098311707317074E-17
   7.3000000000000000E+10   1.5880035284552844E-17
   7.4000000000000000E+10   1.5661758861788618E-17
   7.5000000000000000E+10   1.5452963571428570E-17
   7.6000000000000000E+10   1.5251320714285716E-17
   7.7000000000000000E+10   1.5049677857142858E-17
   7.8000000000000000E+10   1.4858439195583599E-17
   7.9000000000000000E+10   1.4670308280757100E-17
   8.0000000000000000E+10   1.4485912050010781E-17
   8.1000000000000000E+10   1.4313741323561113E-17
   8.2000000000000000E+10   1.4141570597111448E-17
   8.3000000000000000E+10   1.3969399870661782E-17
   8.4000000000000000E+10   1.3797229144212116E-17
   8.5000000000000000E+10   1.3634709302325582E-17
   8.6000000000000000E+10   1.3478758549931600E-17
   8.7000000000000000E+10   1.3322807797537620E-17
   8.8000000000000000E+10   1.3166857045143639E-17
   8.9000000000000000E+10   1.3021406502636203E-17
   9.0000000000000000E+10   1.2876626186291739E-17
   9.1000000000000000E+10   1.2732896959459459E-17
   9.2000000000000000E+10   1.2599180743243243E-17
   9.3000000000000000E+10   1.2465464527027026E-17
   9.4000000000000000E+10   1.2331748310810812E-17
   9.5000000000000000E+10   1.2198032094594595E-17
   9.6000000000000000E+10   1.2072272824919443E-17
   9.7000000000000000E+10   1.1950704618689581E-17
   9.8000000000000000E+10   1.1829136412459721E-17
   9.9000000000000000E+10   1.1707568206229860E-17
   1.0000000000000000E+11   1.1586000000000000E-17
