   1.0000000000000000E+03   0.0000000000000000E+00   1.0000000000000000E+30   0.0000000000000000E+00
   2.0000000000000000E+03   0.0000000000000000E+00   1.0000000000000000E+30   0.0000000000000000E+00
   3.0000000000000000E+03   0.0000000000000000E+00   1.0000000000000000E+30   0.0000000000000000E+00
   4.0000000000000000E+03   0.0000000000000000E+00   1.0000000000000000E+30   0.0000000000000000E+00
   5.0000000000000000E+03   0.0000000000000000E+00   1.0000000000000000E+30   0.0000000000000000E+00
   6.0000000000000000E+03   0.0000000000000000E+00   1.0000000000000000E+30   0.0000000000000000E+00
   7.0000000000000000E+03   0.0000000000000000E+00   1.0000000000000000E+30   0.0000000000000000E+00
   8.0000000000000000E+03   0.0000000000000000E+00   1.0000000000000000E+30   0.0000000000000000E+00
   9.0000000000000000E+03   0.0000000000000000E+00   1.0000000000000000E+30   0.0000000000000000E+00
   1.0000000000000000E+04   0.0000000000000000E+00   1.0000000000000000E+30   0.0000000000000000E+00
   1.0449000000000000E+04   0.0000000000000000E+00   1.0000000000000000E+30   0.0000000000000000E+00
   1.0450999999999998E+04   0.0000000000000000E+00   1.0000000000000000E+30   0.0000000000000000E+00
   1.1000000000000000E+04   0.0000000000000000E+00   1.0000000000000000E+30   0.0000000000000000E+00
   1.2000000000000000E+04   0.0000000000000000E+00   1.0000000000000000E+30   0.0000000000000000E+00
   1.3000000000000000E+04   0.0000000000000000E+00   1.0000000000000000E+30   0.0000000000000000E+00
   1.4000000000000000E+04   0.0000000000000000E+00   1.0000000000000000E+30   0.0000000000000000E+00
   1.5000000000000000E+04   0.0000000000000000E+00   1.0000000000000000E+30   0.0000000000000000E+00
   1.6000000000000000E+04   0.0000000000000000E+00   1.0000000000000000E+30   0.0000000000000000E+00
   1.7000000000000000E+04   0.0000000000000000E+00   1.0000000000000000E+30   0.0000000000000000E+00
   1.8000000000000000E+04   0.0000000000000000E+00   1.0000000000000000E+30   0.0000000000000000E+00
   1.9000000000000000E+04   0.0000000000000000E+00   1.0000000000000000E+30   0.0000000000000000E+00
   2.0000000000000000E+04   0.0000000000000000E+00   1.0000000000000000E+30   0.0000000000000000E+00
   2.0609000000000000E+04   0.0000000000000000E+00   1.0000000000000000E+30   0.0000000000000000E+00
   2.0611000000000000E+04   0.0000000000000000E+00   1.0000000000000000E+30   0.0000000000000000E+00
   2.1000000000000000E+04   0.0000000000000000E+00   1.0000000000000000E+30   0.0000000000000000E+00
   2.2000000000000000E+04   0.0000000000000000E+00   1.0000000000000000E+30   0.0000000000000000E+00
   2.3000000000000000E+04   0.0000000000000000E+00   1.0000000000000000E+30   0.0000000000000000E+00
   2.4000000000000000E+04   0.0000000000000000E+00   1.0000000000000000E+30   0.0000000000000000E+00
   2.5000000000000000E+04   0.0000000000000000E+00   1.0000000000000000E+30   0.0000000000000000E+00
   2.6000000000000000E+04   0.0000000000000000E+00   1.0000000000000000E+30   0.0000000000000000E+00
   2.7000000000000000E+04   0.0000000000000000E+00   1.0000000000000000E+30   0.0000000000000000E+00
   2.8000000000000000E+04   0.0000000000000000E+00   1.0000000000000000E+30   0.0000000000000000E+00
   2.9000000000000000E+04   0.0000000000000000E+00   1.0000000000000000E+30   0.0000000000000000E+00
   3.0000000000000000E+04   0.0000000000000000E+00   1.0000000000000000E+30   0.0000000000000000E+00
   3.1000000000000000E+04   0.0000000000000000E+00   1.0000000000000000E+30   0.0000000000000000E+00
   3.2000000000000000E+04   0.0000000000000000E+00   1.0000000000000000E+30   0.0000000000000000E+00
   3.3000000000000000E+04   0.0000000000000000E+00   1.0000000000000000E+30   0.0000000000000000E+00
   3.4000000000000000E+04   0.0000000000000000E+00   1.0000000000000000E+30   0.0000000000000000E+00
   3.5000000000000000E+04   0.0000000000000000E+00   1.0000000000000000E+30   0.0000000000000000E+00
   3.6000000000000000E+04   0.0000000000000000E+00   1.0000000000000000E+30   0.0000000000000000E+00
   3.7000000000000000E+04   0.0000000000000000E+00   1.0000000000000000E+30   0.0000000000000000E+00
   3.8000000000000000E+04   0.0000000000000000E+00   1.0000000000000000E+30   0.0000000000000000E+00
   3.9000000000000000E+04   0.0000000000000000E+00   1.0000000000000000E+30   0.0000000000000000E+00
   4.0000000000000000E+04   0.0000000000000000E+00   1.0000000000000000E+30   0.0000000000000000E+00
   4.1000000000000000E+04   0.0000000000000000E+00   1.0000000000000000E+30   0.0000000000000000E+00
   4.2000000000000000E+04   0.0000000000000000E+00   1.0000000000000000E+30   0.0000000000000000E+00
   4.3000000000000000E+04   0.0000000000000000E+00   1.0000000000000000E+30   0.0000000000000000E+00
   4.4000000000000000E+04   0.0000000000000000E+00   1.0000000000000000E+30   0.0000000000000000E+00
   4.5000000000000000E+04   0.0000000000000000E+00   1.0000000000000000E+30   0.0000000000000000E+00
   4.6000000000000000E+04   0.0000000000000000E+00   1.0000000000000000E+30   0.0000000000000000E+00
   4.7000000000000000E+04   0.0000000000000000E+00   1.0000000000000000E+30   0.0000000000000000E+00
   4.8000000000000000E+04   0.0000000000000000E+00   1.0000000000000000E+30   0.0000000000000000E+00
   4.9000000000000000E+04   0.0000000000000000E+00   1.0000000000000000E+30   0.0000000000000000E+00
   5.0000000000000000E+04   0.0000000000000000E+00   1.0000000000000000E+30   0.0000000000000000E+00
   5.1000000000000000E+04   0.0000000000000000E+00   1.0000000000000000E+30   0.0000000000000000E+00
   5.2000000000000000E+04   0.0000000000000000E+00   1.0000000000000000E+30   0.0000000000000000E+00
   5.3000000000000000E+04   0.0000000000000000E+00   1.0000000000000000E+30   0.0000000000000000E+00
   5.4000000000000000E+04   0.0000000000000000E+00   1.0000000000000000E+30   0.0000000000000000E+00
   5.5000000000000000E+04   0.0000000000000000E+00   1.0000000000000000E+30   0.0000000000000000E+00
   5.5999000000000000E+04   0.0000000000000000E+00   1.0000000000000000E+30   0.0000000000000000E+00
   5.6001000000000000E+04   0.0000000000000000E+00   1.0000000000000000E+30   0.0000000000000000E+00
   5.7000000000000000E+04   0.0000000000000000E+00   1.0000000000000000E+30   0.0000000000000000E+00
   5.7999000000000000E+04   0.0000000000000000E+00   1.0000000000000000E+30   0.0000000000000000E+00
   5.8001000000000000E+04   0.0000000000000000E+00   1.0000000000000000E+30   0.0000000000000000E+00
   5.9000000000000000E+04   0.0000000000000000E+00   1.0000000000000000E+30   0.0000000000000000E+00
   6.0000000000000000E+04   0.0000000000000000E+00   1.0000000000000000E+30   0.0000000000000000E+00
   6.1000000000000000E+04   0.0000000000000000E+00   1.0000000000000000E+30   0.0000000000000000E+00
   6.2000000000000000E+04   0.0000000000000000E+00   1.0000000000000000E+30   0.0000000000000000E+00
   6.3000000000000000E+04   0.0000000000000000E+00   1.0000000000000000E+30   0.0000000000000000E+00
   6.4000000000000000E+04   0.0000000000000000E+00   1.0000000000000000E+30   0.0000000000000000E+00
   6.5000000000000000E+04   0.0000000000000000E+00   1.0000000000000000E+30   0.0000000000000000E+00
   6.6000000000000000E+04   0.0000000000000000E+00   1.0000000000000000E+30   0.0000000000000000E+00
   6.7000000000000000E+04   0.0000000000000000E+00   1.0000000000000000E+30   0.0000000000000000E+00
   6.8000000000000000E+04   0.0000000000000000E+00   1.0000000000000000E+30   0.0000000000000000E+00
   6.9000000000000000E+04   0.0000000000000000E+00   1.0000000000000000E+30   0.0000000000000000E+00
   7.0000000000000000E+04   0.0000000000000000E+00   1.0000000000000000E+30   0.0000000000000000E+00
   7.1000000000000000E+04   0.0000000000000000E+00   1.0000000000000000E+30   0.0000000000000000E+00
   7.2000000000000000E+04   0.0000000000000000E+00   1.0000000000000000E+30   0.0000000000000000E+00
   7.3000000000000000E+04   0.0000000000000000E+00   1.0000000000000000E+30   0.0000000000000000E+00
   7.4000000000000000E+04   0.0000000000000000E+00   1.0000000000000000E+30   0.0000000000000000E+00
   7.5000000000000000E+04   0.0000000000000000E+00   1.0000000000000000E+30   0.0000000000000000E+00
   7.6000000000000000E+04   0.0000000000000000E+00   1.0000000000000000E+30   0.0000000000000000E+00
   7.7000000000000000E+04   0.0000000000000000E+00   1.0000000000000000E+30   0.0000000000000000E+00
   7.8000000000000000E+04   0.0000000000000000E+00   1.0000000000000000E+30   0.0000000000000000E+00
   7.9000000000000000E+04   0.0000000000000000E+00   1.0000000000000000E+30   0.0000000000000000E+00
   8.0000000000000000E+04   0.0000000000000000E+00   1.0000000000000000E+30   0.0000000000000000E+00
   8.1000000000000000E+04   0.0000000000000000E+00   1.0000000000000000E+30   0.0000000000000000E+00
   8.2000000000000000E+04   0.0000000000000000E+00   1.0000000000000000E+30   0.0000000000000000E+00
   8.3000000000000000E+04   0.0000000000000000E+00   1.0000000000000000E+30   0.0000000000000000E+00
   8.4000000000000000E+04   0.0000000000000000E+00   1.0000000000000000E+30   0.0000000000000000E+00
   8.5000000000000000E+04   0.0000000000000000E+00   1.0000000000000000E+30   0.0000000000000000E+00
   8.6000000000000000E+04   0.0000000000000000E+00   1.0000000000000000E+30   0.0000000000000000E+00
   8.7000000000000000E+04   0.0000000000000000E+00   1.0000000000000000E+30   0.0000000000000000E+00
   8.8000000000000000E+04   0.0000000000000000E+00   1.0000000000000000E+30   0.0000000000000000E+00
   8.9000000000000000E+04   0.0000000000000000E+00   1.0000000000000000E+30   0.0000000000000000E+00
   9.0000000000000000E+04   0.0000000000000000E+00   1.0000000000000000E+30   0.0000000000000000E+00
   9.1000000000000000E+04   0.0000000000000000E+00   1.0000000000000000E+30   0.0000000000000000E+00
   9.2000000000000000E+04   0.0000000000000000E+00   1.0000000000000000E+30   0.0000000000000000E+00
   9.3000000000000000E+04   0.0000000000000000E+00   1.0000000000000000E+30   0.0000000000000000E+00
   9.4000000000000000E+04   0.0000000000000000E+00   1.0000000000000000E+30   0.0000000000000000E+00
   9.5000000000000000E+04   0.0000000000000000E+00   1.0000000000000000E+30   0.0000000000000000E+00
   9.6000000000000000E+04   0.0000000000000000E+00   1.0000000000000000E+30   0.0000000000000000E+00
   9.7000000000000000E+04   0.0000000000000000E+00   1.0000000000000000E+30   0.0000000000000000E+00
   9.8000000000000000E+04   0.0000000000000000E+00   1.0000000000000000E+30   0.0000000000000000E+00
   9.9000000000000000E+04   0.0000000000000000E+00   1.0000000000000000E+30   0.0000000000000000E+00
   1.0000000000000000E+05   0.0000000000000000E+00   1.0000000000000000E+30   0.0000000000000000E+00
   1.1000000000000000E+05   0.0000000000000000E+00   1.0000000000000000E+30   0.0000000000000000E+00
   1.2000000000000000E+05   0.0000000000000000E+00   1.0000000000000000E+30   0.0000000000000000E+00
   1.3000000000000000E+05   0.0000000000000000E+00   1.0000000000000000E+30   0.0000000000000000E+00
   1.3099900000000000E+05   0.0000000000000000E+00   1.0000000000000000E+30   0.0000000000000000E+00
   1.3100100000000000E+05   0.0000000000000000E+00   1.0000000000000000E+30   0.0000000000000000E+00
   1.4000000000000000E+05   0.0000000000000000E+00   1.0000000000000000E+30   0.0000000000000000E+00
   1.4099900000000000E+05   0.0000000000000000E+00   1.0000000000000000E+30   0.0000000000000000E+00
   1.4100100000000000E+05   0.0000000000000000E+00   1.0000000000000000E+30   0.0000000000000000E+00
   1.5000000000000000E+05   0.0000000000000000E+00   1.0000000000000000E+30   0.0000000000000000E+00
   1.6000000000000000E+05   0.0000000000000000E+00   1.0000000000000000E+30   0.0000000000000000E+00
   1.7000000000000000E+05   0.0000000000000000E+00   1.0000000000000000E+30   0.0000000000000000E+00
   1.8000000000000000E+05   0.0000000000000000E+00   1.0000000000000000E+30   0.0000000000000000E+00
   1.9000000000000000E+05   0.0000000000000000E+00   1.0000000000000000E+30   0.0000000000000000E+00
   1.9299900000000000E+05   0.0000000000000000E+00   1.0000000000000000E+30   0.0000000000000000E+00
   1.9300100000000000E+05   0.0000000000000000E+00   1.0000000000000000E+30   0.0000000000000000E+00
   2.0000000000000000E+05   0.0000000000000000E+00   1.0000000000000000E+30   0.0000000000000000E+00
   2.1000000000000000E+05   0.0000000000000000E+00   1.0000000000000000E+30   0.0000000000000000E+00
   2.2000000000000000E+05   0.0000000000000000E+00   1.0000000000000000E+30   0.0000000000000000E+00
   2.3000000000000000E+05   0.0000000000000000E+00   1.0000000000000000E+30   0.0000000000000000E+00
   2.4000000000000000E+05   0.0000000000000000E+00   1.0000000000000000E+30   0.0000000000000000E+00
   2.5000000000000000E+05   0.0000000000000000E+00   1.0000000000000000E+30   0.0000000000000000E+00
   2.6000000000000000E+05   0.0000000000000000E+00   1.0000000000000000E+30   0.0000000000000000E+00
   2.7000000000000000E+05   0.0000000000000000E+00   1.0000000000000000E+30   0.0000000000000000E+00
   2.8000000000000000E+05   0.0000000000000000E+00   1.0000000000000000E+30   0.0000000000000000E+00
   2.9000000000000000E+05   0.0000000000000000E+00   1.0000000000000000E+30   0.0000000000000000E+00
   3.0000000000000000E+05   0.0000000000000000E+00   1.0000000000000000E+30   0.0000000000000000E+00
   3.1000000000000000E+05   0.0000000000000000E+00   1.0000000000000000E+30   0.0000000000000000E+00
   3.2000000000000000E+05   0.0000000000000000E+00   1.0000000000000000E+30   0.0000000000000000E+00
   3.3000000000000000E+05   0.0000000000000000E+00   1.0000000000000000E+30   0.0000000000000000E+00
   3.4000000000000000E+05   0.0000000000000000E+00   1.0000000000000000E+30   0.0000000000000000E+00
   3.5000000000000000E+05   0.0000000000000000E+00   1.0000000000000000E+30   0.0000000000000000E+00
   3.6000000000000000E+05   0.0000000000000000E+00   1.0000000000000000E+30   0.0000000000000000E+00
   3.7000000000000000E+05   0.0000000000000000E+00   1.0000000000000000E+30   0.0000000000000000E+00
   3.8000000000000000E+05   0.0000000000000000E+00   1.0000000000000000E+30   0.0000000000000000E+00
   3.9000000000000000E+05   0.0000000000000000E+00   1.0000000000000000E+30   0.0000000000000000E+00
   4.0000000000000000E+05   0.0000000000000000E+00   1.0000000000000000E+30   0.0000000000000000E+00
   4.1000000000000000E+05   0.0000000000000000E+00   1.0000000000000000E+30   0.0000000000000000E+00
   4.2000000000000000E+05   0.0000000000000000E+00   1.0000000000000000E+30   0.0000000000000000E+00
   4.3000000000000000E+05   0.0000000000000000E+00   1.0000000000000000E+30   0.0000000000000000E+00
   4.4000000000000000E+05   0.0000000000000000E+00   1.0000000000000000E+30   0.0000000000000000E+00
   4.5000000000000000E+05   0.0000000000000000E+00   1.0000000000000000E+30   0.0000000000000000E+00
   4.6000000000000000E+05   0.0000000000000000E+00   1.0000000000000000E+30   0.0000000000000000E+00
   4.7000000000000000E+05   0.0000000000000000E+00   1.0000000000000000E+30   0.0000000000000000E+00
   4.8000000000000000E+05   0.0000000000000000E+00   1.0000000000000000E+30   0.0000000000000000E+00
   4.9000000000000000E+05   0.0000000000000000E+00   1.0000000000000000E+30   0.0000000000000000E+00
   5.0000000000000000E+05   0.0000000000000000E+00   1.0000000000000000E+30   0.0000000000000000E+00
   5.1000000000000000E+05   0.0000000000000000E+00   1.0000000000000000E+30   0.0000000000000000E+00
   5.2000000000000000E+05   0.0000000000000000E+00   1.0000000000000000E+30   0.0000000000000000E+00
   5.3000000000000000E+05   0.0000000000000000E+00   1.0000000000000000E+30   0.0000000000000000E+00
   5.4000000000000000E+05   0.0000000000000000E+00   1.0000000000000000E+30   0.0000000000000000E+00
   5.5000000000000000E+05   0.0000000000000000E+00   1.0000000000000000E+30   0.0000000000000000E+00
   5.6000000000000000E+05   0.0000000000000000E+00   1.0000000000000000E+30   0.0000000000000000E+00
   5.7000000000000000E+05   0.0000000000000000E+00   1.0000000000000000E+30   0.0000000000000000E+00
   5.8000000000000000E+05   0.0000000000000000E+00   1.0000000000000000E+30   0.0000000000000000E+00
   5.9000000000000000E+05   0.0000000000000000E+00   1.0000000000000000E+30   0.0000000000000000E+00
   6.0000000000000000E+05   0.0000000000000000E+00   1.0000000000000000E+30   0.0000000000000000E+00
   6.1000000000000000E+05   0.0000000000000000E+00   1.0000000000000000E+30   0.0000000000000000E+00
   6.2000000000000000E+05   0.0000000000000000E+00   1.0000000000000000E+30   0.0000000000000000E+00
   6.2599900000000000E+05   0.0000000000000000E+00   1.0000000000000000E+30   0.0000000000000000E+00
   6.2600100000000000E+05   0.0000000000000000E+00   1.0000000000000000E+30   0.0000000000000000E+00
   6.3000000000000000E+05   0.0000000000000000E+00   1.0000000000000000E+30   0.0000000000000000E+00
   6.3799900000000000E+05   0.0000000000000000E+00   1.0000000000000000E+30   0.0000000000000000E+00
   6.3800100000000000E+05   0.0000000000000000E+00   1.0000000000000000E+30   0.0000000000000000E+00
   6.4000000000000000E+05   0.0000000000000000E+00   1.0000000000000000E+30   0.0000000000000000E+00
   6.5000000000000000E+05   0.0000000000000000E+00   1.0000000000000000E+30   0.0000000000000000E+00
   6.6000000000000000E+05   0.0000000000000000E+00   1.0000000000000000E+30   0.0000000000000000E+00
   6.7000000000000000E+05   0.0000000000000000E+00   1.0000000000000000E+30   0.0000000000000000E+00
   6.8000000000000000E+05   0.0000000000000000E+00   1.0000000000000000E+30   0.0000000000000000E+00
   6.9000000000000000E+05   0.0000000000000000E+00   1.0000000000000000E+30   0.0000000000000000E+00
   7.0000000000000000E+05   0.0000000000000000E+00   1.0000000000000000E+30   0.0000000000000000E+00
   7.1000000000000000E+05   0.0000000000000000E+00   1.0000000000000000E+30   0.0000000000000000E+00
   7.2000000000000000E+05   0.0000000000000000E+00   1.0000000000000000E+30   0.0000000000000000E+00
   7.3000000000000000E+05   0.0000000000000000E+00   1.0000000000000000E+30   0.0000000000000000E+00
   7.4000000000000000E+05   0.0000000000000000E+00   1.0000000000000000E+30   0.0000000000000000E+00
   7.5000000000000000E+05   0.0000000000000000E+00   1.0000000000000000E+30   0.0000000000000000E+00
   7.6000000000000000E+05   0.0000000000000000E+00   1.0000000000000000E+30   0.0000000000000000E+00
   7.7000000000000000E+05   0.0000000000000000E+00   1.0000000000000000E+30   0.0000000000000000E+00
   7.8000000000000000E+05   0.0000000000000000E+00   1.0000000000000000E+30   0.0000000000000000E+00
   7.9000000000000000E+05   0.0000000000000000E+00   1.0000000000000000E+30   0.0000000000000000E+00
   8.0000000000000000E+05   0.0000000000000000E+00   1.0000000000000000E+30   0.0000000000000000E+00
   8.1000000000000000E+05   0.0000000000000000E+00   1.0000000000000000E+30   0.0000000000000000E+00
   8.2000000000000000E+05   0.0000000000000000E+00   1.0000000000000000E+30   0.0000000000000000E+00
   8.3000000000000000E+05   0.0000000000000000E+00   1.0000000000000000E+30   0.0000000000000000E+00
   8.4000000000000000E+05   0.0000000000000000E+00   1.0000000000000000E+30   0.0000000000000000E+00
   8.5000000000000000E+05   0.0000000000000000E+00   1.0000000000000000E+30   0.0000000000000000E+00
   8.6000000000000000E+05   0.0000000000000000E+00   1.0000000000000000E+30   0.0000000000000000E+00
   8.7000000000000000E+05   0.0000000000000000E+00   1.0000000000000000E+30   0.0000000000000000E+00
   8.8000000000000000E+05   0.0000000000000000E+00   1.0000000000000000E+30   0.0000000000000000E+00
   8.8099900000000000E+05   0.0000000000000000E+00   1.0000000000000000E+30   0.0000000000000000E+00
   8.8100100000000000E+05   0.0000000000000000E+00   1.0000000000000000E+30   0.0000000000000000E+00
   8.9000000000000000E+05   0.0000000000000000E+00   1.0000000000000000E+30   0.0000000000000000E+00
   9.0000000000000000E+05   0.0000000000000000E+00   1.0000000000000000E+30   0.0000000000000000E+00
   9.1000000000000000E+05   0.0000000000000000E+00   1.0000000000000000E+30   0.0000000000000000E+00
   9.2000000000000000E+05   0.0000000000000000E+00   1.0000000000000000E+30   0.0000000000000000E+00
   9.3000000000000000E+05   0.0000000000000000E+00   1.0000000000000000E+30   0.0000000000000000E+00
   9.3699900000000000E+05   0.0000000000000000E+00   1.0000000000000000E+30   0.0000000000000000E+00
   9.3700100000000000E+05   0.0000000000000000E+00   1.0000000000000000E+30   0.0000000000000000E+00
   9.4000000000000000E+05   0.0000000000000000E+00   1.0000000000000000E+30   0.0000000000000000E+00
   9.5000000000000000E+05   0.0000000000000000E+00   1.0000000000000000E+30   0.0000000000000000E+00
   9.6000000000000000E+05   0.0000000000000000E+00   1.0000000000000000E+30   0.0000000000000000E+00
   9.7000000000000000E+05   0.0000000000000000E+00   1.0000000000000000E+30   0.0000000000000000E+00
   9.8000000000000000E+05   0.0000000000000000E+00   1.0000000000000000E+30   0.0000000000000000E+00
   9.9000000000000000E+05   0.0000000000000000E+00   1.0000000000000000E+30   0.0000000000000000E+00
   1.0000000000000000E+06   0.0000000000000000E+00   1.0000000000000000E+30   0.0000000000000000E+00
   1.0779990000000000E+06   0.0000000000000000E+00   1.0000000000000000E+30   0.0000000000000000E+00
   1.0780010000000000E+06   0.0000000000000000E+00   1.0000000000000000E+30   0.0000000000000000E+00
   1.1000000000000000E+06   0.0000000000000000E+00   1.0000000000000000E+30   0.0000000000000000E+00
   1.2000000000000000E+06   0.0000000000000000E+00   1.0000000000000000E+30   0.0000000000000000E+00
   1.3000000000000000E+06   0.0000000000000000E+00   1.0000000000000000E+30   0.0000000000000000E+00
   1.4000000000000000E+06   0.0000000000000000E+00   1.0000000000000000E+30   0.0000000000000000E+00
   1.5000000000000000E+06   0.0000000000000000E+00   1.0000000000000000E+30   0.0000000000000000E+00
   1.6000000000000000E+06   0.0000000000000000E+00   1.0000000000000000E+30   0.0000000000000000E+00
   1.7000000000000000E+06   0.0000000000000000E+00   1.0000000000000000E+30   0.0000000000000000E+00
   1.8000000000000000E+06   0.0000000000000000E+00   1.0000000000000000E+30   0.0000000000000000E+00
   1.9000000000000000E+06   0.0000000000000000E+00   1.0000000000000000E+30   0.0000000000000000E+00
   2.0000000000000000E+06   0.0000000000000000E+00   1.0000000000000000E+30   0.0000000000000000E+00
   2.1000000000000000E+06   0.0000000000000000E+00   1.0000000000000000E+30   0.0000000000000000E+00
   2.2000000000000000E+06   0.0000000000000000E+00   1.0000000000000000E+30   0.0000000000000000E+00
   2.3000000000000000E+06   0.0000000000000000E+00   1.0000000000000000E+30   0.0000000000000000E+00
   2.4000000000000000E+06   0.0000000000000000E+00   1.0000000000000000E+30   0.0000000000000000E+00
   2.5000000000000000E+06   0.0000000000000000E+00   1.0000000000000000E+30   0.0000000000000000E+00
   2.6000000000000000E+06   0.0000000000000000E+00   1.0000000000000000E+30   0.0000000000000000E+00
   2.7000000000000000E+06   0.0000000000000000E+00   1.0000000000000000E+30   0.0000000000000000E+00
   2.8000000000000000E+06   0.0000000000000000E+00   1.0000000000000000E+30   0.0000000000000000E+00
   2.9000000000000000E+06   0.0000000000000000E+00   1.0000000000000000E+30   0.0000000000000000E+00
   3.0000000000000000E+06   0.0000000000000000E+00   1.0000000000000000E+30   0.0000000000000000E+00
   3.1000000000000000E+06   0.0000000000000000E+00   1.0000000000000000E+30   0.0000000000000000E+00
   3.2000000000000000E+06   0.0000000000000000E+00   1.0000000000000000E+30   0.0000000000000000E+00
   3.3000000000000000E+06   0.0000000000000000E+00   1.0000000000000000E+30   0.0000000000000000E+00
   3.4000000000000000E+06   0.0000000000000000E+00   1.0000000000000000E+30   0.0000000000000000E+00
   3.5000000000000000E+06   0.0000000000000000E+00   1.0000000000000000E+30   0.0000000000000000E+00
   3.6000000000000000E+06   0.0000000000000000E+00   1.0000000000000000E+30   0.0000000000000000E+00
   3.7000000000000000E+06   0.0000000000000000E+00   1.0000000000000000E+30   0.0000000000000000E+00
   3.8000000000000000E+06   0.0000000000000000E+00   1.0000000000000000E+30   0.0000000000000000E+00
   3.9000000000000000E+06   0.0000000000000000E+00   1.0000000000000000E+30   0.0000000000000000E+00
   4.0000000000000000E+06   0.0000000000000000E+00   1.0000000000000000E+30   0.0000000000000000E+00
   4.1000000000000000E+06   0.0000000000000000E+00   1.0000000000000000E+30   0.0000000000000000E+00
   4.2000000000000000E+06   0.0000000000000000E+00   1.0000000000000000E+30   0.0000000000000000E+00
   4.3000000000000000E+06   0.0000000000000000E+00   1.0000000000000000E+30   0.0000000000000000E+00
   4.4000000000000000E+06   0.0000000000000000E+00   1.0000000000000000E+30   0.0000000000000000E+00
   4.5000000000000000E+06   0.0000000000000000E+00   1.0000000000000000E+30   0.0000000000000000E+00
   4.5629990000000000E+06   0.0000000000000000E+00   1.0000000000000000E+30   0.0000000000000000E+00
   4.5630010000000000E+06   0.0000000000000000E+00   1.0000000000000000E+30   0.0000000000000000E+00
   4.6000000000000000E+06   0.0000000000000000E+00   1.0000000000000000E+30   0.0000000000000000E+00
   4.7000000000000000E+06   0.0000000000000000E+00   1.0000000000000000E+30   0.0000000000000000E+00
   4.8000000000000000E+06   0.0000000000000000E+00   1.0000000000000000E+30   0.0000000000000000E+00
   4.8579990000000000E+06   0.0000000000000000E+00   1.0000000000000000E+30   0.0000000000000000E+00
   4.8580010000000000E+06   0.0000000000000000E+00   1.0000000000000000E+30   0.0000000000000000E+00
   4.9000000000000000E+06   0.0000000000000000E+00   1.0000000000000000E+30   0.0000000000000000E+00
   5.0000000000000000E+06   0.0000000000000000E+00   1.0000000000000000E+30   0.0000000000000000E+00
   5.1000000000000000E+06   0.0000000000000000E+00   1.0000000000000000E+30   0.0000000000000000E+00
   5.1949990000000000E+06   0.0000000000000000E+00   1.0000000000000000E+30   0.0000000000000000E+00
   5.1950010000000000E+06   0.0000000000000000E+00   1.0000000000000000E+30   0.0000000000000000E+00
   5.2000000000000000E+06   0.0000000000000000E+00   1.0000000000000000E+30   0.0000000000000000E+00
   5.3000000000000000E+06   0.0000000000000000E+00   1.0000000000000000E+30   0.0000000000000000E+00
   5.4000000000000000E+06   0.0000000000000000E+00   1.0000000000000000E+30   0.0000000000000000E+00
   5.5000000000000000E+06   0.0000000000000000E+00   1.0000000000000000E+30   0.0000000000000000E+00
   5.6000000000000000E+06   0.0000000000000000E+00   1.0000000000000000E+30   0.0000000000000000E+00
   5.7000000000000000E+06   0.0000000000000000E+00   1.0000000000000000E+30   0.0000000000000000E+00
   5.8000000000000000E+06   0.0000000000000000E+00   1.0000000000000000E+30   0.0000000000000000E+00
   5.9000000000000000E+06   0.0000000000000000E+00   1.0000000000000000E+30   0.0000000000000000E+00
   6.0000000000000000E+06   0.0000000000000000E+00   1.0000000000000000E+30   0.0000000000000000E+00
   6.1000000000000000E+06   0.0000000000000000E+00   1.0000000000000000E+30   0.0000000000000000E+00
   6.2000000000000000E+06   0.0000000000000000E+00   1.0000000000000000E+30   0.0000000000000000E+00
   6.3000000000000000E+06   0.0000000000000000E+00   1.0000000000000000E+30   0.0000000000000000E+00
   6.4000000000000000E+06   0.0000000000000000E+00   1.0000000000000000E+30   0.0000000000000000E+00
   6.5000000000000000E+06   0.0000000000000000E+00   1.0000000000000000E+30   0.0000000000000000E+00
   6.6000000000000000E+06   0.0000000000000000E+00   1.0000000000000000E+30   0.0000000000000000E+00
   6.7000000000000000E+06   0.0000000000000000E+00   1.0000000000000000E+30   0.0000000000000000E+00
   6.8000000000000000E+06   0.0000000000000000E+00   1.0000000000000000E+30   0.0000000000000000E+00
   6.9000000000000000E+06   0.0000000000000000E+00   1.0000000000000000E+30   0.0000000000000000E+00
   7.0000000000000000E+06   0.0000000000000000E+00   1.0000000000000000E+30   0.0000000000000000E+00
   7.1000000000000000E+06   0.0000000000000000E+00   1.0000000000000000E+30   0.0000000000000000E+00
   7.2000000000000000E+06   0.0000000000000000E+00   1.0000000000000000E+30   0.0000000000000000E+00
   7.3000000000000000E+06   0.0000000000000000E+00   1.0000000000000000E+30   0.0000000000000000E+00
   7.4000000000000000E+06   0.0000000000000000E+00   1.0000000000000000E+30   0.0000000000000000E+00
   7.5000000000000000E+06   0.0000000000000000E+00   1.0000000000000000E+30   0.0000000000000000E+00
   7.6000000000000000E+06   0.0000000000000000E+00   1.0000000000000000E+30   0.0000000000000000E+00
   7.7000000000000000E+06   0.0000000000000000E+00   1.0000000000000000E+30   0.0000000000000000E+00
   7.8000000000000000E+06   0.0000000000000000E+00   1.0000000000000000E+30   0.0000000000000000E+00
   7.9000000000000000E+06   0.0000000000000000E+00   1.0000000000000000E+30   0.0000000000000000E+00
   8.0000000000000000E+06   0.0000000000000000E+00   1.0000000000000000E+30   0.0000000000000000E+00
   8.1000000000000000E+06   0.0000000000000000E+00   1.0000000000000000E+30   0.0000000000000000E+00
   8.2000000000000000E+06   0.0000000000000000E+00   1.0000000000000000E+30   0.0000000000000000E+00
   8.3000000000000000E+06   0.0000000000000000E+00   1.0000000000000000E+30   0.0000000000000000E+00
   8.4000000000000000E+06   0.0000000000000000E+00   1.0000000000000000E+30   0.0000000000000000E+00
   8.5000000000000000E+06   0.0000000000000000E+00   1.0000000000000000E+30   0.0000000000000000E+00
   8.6000000000000000E+06   0.0000000000000000E+00   1.0000000000000000E+30   0.0000000000000000E+00
   8.7000000000000000E+06   0.0000000000000000E+00   1.0000000000000000E+30   0.0000000000000000E+00
   8.8000000000000000E+06   0.0000000000000000E+00   1.0000000000000000E+30   0.0000000000000000E+00
   8.9000000000000000E+06   0.0000000000000000E+00   1.0000000000000000E+30   0.0000000000000000E+00
   9.0000000000000000E+06   0.0000000000000000E+00   1.0000000000000000E+30   0.0000000000000000E+00
   9.1000000000000000E+06   0.0000000000000000E+00   1.0000000000000000E+30   0.0000000000000000E+00
   9.2000000000000000E+06   0.0000000000000000E+00   1.0000000000000000E+30   0.0000000000000000E+00
   9.3000000000000000E+06   0.0000000000000000E+00   1.0000000000000000E+30   0.0000000000000000E+00
   9.4000000000000000E+06   0.0000000000000000E+00   1.0000000000000000E+30   0.0000000000000000E+00
   9.5000000000000000E+06   0.0000000000000000E+00   1.0000000000000000E+30   0.0000000000000000E+00
   9.6000000000000000E+06   0.0000000000000000E+00   1.0000000000000000E+30   0.0000000000000000E+00
   9.7000000000000000E+06   0.0000000000000000E+00   1.0000000000000000E+30   0.0000000000000000E+00
   9.8000000000000000E+06   0.0000000000000000E+00   1.0000000000000000E+30   0.0000000000000000E+00
   9.9000000000000000E+06   0.0000000000000000E+00   1.0000000000000000E+30   0.0000000000000000E+00
   1.0000000000000000E+07   0.0000000000000000E+00   1.0000000000000000E+30   0.0000000000000000E+00
   1.1000000000000000E+07   0.0000000000000000E+00   1.0000000000000000E+30   0.0000000000000000E+00
   1.2000000000000000E+07   0.0000000000000000E+00   1.0000000000000000E+30   0.0000000000000000E+00
   1.3000000000000000E+07   0.0000000000000000E+00   1.0000000000000000E+30   0.0000000000000000E+00
   1.4000000000000000E+07   0.0000000000000000E+00   1.0000000000000000E+30   0.0000000000000000E+00
   1.5000000000000000E+07   0.0000000000000000E+00   1.0000000000000000E+30   0.0000000000000000E+00
   1.6000000000000000E+07   0.0000000000000000E+00   1.0000000000000000E+30   0.0000000000000000E+00
   1.7000000000000000E+07   0.0000000000000000E+00   1.0000000000000000E+30   0.0000000000000000E+00
   1.8000000000000000E+07   0.0000000000000000E+00   1.0000000000000000E+30   0.0000000000000000E+00
   1.9000000000000000E+07   0.0000000000000000E+00   1.0000000000000000E+30   0.0000000000000000E+00
   2.0000000000000000E+07   0.0000000000000000E+00   1.0000000000000000E+30   0.0000000000000000E+00
   2.1000000000000000E+07   0.0000000000000000E+00   1.0000000000000000E+30   0.0000000000000000E+00
   2.2000000000000000E+07   1.6545875895789793E-03   6.0438021311066200E+02   3.2252517037528394E-01
   2.3000000000000000E+07   3.4683081408017763E-03   2.8832501594533289E+02   6.8897613711842143E-01
   2.4000000000000000E+07   6.1524555536078265E-03   1.6253672883725196E+02   1.2545218122452346E+00
   2.5000000000000000E+07   8.2771363180686331E-03   1.2081473127572433E+02   1.7152165467213665E+00
   2.6000000000000000E+07   1.0570300828891847E-02   9.4604686866309052E+01   2.2240225376008556E+00
   2.7000000000000000E+07   1.3034820918910893E-02   7.6717586395774887E+01   2.7823534089395845E+00
   2.8000000000000000E+07   1.6279895524618334E-02   6.1425455617194096E+01   3.5450171032785769E+00
   2.9000000000000000E+07   1.9083010412652514E-02   5.2402633461698223E+01   4.2081689343954727E+00
   3.0000000000000000E+07   2.2066160119779760E-02   4.5318260837943242E+01   4.9249257428675906E+00
   3.1000000000000000E+07   2.5767611650746189E-02   3.8808408538361441E+01   5.8471746632280341E+00
   3.2000000000000000E+07   2.9108437795256133E-02   3.4354299843702790E+01   6.6766241090815441E+00
   3.3000000000000000E+07   3.2637267960918821E-02   3.0639819521580069E+01   7.5637509341759239E+00
   3.3175999000000004E+07   3.3594651653990816E-02   2.9766642925770807E+01   7.8214974568770534E+00
   3.3176000999999996E+07   3.3594657041437492E-02   2.9766638152208113E+01   7.8214987315805971E+00
   3.4000000000000000E+07   3.6832906243014309E-02   2.7149636072761954E+01   8.6571412757075326E+00
   3.5000000000000000E+07   4.0736216091027296E-02   2.4548180856205338E+01   9.6648560428289141E+00
   3.6000000000000000E+07   4.4834622220584652E-02   2.2304191503611602E+01   1.0734320063970873E+01
   3.7000000000000000E+07   4.9556697109593567E-02   2.0178907359151108E+01   1.2010626605384669E+01
   3.8000000000000000E+07   5.4044214537918189E-02   1.8503368187512205E+01   1.3208624492737659E+01
   3.9000000000000000E+07   5.8732911293047335E-02   1.7026229042359386E+01   1.4472426291103821E+01
   4.0000000000000000E+07   6.3624520640919627E-02   1.5717210753441147E+01   1.5803378584747959E+01
   4.1000000000000000E+07   6.9098859273877086E-02   1.4472018937916845E+01   1.7343885683397819E+01
   4.2000000000000000E+07   7.4395404525512701E-02   1.3441690469699191E+01   1.8814050667506784E+01
   4.3000000000000000E+07   7.9899525096805341E-02   1.2515718945618410E+01   2.0355363393908814E+01
   4.4000000000000000E+07   8.5956632353492754E-02   1.1633773597452556E+01   2.2107123666132289E+01
   4.5000000000000000E+07   9.1897364412837065E-02   1.0881704893163519E+01   2.3804697410032482E+01
   4.6000000000000000E+07   9.8075471954202506E-02   1.0196229292345000E+01   2.5588671119385396E+01
   4.7000000000000000E+07   1.0449133841036870E-01   9.5701712238836620E+00   2.7460776986022079E+01
   4.8000000000000000E+07   1.1114482017169443E-01   8.9972703942047758E+00   2.9422596693203317E+01
   4.9000000000000000E+07   1.1803522150493431E-01   8.4720474723571932E+00   3.1475518976489877E+01
   5.0000000000000000E+07   1.2516146636245079E-01   7.9896794841323970E+00   3.3620784080328924E+01
   5.1000000000000000E+07   1.3215268236677732E-01   7.5670049377022437E+00   3.5687680171607575E+01
   5.2000000000000000E+07   1.3974828406075901E-01   7.1557229251217533E+00   3.8017948741373786E+01
   5.3000000000000000E+07   1.4757563901317075E-01   6.7761861421501468E+00   4.0443938701233940E+01
   5.4000000000000000E+07   1.5525670240326764E-01   6.4409457660808433E+00   4.2781301605959626E+01
   5.5000000000000000E+07   1.6354611048037612E-01   6.1144835365558272E+00   4.5399326030172048E+01
   5.6000000000000000E+07   1.7167984919658658E-01   5.8247954240390998E+00   4.7921108313738031E+01
   5.7000000000000000E+07   1.8042318990194811E-01   5.5425247749108921E+00   5.0734669632605225E+01
   5.8000000000000000E+07   1.8900444928562424E-01   5.2908807373565923E+00   5.3445469271541505E+01
   5.9000000000000000E+07   1.9819088129548496E-01   5.0456408158813781E+00   5.6456958418565385E+01
   6.0000000000000000E+07   2.0721150226223567E-01   4.8259869219733478E+00   5.9360346836732106E+01
   6.1000000000000000E+07   2.1644379391608012E-01   4.6201370892053459E+00   6.2357476359530040E+01
   6.2000000000000000E+07   2.2627546948545996E-01   4.4193920015897188E+00   6.5669025373668148E+01
   6.3000000000000000E+07   2.3592979398083558E-01   4.2385490324347481E+00   6.8862173642319220E+01
   6.4000000000000000E+07   2.4578654427638080E-01   4.0685709746401955E+00   7.2150553532372683E+01
   6.5000000000000000E+07   2.5584196084457572E-01   3.9086629757637814E+00   7.5534372735459200E+01
   6.6000000000000000E+07   2.6609184164603872E-01   3.7581009391870888E+00   7.9013678300798261E+01
   6.7000000000000000E+07   2.7653153052988672E-01   3.6162241538381212E+00   8.2588303067781112E+01
   6.8000000000000000E+07   2.8754915847730761E-01   3.4776662372980542E+00   8.6500855837896182E+01
   6.9000000000000000E+07   2.9835548523851518E-01   3.3517064356989024E+00   9.0269866897367308E+01
   7.0000000000000000E+07   3.0933472695569253E-01   3.2327440563866432E+00   9.4132445848729859E+01
   7.1000000000000000E+07   3.2048065503274636E-01   3.1203131430751139E+00   9.8087706305496141E+01
   7.2000000000000000E+07   3.3178660392084275E-01   3.0139854598788411E+00   1.0213456288755384E+02
   7.3000000000000000E+07   3.4324551836858952E-01   2.9133665160521156E+00   1.0627168617414729E+02
   7.4000000000000000E+07   3.5484989103998288E-01   2.8180930169352219E+00   1.1049751761768418E+02
   7.5000000000000000E+07   3.6659190435040512E-01   2.7278289240237967E+00   1.1481034091106902E+02
   7.6000000000000000E+07   3.7846362217215457E-01   2.6422618751588303E+00   1.1920827624448322E+02
   7.7000000000000000E+07   3.9045648407058275E-01   2.5611048626336306E+00   1.2368912278900173E+02
   7.8000000000000000E+07   4.0217484422875277E-01   2.4864807293397266E+00   1.2797613162593414E+02
   7.9000000000000000E+07   4.1438780554025623E-01   2.4131984257988832E+00   1.3261469031480070E+02
   8.0000000000000000E+07   4.2669584791346860E-01   2.3435897135863253E+00   1.3732912179524689E+02
   8.1000000000000000E+07   4.3908952793986444E-01   2.2774398758536440E+00   1.4211647672211657E+02
   8.2000000000000000E+07   4.5155929755190533E-01   2.2145485773882294E+00   1.4697372107428041E+02
   8.3000000000000000E+07   4.6409555898442201E-01   2.1547286558576322E+00   1.5189758854993792E+02
   8.4000000000000000E+07   4.7668880179203704E-01   2.0978046814623217E+00   1.5688486909832841E+02
   8.5000000000000000E+07   4.8895019222026159E-01   2.0451980915665975E+00   1.6163879928746550E+02
   8.6000000000000000E+07   5.0163659400300553E-01   1.9934749815999444E+00   1.6674443514125335E+02
   8.7000000000000000E+07   5.1435156855121167E-01   1.9441954902883409E+00   1.7190329140212509E+02
   8.8000000000000000E+07   5.2708541310535928E-01   1.8972257154840100E+00   1.7711142282650925E+02
   8.9000000000000000E+07   5.3945022562520073E-01   1.8537391449619678E+00   1.8205894186413207E+02
   9.0000000000000000E+07   5.5220490781490916E-01   1.8109219708985007E+00   1.8735857862119144E+02
   9.1000000000000000E+07   5.6495174308923268E-01   1.7700626862957616E+00   1.9269670985370755E+02
   9.2000000000000000E+07   5.7768160705398242E-01   1.7310573641070652E+00   1.9806931215539188E+02
   9.3000000000000000E+07   5.9001431092922241E-01   1.6948741436882864E+00   2.0315802898706008E+02
   9.4000000000000000E+07   6.0269809832540411E-01   1.6592055006951223E+00   2.0859409432579272E+02
   9.5000000000000000E+07   6.1534064474472616E-01   1.6251161182678739E+00   2.1405348185969154E+02
   9.6000000000000000E+07   6.2756285304704906E-01   1.5934658897425675E+00   2.1920842162668072E+02
   9.7000000000000000E+07   6.4011503331404218E-01   1.5622192074176728E+00   2.2471082199385140E+02
   9.8000000000000000E+07   6.5260484552365838E-01   1.5323208322144581E+00   2.3022603569528960E+02
   9.9000000000000000E+07   6.6465728818095582E-01   1.5045347696958464E+00   2.3541917844544597E+02
   1.0000000000000000E+08   6.7701841964893994E-01   1.4770646868345747E+00   2.4095809353686701E+02
   1.1000000000000000E+08   7.9428925276801177E-01   1.2589871970634234E+00   2.9482170932739291E+02
   1.2000000000000000E+08   9.0082080200908754E-01   1.1100986986198749E+00   3.4693724882275865E+02
   1.3000000000000000E+08   9.9538593613128512E-01   1.0046354521409537E+00   3.9566419491363490E+02
   1.4000000000000000E+08   1.0786207192302699E+00   9.2710994900378385E-01   4.4050190199789898E+02
   1.5000000000000000E+08   1.1520434932105428E+00   8.6802278376936615E-01   4.8180682959224299E+02
   1.6000000000000000E+08   1.2169636935204100E+00   8.2171720103433710E-01   5.1979396877347153E+02
   1.7000000000000000E+08   1.2743021067459270E+00   7.8474326826125407E-01   5.5430103545621375E+02
   1.8000000000000000E+08   1.3257177411158625E+00   7.5430837876416723E-01   5.8653316974348672E+02
   1.9000000000000000E+08   1.3715260384721797E+00   7.2911484867903542E-01   6.1586728221585008E+02
   2.0000000000000000E+08   1.4127616737206063E+00   7.0783347156242604E-01   6.4301495395853124E+02
   2.1000000000000000E+08   1.4497890398400584E+00   6.8975552478333035E-01   6.6772385940188497E+02
   2.2000000000000000E+08   1.4836585616720799E+00   6.7400952337241415E-01   6.9119281432339130E+02
   2.3000000000000000E+08   1.5145161396137459E+00   6.6027688569567489E-01   7.1308349153076097E+02
   2.4000000000000000E+08   1.5425122984713673E+00   6.4829304828947043E-01   7.3308540262105510E+02
   2.5000000000000000E+08   1.5681846881776342E+00   6.3767999237518791E-01   7.5179996808894032E+02
   2.6000000000000000E+08   1.5917975314427502E+00   6.2822059982316647E-01   7.6935733946623748E+02
   2.7000000000000000E+08   1.6135757573418612E+00   6.1974158662829648E-01   7.8586998174301345E+02
   2.8000000000000000E+08   1.6337117577269504E+00   6.1210308077315967E-01   8.0143587514756291E+02
   2.9000000000000000E+08   1.6523692335775537E+00   6.0519161194674065E-01   8.1613641500477183E+02
   3.0000000000000000E+08   1.6696910131519072E+00   5.9891320736779996E-01   8.3004345076785910E+02
   3.1000000000000000E+08   1.6857987186872512E+00   5.9319062763240826E-01   8.4321470140855013E+02
   3.2000000000000000E+08   1.7008002237115927E+00   5.8795853037797563E-01   8.5570268404162425E+02
   3.3000000000000000E+08   1.7146092088458693E+00   5.8322327609165003E-01   8.6701055888262840E+02
   3.4000000000000000E+08   1.7276959311369910E+00   5.7880555367280595E-01   8.7831983854484747E+02
   3.5000000000000000E+08   1.7399264644293717E+00   5.7473693310823992E-01   8.8906318782404401E+02
   3.6000000000000000E+08   1.7512171728594539E+00   5.7103140347074266E-01   8.9877894643233719E+02
   3.7000000000000000E+08   1.7619567734208983E+00   5.6755081343934821E-01   9.0856221724471345E+02
   3.8000000000000000E+08   1.7718786881821658E+00   5.6437272295765140E-01   9.1737979189829184E+02
   3.9000000000000000E+08   1.7811811764586849E+00   5.6142520099397397E-01   9.2575110309668480E+02
   4.0000000000000000E+08   1.7900893366097357E+00   5.5863133730180636E-01   9.3435215149867008E+02
   4.1000000000000000E+08   1.7983082050784889E+00   5.5607820571354960E-01   9.4201320102356590E+02
   4.2000000000000000E+08   1.8060331297474252E+00   5.5369969881994952E-01   9.4931665029609132E+02
   4.3000000000000000E+08   1.8134564012419783E+00   5.5143316338630044E-01   9.5690480654635337E+02
   4.4000000000000000E+08   1.8203050989929062E+00   5.4935845675170369E-01   9.6362847565719517E+02
   4.5000000000000000E+08   1.8267526923464095E+00   5.4741947510997224E-01   9.7006171140445110E+02
   4.6000000000000000E+08   1.8328237854791092E+00   5.4560618861599686E-01   9.7622055265322854E+02
   4.7000000000000000E+08   1.8385428843137104E+00   5.4390898821665468E-01   9.8212336409753209E+02
   4.8000000000000000E+08   1.8439313878625931E+00   5.4231952803794814E-01   9.8778563305979276E+02
   4.9000000000000000E+08   1.8490096158157947E+00   5.4083007002578176E-01   9.9322278277124815E+02
   5.0000000000000000E+08   1.8539394596607630E+00   5.3939193903504368E-01   9.9909787193659713E+02
   5.1000000000000000E+08   1.8584523151890611E+00   5.3808214062154713E-01   1.0041455693697867E+03
   5.2000000000000000E+08   1.8627042610657418E+00   5.3685387471431056E-01   1.0089996042649099E+03
   5.3000000000000000E+08   1.8667097423771948E+00   5.3570192371018122E-01   1.0136704306993357E+03
   5.4000000000000000E+08   1.8704818184003325E+00   5.3462160934299641E-01   1.0181660727536783E+03
   5.5000000000000000E+08   1.8740329045407920E+00   5.3360856022164538E-01   1.0224952577491804E+03
   5.6000000000000000E+08   1.8772442808354846E+00   5.3269572330508907E-01   1.0260052005547154E+03
   5.7000000000000000E+08   1.8803940361084848E+00   5.3180343098169003E-01   1.0300465785547799E+03
   5.8000000000000000E+08   1.8833552185170661E+00   5.3096728124787285E-01   1.0339459006202806E+03
   5.9000000000000000E+08   1.8861371870295509E+00   5.3018412810941129E-01   1.0377081340923130E+03
   6.0000000000000000E+08   1.8887481301269935E+00   5.2945121906368919E-01   1.0413378389566174E+03
   6.1000000000000000E+08   1.8911955234677280E+00   5.2876605702110757E-01   1.0448355266492213E+03
   6.2000000000000000E+08   1.8934873621086716E+00   5.2812604932644269E-01   1.0482073361526482E+03
   6.3000000000000000E+08   1.8956294530778481E+00   5.2752925861979261E-01   1.0514538316507571E+03
   6.4000000000000000E+08   1.8975109716561334E+00   5.2700617542527706E-01   1.0538928197932109E+03
   6.5000000000000000E+08   1.8993916402731434E+00   5.2648436414945698E-01   1.0569862868483242E+03
   6.6000000000000000E+08   1.9011407961772149E+00   5.2599996907687474E-01   1.0599596361191439E+03
   6.7000000000000000E+08   1.9027638683708032E+00   5.2555128706339505E-01   1.0628137144778379E+03
   6.8000000000000000E+08   1.9042651222128142E+00   5.2513696141111355E-01   1.0655498553107584E+03
   6.9000000000000000E+08   1.9055457834871525E+00   5.2478403230490644E-01   1.0675127027278832E+03
   7.0000000000000000E+08   1.9068420825052026E+00   5.2442727647703447E-01   1.0701477140667712E+03
   7.1000000000000000E+08   1.9080298208921260E+00   5.2410082329448926E-01   1.0726630695547008E+03
   7.2000000000000000E+08   1.9091134630997686E+00   5.2380333559448633E-01   1.0750621333815620E+03
   7.3000000000000000E+08   1.9100007409028574E+00   5.2356000633135880E-01   1.0767079534754678E+03
   7.4000000000000000E+08   1.9109127362379830E+00   5.2331013396702863E-01   1.0790307616919042E+03
   7.5000000000000000E+08   1.9117302095768560E+00   5.2308636176301304E-01   1.0812314573115068E+03
   7.6000000000000000E+08   1.9123541409507976E+00   5.2291569777071367E-01   1.0826066703976542E+03
   7.7000000000000000E+08   1.9130215845184317E+00   5.2273325512515423E-01   1.0847526806135527E+03
   7.8000000000000000E+08   1.9136025360471303E+00   5.2257455828087962E-01   1.0867687797798922E+03
   7.9000000000000000E+08   1.9139992043221943E+00   5.2246625690428683E-01   1.0879347759202233E+03
   8.0000000000000000E+08   1.9144482466257102E+00   5.2234371013295300E-01   1.0899109899173338E+03
   8.1000000000000000E+08   1.9148172048836649E+00   5.2224306187010439E-01   1.0917465730834524E+03
   8.2000000000000000E+08   1.9150172681874726E+00   5.2218850274205675E-01   1.0927614609312634E+03
   8.3000000000000000E+08   1.9152682707332964E+00   5.2212006812869682E-01   1.0945587537668180E+03
   8.4000000000000000E+08   1.9154466200369815E+00   5.2207145296520618E-01   1.0962155691548055E+03
   8.5000000000000000E+08   1.9154758980779278E+00   5.2206347310527046E-01   1.0971248306357459E+03
   8.6000000000000000E+08   1.9155479136266658E+00   5.2204384598593601E-01   1.0987404067461123E+03
   8.7000000000000000E+08   1.9154569137287052E+00   5.2206864734605807E-01   1.0994564731798323E+03
   8.8000000000000000E+08   1.9154320839008887E+00   5.2207541494420517E-01   1.1010480621899430E+03
   8.9000000000000000E+08   1.9153416454301748E+00   5.2210006626541339E-01   1.1024781792414476E+03
   9.0000000000000000E+08   1.9151167962187612E+00   5.2216136476606390E-01   1.1031646046252574E+03
   9.1000000000000000E+08   1.9149369411927808E+00   5.2221040729263779E-01   1.1045515366683353E+03
   9.2000000000000000E+08   1.9146152493829964E+00   5.2229814858220724E-01   1.1050978132825901E+03
   9.3000000000000000E+08   1.9143529134593400E+00   5.2236972241076784E-01   1.1064515296429556E+03
   9.4000000000000000E+08   1.9139411933025492E+00   5.2248209270969148E-01   1.1068590542069355E+03
   9.5000000000000000E+08   1.9136033973584659E+00   5.2257432307049523E-01   1.1081962532365392E+03
   9.6000000000000000E+08   1.9132061901495665E+00   5.2268281649340909E-01   1.1093365608465215E+03
   9.7000000000000000E+08   1.9126925958979071E+00   5.2282316674653806E-01   1.1097667118121087E+03
   9.8000000000000000E+08   1.9122180317985440E+00   5.2295291821897860E-01   1.1108310613035333E+03
   9.9000000000000000E+08   1.9116287863348966E+00   5.2311411459610180E-01   1.1111606765723852E+03
   1.0000000000000000E+09   1.9110841357235546E+00   5.2326319982840030E-01   1.1121623346699557E+03
   1.1000000000000000E+09   1.9036001774164188E+00   5.2532039651162887E-01   1.1169197024972505E+03
   1.2000000000000000E+09   1.8937114255877674E+00   5.2806356157967493E-01   1.1186191540821403E+03
   1.3000000000000000E+09   1.8821544043671747E+00   5.3130603827172407E-01   1.1184916597809965E+03
   1.4000000000000000E+09   1.8694139635943665E+00   5.3492699823279188E-01   1.1171467785583668E+03
   1.5000000000000000E+09   1.8558094735349693E+00   5.3884841857994592E-01   1.1146429003145549E+03
   1.6000000000000000E+09   1.8415693203141028E+00   5.4301512789615625E-01   1.1108573728571653E+03
   1.7000000000000000E+09   1.8269143497015710E+00   5.4737103584705626E-01   1.1063694684480568E+03
   1.8000000000000000E+09   1.8119943375346483E+00   5.5187810429947248E-01   1.1014390202675886E+03
   1.9000000000000000E+09   1.7969117452450130E+00   5.5651035875646071E-01   1.0960760142962099E+03
   2.0000000000000000E+09   1.7817064196650629E+00   5.6125969405665987E-01   1.0895473668944562E+03
   2.1000000000000000E+09   1.7665645811681778E+00   5.6607044580206012E-01   1.0841125089531101E+03
   2.2000000000000000E+09   1.7513994382387277E+00   5.7097197713254799E-01   1.0772745849661142E+03
   2.3000000000000000E+09   1.7363107996787530E+00   5.7593375574523709E-01   1.0701727375731657E+03
   2.4000000000000000E+09   1.7214117018379202E+00   5.8091855593424757E-01   1.0646226707446347E+03
   2.5000000000000000E+09   1.7065935620645349E+00   5.8596259954845953E-01   1.0578628137909839E+03
   2.6000000000000000E+09   1.6919278740569399E+00   5.9104174316968916E-01   1.0510281613617617E+03
   2.7000000000000000E+09   1.6774299981663654E+00   5.9615006354549605E-01   1.0441633395928577E+03
   2.8000000000000000E+09   1.6630581960653565E+00   6.0130186806806196E-01   1.0359526249873011E+03
   2.9000000000000000E+09   1.6489419748226086E+00   6.0644947807067562E-01   1.0294879820339063E+03
   3.0000000000000000E+09   1.6350164892733918E+00   6.1161462686190049E-01   1.0230307930700949E+03
   3.1000000000000000E+09   1.6212819318632170E+00   6.1679587019808180E-01   1.0164986875156617E+03
   3.2000000000000000E+09   1.6077004817860998E+00   6.2200640687065956E-01   1.0087230685230755E+03
   3.3000000000000000E+09   1.5943729824040684E+00   6.2720581133540942E-01   1.0025575167903801E+03
   3.4000000000000000E+09   1.5811926964450287E+00   6.3243398622336466E-01   9.9486963875732465E+02
   3.5000000000000000E+09   1.5682674866390884E+00   6.3764632533642140E-01   9.8897680422460587E+02
   3.6000000000000000E+09   1.5554908812400818E+00   6.4288387161920968E-01   9.8157623002557011E+02
   3.7000000000000000E+09   1.5429580260661866E+00   6.4810577028432026E-01   9.7579871228446109E+02
   3.8000000000000000E+09   1.5305794692305374E+00   6.5334732374446813E-01   9.6876623694471255E+02
   3.9000000000000000E+09   1.5183880880674410E+00   6.5859315405508112E-01   9.6161994569587966E+02
   4.0000000000000000E+09   1.5064323204903964E+00   6.6382006439855534E-01   9.5620064981873065E+02
   4.1000000000000000E+09   1.4946247173591387E+00   6.6906427304835836E-01   9.4949044034992016E+02
   4.2000000000000000E+09   1.4830000184616714E+00   6.7430882505133660E-01   9.4282871282757083E+02
   4.3000000000000000E+09   1.4715538349051531E+00   6.7955379971841379E-01   9.3617188242473958E+02
   4.4000000000000000E+09   1.3786190402478335E+00   7.2536354917906165E-01   5.5251958843885029E+02
   4.5000000000000000E+09   1.3699198634390921E+00   7.2996970603051703E-01   5.4904197692313994E+02
   4.6000000000000000E+09   1.3613324131975371E+00   7.3457444361526014E-01   5.4560931480106331E+02
   4.7000000000000000E+09   1.3528557820117209E+00   7.3917708989866027E-01   5.4222105914555573E+02
   4.8000000000000000E+09   1.3444889294137139E+00   7.4377704280247681E-01   5.3887658164216532E+02
   4.9000000000000000E+09   1.3362307134817983E+00   7.4837375754843538E-01   5.3557555095510122E+02
   5.0000000000000000E+09   1.3280798965940110E+00   7.5296674738063318E-01   5.3231739504536392E+02
   5.1000000000000000E+09   1.3200351687767624E+00   7.5755557401297924E-01   5.2910157783974523E+02
   5.2000000000000000E+09   1.3120951542225940E+00   7.6213984693243697E-01   5.2592726615878064E+02
   5.3000000000000000E+09   1.3042584600419125E+00   7.6671919764113705E-01   5.2279494561140575E+02
   5.4000000000000000E+09   1.2965235890297619E+00   7.7129333277178425E-01   5.1970207034954228E+02
   5.5000000000000000E+09   1.2888891266232803E+00   7.7586192585848590E-01   5.1665106671994090E+02
   5.6000000000000000E+09   1.2813535244230285E+00   7.8042474690993879E-01   5.1363916193576802E+02
   5.7000000000000000E+09   1.2739152645329541E+00   7.8498156654604700E-01   5.1066551066656950E+02
   5.8000000000000000E+09   1.2665728452835254E+00   7.8953216447345176E-01   5.0773038464895234E+02
   5.9000000000000000E+09   1.2593247376913930E+00   7.9407635701114743E-01   5.0483285661766172E+02
   6.0000000000000000E+09   1.2521694287116587E+00   7.9861397113718668E-01   5.0197266636900565E+02
   6.1000000000000000E+09   1.2451053953377498E+00   8.0314486126593176E-01   4.9914876244084599E+02
   6.2000000000000000E+09   1.2381311383924112E+00   8.0766888820710836E-01   4.9636083351978368E+02
   6.3000000000000000E+09   1.2312451620064611E+00   8.1218593246724380E-01   4.9360814504502986E+02
   6.4000000000000000E+09   1.2244459881172503E+00   8.1669588508157409E-01   4.9089016189031111E+02
   6.5000000000000000E+09   1.2177321574198519E+00   8.2119864693301226E-01   4.8820651258763115E+02
   6.6000000000000000E+09   1.2111022173452277E+00   8.2569413685991766E-01   4.8555625295531166E+02
   6.7000000000000000E+09   1.2045547384660236E+00   8.3018228069359490E-01   4.8293866660706880E+02
   6.8000000000000000E+09   1.1980883117868237E+00   8.3466301286973121E-01   4.8035306759926073E+02
   6.9000000000000000E+09   1.1917015814006793E+00   8.3913625324272834E-01   4.7780062109509970E+02
   7.0000000000000000E+09   1.1853931495776107E+00   8.4360197319878949E-01   4.7527892453541307E+02
   7.1000000000000000E+09   1.1791616792741200E+00   8.4806012404981657E-01   4.7278775561565283E+02
   7.2000000000000000E+09   1.1730058569919535E+00   8.5251066227784400E-01   4.7032698616546770E+02
   7.3000000000000000E+09   1.1669243810260739E+00   8.5695355779669502E-01   4.6789586118649123E+02
   7.4000000000000000E+09   1.1609159810329643E+00   8.6138877949652848E-01   4.6549414005821222E+02
   7.5000000000000000E+09   1.1549793946312139E+00   8.6581631209039989E-01   4.6312067876421116E+02
   7.6000000000000000E+09   1.1491134066456177E+00   8.7023612657962535E-01   4.6077582220957100E+02
   7.7000000000000000E+09   1.1433168033641885E+00   8.7464821391369285E-01   4.5845860883914560E+02
   7.8000000000000000E+09   1.1375884072947922E+00   8.7905255854181930E-01   4.5616891766615066E+02
   7.9000000000000000E+09   1.1319270455879560E+00   8.8344916211501157E-01   4.5390548755274529E+02
   8.0000000000000000E+09   1.1263315950040895E+00   8.8783800830551096E-01   4.5166880147249748E+02
   8.1000000000000000E+09   1.1208009310405906E+00   8.9221910180924402E-01   4.4945784023481059E+02
   8.2000000000000000E+09   1.1153339654956091E+00   8.9659243862051741E-01   4.4727252260541417E+02
   8.3000000000000000E+09   1.1099296192757133E+00   9.0095802709774708E-01   4.4511194122984642E+02
   8.4000000000000000E+09   1.1045868502047993E+00   9.0531586521656682E-01   4.4297623431049567E+02
   8.5000000000000000E+09   1.0993046231571360E+00   9.0966596422387558E-01   4.4086460570172761E+02
   8.6000000000000000E+09   1.0940819316565285E+00   9.1400833069779286E-01   4.3877680152922090E+02
   8.7000000000000000E+09   1.0889177870680740E+00   9.1834297490218608E-01   4.3671240307536340E+02
   8.8000000000000000E+09   1.0838112204209673E+00   9.2266990889020906E-01   4.3467097218284704E+02
   8.9000000000000000E+09   1.0787612861065701E+00   9.2698914289848822E-01   4.3265234170257384E+02
   9.0000000000000000E+09   1.0737670440221996E+00   9.3130070024697620E-01   4.3065536092515788E+02
   9.1000000000000000E+09   1.0688276018728378E+00   9.3560458042790495E-01   4.2868096957901150E+02
   9.2000000000000000E+09   1.0639420602969463E+00   9.3990080599022485E-01   4.2672827283774717E+02
   9.3000000000000000E+09   1.0591095414027081E+00   9.4418939770439436E-01   4.2479660751448750E+02
   9.4000000000000000E+09   1.0543291897337950E+00   9.4847037314075289E-01   4.2288565373253044E+02
   9.5000000000000000E+09   1.0496001671385249E+00   9.5274375072390927E-01   4.2099508997690384E+02
   9.6000000000000000E+09   1.0449216554132954E+00   9.5700954690662676E-01   4.1912482363683358E+02
   9.7000000000000000E+09   1.0402928503197864E+00   9.6126778117584866E-01   4.1727456520869174E+02
   9.8000000000000000E+09   1.0357129602490112E+00   9.6551847701082671E-01   4.1544374389446665E+02
   9.9000000000000000E+09   1.0311812127950419E+00   9.6976165546061077E-01   4.1363203930914983E+02
   1.0000000000000000E+10   1.0266968542946795E+00   9.7399733506243236E-01   4.1183938449231761E+02
   1.1000000000000000E+10   9.8430362348388178E-01   1.0159466816352478E+00   3.9489293760467081E+02
   1.2000000000000000E+10   9.4592027338233253E-01   1.0571715483211861E+00   3.7954938194537544E+02
   1.3000000000000000E+10   9.1099942806625434E-01   1.0976955299770759E+00   3.6559026920055453E+02
   1.4000000000000000E+10   8.7908873507645779E-01   1.1375415929007737E+00   3.5283463214687799E+02
   1.5000000000000000E+10   8.4981154204090104E-01   1.1767314875465302E+00   3.4113208105887372E+02
   1.6000000000000000E+10   8.2285186170860525E-01   1.2152855775565201E+00   3.3035604345733884E+02
   1.7000000000000000E+10   7.9794268912664124E-01   1.2532228362095945E+00   3.2039969835028421E+02
   1.8000000000000000E+10   7.7485687000962578E-01   1.2905609264167426E+00   3.1117267014904900E+02
   1.9000000000000000E+10   7.5339990670109436E-01   1.3273163310819767E+00   3.0259694144066100E+02
   2.0000000000000000E+10   7.3340427340025482E-01   1.3635044630483779E+00   2.9460543701986353E+02
   2.1000000000000000E+10   7.1472487254992734E-01   1.3991397786847621E+00   2.8714032034721799E+02
   2.2000000000000000E+10   6.9723537516978218E-01   1.4342358916549414E+00   2.8015086526735234E+02
   2.3000000000000000E+10   6.8082526626266859E-01   1.4688056533057501E+00   2.7359322784314759E+02
   2.4000000000000000E+10   6.6539742020545301E-01   1.5028612519886728E+00   2.6742818070788599E+02
   2.5000000000000000E+10   6.5086612640739561E-01   1.5364142631292379E+00   2.6162183440643429E+02
   2.6000000000000000E+10   6.3715543993508883E-01   1.5694757312311054E+00   2.5614350967920899E+02
   2.7000000000000000E+10   6.2419782543927571E-01   1.6020562059732519E+00   2.5096639053149693E+02
   2.8000000000000000E+10   6.1193301273602163E-01   1.6341657978687687E+00   2.4606638406427265E+02
   2.9000000000000000E+10   6.0030703880341518E-01   1.6658142173266670E+00   2.4142179525665790E+02
   3.0000000000000000E+10   5.8927143975764773E-01   1.6970108044117573E+00   2.3701332037301898E+02
   3.1000000000000000E+10   5.7878256163784092E-01   1.7277645635524965E+00   2.3282345101592935E+02
   3.2000000000000000E+10   5.6880097539362851E-01   1.7580841863148498E+00   2.2883647689096077E+02
   3.3000000000000000E+10   5.5929097340510980E-01   1.7879780785871413E+00   2.2503800150884558E+02
   3.4000000000000000E+10   5.5022014011038178E-01   1.8174543734429394E+00   2.2141524034167864E+02
   3.5000000000000000E+10   5.4155897663025820E-01   1.8465209573706987E+00   2.1795633658020895E+02
   3.6000000000000000E+10   5.3328057926318007E-01   1.8751854818746152E+00   2.1465049550249711E+02
   3.7000000000000000E+10   5.2536035864293940E-01   1.9034553779107060E+00   2.1148785813897834E+02
   3.8000000000000000E+10   5.1777579562309362E-01   1.9313378656423983E+00   2.0845955052224312E+02
   3.9000000000000000E+10   5.1050622479175467E-01   1.9588399738081930E+00   2.0555713029217736E+02
   4.0000000000000000E+10   5.0353264880472759E-01   1.9859685412133128E+00   2.0277302305243137E+02
   4.1000000000000000E+10   4.9683757390618105E-01   2.0127302211423173E+00   2.0010070546132872E+02
   4.2000000000000000E+10   4.9040485665178307E-01   2.0391315184508056E+00   1.9753302636219033E+02
   4.3000000000000000E+10   4.8421958274009963E-01   2.0651787652643137E+00   1.9506397697524952E+02
   4.4000000000000000E+10   4.7826795258180899E-01   2.0908781251216020E+00   1.9268874419628733E+02
   4.5000000000000000E+10   4.7253717115458438E-01   2.1162356340277477E+00   1.9040179648782819E+02
   4.6000000000000000E+10   4.6701536476665934E-01   2.1412571736256312E+00   1.8819861871514365E+02
   4.7000000000000000E+10   4.6169149452042973E-01   2.1659484999582341E+00   1.8607442588752400E+02
   4.8000000000000000E+10   4.5655528759748371E-01   2.1903152305217364E+00   1.8402511322417448E+02
   4.9000000000000000E+10   4.5159717248598913E-01   2.2143628457528157E+00   1.8204737076189028E+02
   5.0000000000000000E+10   4.4680821434520201E-01   2.2380967222491677E+00   1.8013715131383802E+02
   5.1000000000000000E+10   4.4218006766035245E-01   2.2615221108702723E+00   1.7829103653002261E+02
   5.2000000000000000E+10   4.3770492871353367E-01   2.2846441390073395E+00   1.7650625892434061E+02
   5.3000000000000000E+10   4.3337548897542194E-01   2.3074678320275588E+00   1.7477979926813632E+02
   5.4000000000000000E+10   4.2918489808583837E-01   2.3299981067833309E+00   1.7310885244493758E+02
   5.5000000000000000E+10   4.2512672913618038E-01   2.3522397710252445E+00   1.7149103872081054E+02
   5.6000000000000000E+10   4.2119494327994084E-01   2.3741975442838243E+00   1.6992347851218207E+02
   5.7000000000000000E+10   4.1738386674541916E-01   2.3958760260610270E+00   1.6840451262178033E+02
   5.8000000000000000E+10   4.1368815576420948E-01   2.4172797457850637E+00   1.6693137523292287E+02
   5.9000000000000000E+10   4.1010278070258022E-01   2.4384131175282922E+00   1.6550249987212186E+02
   6.0000000000000000E+10   4.0662299802079421E-01   2.4592804756922808E+00   1.6411595362736801E+02
   6.1000000000000000E+10   4.0324433146853739E-01   2.4798860689701323E+00   1.6276978071983100E+02
   6.2000000000000000E+10   3.9996255431433286E-01   2.5002340574465238E+00   1.6146229243769574E+02
   6.3000000000000000E+10   3.9677367259680946E-01   2.5203285123611838E+00   1.6019214843049829E+02
   6.4000000000000000E+10   3.9367390617138931E-01   2.5401734387867747E+00   1.5895740418294926E+02
   6.5000000000000000E+10   3.9065967976237964E-01   2.5597727428851993E+00   1.5775710966535522E+02
   6.6000000000000000E+10   3.8772760342730567E-01   2.5791302738327948E+00   1.5658947279275179E+02
   6.7000000000000000E+10   3.8487446586929702E-01   2.5982497896849286E+00   1.5545350607507547E+02
   6.8000000000000000E+10   3.8209721922303092E-01   2.6171349847387875E+00   1.5434785940462660E+02
   6.9000000000000000E+10   3.7939297077402900E-01   2.6357894769632200E+00   1.5327146536036443E+02
   7.0000000000000000E+10   3.7675897198317732E-01   2.6542168186100987E+00   1.5222312736082793E+02
   7.1000000000000000E+10   3.7419261091363315E-01   2.6724204883639691E+00   1.5120196393364319E+02
   7.2000000000000000E+10   3.7169140183138166E-01   2.6904039078462505E+00   1.5020672224562597E+02
   7.3000000000000000E+10   3.6925298024727304E-01   2.7081704237846438E+00   1.4923664560974530E+02
   7.4000000000000000E+10   3.6687509363483106E-01   2.7257233247764421E+00   1.4829080864137586E+02
   7.5000000000000000E+10   3.6455559508319613E-01   2.7430658409502335E+00   1.4736814045810914E+02
   7.6000000000000000E+10   3.6229243893242691E-01   2.7602011318445303E+00   1.4646810821258640E+02
   7.7000000000000000E+10   3.6008367273360248E-01   2.7771323048568806E+00   1.4558987049944739E+02
   7.8000000000000000E+10   3.5792743329148036E-01   2.7938624061420967E+00   1.4473280637423349E+02
   7.9000000000000000E+10   3.5582193940009998E-01   2.8103944396625904E+00   1.4389571808457396E+02
   8.0000000000000000E+10   3.5376549206037333E-01   2.8267313303394244E+00   1.4307843431978759E+02
   8.1000000000000000E+10   3.5175646472124222E-01   2.8428759675887521E+00   1.4228008115894562E+02
   8.2000000000000000E+10   3.4979330276659831E-01   2.8588311785582019E+00   1.4150017865776874E+02
   8.3000000000000000E+10   3.4787451703957878E-01   2.8745997508240220E+00   1.4073780986379671E+02
   8.4000000000000000E+10   3.4599868375144061E-01   2.8901844052053756E+00   1.3999272458114984E+02
   8.5000000000000000E+10   3.4416443768592953E-01   2.9055878251795426E+00   1.3926424743120447E+02
   8.6000000000000000E+10   3.4237047172196133E-01   2.9208126360035482E+00   1.3855209280539066E+02
   8.7000000000000000E+10   3.4061553067360756E-01   2.9358614330426498E+00   1.3785533952524926E+02
   8.8000000000000000E+10   3.3889841212386634E-01   2.9507367524475248E+00   1.3717360068942668E+02
   8.9000000000000000E+10   3.3721796323876285E-01   2.9654410767316182E+00   1.3650681717081926E+02
   9.0000000000000000E+10   3.3557307434350409E-01   2.9799768707794652E+00   1.3585398030169756E+02
   9.1000000000000000E+10   3.3396268283342112E-01   2.9943465285275455E+00   1.3521507817714289E+02
   9.2000000000000000E+10   3.3238576592287888E-01   3.0085524186737378E+00   1.3458953813522228E+02
   9.3000000000000000E+10   3.3084134122419195E-01   3.0225968625920854E+00   1.3397700937853401E+02
   9.4000000000000000E+10   3.2932846406060617E-01   3.0364821420840520E+00   1.3337708553046997E+02
   9.5000000000000000E+10   3.2784622581888628E-01   3.0502104988465999E+00   1.3278943728812476E+02
   9.6000000000000000E+10   3.2639375200835052E-01   3.0637841375542507E+00   1.3221366524122774E+02
   9.7000000000000000E+10   3.2497020120604442E-01   3.0772052215518655E+00   1.3164948639344038E+02
   9.8000000000000000E+10   3.2357476291221843E-01   3.0904758795150133E+00   1.3109655939020288E+02
   9.9000000000000000E+10   3.2220665653832142E-01   3.1035982022955690E+00   1.3055457462471082E+02
   1.0000000000000000E+11   3.2086512942202516E-01   3.1165742497519182E+00   1.3002312406979630E+02
   1.1000000000000000E+11   3.0876419507589464E-01   3.2387174936336089E+00   1.2523496946023894E+02
   1.2000000000000000E+11   2.9866304787670367E-01   3.3482548547915032E+00   1.2124646777024678E+02
   1.3000000000000000E+11   2.9012819972504966E-01   3.4467521631736795E+00   1.1788419247118739E+02
   1.4000000000000000E+11   2.8284198841021901E-01   3.5355429567609078E+00   1.1502107441172448E+02
   1.5000000000000000E+11   2.7656637869084943E-01   3.6157684991703820E+00   1.1256200699237765E+02
   1.6000000000000000E+11   2.7111953456382826E-01   3.6884099908506425E+00   1.1043388194986063E+02
   1.7000000000000000E+11   2.6636020296760787E-01   3.7543146042789677E+00   1.0858051801452353E+02
   1.8000000000000000E+11   2.6217702293036849E-01   3.8142167792697452E+00   1.0695730770667448E+02
   1.9000000000000000E+11   2.5848104498183749E-01   3.8687556376533005E+00   1.0552845887047597E+02
   2.0000000000000000E+11   2.5520038804372147E-01   3.9184893395564826E+00   1.0426545121041208E+02
   2.1000000000000000E+11   2.5227635193867431E-01   3.9639070103688891E+00   1.0314469120642040E+02
   2.2000000000000000E+11   2.4966054546072544E-01   4.0054386573360743E+00   1.0214679533072280E+02
   2.3000000000000000E+11   2.4731273359203701E-01   4.0434634540475525E+00   1.0125570439344688E+02
   2.4000000000000000E+11   2.4519920008952978E-01   4.0783167303762387E+00   1.0045794987483350E+02
   2.5000000000000000E+11   2.4329148896147210E-01   4.1102958606100737E+00   9.9742101791847887E+01
   2.6000000000000000E+11   2.4156542663313982E-01   4.1396652407493661E+00   9.9098492479900727E+01
   2.7000000000000000E+11   2.4000035284148935E-01   4.1666605409553714E+00   9.8518901791562783E+01
   2.8000000000000000E+11   2.3857851179198544E-01   4.1914923204479182E+00   9.7996203532411883E+01
   2.9000000000000000E+11   2.3728456446029161E-01   4.2143491392898635E+00   9.7524254697465182E+01
   3.0000000000000000E+11   2.3610519615757875E-01   4.2354002210632888E+00   9.7097731074164940E+01
   3.1000000000000000E+11   2.3502879774704349E-01   4.2547977506836370E+00   9.6712003295681313E+01
   3.2000000000000000E+11   2.3404520482810398E-01   4.2726788644717439E+00   9.6363013087876936E+01
   3.3000000000000000E+11   2.3314548324605586E-01   4.2891673734233375E+00   9.6047171907832720E+01
   3.4000000000000000E+11   2.3232175143348652E-01   4.3043752633136423E+00   9.5761396379929835E+01
   3.5000000000000000E+11   2.3156703239397336E-01   4.3184040044986371E+00   9.5502745543351665E+01
   3.6000000000000000E+11   2.3087512978649571E-01   4.3313456972379871E+00   9.5268886909357462E+01
   3.7000000000000000E+11   2.3024052484165136E-01   4.3432840534382606E+00   9.5057572456930146E+01
   3.8000000000000000E+11   2.2965828601570504E-01   4.3542953200112962E+00   9.4866786866147379E+01
   3.9000000000000000E+11   2.2912399758478694E-01   4.3644489906822264E+00   9.4694987661538789E+01
   4.0000000000000000E+11   2.2863369145522369E-01   4.3738085740344319E+00   9.4540300505306533E+01
   4.1000000000000000E+11   2.2818379644542566E-01   4.3824321252327332E+00   9.4401320382013992E+01
   4.2000000000000000E+11   2.2777109181193211E-01   4.3903727731422926E+00   9.4276970893878371E+01
   4.3000000000000000E+11   2.2739266180112325E-01   4.3976792921954369E+00   9.4166059427122718E+01
   4.4000000000000000E+11   2.2704586541651087E-01   4.4043964340223551E+00   9.4067386167281256E+01
   4.5000000000000000E+11   2.2672830467069474E-01   4.4105653303958787E+00   9.3979985345843986E+01
   4.6000000000000000E+11   2.2643779826273991E-01   4.4162238269057976E+00   9.3903229058096869E+01
   4.7000000000000000E+11   2.2617235681676950E-01   4.4214068159095881E+00   9.3836030438938323E+01
   4.8000000000000000E+11   2.2593016507494856E-01   4.4261464584344763E+00   9.3777925448106430E+01
   4.9000000000000000E+11   2.2570956213891324E-01   4.4304724643635121E+00   9.3727980770771424E+01
   5.0000000000000000E+11   2.2550902792715349E-01   4.4344122680668532E+00   9.3685885532599755E+01
   5.1000000000000000E+11   2.2532716649826132E-01   4.4379912797053542E+00   9.3650841191592036E+01
   5.2000000000000000E+11   2.2516269601304856E-01   4.4412330181996422E+00   9.3622577701498557E+01
   5.3000000000000000E+11   2.2501443713284652E-01   4.4441592848089524E+00   9.3600401575274176E+01
   5.4000000000000000E+11   2.2488130395934822E-01   4.4467902951183973E+00   9.3583926651763647E+01
   5.5000000000000000E+11   2.2476229345812551E-01   4.4491448481606897E+00   9.3572875449000051E+01
   5.6000000000000000E+11   2.2465648053101231E-01   4.4512403899337185E+00   9.3566854457126041E+01
   5.7000000000000000E+11   2.2456300978704902E-01   4.4530931472119590E+00   9.3565408264230257E+01
   5.8000000000000000E+11   2.2448108765874483E-01   4.4547182590285548E+00   9.3568272954857690E+01
   5.9000000000000000E+11   2.2440998182152583E-01   4.4561297669695650E+00   9.3575338632206112E+01
   6.0000000000000000E+11   2.2434900875164968E-01   4.4573408439124513E+00   9.3585968968324806E+01
   6.1000000000000000E+11   2.2429753696560606E-01   4.4583637142361523E+00   9.3600213877585304E+01
   6.2000000000000000E+11   2.2425497915619516E-01   4.4592097966462232E+00   9.3617835977184967E+01
   6.3000000000000000E+11   2.2422078669290654E-01   4.4598898021422215E+00   9.3638407502295536E+01
   6.4000000000000000E+11   2.2419445108642247E-01   4.4604136951387803E+00   9.3661982046541596E+01
   6.5000000000000000E+11   2.2417549549959076E-01   4.4607908539308916E+00   9.3688104095667711E+01
   6.6000000000000000E+11   2.2416347906012873E-01   4.4610299777322959E+00   9.3716926340129589E+01
   6.7000000000000000E+11   2.2415798451888963E-01   4.4611393261154646E+00   9.3747920808235477E+01
   6.8000000000000000E+11   2.2415862861469060E-01   4.4611265075096176E+00   9.3781205098392221E+01
   6.9000000000000000E+11   2.2416504735065068E-01   4.4609987677327227E+00   9.3816578448207025E+01
   7.0000000000000000E+11   2.2417690221896433E-01   4.4607628622829845E+00   9.3853861082005650E+01
   7.1000000000000000E+11   2.2419387743245600E-01   4.4604251081801962E+00   9.3893016251994240E+01
   7.2000000000000000E+11   2.2421567374460527E-01   4.4599915041579941E+00   9.3933736145172873E+01
   7.3000000000000000E+11   2.2424201375629638E-01   4.4594676227211751E+00   9.3976113537435978E+01
   7.4000000000000000E+11   2.2427263524091462E-01   4.4588587409507001E+00   9.4019954457081255E+01
   7.5000000000000000E+11   2.2430729258644352E-01   4.4581698101260807E+00   9.4065201281854570E+01
   7.6000000000000000E+11   2.2434575455789052E-01   4.4574054988054552E+00   9.4111767974847410E+01
   7.7000000000000000E+11   2.2438780450969911E-01   4.4565701874264532E+00   9.4159526250318081E+01
   7.8000000000000000E+11   2.2443323767946730E-01   4.4556680210984947E+00   9.4208407352313401E+01
   7.9000000000000000E+11   2.2448186142833204E-01   4.4547029039994825E+00   9.4258373624493515E+01
   8.0000000000000000E+11   2.2453349469311129E-01   4.4536785095995759E+00   9.4309362517121230E+01
   8.1000000000000000E+11   2.2458796785000207E-01   4.4525982828602855E+00   9.4361175488023889E+01
   8.2000000000000000E+11   2.2464511868802453E-01   4.4514655196614719E+00   9.4413899381537519E+01
   8.3000000000000000E+11   2.2470479449691261E-01   4.4502833250126308E+00   9.4467446405074639E+01
   8.4000000000000000E+11   2.2476685378920599E-01   4.4490545787406637E+00   9.4521801154662768E+01
   8.5000000000000000E+11   2.2483115998290004E-01   4.4477820604406304E+00   9.4576741954328867E+01
   8.6000000000000000E+11   2.2489758663904594E-01   4.4464683456340106E+00   9.4632383231351398E+01
   8.7000000000000000E+11   2.2496601180494416E-01   4.4451159176304635E+00   9.4688631909055729E+01
   8.8000000000000000E+11   2.2503632089699460E-01   4.4437271104237794E+00   9.4745435354254553E+01
   8.9000000000000000E+11   2.2510840682775135E-01   4.4423041062397148E+00   9.4802820746533754E+01
   9.0000000000000000E+11   2.2518216653747614E-01   4.4408490040598938E+00   9.4860636241317323E+01
   9.1000000000000000E+11   2.2525750228642294E-01   4.4393637941011370E+00   9.4918881119998588E+01
   9.2000000000000000E+11   2.2533432482612697E-01   4.4378502954293477E+00   9.4977496643633302E+01
   9.3000000000000000E+11   2.2541254775375488E-01   4.4363102673965598E+00   9.5036557626331103E+01
   9.4000000000000000E+11   2.2549208520364192E-01   4.4347454550207388E+00   9.5095952531751294E+01
   9.5000000000000000E+11   2.2557285990169210E-01   4.4331574305340391E+00   9.5155762913874739E+01
   9.6000000000000000E+11   2.2565480166127025E-01   4.4315476233521371E+00   9.5215749193116224E+01
   9.7000000000000000E+11   2.2573783727419833E-01   4.4299175188133129E+00   9.5276035901721954E+01
   9.8000000000000000E+11   2.2582190084977732E-01   4.4282684550832228E+00   9.5336562197220417E+01
   9.9000000000000000E+11   2.2590692687730177E-01   4.4266017595075180E+00   9.5397308218353402E+01
   1.0000000000000000E+12   2.2599285736113828E-01   4.4249186088301569E+00   9.5458159055815401E+01
   1.1000000000000000E+12   2.2689068963456030E-01   4.4074087024489295E+00   9.6074285278730670E+01
   1.2000000000000000E+12   2.2783109720406827E-01   4.3892164514499985E+00   9.6692729164438930E+01
   1.3000000000000000E+12   2.2878696516971989E-01   4.3708783813718375E+00   9.7304229363107737E+01
   1.4000000000000000E+12   2.2974159181602466E-01   4.3527164241152843E+00   9.7903523321370997E+01
   1.5000000000000000E+12   2.3068468345267329E-01   4.3349215259241856E+00   9.8487471522994497E+01
   1.6000000000000000E+12   2.3160995449471128E-01   4.3176037151841618E+00   9.9054598366850001E+01
   1.7000000000000000E+12   2.3251372077171928E-01   4.3008214598302983E+00   9.9604291153272115E+01
   1.8000000000000000E+12   2.3339393112028267E-01   4.2846015541194031E+00   1.0013639686213200E+02
   1.9000000000000000E+12   2.3424964589572797E-01   4.2689498896622968E+00   1.0065136494811213E+02
   2.0000000000000000E+12   2.3508061228407193E-01   4.2538599431228210E+00   1.0114951392840646E+02
   2.1000000000000000E+12   2.3588707651541826E-01   4.2393166034029726E+00   1.0163153459380844E+02
   2.2000000000000000E+12   2.3666952250037021E-01   4.2253011263773343E+00   1.0209806505864186E+02
   2.3000000000000000E+12   2.3742866874747076E-01   4.2117912940985258E+00   1.0254979149141833E+02
   2.4000000000000000E+12   2.3816531908774793E-01   4.1987641350568223E+00   1.0298744180638273E+02
   2.5000000000000000E+12   2.3888035091321219E-01   4.1861961277983513E+00   1.0341165538519643E+02
   2.6000000000000000E+12   2.3957463517755204E-01   4.1740645843366782E+00   1.0382313957223509E+02
   2.7000000000000000E+12   2.4024907981230167E-01   4.1623468476185863E+00   1.0422249160919750E+02
   2.8000000000000000E+12   2.4090453902604672E-01   4.1510218281602391E+00   1.0461032686269992E+02
   2.9000000000000000E+12   2.4154187937058408E-01   4.1400688054834438E+00   1.0498720652599927E+02
   3.0000000000000000E+12   2.4216188058501339E-01   4.1294690873072399E+00   1.0535368343893109E+02
   3.1000000000000000E+12   2.4276539334603614E-01   4.1192032612927116E+00   1.0571024072209097E+02
   3.2000000000000000E+12   2.4335310601030566E-01   4.1092551329821596E+00   1.0605737142507276E+02
   3.3000000000000000E+12   2.4392573557819447E-01   4.0996084223324329E+00   1.0639550956945843E+02
   3.4000000000000000E+12   2.4448399889664627E-01   4.0902472330008903E+00   1.0672510112941627E+02
   3.5000000000000000E+12   2.4502846534991132E-01   4.0811584832478811E+00   1.0704652452011948E+02
   3.6000000000000000E+12   2.4555977515263275E-01   4.0723282116479762E+00   1.0736011142114602E+02
   3.7000000000000000E+12   2.4607848710807276E-01   4.0637440995027738E+00   1.0766626140423887E+02
   3.8000000000000000E+12   2.4658513911458402E-01   4.0553944312731547E+00   1.0796532019772810E+02
   3.9000000000000000E+12   2.4708024525204411E-01   4.0472681212531176E+00   1.0825753635497371E+02
   4.0000000000000000E+12   2.4756428710728848E-01   4.0393548345954438E+00   1.0854323504576340E+02
   4.1000000000000000E+12   2.4803771984660727E-01   4.0316448668308400E+00   1.0882266754448274E+02
   4.2000000000000000E+12   2.4850095385252194E-01   4.0241294228330045E+00   1.0909612821465016E+02
   4.3000000000000000E+12   2.4895439454300239E-01   4.0167999517970676E+00   1.0936379921388279E+02
   4.4000000000000000E+12   2.4939844758836133E-01   4.0096480538264068E+00   1.0962598123580960E+02
   4.5000000000000000E+12   2.4983343870678354E-01   4.0026667574057129E+00   1.0988283697596709E+02
   4.6000000000000000E+12   2.5025972861235424E-01   3.9958486550945400E+00   1.1013457273288627E+02
   4.7000000000000000E+12   2.5067767170140998E-01   3.9891865646140654E+00   1.1038141421755755E+02
   4.8000000000000000E+12   2.5108755641778041E-01   3.9826744672926635E+00   1.1062349858361358E+02
   4.9000000000000000E+12   2.5148964930481005E-01   3.9763067894217068E+00   1.1086104624608561E+02
   5.0000000000000000E+12   2.5188423846225250E-01   3.9700777075412788E+00   1.1109419648717457E+02
   5.1000000000000000E+12   2.5227165456886869E-01   3.9639808194424240E+00   1.1132310662605050E+02
   5.2000000000000000E+12   2.5265205778522526E-01   3.9580124886617045E+00   1.1154792408281976E+02
   5.3000000000000000E+12   2.5302573524830407E-01   3.9521671541381393E+00   1.1176879397536001E+02
   5.4000000000000000E+12   2.5339285220206270E-01   3.9464412326933815E+00   1.1198584559488150E+02
   5.5000000000000000E+12   2.5375367296295481E-01   3.9408296570587531E+00   1.1219919320991782E+02
   5.6000000000000000E+12   2.5410845079693983E-01   3.9353276007302429E+00   1.1240899654709700E+02
   5.7000000000000000E+12   2.5445727637140647E-01   3.9299328133198981E+00   1.1261533179642792E+02
   5.8000000000000000E+12   2.5480042556382965E-01   3.9246402269037493E+00   1.1281833190203983E+02
   5.9000000000000000E+12   2.5513811258440011E-01   3.9194457851497924E+00   1.1301809649151507E+02
   6.0000000000000000E+12   2.5547033766985650E-01   3.9143487620558792E+00   1.1321471756405865E+02
   6.1000000000000000E+12   2.5579738388099488E-01   3.9093441255256627E+00   1.1340829505106881E+02
   6.2000000000000000E+12   2.5611948824586156E-01   3.9044276046657238E+00   1.1359893847127958E+02
   6.3000000000000000E+12   2.5643659203809066E-01   3.8995994762380164E+00   1.1378666991748429E+02
   6.4000000000000000E+12   2.5674893327415560E-01   3.8948555199339574E+00   1.1397164783348443E+02
   6.5000000000000000E+12   2.5705675716981263E-01   3.8901914542530256E+00   1.1415393518476370E+02
   6.6000000000000000E+12   2.5736006492326008E-01   3.8856067288379856E+00   1.1433358345987592E+02
   6.7000000000000000E+12   2.5765895426161350E-01   3.8810993503631637E+00   1.1451060878108272E+02
   6.8000000000000000E+12   2.5795366715436319E-01   3.8766651818971267E+00   1.1468530829941756E+02
   6.9000000000000000E+12   2.5824421265169245E-01   3.8723036219547455E+00   1.1485752434576456E+02
   7.0000000000000000E+12   2.5853091151177809E-01   3.8680094157887281E+00   1.1502740884410748E+02
   7.1000000000000000E+12   2.5881351897640870E-01   3.8637858020513680E+00   1.1519498305600648E+02
   7.2000000000000000E+12   2.5909249759920278E-01   3.8596254591166410E+00   1.1536035813002815E+02
   7.3000000000000000E+12   2.5936759770132684E-01   3.8555317197005623E+00   1.1552353596755300E+02
   7.4000000000000000E+12   2.5963929905571187E-01   3.8514970716564219E+00   1.1568462505650326E+02
   7.5000000000000000E+12   2.5990722561209034E-01   3.8475267382234803E+00   1.1584361439511774E+02
   7.6000000000000000E+12   2.6017199435905708E-01   3.8436112328828305E+00   1.1600065569450925E+02
   7.7000000000000000E+12   2.6043332438935785E-01   3.8397543875950442E+00   1.1615574687722251E+02
   7.8000000000000000E+12   2.6069142412697105E-01   3.8359528064603508E+00   1.1630889252193306E+02
   7.9000000000000000E+12   2.6094619860999685E-01   3.8322075789062300E+00   1.1646018766363730E+02
   8.0000000000000000E+12   2.6119801444569485E-01   3.8285130234322979E+00   1.1660966224225679E+02
   8.1000000000000000E+12   2.6144682495774663E-01   3.8248695510515911E+00   1.1675738628791929E+02
   8.2000000000000000E+12   2.6169261823972573E-01   3.8212770643914067E+00   1.1690335176285961E+02
   8.3000000000000000E+12   2.6193555265863305E-01   3.8177329875614405E+00   1.1704763469014357E+02
   8.4000000000000000E+12   2.6217567896178567E-01   3.8142363317604251E+00   1.1719024812584775E+02
   8.5000000000000000E+12   2.6241284180475466E-01   3.8107891104812586E+00   1.1733123215901124E+02
   8.6000000000000000E+12   2.6264764137848867E-01   3.8073823726402671E+00   1.1747069947881010E+02
   8.7000000000000000E+12   2.6287957487622649E-01   3.8040231937792717E+00   1.1760845807913591E+02
   8.8000000000000000E+12   2.6310900646543661E-01   3.8007060778110060E+00   1.1774491491263127E+02
   8.9000000000000000E+12   2.6333584060964144E-01   3.7974321979299446E+00   1.1787978340321411E+02
   9.0000000000000000E+12   2.6356030556539473E-01   3.7941980597373366E+00   1.1801323914040211E+02
   9.1000000000000000E+12   2.6378227289748291E-01   3.7910053204698979E+00   1.1814526132581929E+02
   9.2000000000000000E+12   2.6400207042400370E-01   3.7878490816149215E+00   1.1827592737938382E+02
   9.3000000000000000E+12   2.6421913056834895E-01   3.7847373044069470E+00   1.1840514778037722E+02
   9.4000000000000000E+12   2.6443439994790546E-01   3.7816562451670577E+00   1.1853314835244869E+02
   9.5000000000000000E+12   2.6464714439715847E-01   3.7786162487334107E+00   1.1865977859483381E+02
   9.6000000000000000E+12   2.6485793487585840E-01   3.7756089900372829E+00   1.1878515000584743E+02
   9.7000000000000000E+12   2.6506651001091697E-01   3.7726380445376311E+00   1.1890929522005290E+02
   9.8000000000000000E+12   2.6527290504141354E-01   3.7697027513755446E+00   1.1903217366994018E+02
   9.9000000000000000E+12   2.6547721651611283E-01   3.7668015851722112E+00   1.1915384782836239E+02
   1.0000000000000000E+13   2.6567955707493685E-01   3.7639328031473003E+00   1.1927435663370319E+02
   1.1000000000000000E+13   2.6760092608726510E-01   3.7369078449074520E+00   1.2041930368892608E+02
   1.2000000000000000E+13   2.6935783948349168E-01   3.7125334904584721E+00   1.2146773812476900E+02
   1.3000000000000000E+13   2.7097625895987609E-01   3.6903601955331147E+00   1.2243481605310167E+02
   1.4000000000000000E+13   2.7247573319032919E-01   3.6700515979582016E+00   1.2333225401997117E+02
   1.5000000000000000E+13   2.7387352088401112E-01   3.6513204955783687E+00   1.2416971316850082E+02
   1.6000000000000000E+13   2.7518145756886425E-01   3.6339657796519589E+00   1.2495458758872859E+02
   1.7000000000000000E+13   2.7641065906113177E-01   3.6178054905575743E+00   1.2569328171465354E+02
   1.8000000000000000E+13   2.7757083528339022E-01   3.6026839742692522E+00   1.2639118441339883E+02
   1.9000000000000000E+13   2.7866805814900647E-01   3.5884988277533072E+00   1.2705241717599456E+02
   2.0000000000000000E+13   2.7971008914677664E-01   3.5751302466435333E+00   1.2768100673978091E+02
   2.1000000000000000E+13   2.8070089256100600E-01   3.5625109378042525E+00   1.2827985580595197E+02
   2.2000000000000000E+13   2.8164626037931362E-01   3.5505530897276145E+00   1.2885190439906333E+02
   2.3000000000000000E+13   2.8254969441749439E-01   3.5392004300751565E+00   1.2939948340000379E+02
   2.4000000000000000E+13   2.8341407814324704E-01   3.5284062335624924E+00   1.2992452124690308E+02
   2.5000000000000000E+13   2.8424337588987725E-01   3.5181118886915570E+00   1.3042901596724209E+02
   2.6000000000000000E+13   2.8504046120972421E-01   3.5082738631419428E+00   1.3091467365072049E+02
   2.7000000000000000E+13   2.8580811420262431E-01   3.4988509783562267E+00   1.3138293520186099E+02
   2.8000000000000000E+13   2.8654898512055327E-01   3.4898047172607951E+00   1.3183519557043107E+02
   2.9000000000000000E+13   2.8726134314759100E-01   3.4811506102518419E+00   1.3227186215507524E+02
   3.0000000000000000E+13   2.8795077824948007E-01   3.4728157571902858E+00   1.3269478321382456E+02
   3.1000000000000000E+13   2.8861865840359457E-01   3.4647794620458461E+00   1.3310480534470878E+02
   3.2000000000000000E+13   2.8926343482149247E-01   3.4570563701461636E+00   1.3350217613943707E+02
   3.3000000000000000E+13   2.8989016664805140E-01   3.4495823420394798E+00   1.3388844034677143E+02
   3.4000000000000000E+13   2.9049679744244561E-01   3.4423787415354354E+00   1.3426362436358863E+02
   3.5000000000000000E+13   2.9108891543732046E-01   3.4353764329969065E+00   1.3462927917480036E+02
   3.6000000000000000E+13   2.9165949277610725E-01   3.4286557604612287E+00   1.3498438294494241E+02
   3.7000000000000000E+13   2.9221918168281646E-01   3.4220888383892283E+00   1.3533141269147310E+02
   3.8000000000000000E+13   2.9275904663893820E-01   3.4157783046523829E+00   1.3566893481371685E+02
   3.9000000000000000E+13   2.9329160621246347E-01   3.4095759265459162E+00   1.3599971243025161E+02
   4.0000000000000000E+13   2.9380630080667053E-01   3.4036029767040867E+00   1.3632193433707280E+02
   4.1000000000000000E+13   2.9430647979981922E-01   3.3978184941091958E+00   1.3663650557428173E+02
   4.2000000000000000E+13   2.9479735059725648E-01   3.3921607435548866E+00   1.3694472964371616E+02
   4.3000000000000000E+13   2.9527884215962885E-01   3.3866293727181320E+00   1.3724683551234841E+02
   4.4000000000000000E+13   2.9574587412382375E-01   3.3812813212106461E+00   1.3754194362808693E+02
   4.5000000000000000E+13   2.9620394587264925E-01   3.3760522570146412E+00   1.3783139210755053E+02
   4.6000000000000000E+13   2.9665163901950026E-01   3.3709572726623827E+00   1.3811509169432904E+02
   4.7000000000000000E+13   2.9708982044215881E-01   3.3659854064057129E+00   1.3839333546859535E+02
   4.8000000000000000E+13   2.9751350791490072E-01   3.3611919237160661E+00   1.3866528068741113E+02
   4.9000000000000000E+13   2.9793541384080602E-01   3.3564321444993577E+00   1.3893367613329573E+02
   5.0000000000000000E+13   2.9834829166753329E-01   3.3517872497636350E+00   1.3919715044954728E+02
   5.1000000000000000E+13   2.9875176537702341E-01   3.3472605550564851E+00   1.3945581589369880E+02
   5.2000000000000000E+13   2.9914696201465457E-01   3.3428385609044304E+00   1.3970997851209066E+02
   5.3000000000000000E+13   2.9953449995208015E-01   3.3385135941268245E+00   1.3995987733488860E+02
   5.4000000000000000E+13   2.9990990622555491E-01   3.3343346759874102E+00   1.4020468968572618E+02
   5.5000000000000000E+13   3.0029078679043197E-01   3.3301054977017452E+00   1.4044811011812197E+02
   5.6000000000000000E+13   3.0065317673935493E-01   3.3260915811540870E+00   1.4068542947018955E+02
   5.7000000000000000E+13   3.0101271884580644E-01   3.3221187590822350E+00   1.4091983066261989E+02
   5.8000000000000000E+13   3.0137094765692807E-01   3.3181698759442835E+00   1.4115171342387700E+02
   5.9000000000000000E+13   3.0171496353730592E-01   3.3143864933843559E+00   1.4137860146903859E+02
   6.0000000000000000E+13   3.0205857143803150E-01   3.3106162001602200E+00   1.4160327309287297E+02
   6.1000000000000000E+13   3.0239551564572126E-01   3.3069273460112227E+00   1.4182463502986286E+02
   6.2000000000000000E+13   3.0272269097056237E-01   3.3033532993311132E+00   1.4204212443353333E+02
   6.3000000000000000E+13   3.0304993033839867E-01   3.2997862724579972E+00   1.4225768284803104E+02
   6.4000000000000000E+13   3.0337240044412328E-01   3.2962787601510422E+00   1.4247049315391476E+02
   6.5000000000000000E+13   3.0369118673216994E-01   3.2928186384345621E+00   1.4268081351770118E+02
   6.6000000000000000E+13   3.0399418212139934E-01   3.2895366385684732E+00   1.4288628007734400E+02
   6.7000000000000000E+13   3.0430095139477448E-01   3.2862204190176332E+00   1.4309081860222273E+02
   6.8000000000000000E+13   3.0461273751488349E-01   3.2828568107764693E+00   1.4329479480245337E+02
   6.9000000000000000E+13   3.0490788322258705E-01   3.2796790605442827E+00   1.4349388740842321E+02
   7.0000000000000000E+13   3.0520301002732825E-01   3.2765076593132516E+00   1.4369143850441137E+02
   7.1000000000000000E+13   3.0549295261151593E-01   3.2733979342288237E+00   1.4388650919720291E+02
   7.2000000000000000E+13   3.0576604892620696E-01   3.2704742842176646E+00   1.4407678742760825E+02
   7.3000000000000000E+13   3.0605194094562060E-01   3.2674192390685750E+00   1.4426829530478844E+02
   7.4000000000000000E+13   3.0633410456800225E-01   3.2644096269013789E+00   1.4445765333637675E+02
   7.5000000000000000E+13   3.0659778211077338E-01   3.2616021978877248E+00   1.4464204928763135E+02
   7.6000000000000000E+13   3.0686673568943235E-01   3.2587435642162941E+00   1.4482621901309449E+02
   7.7000000000000000E+13   3.0713578537149605E-01   3.2558889182856054E+00   1.4500919792228441E+02
   7.8000000000000000E+13   3.0739648494165550E-01   3.2531276347867228E+00   1.4518929405562523E+02
   7.9000000000000000E+13   3.0767153497698518E-01   3.2502194266193762E+00   1.4537108881477661E+02
   8.0000000000000000E+13   3.0791048919399783E-01   3.2476970908579670E+00   1.4554450185663265E+02
   8.1000000000000000E+13   3.0816894682016971E-01   3.2449732859798646E+00   1.4572074362906724E+02
   8.2000000000000000E+13   3.0842444127303775E-01   3.2422851959217263E+00   1.4589530016871382E+02
   8.3000000000000000E+13   3.0866827184721102E-01   3.2397239729744376E+00   1.4606645948071980E+02
   8.4000000000000000E+13   3.0891626229344965E-01   3.2371232015298292E+00   1.4623739714346300E+02
   8.5000000000000000E+13   3.0915733256462535E-01   3.2345990040231798E+00   1.4640600488171560E+02
   8.6000000000000000E+13   3.0939016859261492E-01   3.2321647599498737E+00   1.4657190344809450E+02
   8.7000000000000000E+13   3.0962557710306721E-01   3.2297073431602303E+00   1.4673742152614491E+02
   8.8000000000000000E+13   3.0985830417076216E-01   3.2272815881962056E+00   1.4690141935941915E+02
   8.9000000000000000E+13   3.1008840170509050E-01   3.2248868209880674E+00   1.4706401811220596E+02
   9.0000000000000000E+13   3.1031592831731453E-01   3.2225223030686552E+00   1.4722519588728986E+02
   9.1000000000000000E+13   3.1054094084236550E-01   3.2201873198665063E+00   1.4738496888833222E+02
   9.2000000000000000E+13   3.1076349417702909E-01   3.2178811821131785E+00   1.4754338358585514E+02
   9.3000000000000000E+13   3.1098364154921615E-01   3.2156032227879758E+00   1.4770052064381440E+02
   9.4000000000000000E+13   3.1120143432422565E-01   3.2133527988760773E+00   1.4785631456281422E+02
   9.5000000000000000E+13   3.1141692236497315E-01   3.2111292874059818E+00   1.4801087048411310E+02
   9.6000000000000000E+13   3.1163015387341653E-01   3.2089320868679412E+00   1.4816415715925496E+02
   9.7000000000000000E+13   3.1184117563692221E-01   3.2067606144619711E+00   1.4831624342084328E+02
   9.8000000000000000E+13   3.1205003295411626E-01   3.2046143066648543E+00   1.4846712628506333E+02
   9.9000000000000000E+13   3.1225676979014777E-01   3.2024926174444523E+00   1.4861685664640771E+02
   1.0000000000000000E+14   3.1246142869016380E-01   3.2003950189692003E+00   1.4876544638396155E+02
