   1.0000000000000000E+03   0.0000000000000000E+00   1.3775567405439231E+29   0.0000000000000000E+00
   2.0000000000000000E+03   0.0000000000000000E+00   1.3775567405439231E+29   0.0000000000000000E+00
   3.0000000000000000E+03   0.0000000000000000E+00   1.3775567405439231E+29   0.0000000000000000E+00
   4.0000000000000000E+03   0.0000000000000000E+00   1.3775567405439231E+29   0.0000000000000000E+00
   5.0000000000000000E+03   0.0000000000000000E+00   1.3775567405439231E+29   0.0000000000000000E+00
   5.9890000000000000E+03   0.0000000000000000E+00   1.3775567405439231E+29   0.0000000000000000E+00
   5.9910000000000009E+03   0.0000000000000000E+00   1.3775567405439231E+29   0.0000000000000000E+00
   6.0000000000000000E+03   0.0000000000000000E+00   1.3775567405439231E+29   0.0000000000000000E+00
   7.0000000000000000E+03   0.0000000000000000E+00   1.3775567405439231E+29   0.0000000000000000E+00
   8.0000000000000000E+03   0.0000000000000000E+00   1.3775567405439231E+29   0.0000000000000000E+00
   9.0000000000000000E+03   0.0000000000000000E+00   1.3775567405439231E+29   0.0000000000000000E+00
   9.0690000000000000E+03   0.0000000000000000E+00   1.3775567405439231E+29   0.0000000000000000E+00
   9.0710000000000000E+03   0.0000000000000000E+00   1.3775567405439231E+29   0.0000000000000000E+00
   1.0000000000000000E+04   0.0000000000000000E+00   1.3775567405439231E+29   0.0000000000000000E+00
   1.1000000000000000E+04   0.0000000000000000E+00   1.3775567405439231E+29   0.0000000000000000E+00
   1.2000000000000000E+04   0.0000000000000000E+00   1.3775567405439231E+29   0.0000000000000000E+00
   1.3000000000000000E+04   0.0000000000000000E+00   1.3775567405439231E+29   0.0000000000000000E+00
   1.3619000000000000E+04   0.0000000000000000E+00   1.3775567405439231E+29   0.0000000000000000E+00
   1.3620999999999998E+04   0.0000000000000000E+00   1.3775567405439231E+29   0.0000000000000000E+00
   1.4000000000000000E+04   0.0000000000000000E+00   1.3775567405439231E+29   0.0000000000000000E+00
   1.5000000000000000E+04   0.0000000000000000E+00   1.3775567405439231E+29   0.0000000000000000E+00
   1.6000000000000000E+04   0.0000000000000000E+00   1.3775567405439231E+29   0.0000000000000000E+00
   1.7000000000000000E+04   0.0000000000000000E+00   1.3775567405439231E+29   0.0000000000000000E+00
   1.8000000000000000E+04   0.0000000000000000E+00   1.3775567405439231E+29   0.0000000000000000E+00
   1.9000000000000000E+04   0.0000000000000000E+00   1.3775567405439231E+29   0.0000000000000000E+00
   2.0000000000000000E+04   0.0000000000000000E+00   1.3775567405439231E+29   0.0000000000000000E+00
   2.1000000000000000E+04   0.0000000000000000E+00   1.3775567405439231E+29   0.0000000000000000E+00
   2.2000000000000000E+04   0.0000000000000000E+00   1.3775567405439231E+29   0.0000000000000000E+00
   2.3000000000000000E+04   0.0000000000000000E+00   1.3775567405439231E+29   0.0000000000000000E+00
   2.4000000000000000E+04   0.0000000000000000E+00   1.3775567405439231E+29   0.0000000000000000E+00
   2.5000000000000000E+04   0.0000000000000000E+00   1.3775567405439231E+29   0.0000000000000000E+00
   2.6000000000000000E+04   0.0000000000000000E+00   1.3775567405439231E+29   0.0000000000000000E+00
   2.7000000000000000E+04   0.0000000000000000E+00   1.3775567405439231E+29   0.0000000000000000E+00
   2.8000000000000000E+04   0.0000000000000000E+00   1.3775567405439231E+29   0.0000000000000000E+00
   2.8478999999999996E+04   0.0000000000000000E+00   1.3775567405439231E+29   0.0000000000000000E+00
   2.8480999999999996E+04   0.0000000000000000E+00   1.3775567405439231E+29   0.0000000000000000E+00
   2.9000000000000000E+04   0.0000000000000000E+00   1.3775567405439231E+29   0.0000000000000000E+00
   3.0000000000000000E+04   0.0000000000000000E+00   1.3775567405439231E+29   0.0000000000000000E+00
   3.1000000000000000E+04   0.0000000000000000E+00   1.3775567405439231E+29   0.0000000000000000E+00
   3.2000000000000000E+04   0.0000000000000000E+00   1.3775567405439231E+29   0.0000000000000000E+00
   3.3000000000000000E+04   0.0000000000000000E+00   1.3775567405439231E+29   0.0000000000000000E+00
   3.4000000000000000E+04   0.0000000000000000E+00   1.3775567405439231E+29   0.0000000000000000E+00
   3.5000000000000000E+04   0.0000000000000000E+00   1.3775567405439231E+29   0.0000000000000000E+00
   3.6000000000000000E+04   0.0000000000000000E+00   1.3775567405439231E+29   0.0000000000000000E+00
   3.7000000000000000E+04   0.0000000000000000E+00   1.3775567405439231E+29   0.0000000000000000E+00
   3.8000000000000000E+04   0.0000000000000000E+00   1.3775567405439231E+29   0.0000000000000000E+00
   3.9000000000000000E+04   0.0000000000000000E+00   1.3775567405439231E+29   0.0000000000000000E+00
   4.0000000000000000E+04   0.0000000000000000E+00   1.3775567405439231E+29   0.0000000000000000E+00
   4.1000000000000000E+04   0.0000000000000000E+00   1.3775567405439231E+29   0.0000000000000000E+00
   4.2000000000000000E+04   0.0000000000000000E+00   1.3775567405439231E+29   0.0000000000000000E+00
   4.3000000000000000E+04   0.0000000000000000E+00   1.3775567405439231E+29   0.0000000000000000E+00
   4.4000000000000000E+04   0.0000000000000000E+00   1.3775567405439231E+29   0.0000000000000000E+00
   4.5000000000000000E+04   0.0000000000000000E+00   1.3775567405439231E+29   0.0000000000000000E+00
   4.6000000000000000E+04   0.0000000000000000E+00   1.3775567405439231E+29   0.0000000000000000E+00
   4.7000000000000000E+04   0.0000000000000000E+00   1.3775567405439231E+29   0.0000000000000000E+00
   4.8000000000000000E+04   0.0000000000000000E+00   1.3775567405439231E+29   0.0000000000000000E+00
   4.9000000000000000E+04   0.0000000000000000E+00   1.3775567405439231E+29   0.0000000000000000E+00
   5.0000000000000000E+04   0.0000000000000000E+00   1.3775567405439231E+29   0.0000000000000000E+00
   5.1000000000000000E+04   1.1708345440515119E-02   7.2484204095899065E+02   1.2140576156920069E-02
   5.2000000000000000E+04   1.1984780235954205E-02   7.0812320612236715E+02   1.2427215947614798E-02
   5.3000000000000000E+04   1.2258691041887116E-02   6.9230075024791711E+02   1.2711238572034867E-02
   5.4000000000000000E+04   2.4122130356139811E-02   3.5182220144149704E+02   2.5695590912672636E-02
   5.5000000000000000E+04   2.4656704843189488E-02   3.4419445174564805E+02   2.6265565959591852E-02
   5.6000000000000000E+04   2.5186323528844038E-02   3.3695672159680942E+02   2.6830276521146185E-02
   5.7000000000000000E+04   3.7177109392067607E-02   2.2827759188740634E+02   4.0630163625846080E-02
   5.8000000000000000E+04   3.7953102676540937E-02   2.2361020329970432E+02   4.1480243481382871E-02
   5.9000000000000000E+04   3.8721995468734720E-02   2.1917003250021770E+02   4.2322600180798378E-02
   6.0000000000000000E+04   5.0815218203084322E-02   1.6701101176892624E+02   5.6909754465122885E-02
   6.1000000000000000E+04   5.1817013021492907E-02   1.6378213467912011E+02   5.8036484277946637E-02
   6.2000000000000000E+04   6.3761313617961696E-02   1.3310110039773630E+02   7.3089897778538998E-02
   6.3000000000000000E+04   6.4984251185933664E-02   1.3059627295040497E+02   7.4500929459461893E-02
   6.4000000000000000E+04   6.6197313396511706E-02   1.2820310326677216E+02   7.5900756105489048E-02
   6.5000000000000000E+04   7.8214509664765106E-02   1.0850545559552423E+02   9.1688414167133706E-02
   6.6000000000000000E+04   7.9637000024524174E-02   1.0656731171116937E+02   9.3371190730282924E-02
   6.7000000000000000E+04   8.1047670857703785E-02   1.0471246015516050E+02   9.5040394466301345E-02
   6.8000000000000000E+04   9.3120297321278578E-02   9.1136962074718440E+01   1.1153686713439345E-01
   6.9000000000000000E+04   9.4729142343476444E-02   8.9589125325173072E+01   1.1348719919484930E-01
   7.0000000000000000E+04   9.6325078508512796E-02   8.8104791989407531E+01   1.1542244022647809E-01
   7.1000000000000000E+04   1.0843869509814548E-01   7.8262662582528719E+01   1.3260471638137228E-01
   7.2000000000000000E+04   1.1022277601400654E-01   7.6995892430412241E+01   1.3481978743142473E-01
   7.3000000000000000E+04   1.2216922448403367E-01   6.9466766619812660E+01   1.5236683467864898E-01
   7.4000000000000000E+04   1.2413229619205383E-01   6.8368194786516284E+01   1.5486089437565406E-01
   7.5000000000000000E+04   1.2608020537741416E-01   6.7311922438192411E+01   1.5733658704853323E-01
   7.6000000000000000E+04   1.3805011023192257E-01   6.1475510530910199E+01   1.7552390484127073E-01
   7.6999000000000000E+04   1.4016564658883848E-01   6.0547653522055491E+01   1.7827381690884422E-01
   7.7001000000000000E+04   1.4016985295235618E-01   6.0545836544756213E+01   1.7827928535090562E-01
   7.8000000000000000E+04   1.4226969215831115E-01   5.9652206148813917E+01   1.8101005597879186E-01
   7.9000000000000000E+04   1.5425154454699394E-01   5.5018580399176045E+01   1.9981561156242450E-01
   8.0000000000000000E+04   1.5651434413364265E-01   5.4223151573311043E+01   2.0282367771321783E-01
   8.1000000000000000E+04   1.5876046923658835E-01   5.3456008577984250E+01   2.0581110045488427E-01
   8.2000000000000000E+04   1.7074393987013978E-01   4.9704258972883473E+01   2.2521377377197399E-01
   8.3000000000000000E+04   1.7314297649114718E-01   4.9015566079226993E+01   2.2847402641424297E-01
   8.4000000000000000E+04   1.8495635544504271E-01   4.5884884490371455E+01   2.4816084281319836E-01
   8.5000000000000000E+04   1.8750041997700401E-01   4.5262303979888273E+01   2.5169152315786891E-01
   8.6000000000000000E+04   1.9002664293225546E-01   4.4660584823262816E+01   2.5519963288696729E-01
   8.7000000000000000E+04   2.0183221832236248E-01   4.2048296728330449E+01   2.7544677058270411E-01
   8.8000000000000000E+04   2.0449648278225951E-01   4.1500474188557092E+01   2.7922352897618513E-01
   8.9000000000000000E+04   2.0714129574025686E-01   4.0970589543852718E+01   2.8297522932207253E-01
   9.0000000000000000E+04   2.1893146995482796E-01   3.8764189575427089E+01   3.0376400705295475E-01
   9.1000000000000000E+04   2.2170809261158153E-01   3.8278715519076840E+01   3.0778286120370019E-01
   9.2000000000000000E+04   2.3333088082764950E-01   3.6371958033384345E+01   3.2880466225524035E-01
   9.3000000000000000E+04   2.3623243961333021E-01   3.5925214247658225E+01   3.3308803757938321E-01
   9.4000000000000000E+04   2.3911316268924296E-01   3.5492404139981979E+01   3.3734389986401420E-01
   9.5000000000000000E+04   2.5071333586636430E-01   3.3850217723876760E+01   3.5887390985762629E-01
   9.6000000000000000E+04   2.5371344901941717E-01   3.3449945354321237E+01   3.6339295513175118E-01
   9.7000000000000000E+04   2.5669217975881853E-01   3.3061782456052072E+01   3.6788354420984909E-01
   9.8000000000000000E+04   2.6876209615411384E-01   3.1577001097987484E+01   3.9092088257898167E-01
   9.9000000000000000E+04   2.7186288014313514E-01   3.1216843582645939E+01   3.9568980156026307E-01
   1.0000000000000000E+05   2.7494286856220101E-01   3.0867143598728777E+01   4.0043100396048248E-01
   1.1000000000000000E+05   3.3915725998108226E-01   2.5022908269247274E+01   5.2141729048865859E-01
   1.2000000000000000E+05   3.9933174200702320E-01   2.1252257490732134E+01   6.4092339693348066E-01
   1.2099900000000000E+05   4.0290044087021121E-01   2.1064015187041566E+01   6.4718718486862614E-01
   1.2100100000000000E+05   4.0290753131550333E-01   2.1063644498395391E+01   6.4719963175949247E-01
   1.3000000000000000E+05   4.6490099542993696E-01   1.8254856601258581E+01   7.8168896425599577E-01
   1.4000000000000000E+05   5.1880448528352252E-01   1.6358187421448285E+01   8.9812498303689692E-01
   1.5000000000000000E+05   5.9147048541715619E-01   1.4348477590340480E+01   1.0764939619383254E+00
   1.6000000000000000E+05   6.4766883235821038E-01   1.3103457479118088E+01   1.2133147437668235E+00
   1.7000000000000000E+05   7.1844465819419667E-01   1.1812602277101073E+01   1.4069746289403380E+00
   1.8000000000000000E+05   7.7467901313285337E-01   1.0955119296487830E+01   1.5575955742215661E+00
   1.9000000000000000E+05   8.3140033746345865E-01   1.0207718980783881E+01   1.7148102592184178E+00
   2.0000000000000000E+05   9.0174047266013402E-01   9.4114673375146474E+00   1.9315226141337851E+00
   2.1000000000000000E+05   9.6096546291569795E-01   8.8314318597945061E+00   2.1070902092158557E+00
   2.2000000000000000E+05   1.0335782088105081E+00   8.2109906468740075E+00   2.3445690109913135E+00
   2.3000000000000000E+05   1.0987307694891650E+00   7.7240951478055067E+00   2.5499669789163244E+00
   2.4000000000000000E+05   1.1678617309645782E+00   7.2668713943956398E+00   2.7739678654976383E+00
   2.5000000000000000E+05   1.2412788485354309E+00   6.8370624500443409E+00   3.0184092757640584E+00
   2.6000000000000000E+05   1.3191773296179912E+00   6.4333284197761786E+00   3.2848356182999310E+00
   2.7000000000000000E+05   1.4017428660484352E+00   6.0543921505947758E+00   3.5747613628080881E+00
   2.8000000000000000E+05   1.4740390627398658E+00   5.7574464747095915E+00   3.8024276707077576E+00
   2.9000000000000000E+05   1.5663439400898256E+00   5.4181593123596992E+00   4.1393282153935482E+00
   3.0000000000000000E+05   1.6637300407851543E+00   5.1010084552844841E+00   4.5038715827425131E+00
   3.1000000000000000E+05   1.7498013517971251E+00   4.8500939816051947E+00   4.7928135763510964E+00
   3.2000000000000000E+05   1.8576778717684992E+00   4.5684459799677635E+00   5.2126560480724917E+00
   3.3000000000000000E+05   1.9704320551682291E+00   4.3070254480971197E+00   5.6619281628355997E+00
   3.4000000000000000E+05   2.0716304795665601E+00   4.0966287612892787E+00   6.0254663803929933E+00
   3.5000000000000000E+05   2.1948815366102856E+00   3.8665872685149547E+00   6.5355144400053113E+00
   3.6000000000000000E+05   2.3061477429701678E+00   3.6800335239690902E+00   6.9517628731342072E+00
   3.7000000000000000E+05   2.4399680669168706E+00   3.4782016701061238E+00   7.5262101400572821E+00
   3.8000000000000000E+05   2.5618637749831423E+00   3.3127058074786646E+00   8.0012073638335952E+00
   3.9000000000000000E+05   2.7050718197030883E+00   3.1373292729386315E+00   8.6330685107520004E+00
   4.0000000000000000E+05   2.8381322312124615E+00   2.9902415793115877E+00   9.1724573261089493E+00
   4.1000000000000000E+05   2.9915198452990190E+00   2.8369195072171007E+00   9.8680017848173129E+00
   4.2000000000000000E+05   3.1364095976331687E+00   2.7058650157684117E+00   1.0478274029174276E+01
   4.3000000000000000E+05   3.2867799750788289E+00   2.5820715319261156E+00   1.1120492834166122E+01
   4.4000000000000000E+05   3.4582906274570195E+00   2.4540161367514637E+00   1.1932852535358686E+01
   4.5000000000000000E+05   3.6216336803236104E+00   2.3433350124459698E+00   1.2657017904439748E+01
   4.6000000000000000E+05   3.8064477221745210E+00   2.2295593227030182E+00   1.3561710053521148E+01
   4.7000000000000000E+05   3.9834317395728109E+00   2.1304999207206188E+00   1.4375802356690141E+01
   4.8000000000000000E+05   4.1887492257943437E+00   2.0260704443929738E+00   1.5441358922839472E+01
   4.9000000000000000E+05   4.3799235060761141E+00   1.9376368088580929E+00   1.6354324213548317E+01
   5.0000000000000000E+05   4.5772613172752976E+00   1.8541001741206555E+00   1.7309834376137747E+01
   5.1000000000000000E+05   4.7962505031657843E+00   1.7694449027952546E+00   1.8469633359741223E+01
   5.2000000000000000E+05   5.0065117278661333E+00   1.6951325526951391E+00   1.9523458897200172E+01
   5.3000000000000000E+05   5.2219176822386650E+00   1.6252077343581515E+00   2.0617422045633109E+01
   5.3799900000000000E+05   5.4131975749351753E+00   1.5677743078166655E+00   2.1690446582192827E+01
   5.3800100000000000E+05   5.4132418364730848E+00   1.5677614869330312E+00   2.1690675962420613E+01
   5.4000000000000000E+05   5.4640861314094940E+00   1.5531784824128818E+00   2.1987294038494632E+01
   5.5000000000000000E+05   5.6895802035007117E+00   1.4916216490162373E+00   2.3171629583922357E+01
   5.6000000000000000E+05   5.9181886329238900E+00   1.4340031269268625E+00   2.4387096328668584E+01
   5.7000000000000000E+05   6.1490479360922379E+00   1.3801650423869078E+00   2.5629031540306880E+01
   5.8000000000000000E+05   6.3984134081713249E+00   1.3263758472557621E+00   2.7090342637274535E+01
   5.9000000000000000E+05   6.6327265334124199E+00   1.2795192086699243E+00   2.8388291378256334E+01
   6.0000000000000000E+05   6.8724887077173147E+00   1.2348803128371693E+00   2.9763922407767044E+01
   6.1000000000000000E+05   7.1221915353393142E+00   1.1915856184498903E+00   3.1284960969543604E+01
   6.2000000000000000E+05   7.3554969598578364E+00   1.1537902947511920E+00   3.2627883599140148E+01
   6.3000000000000000E+05   7.5867673297997609E+00   1.1186188578660239E+00   3.3971826602205127E+01
   6.4000000000000000E+05   7.8155102315143941E+00   1.0858793289189288E+00   3.5313096064531884E+01
   6.5000000000000000E+05   8.0625590184448406E+00   1.0526063729816693E+00   3.6924058187249315E+01
   6.6000000000000000E+05   8.2868358515191414E+00   1.0241183917984920E+00   3.8272834428542922E+01
   6.7000000000000000E+05   8.5077907386557889E+00   9.9752112693556350E-01   3.9612687411715591E+01
   6.8000000000000000E+05   8.7252599068324930E+00   9.7265882002095849E-01   4.0941856918729478E+01
   6.9000000000000000E+05   8.9390889553724673E+00   9.4939216375683244E-01   4.2258599038248029E+01
   7.0000000000000000E+05   9.1663307029395753E+00   9.2585586101909312E-01   4.3800108196873047E+01
   7.1000000000000000E+05   9.3786553145566991E+00   9.0489528836650845E-01   4.5171786879605513E+01
   7.2000000000000000E+05   9.5830354498155899E+00   8.8559632799012378E-01   4.6469827106666770E+01
   7.3000000000000000E+05   9.7837408634922163E+00   8.6742904618659555E-01   4.7753273041811028E+01
   7.4000000000000000E+05   9.9808263497666321E+00   8.5030043685253620E-01   4.9022172359932668E+01
   7.5000000000000000E+05   1.0191449764417984E+01   8.3272755118570041E-01   5.0531126806645325E+01
   7.6000000000000000E+05   1.0382748598400568E+01   8.1738481144224395E-01   5.1790157434563589E+01
   7.7000000000000000E+05   1.0574628673975095E+01   8.0255309827022481E-01   5.3095895579555616E+01
   7.8000000000000000E+05   1.0761229553996040E+01   7.8863674106872350E-01   5.4356540140403958E+01
   7.9000000000000000E+05   1.0942479199878614E+01   7.7557387593206628E-01   5.5573913787662661E+01
   8.0000000000000000E+05   1.1136910847525176E+01   7.6203366638620174E-01   5.7039098560196869E+01
   8.1000000000000000E+05   1.1312899210237189E+01   7.5017914043432332E-01   5.8247183401588451E+01
   8.2000000000000000E+05   1.1486845294835131E+01   7.3881912635941704E-01   5.9459376414731409E+01
   8.3000000000000000E+05   1.1659034598568841E+01   7.2790769541052935E-01   6.0679372013368813E+01
   8.4000000000000000E+05   1.1825739783969874E+01   7.1764652025066833E-01   6.1845135203376238E+01
   8.5000000000000000E+05   1.1989403716650642E+01   7.0785013216042691E-01   6.2995891285223365E+01
   8.6000000000000000E+05   1.2166498520632915E+01   6.9754670918370221E-01   6.4412673156312721E+01
   8.7000000000000000E+05   1.2325462826698397E+01   6.8855029013374514E-01   6.5554795140914678E+01
   8.8000000000000000E+05   1.2484843068492788E+01   6.7976032688574384E-01   6.6740480301765359E+01
   8.9000000000000000E+05   1.2638199672014208E+01   6.7151186289204334E-01   6.7855367310912285E+01
   9.0000000000000000E+05   1.2790485408349499E+01   6.6351672625464542E-01   6.8984456808378340E+01
   9.1000000000000000E+05   1.2938304071835342E+01   6.5593612255798561E-01   7.0070238832898141E+01
   9.2000000000000000E+05   1.3099010025853907E+01   6.4788873270616754E-01   7.1427885056954764E+01
   9.3000000000000000E+05   1.3242631493912494E+01   6.4086212844155044E-01   7.2506051160782405E+01
   9.4000000000000000E+05   1.3386672180989679E+01   6.3396644741982822E-01   7.3627014266500581E+01
   9.5000000000000000E+05   1.3525139674608608E+01   6.2747603422450127E-01   7.4677318786654851E+01
   9.6000000000000000E+05   1.3661063465258811E+01   6.2123282180323947E-01   7.5713154149814827E+01
   9.7000000000000000E+05   1.3794483289894146E+01   6.1522427676383051E-01   7.6734397394171353E+01
   9.8000000000000000E+05   1.3925412493303106E+01   6.0943982876178526E-01   7.7740910712464554E+01
   9.9000000000000000E+05   1.4054791057068037E+01   6.0382975249482496E-01   7.8750340030625750E+01
   1.0000000000000000E+06   1.4199148291093802E+01   5.9769084957574703E-01   8.0089392679924842E+01
   1.1000000000000000E+06   1.5370993116369872E+01   5.5212444252009096E-01   8.9792141880336004E+01
   1.2000000000000000E+06   1.6358481583542023E+01   5.1879515601828163E-01   9.8492421792827400E+01
   1.3000000000000000E+06   1.7190703324657434E+01   4.9367968518094280E-01   1.0623390871876246E+02
   1.4000000000000000E+06   1.7894069191469146E+01   4.7427451601683962E-01   1.1309824205491027E+02
   1.5000000000000000E+06   1.8494273307538823E+01   4.5888264243918342E-01   1.1927915198940102E+02
   1.5639990000000000E+06   1.8823451684906018E+01   4.5085785260952493E-01   1.2263243958264282E+02
   1.5640010000000000E+06   1.8823461111904919E+01   4.5085762681489266E-01   1.2263253243412336E+02
   1.6000000000000000E+06   1.9009823284243648E+01   4.4643765901759330E-01   1.2489065278706465E+02
   1.7000000000000000E+06   1.9441840274339487E+01   4.3651737107197258E-01   1.2956356311416553E+02
   1.8000000000000000E+06   1.9826520064705107E+01   4.2804793668576147E-01   1.3418207578799854E+02
   1.9000000000000000E+06   2.0162585057218628E+01   4.2091333930008418E-01   1.3847495495364643E+02
   2.0000000000000000E+06   2.0448086536954417E+01   4.1503643825149317E-01   1.4212134268100883E+02
   2.1000000000000000E+06   2.0707122885779995E+01   4.0984452799977644E-01   1.4588030802551935E+02
   2.2000000000000000E+06   2.0923594822237572E+01   4.0560434655025029E-01   1.4891019135259981E+02
   2.3000000000000000E+06   2.1126502324848410E+01   4.0170875778969084E-01   1.5233014718393164E+02
   2.4000000000000000E+06   2.1292933049353863E+01   3.9856890479507712E-01   1.5498708357934424E+02
   2.5000000000000000E+06   2.1450369195850836E+01   3.9564358673124655E-01   1.5806939316017022E+02
   2.6000000000000000E+06   2.1577044611773552E+01   3.9332082581527811E-01   1.6041051602295363E+02
   2.7000000000000000E+06   2.1696784437846059E+01   3.9115017387334033E-01   1.6315196355993368E+02
   2.8000000000000000E+06   2.1792270211513230E+01   3.8943629658520845E-01   1.6528404505228085E+02
   2.9000000000000000E+06   2.1865327464691099E+01   3.8813509740755064E-01   1.6681828505503640E+02
   3.0000000000000000E+06   2.1949545138145844E+01   3.8664587133548106E-01   1.6960906156994065E+02
   3.1000000000000000E+06   2.2001302988376267E+01   3.8573629070239918E-01   1.7106810105895826E+02
   3.2000000000000000E+06   2.2055810169610861E+01   3.8478300910701058E-01   1.7326553460810894E+02
   3.3000000000000000E+06   2.2091023186585147E+01   3.8416966627917221E-01   1.7474726257629146E+02
   3.4000000000000000E+06   2.2112649311882162E+01   3.8379394914003218E-01   1.7581799745709284E+02
   3.5000000000000000E+06   2.2140567989356352E+01   3.8330999500264340E-01   1.7778780051943968E+02
   3.6000000000000000E+06   2.2149829542971709E+01   3.8314972080896931E-01   1.7888633414477076E+02
   3.7000000000000000E+06   2.2149065061613257E+01   3.8316294533191148E-01   1.7966325176039214E+02
   3.8000000000000000E+06   2.2140317783660308E+01   3.8331432675366156E-01   1.8022827521979045E+02
   3.9000000000000000E+06   2.2145493017982883E+01   3.8322474909293663E-01   1.8218280673083996E+02
   4.0000000000000000E+06   2.2128711127834734E+01   3.8351537766159471E-01   1.8279391522244529E+02
   4.1000000000000000E+06   2.2105691411303201E+01   3.8391475061559960E-01   1.8321812937287356E+02
   4.2000000000000000E+06   2.2092627451735101E+01   3.8414176964222269E-01   1.8475200858731054E+02
   4.3000000000000000E+06   2.2063264088662994E+01   3.8465301286570225E-01   1.8520106408056967E+02
   4.4000000000000000E+06   2.2030640628809774E+01   3.8522261555379811E-01   1.8562058543202482E+02
   4.5000000000000000E+06   2.1991028780915887E+01   3.8591650667661104E-01   1.8566463869337051E+02
   4.6000000000000000E+06   2.1963920810286691E+01   3.8639280657855801E-01   1.8705278276005129E+02
   4.7000000000000000E+06   2.1922087810125099E+01   3.8713014375556598E-01   1.8730946767521709E+02
   4.8000000000000000E+06   2.1877586292324573E+01   3.8791761083503556E-01   1.8750411717287790E+02
   4.9000000000000000E+06   2.1828018881644009E+01   3.8879850028408458E-01   1.8739397650479452E+02
   5.0000000000000000E+06   2.1775513192569441E+01   3.8973598143495541E-01   1.8716046961756388E+02
   5.1000000000000000E+06   2.1739181909426666E+01   3.9038732187414193E-01   1.8867952686686257E+02
   5.2000000000000000E+06   2.1686466519346407E+01   3.9133627406682048E-01   1.8871992972200266E+02
   5.3000000000000000E+06   2.1630101598487094E+01   3.9235603987867862E-01   1.8851645600874647E+02
   5.4000000000000000E+06   2.1571351169887265E+01   3.9342463708082237E-01   1.8818430878841804E+02
   5.5000000000000000E+06   2.1511038721270470E+01   3.9452771738837888E-01   1.8779352387798488E+02
   5.6000000000000000E+06   2.1466537258257166E+01   3.9534559781370587E-01   1.8920796459031396E+02
   5.7000000000000000E+06   2.1407172036389930E+01   3.9644194903135155E-01   1.8910555307365357E+02
   5.8000000000000000E+06   2.1344989272230880E+01   3.9759687377293684E-01   1.8877037974612884E+02
   5.9000000000000000E+06   2.1281223460001858E+01   3.9878820977124080E-01   1.8833215828617008E+02
   6.0000000000000000E+06   2.1216759124198816E+01   3.9999987536627812E-01   1.8788045843564478E+02
   6.1000000000000000E+06   2.1166017879165608E+01   4.0095879412960350E-01   1.8911096605736861E+02
   6.2000000000000000E+06   2.1102861512621331E+01   4.0215877833819319E-01   1.8892553657746896E+02
   6.3000000000000000E+06   2.1037596178299868E+01   4.0340640315692733E-01   1.8853268047122108E+02
   6.4000000000000000E+06   2.0971394862051419E+01   4.0467985373318671E-01   1.8806483712256534E+02
   6.5000000000000000E+06   2.0904402207971032E+01   4.0597673738404338E-01   1.8753370243055662E+02
   6.6000000000000000E+06   2.0837753104699939E+01   4.0727524521066055E-01   1.8707830863335684E+02
   6.7000000000000000E+06   2.0783935353523198E+01   4.0832984037920628E-01   1.8831875067984006E+02
   6.8000000000000000E+06   2.0717531052156989E+01   4.0963862846351506E-01   1.8794075611944569E+02
   6.9000000000000000E+06   2.0650349960976314E+01   4.1097129207947980E-01   1.8747572150096732E+02
   7.0000000000000000E+06   2.0582565275722054E+01   4.1232474629225485E-01   1.8694080945483438E+02
   7.1000000000000000E+06   2.0514850391439733E+01   4.1368573708425049E-01   1.8642446631118278E+02
   7.2000000000000000E+06   2.0447073236060195E+01   4.1505700631955644E-01   1.8590091958336151E+02
   7.3000000000000000E+06   2.0390730822960375E+01   4.1620386630770845E-01   1.8700970850087521E+02
   7.4000000000000000E+06   2.0323560000592096E+01   4.1757944991471102E-01   1.8657069957199806E+02
   7.5000000000000000E+06   2.0256423873795598E+01   4.1896343886911630E-01   1.8612878366935868E+02
   7.6000000000000000E+06   2.0188731154448284E+01   4.2036822128298801E-01   1.8559458112026195E+02
   7.7000000000000000E+06   2.0121105468031690E+01   4.2178105069025645E-01   1.8505715700443156E+02
   7.8000000000000000E+06   2.0053163413170573E+01   4.2321008563576312E-01   1.8445529015033313E+02
   7.9000000000000000E+06   1.9985887389185510E+01   4.2463468547051242E-01   1.8393604530701933E+02
   8.0000000000000000E+06   1.9928908251735002E+01   4.2584876693468754E-01   1.8500245220745765E+02
   8.1000000000000000E+06   1.9862234975423402E+01   4.2727825019978455E-01   1.8453127957486114E+02
   8.2000000000000000E+06   1.9795739571554041E+01   4.2871351053491524E-01   1.8406191339286610E+02
   8.3000000000000000E+06   1.9728973253183892E+01   4.3016435252079199E-01   1.8352065846517550E+02
   8.4000000000000000E+06   1.9662518103266255E+01   4.3161821699460234E-01   1.8299884761156667E+02
   8.5000000000000000E+06   1.9595774342506779E+01   4.3308832082979654E-01   1.8239592396981811E+02
   8.6000000000000000E+06   1.9529676188941735E+01   4.3455410746447942E-01   1.8186326685808785E+02
   8.7000000000000000E+06   1.9464282675315769E+01   4.3601406468056197E-01   1.8141416744996221E+02
   8.8000000000000000E+06   1.9407077767963514E+01   4.3729927332828039E-01   1.8232518939828893E+02
   8.9000000000000000E+06   1.9342095763683549E+01   4.3876843073491462E-01   1.8186301322710983E+02
   9.0000000000000000E+06   1.9277325429876541E+01   4.4024265898437043E-01   1.8139238113977859E+02
   9.1000000000000000E+06   1.9212385016122191E+01   4.4173073765876553E-01   1.8084749888644907E+02
   9.2000000000000000E+06   1.9147748660056617E+01   4.4322187198224783E-01   1.8031142689344452E+02
   9.3000000000000000E+06   1.9083058002704309E+01   4.4472437300946205E-01   1.7971591980911447E+02
   9.4000000000000000E+06   1.9019103228890316E+01   4.4621982977958913E-01   1.7920426681214599E+02
   9.5000000000000000E+06   1.8954975148126334E+01   4.4772947149945302E-01   1.7861053420907274E+02
   9.6000000000000000E+06   1.8899779321954004E+01   4.4903704222078983E-01   1.7964276001553927E+02
   9.7000000000000000E+06   1.8836792320615015E+01   4.5053854504028334E-01   1.7915688611333965E+02
   9.8000000000000000E+06   1.8774337603646121E+01   4.5203730669611947E-01   1.7871452739510269E+02
   9.9000000000000000E+06   1.8711819521205445E+01   4.5354760907875319E-01   1.7820530919778344E+02
   1.0000000000000000E+07   1.8649622515360601E+01   4.5506020287359028E-01   1.7770134267311070E+02
   1.1000000000000000E+07   1.8051613394724502E+01   4.7013531808941089E-01   1.7417807285200016E+02
   1.2000000000000000E+07   1.7484750005575968E+01   4.8537731466846390E-01   1.7089320229822337E+02
   1.3000000000000000E+07   1.6948194984677560E+01   5.0074364928114667E-01   1.6780298505429434E+02
   1.4000000000000000E+07   1.6439927974836639E+01   5.1622495051960238E-01   1.6468538593750276E+02
   1.5000000000000000E+07   1.5955667683140796E+01   5.3189256469180279E-01   1.6070637428966762E+02
   1.6000000000000000E+07   1.5500150593428071E+01   5.4752377754021042E-01   1.5767327499180712E+02
   1.7000000000000000E+07   1.5069082547301033E+01   5.6318631069387126E-01   1.5490073097765617E+02
   1.8000000000000000E+07   1.4657837808413413E+01   5.7898723647253159E-01   1.5128720939490987E+02
   1.9000000000000000E+07   1.4269921465184133E+01   5.9472653903960093E-01   1.4854496389972141E+02
   2.0000000000000000E+07   1.3899485436628490E+01   6.1057663206663537E-01   1.4507904047135369E+02
   2.1000000000000000E+07   1.3549572707128540E+01   6.2634454892374192E-01   1.4253701686022254E+02
   2.2000000000000000E+07   1.3215048934000968E+01   6.4219974119963019E-01   1.3938822264736149E+02
   2.3000000000000000E+07   1.2898149916257401E+01   6.5797816434579171E-01   1.3703347372641505E+02
   2.4000000000000000E+07   1.2594743516780934E+01   6.7382880755359531E-01   1.3414081149714087E+02
   2.5000000000000000E+07   1.2306649179058114E+01   6.8960290342861608E-01   1.3198956454493046E+02
   2.6000000000000000E+07   1.2030349884943405E+01   7.0544091290124566E-01   1.2932980231218372E+02
   2.7000000000000000E+07   1.1767238474504882E+01   7.2121432940645458E-01   1.2726875371361018E+02
   2.8000000000000000E+07   1.1514490291291505E+01   7.3704530471265650E-01   1.2471744943545090E+02
   2.9000000000000000E+07   1.1272473694697570E+01   7.5286944420619117E-01   1.2227055144454971E+02
   3.0000000000000000E+07   1.1041648335475468E+01   7.6860815953440009E-01   1.2054743344226921E+02
   3.1000000000000000E+07   1.0819117467971159E+01   7.8441712371455841E-01   1.1820918586399439E+02
   3.2000000000000000E+07   1.0605685673727438E+01   8.0020295400411989E-01   1.1605359741880658E+02
   3.3000000000000000E+07   1.0401545151424742E+01   8.1590772157475222E-01   1.1454360834649709E+02
   3.4000000000000000E+07   1.0204332361610563E+01   8.3167626304327902E-01   1.1246856676917064E+02
   3.5000000000000000E+07   1.0014720824050787E+01   8.4742262460024753E-01   1.1054619369481954E+02
   3.6000000000000000E+07   9.8328427970337540E+00   8.6309739518219797E-01   1.0916830988142748E+02
   3.7000000000000000E+07   9.6568169190055038E+00   8.7883006134798547E-01   1.0727113552345304E+02
   3.8000000000000000E+07   9.4873710670372855E+00   8.9452609636423719E-01   1.0562791801982515E+02
   3.9000000000000000E+07   9.3235640114025387E+00   9.1024215578686407E-01   1.0378338512148613E+02
   4.0000000000000000E+07   9.1663432701085803E+00   9.2585459165935657E-01   1.0269572379407759E+02
   4.1000000000000000E+07   9.0137064384362944E+00   9.4153288254062006E-01   1.0103933016666028E+02
   4.2000000000000000E+07   8.8663030345708904E+00   9.5718598521447995E-01   9.9529420087064366E+01
   4.3000000000000000E+07   8.7236140573484811E+00   9.7284232768263701E-01   9.7943491872412778E+01
   4.4000000000000000E+07   8.5862231352689005E+00   9.8840909112829467E-01   9.6970721505504898E+01
   4.5000000000000000E+07   8.4526116346037963E+00   1.0040329985838363E+00   9.5511565619410817E+01
   4.6000000000000000E+07   8.3232928481043178E+00   1.0196326334100776E+00   9.4175938659402192E+01
   4.7000000000000000E+07   8.1978001067854702E+00   1.0352412714151535E+00   9.2718475491629874E+01
   4.8000000000000000E+07   8.0767954344748674E+00   1.0507510155737469E+00   9.1919165767504083E+01
   4.9000000000000000E+07   7.9587987593602838E+00   1.0663293873808186E+00   9.0557160297356461E+01
   5.0000000000000000E+07   7.8443577269980311E+00   1.0818860256904244E+00   8.9293495659164932E+01
   5.1000000000000000E+07   7.7333253197584835E+00   1.0974193706389834E+00   8.8136288892830521E+01
   5.2000000000000000E+07   7.6254226258152737E+00   1.1129482812696578E+00   8.6953603838991739E+01
   5.3000000000000000E+07   7.5209788612447630E+00   1.1284037838594954E+00   8.6213493288209506E+01
   5.4000000000000000E+07   7.4190489170959957E+00   1.1439068673343888E+00   8.5078005547633708E+01
   5.5000000000000000E+07   7.3198592130286473E+00   1.1594076823568353E+00   8.3899914952421753E+01
   5.6000000000000000E+07   7.2234936802917824E+00   1.1748748432507887E+00   8.2888254785740784E+01
   5.7000000000000000E+07   7.1296762708441923E+00   1.1903346916410553E+00   8.1863717018196539E+01
   5.8000000000000000E+07   7.0386599600844315E+00   1.2057268078701262E+00   8.1227380594688398E+01
   5.9000000000000000E+07   6.9496355599577857E+00   1.2211720934338348E+00   8.0170331010300970E+01
   6.0000000000000000E+07   6.8629522138547170E+00   1.2365962549211955E+00   7.9190004367098410E+01
   6.1000000000000000E+07   6.7785261307658677E+00   1.2519979773828807E+00   7.8295395767224989E+01
   6.2000000000000000E+07   6.6961678660480946E+00   1.2673966924255893E+00   7.7360382930059316E+01
   6.3000000000000000E+07   6.6158565092268669E+00   1.2827819033740853E+00   7.6446765193714526E+01
   6.4000000000000000E+07   6.5378038995962786E+00   1.2980965987493047E+00   7.5916667149793952E+01
   6.5000000000000000E+07   6.4613126264556495E+00   1.3134639191744615E+00   7.4988884675093900E+01
   6.6000000000000000E+07   6.3866983939299908E+00   1.3288087963292194E+00   7.4140660039143043E+01
   6.7000000000000000E+07   6.3138891263276111E+00   1.3441320928440259E+00   7.3366626365654511E+01
   6.8000000000000000E+07   6.2427488663211408E+00   1.3594493687132883E+00   7.2566108148781268E+01
   6.9000000000000000E+07   6.1732432357277913E+00   1.3747556480909238E+00   7.1773305824278069E+01
   7.0000000000000000E+07   6.1055582918515308E+00   1.3899959020426043E+00   7.1316218723134085E+01
   7.1000000000000000E+07   6.0391403585670460E+00   1.4052829544384984E+00   7.0511510288804615E+01
   7.2000000000000000E+07   5.9742331799543580E+00   1.4205506798482055E+00   6.9766636985126993E+01
   7.3000000000000000E+07   5.9107262267108114E+00   1.4358135836175467E+00   6.8987922872974451E+01
   7.4000000000000000E+07   5.8486795674319385E+00   1.4510456432959016E+00   6.8333845999264867E+01
   7.5000000000000000E+07   5.7879547473102271E+00   1.4662694122305988E+00   6.7666455173812338E+01
   7.6000000000000000E+07   5.7285009785639911E+00   1.4814872227678837E+00   6.6974552090801254E+01
   7.7000000000000000E+07   5.6705032863795033E+00   1.4966398177990390E+00   6.6598869891186126E+01
   7.8000000000000000E+07   5.6135007765235700E+00   1.5118375044764254E+00   6.5901182916840909E+01
   7.9000000000000000E+07   5.5577030450793385E+00   1.5270159158413115E+00   6.5257345917677810E+01
   8.0000000000000000E+07   5.5030211870949204E+00   1.5421894113833228E+00   6.4582519353598002E+01
   8.1000000000000000E+07   5.4495069762803556E+00   1.5573337262059250E+00   6.4017431047308733E+01
   8.2000000000000000E+07   5.3267608090681362E+00   1.5932198402654645E+00   6.1427569925786855E+01
   8.3000000000000000E+07   5.2769364936849712E+00   1.6082628653030215E+00   6.0886237411685215E+01
   8.4000000000000000E+07   5.2280699628188172E+00   1.6232952247601706E+00   6.0325167258776602E+01
   8.5000000000000000E+07   5.1801505255805811E+00   1.6383116597571645E+00   5.9773233238555989E+01
   8.6000000000000000E+07   5.1331497240237267E+00   1.6533125783643403E+00   5.9228271360564413E+01
   8.7000000000000000E+07   5.0870682444751045E+00   1.6682891987094912E+00   5.8736524423249300E+01
   8.8000000000000000E+07   5.0418308234782359E+00   1.6832577891816500E+00   5.8212582612110765E+01
   8.9000000000000000E+07   4.9974926100896457E+00   1.6981918068716531E+00   5.7793092482234456E+01
   9.0000000000000000E+07   4.9539619490347224E+00   1.7131138859493058E+00   5.7360459385252256E+01
   9.1000000000000000E+07   4.9112039431848551E+00   1.7280286266939979E+00   5.6892467290486067E+01
   9.2000000000000000E+07   4.8692077690440199E+00   1.7429326099637934E+00   5.6407215027018509E+01
   9.3000000000000000E+07   4.8279666289310299E+00   1.7578209746729192E+00   5.5929627946052598E+01
   9.4000000000000000E+07   4.7874587822843955E+00   1.7726943230843517E+00   5.5456857273067740E+01
   9.5000000000000000E+07   4.7476655366452425E+00   1.7875524170459312E+00   5.4990483899691242E+01
   9.6000000000000000E+07   4.7085920441095910E+00   1.8023861328085673E+00   5.4575231488906908E+01
   9.7000000000000000E+07   4.6701771982059839E+00   1.8172117770212182E+00   5.4130831498448273E+01
   9.8000000000000000E+07   4.6324995305108834E+00   1.8319917680423243E+00   5.3840251182998351E+01
   9.9000000000000000E+07   4.5953883683359109E+00   1.8467864574477932E+00   5.3410081914158987E+01
   1.0000000000000000E+08   4.5589162463093702E+00   1.8615610699639860E+00   5.3009392014012505E+01
   1.1000000000000000E+08   4.2254280093295957E+00   2.0084831611419092E+00   4.9304885220014384E+01
   1.2000000000000000E+08   3.9400914520553094E+00   2.1539350313630079E+00   4.6108345945003506E+01
   1.3000000000000000E+08   3.6931394948416605E+00   2.2979638373285245E+00   4.3358066553177856E+01
   1.4000000000000000E+08   3.4772178922698198E+00   2.4406583850332186E+00   4.0841483366269159E+01
   1.5000000000000000E+08   3.2868413054353867E+00   2.5820233521227740E+00   3.8693287826571051E+01
   1.6000000000000000E+08   3.1176769458443800E+00   2.7221232837058311E+00   3.6802427039214272E+01
   1.7000000000000000E+08   2.9663035576281258E+00   2.8610359123669356E+00   3.5025888585614283E+01
   1.8000000000000000E+08   2.8300709315397281E+00   2.9987591161676632E+00   3.3497279557891645E+01
   1.9000000000000000E+08   2.7067717198122727E+00   3.1353589751353188E+00   3.2113385206897853E+01
   2.0000000000000000E+08   2.5946076953131869E+00   3.2708994969397356E+00   3.0775489348611782E+01
   2.1000000000000000E+08   2.4921543838242912E+00   3.4053672840013851E+00   2.9630223204493912E+01
   2.2000000000000000E+08   2.3981529207232746E+00   3.5388489749837606E+00   2.8505039892530824E+01
   2.3000000000000000E+08   2.3116168286729373E+00   3.6713268825906380E+00   2.7540373652649237E+01
   2.4000000000000000E+08   2.2316502553642499E+00   3.8028812915268708E+00   2.6582722314069265E+01
   2.5000000000000000E+08   2.1504586118882512E+00   3.9464609820618506E+00   2.4371415463552545E+01
   2.6000000000000000E+08   2.0820949630128549E+00   4.0760393527273875E+00   2.3617936568599685E+01
   2.7000000000000000E+08   2.0183706419299412E+00   4.2047287198157983E+00   2.2893378272939330E+01
   2.8000000000000000E+08   1.9588311847203459E+00   4.3325331307544408E+00   2.2245791112691933E+01
   2.9000000000000000E+08   1.9030642947860279E+00   4.4594925292894949E+00   2.1629133709639820E+01
   3.0000000000000000E+08   1.8507153593789285E+00   4.5856327729423922E+00   2.1031461324435561E+01
   3.1000000000000000E+08   1.8014821627806608E+00   4.7109547797333198E+00   2.0496786120697415E+01
   3.2000000000000000E+08   1.7550844679804749E+00   4.8354943367035057E+00   1.9984343076354072E+01
   3.3000000000000000E+08   1.7103385678553418E+00   4.9620006031891490E+00   1.9141013779362027E+01
   3.4000000000000000E+08   1.6689679887806135E+00   5.0849992704512266E+00   1.8703573906985142E+01
   3.5000000000000000E+08   1.6297796200794321E+00   5.2072690692636394E+00   1.8272847191662397E+01
   3.6000000000000000E+08   1.5926035393586755E+00   5.3288221428751665E+00   1.7856231893267427E+01
   3.7000000000000000E+08   1.5572903898246702E+00   5.4496586255254291E+00   1.7483570044276810E+01
   3.8000000000000000E+08   1.5236961166672200E+00   5.5698120593224507E+00   1.7113898022646133E+01
   3.9000000000000000E+08   1.4916971799134302E+00   5.6892921161441032E+00   1.6754867920964525E+01
   4.0000000000000000E+08   1.4611838821410119E+00   5.8080992468385704E+00   1.6430840578972763E+01
   4.1000000000000000E+08   1.4320491634011199E+00   5.9262637221196632E+00   1.6105314066583908E+01
   4.2000000000000000E+08   1.4042026050472938E+00   6.0437866835249441E+00   1.5799139474344379E+01
   4.3000000000000000E+08   1.3775578120346093E+00   6.1606859118466204E+00   1.5499444506493528E+01
   4.4000000000000000E+08   1.3520400141783715E+00   6.2769599393204345E+00   1.5229281671378761E+01
   4.5000000000000000E+08   1.3275745408729760E+00   6.3926361526752782E+00   1.4955545258399262E+01
   4.6000000000000000E+08   1.3040985625204145E+00   6.5077144084521752E+00   1.4697436083870492E+01
   4.7000000000000000E+08   1.2815511181753301E+00   6.6222102926641115E+00   1.4443437846084754E+01
   4.8000000000000000E+08   1.2598777861326218E+00   6.7361303602367917E+00   1.4198533422709911E+01
   4.9000000000000000E+08   1.2390298647375755E+00   6.8494725162684746E+00   1.3981088043915964E+01
   5.0000000000000000E+08   1.2189572911012831E+00   6.9622628022417832E+00   1.3760281827389955E+01
   5.1000000000000000E+08   1.1996174837520075E+00   7.0745059323512622E+00   1.3542155887464100E+01
   5.2000000000000000E+08   1.1809708206259444E+00   7.1862071925347886E+00   1.3331187104657435E+01
   5.3000000000000000E+08   1.1629801240347579E+00   7.2973740736967496E+00   1.3127497711509859E+01
   5.4000000000000000E+08   1.1456124165756223E+00   7.4080036865554177E+00   1.2947406475363369E+01
   5.5000000000000000E+08   1.1288328496073903E+00   7.5181201612865500E+00   1.2762981171585700E+01
   5.6000000000000000E+08   1.1126120695851978E+00   7.6277268936331684E+00   1.2579777794262297E+01
   5.7000000000000000E+08   1.0969225181944167E+00   7.7368281392612497E+00   1.2401917626921856E+01
   5.8000000000000000E+08   1.0817381737527905E+00   7.8454298935514286E+00   1.2229709362761051E+01
   5.9000000000000000E+08   1.0670359242522878E+00   7.9535288479652841E+00   1.2078026266649525E+01
   6.0000000000000000E+08   1.0527902909180136E+00   8.0611505240570054E+00   1.1916342710678521E+01
   6.1000000000000000E+08   1.0389816864582928E+00   8.1682873875145496E+00   1.1765234681576544E+01
   6.2000000000000000E+08   1.0255890714003555E+00   8.2749526511315068E+00   1.1613408801420153E+01
   6.3000000000000000E+08   1.0125940307443528E+00   8.3811485626844338E+00   1.1465798207825319E+01
   6.4000000000000000E+08   9.9997888468506280E-01   8.4868802085043082E+00   1.1322495165704403E+01
   6.5000000000000000E+08   9.8772801826726808E-01   8.5921436350907126E+00   1.1197067171270335E+01
   6.6000000000000000E+08   9.7582355178445590E-01   8.6969626730534682E+00   1.1061696558269254E+01
   6.7000000000000000E+08   9.6425217126653406E-01   8.8013294221662868E+00   1.0935357286262583E+01
   6.8000000000000000E+08   9.5299912767315254E-01   8.9052557960646190E+00   1.0807547658329655E+01
   6.9000000000000000E+08   9.4205159080415002E-01   9.0087433514246200E+00   1.0683004425929004E+01
   7.0000000000000000E+08   9.3139713094794552E-01   9.1117963791861616E+00   1.0561787955076337E+01
   7.1000000000000000E+08   9.2102483217998943E-01   9.2144106313274463E+00   1.0456154299041881E+01
   7.2000000000000000E+08   9.1092177535969021E-01   9.3166078964407006E+00   1.0341304490303527E+01
   7.3000000000000000E+08   9.0107855532269321E-01   9.4183808450714093E+00   1.0233649095590893E+01
   7.4000000000000000E+08   8.9148458193497726E-01   9.5197395191461300E+00   1.0124861040399610E+01
   7.5000000000000000E+08   8.8213059310311148E-01   9.6206854990731134E+00   1.0018328175240342E+01
   7.6000000000000000E+08   8.7300757228021164E-01   9.7212226730054869E+00   9.9143881524103747E+00
   7.7000000000000000E+08   8.6410697846077344E-01   9.8213545508834574E+00   9.8129808484246581E+00
   7.8000000000000000E+08   8.5542138235823750E-01   9.9210765365247440E+00   9.7252602460861244E+00
   7.9000000000000000E+08   8.4694155277551486E-01   1.0020409292169072E+01   9.6287806349754703E+00
   8.0000000000000000E+08   8.3866108508445192E-01   1.0119345175651345E+01   9.5383690558266974E+00
   8.1000000000000000E+08   8.3057249104185771E-01   1.0217893196426820E+01   9.4465727682843088E+00
   8.2000000000000000E+08   8.2266925865885521E-01   1.0316054618585353E+01   9.3564730110719871E+00
   8.3000000000000000E+08   8.1494501830460231E-01   1.0413832608010120E+01   9.2683561874476794E+00
   8.4000000000000000E+08   8.0739367338697876E-01   1.0511230500177883E+01   9.1822057629572651E+00
   8.5000000000000000E+08   8.0000941773041556E-01   1.0608251374630305E+01   9.0979684562331578E+00
   8.6000000000000000E+08   7.9278731260571833E-01   1.0704890038492092E+01   9.0259491412516404E+00
   8.7000000000000000E+08   7.8572078183136995E-01   1.0801166523271711E+01   8.9452983726799697E+00
   8.8000000000000000E+08   7.7880559426033091E-01   1.0897072475983046E+01   8.8700185859992491E+00
   8.9000000000000000E+08   7.7203647759671290E-01   1.0992616607668959E+01   8.7931395943544182E+00
   9.0000000000000000E+08   7.6540894669392578E-01   1.1087799590026954E+01   8.7174790181444610E+00
   9.1000000000000000E+08   7.5891857547864938E-01   1.1182623906659968E+01   8.6433477798074918E+00
   9.2000000000000000E+08   7.5256108872138505E-01   1.1277092494610542E+01   8.5707296054579079E+00
   9.3000000000000000E+08   7.4633240253767397E-01   1.1371208025404568E+01   8.4995900430545799E+00
   9.4000000000000000E+08   7.4022904893693131E-01   1.1464966171678775E+01   8.4384309101393882E+00
   9.5000000000000000E+08   7.3424638573740475E-01   1.1558383085308163E+01   8.3710082404462511E+00
   9.6000000000000000E+08   7.2838115408953363E-01   1.1651456051144171E+01   8.3039448144805892E+00
   9.7000000000000000E+08   7.2263012946851013E-01   1.1744183724525556E+01   8.2416686906485808E+00
   9.8000000000000000E+08   7.1698962467788285E-01   1.1836574356523826E+01   8.1774860792176067E+00
   9.9000000000000000E+08   7.1145658443954640E-01   1.1928628100393945E+01   8.1142349804750733E+00
   1.0000000000000000E+09   7.0602794649175638E-01   1.2020347137144043E+01   8.0521633113110784E+00
   1.1000000000000000E+09   6.5688393868825423E-01   1.2919635426469929E+01   7.5020605169154999E+00
   1.2000000000000000E+09   6.1488852616091960E-01   1.3802015559377761E+01   6.7412455333492352E+00
   1.3000000000000000E+09   5.7966551021438495E-01   1.4640686492141185E+01   6.3715536699092317E+00
   1.4000000000000000E+09   5.4923538298345242E-01   1.5451846818855733E+01   6.0497894593231685E+00
   1.5000000000000000E+09   5.2267619437826662E-01   1.6237014611792230E+01   5.7717210505572414E+00
   1.6000000000000000E+09   4.9928936108105715E-01   1.6997560266416524E+01   5.5271433486000605E+00
   1.7000000000000000E+09   4.7853589088694193E-01   1.7734722028114135E+01   5.3100765461320885E+00
   1.8000000000000000E+09   4.5999302549762522E-01   1.8449629744222467E+01   5.1149132404760005E+00
   1.9000000000000000E+09   4.4332452509770487E-01   1.9143314941769741E+01   4.9414504872509690E+00
   2.0000000000000000E+09   4.2825926436571599E-01   1.9816736522735379E+01   4.7830779231895901E+00
   2.1000000000000000E+09   4.1457645550507333E-01   2.0470774190532907E+01   4.6412894451649249E+00
   2.2000000000000000E+09   4.0209412850873938E-01   2.1106254490287633E+01   4.5105051102072675E+00
   2.3000000000000000E+09   3.9066121689925515E-01   2.1723940432880099E+01   4.3926027529563472E+00
   2.4000000000000000E+09   3.8015097625710592E-01   2.2324554020390298E+01   4.2829118627198755E+00
   2.5000000000000000E+09   3.7045650217586013E-01   2.2908765146541100E+01   4.1834626990468138E+00
   2.6000000000000000E+09   3.6148675895104199E-01   2.3477211253829822E+01   4.0902903783904865E+00
   2.7000000000000000E+09   3.5316390679064069E-01   2.4030487946739353E+01   4.0040624166462164E+00
   2.8000000000000000E+09   3.4542091860389085E-01   2.4569157651647430E+01   3.9254137779198475E+00
   2.9000000000000000E+09   3.3819968711818083E-01   2.5093757707677209E+01   3.8510071301012725E+00
   3.0000000000000000E+09   3.3144971278416901E-01   2.5604792154042919E+01   3.7816850248967695E+00
   3.1000000000000000E+09   3.2512683418822019E-01   2.6102739340311750E+01   3.7181785381554957E+00
   3.2000000000000000E+09   3.1919220260701270E-01   2.6588058655695423E+01   3.6576234569144566E+00
   3.3000000000000000E+09   3.1361161260924109E-01   2.7061182252617257E+01   3.6008976353040150E+00
   3.4000000000000000E+09   3.0831471602924182E-01   2.7526097731095515E+01   3.5311152393466920E+00
   3.5000000000000000E+09   3.0335667554623685E-01   2.7975982364898869E+01   3.4829595692787412E+00
   3.6000000000000000E+09   2.9867132765164789E-01   2.8414850103235370E+01   3.4376734230987713E+00
   3.7000000000000000E+09   2.9423718765152718E-01   2.8843060501947470E+01   3.3950330067457144E+00
   3.8000000000000000E+09   2.9003497703280351E-01   2.9260957047935666E+01   3.3548375100379211E+00
   3.9000000000000000E+09   2.8604734316926977E-01   2.9668868486339434E+01   3.3169060651069771E+00
   4.0000000000000000E+09   2.8225862535563379E-01   3.0067109533545661E+01   3.2810754378075981E+00
   4.1000000000000000E+09   2.7865465168615178E-01   3.0455981818363565E+01   3.2471979517715521E+00
   4.2000000000000000E+09   2.7522256801689643E-01   3.0835774357119067E+01   3.2151395281233714E+00
   4.3000000000000000E+09   2.7195068509929016E-01   3.1206764572986256E+01   3.1847783241811642E+00
   4.4000000000000000E+09   2.6882835287681550E-01   3.1569218479141252E+01   3.1560032358762622E+00
   4.5000000000000000E+09   2.6584584290352831E-01   3.1923391814840507E+01   3.1287127635848901E+00
   4.6000000000000000E+09   2.6299425241456748E-01   3.2269530331704630E+01   3.1028140774003350E+00
   4.7000000000000000E+09   2.6026541953257876E-01   3.2607870152698275E+01   3.0782219957670982E+00
   4.8000000000000000E+09   2.5765184593470652E-01   3.2938638473820788E+01   3.0548582423427488E+00
   4.9000000000000000E+09   2.5514663256346892E-01   3.3262053745681960E+01   3.0326508347046168E+00
   5.0000000000000000E+09   2.5274341559272767E-01   3.3578326800138655E+01   3.0115333647878058E+00
   5.1000000000000000E+09   2.5043632431782459E-01   3.3887659980928078E+01   2.9914444897473178E+00
   5.2000000000000000E+09   2.4821992389928851E-01   3.4190249001926290E+01   2.9723275278539139E+00
   5.3000000000000000E+09   2.4608918599478855E-01   3.4486281756141835E+01   2.9541299196136226E+00
   5.4000000000000000E+09   2.4403944197453034E-01   3.4775940055794756E+01   2.9368029339445689E+00
   5.5000000000000000E+09   2.4206635658430309E-01   3.5059399104890709E+01   2.9203012545625024E+00
   5.6000000000000000E+09   2.4016589801892804E-01   3.5336827898384705E+01   2.9045828248583723E+00
   5.7000000000000000E+09   2.3833431186798471E-01   3.5608389488026063E+01   2.8896084048945281E+00
   5.8000000000000000E+09   2.3656809653461400E-01   3.5874241411559566E+01   2.8753413861354948E+00
   5.9000000000000000E+09   2.3486398058264144E-01   3.6134536186870335E+01   2.8617476030469402E+00
   6.0000000000000000E+09   2.3321891099567704E-01   3.6389420433890891E+01   2.8487951320412006E+00
   6.1000000000000000E+09   2.3163002504412947E-01   3.6639036773142905E+01   2.8364540524492790E+00
   6.2000000000000000E+09   2.3009464605517832E-01   3.6883522284654553E+01   2.8246964179581333E+00
   6.3000000000000000E+09   2.2861025981718402E-01   3.7123010192729538E+01   2.8134959572695113E+00
   6.4000000000000000E+09   2.2717450964843489E-01   3.7357628804787602E+01   2.8028279798985598E+00
   6.5000000000000000E+09   2.2578517746687685E-01   3.7587502866971363E+01   2.7926693427597979E+00
   6.6000000000000000E+09   2.2444018035110153E-01   3.7812752565426365E+01   2.7829982330137573E+00
   6.7000000000000000E+09   2.2313755564298282E-01   3.8033494545106883E+01   2.7737941254831475E+00
   6.8000000000000000E+09   2.2187545372449194E-01   3.8249841804916429E+01   2.7650377268925808E+00
   6.9000000000000000E+09   2.2065213034296582E-01   3.8461903776613227E+01   2.7567107624543064E+00
   7.0000000000000000E+09   2.1946593912786438E-01   3.8669786478399196E+01   2.7487960059796417E+00
   7.1000000000000000E+09   2.1831532464809203E-01   3.8873592676262177E+01   2.7412772138163688E+00
   7.2000000000000000E+09   2.1719881860103532E-01   3.9073421577604364E+01   2.7341389872260646E+00
   7.3000000000000000E+09   2.1611502848944369E-01   3.9269369949301840E+01   2.7273667691373653E+00
   7.4000000000000000E+09   2.1506263529853098E-01   3.9461531723422716E+01   2.7209468095637890E+00
   7.5000000000000000E+09   2.1404039514436868E-01   3.9649996906572952E+01   2.7148660221982559E+00
   7.6000000000000000E+09   2.1304711920926173E-01   3.9834854546988545E+01   2.7091120282546552E+00
   7.7000000000000000E+09   2.1208168839667416E-01   4.0016189372665139E+01   2.7036730767950536E+00
   7.8000000000000000E+09   2.1114303309938967E-01   4.0194084932752631E+01   2.6985379939822036E+00
   7.9000000000000000E+09   2.1023014279964408E-01   4.0368621227851058E+01   2.6936961669468054E+00
   8.0000000000000000E+09   2.0934205081107388E-01   4.0539877069490032E+01   2.6891375535414213E+00
   8.1000000000000000E+09   2.0847784159861649E-01   4.0707928191694165E+01   2.6848525202075466E+00
   8.2000000000000000E+09   2.0763664434817644E-01   4.0872848008104526E+01   2.6808319538287901E+00
   8.3000000000000000E+09   2.0681762490248889E-01   4.1034708765063961E+01   2.6770671322802375E+00
   8.4000000000000000E+09   2.0601999213939362E-01   4.1193579891090131E+01   2.6735497550311704E+00
   8.5000000000000000E+09   2.0524299060235243E-01   4.1349529065274680E+01   2.6702719400573258E+00
   8.6000000000000000E+09   2.0448590165772018E-01   4.1502621630910184E+01   2.6672261506514379E+00
   8.7000000000000000E+09   2.0374803340396530E-01   4.1652922305902877E+01   2.6644051413183067E+00
   8.8000000000000000E+09   2.0302872722143969E-01   4.1800493563157602E+01   2.6618020464239653E+00
   8.9000000000000000E+09   2.0232736176619104E-01   4.1945394489762990E+01   2.6594102929779009E+00
   9.0000000000000000E+09   2.0164332931449758E-01   4.2087685390868529E+01   2.6572235713391685E+00
   9.1000000000000000E+09   2.0097605957639056E-01   4.2227422625579415E+01   2.6552358992241709E+00
   9.2000000000000000E+09   2.0032500091923242E-01   4.2364662255898672E+01   2.6534414946085829E+00
   9.3000000000000000E+09   1.9968962653722863E-01   4.2499458547355616E+01   2.6518348396132101E+00
   9.4000000000000000E+09   1.9906943399384278E-01   4.2631863843137083E+01   2.6504106803924823E+00
   9.5000000000000000E+09   1.9846393794064238E-01   4.2761929917434770E+01   2.6491638848548216E+00
   9.6000000000000000E+09   1.9787267420337626E-01   4.2889706926551781E+01   2.6480897018802705E+00
   9.7000000000000000E+09   1.9729519885907981E-01   4.3015243424233496E+01   2.6471833578471591E+00
   9.8000000000000000E+09   1.9673108873131703E-01   4.3138586077498275E+01   2.6464405094585830E+00
   9.9000000000000000E+09   1.9617992776706344E-01   4.3259782496365560E+01   2.6458567367945900E+00
   1.0000000000000000E+10   1.9564132878864049E-01   4.3378876323848765E+01   2.6454280059699347E+00
   1.1000000000000000E+10   1.9086967930583193E-01   4.4463327209543671E+01   2.6488662878606322E+00
   1.2000000000000000E+10   1.8701620233094959E-01   4.5379495998627675E+01   2.6642676510767695E+00
   1.3000000000000000E+10   1.8386424976423751E-01   4.6157428734721741E+01   2.6893616615300848E+00
   1.4000000000000000E+10   1.8125891715435238E-01   4.6820874462848941E+01   2.7225247812646138E+00
   1.5000000000000000E+10   1.7908664639493116E-01   4.7388798529626591E+01   2.7625666939547462E+00
   1.6000000000000000E+10   1.7726238923340323E-01   4.7876489999135366E+01   2.8085959816585850E+00
   1.7000000000000000E+10   1.7572127013089492E-01   4.8296378685597475E+01   2.8599326888462508E+00
   1.8000000000000000E+10   1.7441300393184844E-01   4.8658648231711176E+01   2.9160498730643445E+00
   1.9000000000000000E+10   1.7329805320517433E-01   4.8971704230907520E+01   2.9765333769101470E+00
   2.0000000000000000E+10   1.7234496042646349E-01   4.9242524900964504E+01   3.0410537022706690E+00
   2.1000000000000000E+10   1.7152839708512888E-01   4.9476944631762372E+01   3.1093456818133220E+00
   2.2000000000000000E+10   1.7082776606788119E-01   4.9679868798281547E+01   3.1811938921382334E+00
   2.3000000000000000E+10   1.7022620731562618E-01   4.9855431423788879E+01   3.2564217906827948E+00
   2.4000000000000000E+10   1.6970974998955374E-01   5.0007150478262204E+01   3.3348833630827022E+00
   2.5000000000000000E+10   1.6926675086575066E-01   5.0138027474083600E+01   3.4164570834662409E+00
   2.6000000000000000E+10   1.6888746486398093E-01   5.0250627020725986E+01   3.5010410154715701E+00
   2.7000000000000000E+10   1.6856366689403485E-01   5.0347154649233602E+01   3.5885495642737988E+00
   2.8000000000000000E+10   1.6828835127075925E-01   5.0429521361829806E+01   3.6789095209982605E+00
   2.9000000000000000E+10   1.6805557511197977E-01   5.0499372006557728E+01   3.7720589448702149E+00
   3.0000000000000000E+10   1.6786021479163274E-01   5.0558144560285072E+01   3.8679445405463593E+00
   3.1000000000000000E+10   1.6769785662246053E-01   5.0607092876935489E+01   3.9665204475214404E+00
   3.2000000000000000E+10   1.6756475094892243E-01   5.0647292806485360E+01   4.0677473188795092E+00
   3.3000000000000000E+10   1.6745751366966333E-01   5.0679726572898034E+01   4.1715904408352680E+00
   3.4000000000000000E+10   1.6737330750152057E-01   5.0705223742314878E+01   4.2780201420905524E+00
   3.5000000000000000E+10   1.6730961392927435E-01   5.0724526857992728E+01   4.3870102504829731E+00
   3.6000000000000000E+10   1.6726419767820369E-01   5.0738299786564426E+01   4.4985376745583405E+00
   3.7000000000000000E+10   1.6723513863952880E-01   5.0747116152716835E+01   4.6125824074263617E+00
   3.8000000000000000E+10   1.6722069934174241E-01   5.0751498102587945E+01   4.7291265425980731E+00
   3.9000000000000000E+10   1.6721939737650274E-01   5.0751893252238219E+01   4.8481545206756822E+00
   4.0000000000000000E+10   1.6722983394206775E-01   5.0748725901957528E+01   4.9696520348138868E+00
   4.1000000000000000E+10   1.6725084326768022E-01   5.0742351067092365E+01   5.0936069159789215E+00
   4.2000000000000000E+10   1.6728138010164745E-01   5.0733088166770152E+01   5.2200082905655494E+00
   4.3000000000000000E+10   1.6732040413503932E-01   5.0721255720291637E+01   5.3488457301674419E+00
   4.4000000000000000E+10   1.6736715490327805E-01   5.0707087721365397E+01   5.4801106123365946E+00
   4.5000000000000000E+10   1.6742090245901806E-01   5.0690809096751089E+01   5.6137954336369127E+00
   4.6000000000000000E+10   1.6748077256493527E-01   5.0672688424967859E+01   5.7498922305113158E+00
   4.7000000000000000E+10   1.6754634536012070E-01   5.0652856599854388E+01   5.8883952917059474E+00
   4.8000000000000000E+10   1.6761695438239660E-01   5.0631518969104704E+01   6.0292980957037816E+00
   4.9000000000000000E+10   1.6769215165247042E-01   5.0608814555280624E+01   6.1725960413247449E+00
   5.0000000000000000E+10   1.6777143641845579E-01   5.0584898040619535E+01   6.3182838887311883E+00
   5.1000000000000000E+10   1.6785446614871130E-01   5.0559876064525135E+01   6.4663577495571074E+00
   5.2000000000000000E+10   1.6794076610936925E-01   5.0533894789005657E+01   6.6168128076191710E+00
   5.3000000000000000E+10   1.6803009733241667E-01   5.0507029038770916E+01   6.7696463892601244E+00
   5.4000000000000000E+10   1.6812213850313287E-01   5.0479378152792911E+01   6.9248548341671299E+00
   5.5000000000000000E+10   1.6821651159419379E-01   5.0451058132921126E+01   7.0824349278039005E+00
   5.6000000000000000E+10   1.6831311204165875E-01   5.0422102606333780E+01   7.2423841940760889E+00
   5.7000000000000000E+10   1.6841158296387301E-01   5.0392620602446350E+01   7.4046996967835739E+00
   5.8000000000000000E+10   1.6851180744063146E-01   5.0362648969543741E+01   7.5693795507232355E+00
   5.9000000000000000E+10   1.6861348594887968E-01   5.0332278925357564E+01   7.7364212825111229E+00
   6.0000000000000000E+10   1.6871657870027931E-01   5.0301523837987951E+01   7.9058230188205716E+00
   6.1000000000000000E+10   1.6882083245779625E-01   5.0270460593051958E+01   8.0775828670105234E+00
   6.2000000000000000E+10   1.6892614904157388E-01   5.0239119600525768E+01   8.2516991299193698E+00
   6.3000000000000000E+10   1.6903232748468400E-01   5.0207561663758376E+01   8.4281697861820248E+00
   6.4000000000000000E+10   1.6913921248638009E-01   5.0175833744284823E+01   8.6069937128073359E+00
   6.5000000000000000E+10   1.6924692322746585E-01   5.0143901251013261E+01   8.7881701492891491E+00
   6.6000000000000000E+10   1.6935514306033020E-01   5.0111858736599523E+01   8.9716966386436763E+00
   6.7000000000000000E+10   1.6946387997265397E-01   5.0079704340095077E+01   9.1575726727550144E+00
   6.8000000000000000E+10   1.6957289442478182E-01   5.0047509268177016E+01   9.3457963511932167E+00
   6.9000000000000000E+10   1.6968223177106964E-01   5.0015260388641529E+01   9.5363670816499937E+00
   7.0000000000000000E+10   1.6979175382675266E-01   4.9982998667975906E+01   9.7292835846202976E+00
   7.1000000000000000E+10   1.6990160402949991E-01   4.9950682065852249E+01   9.9245454021792234E+00
   7.2000000000000000E+10   1.7001136545669943E-01   4.9918433291551729E+01   1.0122150967835504E+01
   7.3000000000000000E+10   1.7012133524980208E-01   4.9886165029766566E+01   1.0322100267432299E+01
   7.4000000000000000E+10   1.7023123713307109E-01   4.9853958346797128E+01   1.0524391187955631E+01
   7.5000000000000000E+10   1.7034104825798382E-01   4.9821819767732357E+01   1.0729023381909153E+01
   7.6000000000000000E+10   1.7045075632358792E-01   4.9789752702795326E+01   1.0935996488207318E+01
   7.7000000000000000E+10   1.7056041583188919E-01   4.9757741055935782E+01   1.1145309123845506E+01
   7.8000000000000000E+10   1.7066989865181928E-01   4.9725822024828432E+01   1.1356961497881423E+01
   7.9000000000000000E+10   1.7077912214405672E-01   4.9694019379002974E+01   1.1570951806668919E+01
   8.0000000000000000E+10   1.7088814639066313E-01   4.9662315289877597E+01   1.1787279432780364E+01
   8.1000000000000000E+10   1.7099684726909198E-01   4.9630745483866349E+01   1.2005944568507680E+01
   8.2000000000000000E+10   1.7110531512248400E-01   4.9599283337754613E+01   1.2226945844174798E+01
   8.3000000000000000E+10   1.7121349407132311E-01   4.9567944696114495E+01   1.2450282824304816E+01
   8.4000000000000000E+10   1.7132129269642477E-01   4.9536755599865813E+01   1.2675954800975919E+01
   8.5000000000000000E+10   1.7142871292320699E-01   4.9505715003282816E+01   1.2903960783870779E+01
   8.6000000000000000E+10   1.7153574996586735E-01   4.9474823802295312E+01   1.3134300885443787E+01
   8.7000000000000000E+10   1.7164233735848874E-01   4.9444100657000014E+01   1.3366974056721656E+01
   8.8000000000000000E+10   1.7174879334625451E-01   4.9413453451438457E+01   1.3601980374854445E+01
   8.9000000000000000E+10   1.7185446928283499E-01   4.9383068364597555E+01   1.3839317614010417E+01
   9.0000000000000000E+10   1.7196000602346137E-01   4.9352760572699609E+01   1.4078987025979805E+01
   9.1000000000000000E+10   1.7206498365205608E-01   4.9322650229156373E+01   1.4320986958630955E+01
   9.2000000000000000E+10   1.7216944764702702E-01   4.9292723658815881E+01   1.4565317039996883E+01
   9.3000000000000000E+10   1.7227355468569411E-01   4.9262935456573722E+01   1.4811976951919076E+01
   9.4000000000000000E+10   1.7237710360449554E-01   4.9233342641769163E+01   1.5060965986371253E+01
   9.5000000000000000E+10   1.7248033686877515E-01   4.9203875406462373E+01   1.5312283406785093E+01
   9.6000000000000000E+10   1.7258294900369855E-01   4.9174620403397988E+01   1.5565928808199866E+01
   9.7000000000000000E+10   1.7268514611224395E-01   4.9145518282386512E+01   1.5821901039301205E+01
   9.8000000000000000E+10   1.7278674727777693E-01   4.9116619990029726E+01   1.6080200936803955E+01
   9.9000000000000000E+10   1.7288802888740290E-01   4.9087846393824179E+01   1.6340827073439261E+01
   1.0000000000000000E+11   1.7298869178841120E-01   4.9059281954315630E+01   1.6603777846722373E+01
   1.1000000000000000E+11   1.7396772195125845E-01   4.8783193285324721E+01   1.9361078278634281E+01
   1.2000000000000000E+11   1.7489601426308021E-01   4.8524267640485490E+01   2.2350300920337311E+01
   1.3000000000000000E+11   1.7577594973109900E-01   4.8281354863044555E+01   2.5570827927576055E+01
   1.4000000000000000E+11   1.7660945704194569E-01   4.8053491288069772E+01   2.9021988691578454E+01
   1.5000000000000000E+11   1.7740004849005359E-01   4.7839338701374146E+01   3.2703064614115902E+01
   1.6000000000000000E+11   1.7815136162539510E-01   4.7637587094064124E+01   3.6613283200701176E+01
   1.7000000000000000E+11   1.7886648842155722E-01   4.7447127073653917E+01   4.0751817886081994E+01
   1.8000000000000000E+11   1.7954730538922950E-01   4.7267214548043910E+01   4.5117787765312542E+01
   1.9000000000000000E+11   1.8019731629853800E-01   4.7096711425467142E+01   4.9710266267078431E+01
   2.0000000000000000E+11   1.8081952261558876E-01   4.6934649990189818E+01   5.4528277045802547E+01
   2.1000000000000000E+11   1.8141512987795214E-01   4.6780558000125666E+01   5.9570782293118604E+01
   2.2000000000000000E+11   1.8198624968770058E-01   4.6633748538252547E+01   6.4836714128358352E+01
   2.3000000000000000E+11   1.8253492214472236E-01   4.6493574520645488E+01   7.0324950165849572E+01
   2.4000000000000000E+11   1.8306182005058208E-01   4.6359754333322471E+01   7.6034316338821512E+01
   2.5000000000000000E+11   1.8357063854679359E-01   4.6231255022804447E+01   8.1963615170510721E+01
   2.6000000000000000E+11   1.8406048704633338E-01   4.6108217692695341E+01   8.8111586438480515E+01
   2.7000000000000000E+11   1.8453293709301369E-01   4.5990169229670670E+01   9.4476938427981963E+01
   2.8000000000000000E+11   1.8499042131155971E-01   4.5876434818549988E+01   1.0105833849482350E+02
   2.9000000000000000E+11   1.8543355566009284E-01   4.5766802966947012E+01   1.0785440781435250E+02
   3.0000000000000000E+11   1.8586155800298582E-01   4.5661411087598516E+01   1.1486374750055504E+02
   3.1000000000000000E+11   1.8627648292333690E-01   4.5559701751769801E+01   1.2208489575100225E+02
   3.2000000000000000E+11   1.8667912304331974E-01   4.5461436003138360E+01   1.2951637198655567E+02
   3.3000000000000000E+11   1.8706983625911350E-01   4.5366485453062573E+01   1.3715666786927366E+02
   3.4000000000000000E+11   1.8745007740516453E-01   4.5274459860650069E+01   1.4500422380161206E+02
   3.5000000000000000E+11   1.8781908919167983E-01   4.5185508256270587E+01   1.5305745108828293E+02
   3.6000000000000000E+11   1.8817832294823883E-01   4.5099248799715689E+01   1.6131474607889550E+02
   3.7000000000000000E+11   1.8852772536778514E-01   4.5015665408362509E+01   1.6977444951021334E+02
   3.8000000000000000E+11   1.8886954271717873E-01   4.4934195758943602E+01   1.7843489379784455E+02
   3.9000000000000000E+11   1.8920295610042998E-01   4.4855012734849048E+01   1.8729437227724173E+02
   4.0000000000000000E+11   1.8952559785098283E-01   4.4778653129635074E+01   1.9635113108157034E+02
   4.1000000000000000E+11   1.8984336417786313E-01   4.4703701085936984E+01   2.0560345351735378E+02
   4.2000000000000000E+11   1.9015588965684221E-01   4.4630229548351522E+01   2.1504954034229522E+02
   4.3000000000000000E+11   1.9045613586331964E-01   4.4559871840759854E+01   2.2468756276332397E+02
   4.4000000000000000E+11   1.9075268343440946E-01   4.4490598258210262E+01   2.3451572550105985E+02
   4.5000000000000000E+11   1.9104294842477457E-01   4.4423000562607051E+01   2.4453214840425997E+02
   4.6000000000000000E+11   1.9132695542452813E-01   4.4357058766366983E+01   2.5473496751467724E+02
   4.7000000000000000E+11   1.9160275675174734E-01   4.4293209290050967E+01   2.6512227948672688E+02
   4.8000000000000000E+11   1.9187279628420142E-01   4.4230871544632066E+01   2.7569218077254249E+02
   4.9000000000000000E+11   1.9214170167443897E-01   4.4168969731180823E+01   2.8644275481804249E+02
   5.0000000000000000E+11   1.9240040018235466E-01   4.4109580839292867E+01   2.9737202571339861E+02
   5.1000000000000000E+11   1.9265840031113565E-01   4.4050511120460804E+01   3.0847805801863905E+02
   5.2000000000000000E+11   1.9290914701528136E-01   4.3993253490896393E+01   3.1975885016857148E+02
   5.3000000000000000E+11   1.9315330776430312E-01   4.3937642609319624E+01   3.3121242231489686E+02
   5.4000000000000000E+11   1.9339527478220123E-01   4.3882669909662795E+01   3.4283676425857595E+02
   5.5000000000000000E+11   1.9363481902217264E-01   4.3828382974779338E+01   3.5462988587733901E+02
   5.6000000000000000E+11   1.9386704172568467E-01   4.3775883357029123E+01   3.6658971916815443E+02
   5.7000000000000000E+11   1.9409438346385183E-01   4.3724608893365712E+01   3.7871423253675721E+02
   5.8000000000000000E+11   1.9432073304875214E-01   4.3673677389981258E+01   3.9100140900401948E+02
   5.9000000000000000E+11   1.9454328130104059E-01   4.3623716782196979E+01   4.0344918582885549E+02
   6.0000000000000000E+11   1.9475924478222040E-01   4.3575343572756665E+01   4.1605547063216812E+02
   6.1000000000000000E+11   1.9497573584789429E-01   4.3526959744245154E+01   4.2881823382599691E+02
   6.2000000000000000E+11   1.9518639876578719E-01   4.3479981489588525E+01   4.4173537872532972E+02
   6.3000000000000000E+11   1.9539398867204416E-01   4.3433787615647866E+01   4.5480483303614869E+02
   6.4000000000000000E+11   1.9559735866288089E-01   4.3388627859658406E+01   4.6802451395029163E+02
   6.5000000000000000E+11   1.9580076811004235E-01   4.3343553180477024E+01   4.8139235824105691E+02
   6.6000000000000000E+11   1.9599851173397848E-01   4.3299823709246105E+01   4.9490624449498284E+02
   6.7000000000000000E+11   1.9619177042774011E-01   4.3257171220041720E+01   5.0856410064782341E+02
   6.8000000000000000E+11   1.9638325822081915E-01   4.3214992368713901E+01   5.2236383475163791E+02
   6.9000000000000000E+11   1.9657634963952983E-01   4.3172543497314336E+01   5.3630339006293684E+02
   7.0000000000000000E+11   1.9676275855931030E-01   4.3131642733082131E+01   5.5038063021861410E+02
   7.1000000000000000E+11   1.9694989311687977E-01   4.3090660629703649E+01   5.6459353165965547E+02
   7.2000000000000000E+11   1.9712938657125273E-01   4.3051425020735508E+01   5.7893994291253216E+02
   7.3000000000000000E+11   1.9730768164526175E-01   4.3012522039633801E+01   5.9341783369906227E+02
   7.4000000000000000E+11   1.9748676275879812E-01   4.2973518259151199E+01   6.0802511994814029E+02
   7.5000000000000000E+11   1.9765848052181906E-01   4.2936184589454257E+01   6.2275971328672631E+02
   7.6000000000000000E+11   1.9783408469380823E-01   4.2898072991268968E+01   6.3761960290317791E+02
   7.7000000000000000E+11   1.9800060652475096E-01   4.2861994992399154E+01   6.5260262848620812E+02
   7.8000000000000000E+11   1.9816922397638803E-01   4.2825524746299983E+01   6.6770687279767094E+02
   7.9000000000000000E+11   1.9833439499078917E-01   4.2789860053018039E+01   6.8293021454108032E+02
   8.0000000000000000E+11   1.9849819953529099E-01   4.2754549034823974E+01   6.9827061351626503E+02
   8.1000000000000000E+11   1.9866350787397857E-01   4.2718972881216700E+01   7.1372607638261331E+02
   8.2000000000000000E+11   1.9882127561346216E-01   4.2685074719343753E+01   7.2929454355733583E+02
   8.3000000000000000E+11   1.9897915305510955E-01   4.2651206797555226E+01   7.4497404683657169E+02
   8.4000000000000000E+11   1.9913517854281626E-01   4.2617788918350939E+01   7.6076255729250568E+02
   8.5000000000000000E+11   1.9928937322296425E-01   4.2584814574437843E+01   7.7665810194155392E+02
   8.6000000000000000E+11   1.9944168669618539E-01   4.2552292582061234E+01   7.9265870122667297E+02
   8.7000000000000000E+11   1.9959235343043694E-01   4.2520171036079816E+01   8.0876239717636554E+02
   8.8000000000000000E+11   1.9974128351866507E-01   4.2488467360643646E+01   8.2496722364766515E+02
   8.9000000000000000E+11   1.9988854558626881E-01   4.2457165219070255E+01   8.4127123704338317E+02
   9.0000000000000000E+11   2.0003413592105532E-01   4.2426263728832751E+01   8.5767251898851021E+02
   9.1000000000000000E+11   2.0017817975029095E-01   4.2395734719650605E+01   8.7416914360518069E+02
   9.2000000000000000E+11   2.0032077167008094E-01   4.2365556674936713E+01   8.9075920972495931E+02
   9.3000000000000000E+11   2.0046159013003909E-01   4.2335796098646945E+01   9.0744083386125783E+02
   9.4000000000000000E+11   2.0060107060654650E-01   4.2306359481009231E+01   9.2421215054201991E+02
   9.5000000000000000E+11   2.0073912800596308E-01   4.2277263479513408E+01   9.4107127723086501E+02
   9.6000000000000000E+11   2.0087565806823549E-01   4.2248528701636019E+01   9.5801640867853314E+02
   9.7000000000000000E+11   2.0101073919722814E-01   4.2220137288430507E+01   9.7504565671046316E+02
   9.8000000000000000E+11   2.0114455888396779E-01   4.2192048606452772E+01   9.9215724819768559E+02
   9.9000000000000000E+11   2.0127689286377912E-01   4.2164308503607174E+01   1.0093493706022092E+03
   1.0000000000000000E+12   2.0140806282792334E-01   4.2136848377349409E+01   1.0266202535880482E+03
   1.1000000000000000E+12   2.0265176698043144E-01   4.1878248247277142E+01   1.2032797841264319E+03
   1.2000000000000000E+12   2.0378781863759202E-01   4.1644790459474308E+01   1.3859775934957629E+03
   1.3000000000000000E+12   2.0483323937165646E-01   4.1432245232216971E+01   1.5732152361317271E+03
   1.4000000000000000E+12   2.0580143731204212E-01   4.1237326212100690E+01   1.7636727755807740E+03
   1.5000000000000000E+12   2.0670297649838235E-01   4.1057468785033620E+01   1.9562040987616128E+03
   1.6000000000000000E+12   2.0754666755468892E-01   4.0890567434042801E+01   2.1498267228327345E+03
   1.7000000000000000E+12   2.0833929163761011E-01   4.0734999810394974E+01   2.3437082173537624E+03
   1.8000000000000000E+12   2.0908655647698893E-01   4.0589414969344894E+01   2.5371513153558212E+03
   1.9000000000000000E+12   2.0979341341184010E-01   4.0452657055995580E+01   2.7295781893029157E+03
   2.0000000000000000E+12   2.1046441102469773E-01   4.0323686860102754E+01   2.9205155063540710E+03
   2.1000000000000000E+12   2.1110223021354138E-01   4.0201853844798855E+01   3.1095802218909544E+03
   2.2000000000000000E+12   2.1171077909135175E-01   4.0086296228185518E+01   3.2964666460674021E+03
   2.3000000000000000E+12   2.1229252959129627E-01   3.9976446753422714E+01   3.4809349745015916E+03
   2.4000000000000000E+12   2.1284922030138104E-01   3.9871891441928888E+01   3.6628007354471592E+03
   2.5000000000000000E+12   2.1338323695605524E-01   3.9772107342732113E+01   3.8419264060387263E+03
   2.6000000000000000E+12   2.1389635829377771E-01   3.9676697037075044E+01   4.0182132008723006E+03
   2.7000000000000000E+12   2.1439015662212171E-01   3.9585310907320718E+01   4.1915948459971896E+03
   2.8000000000000000E+12   2.1486597602477359E-01   3.9497649476050000E+01   4.3620317541770446E+03
   2.9000000000000000E+12   2.1532515051707726E-01   3.9413421910891913E+01   4.5295063193293290E+03
   3.0000000000000000E+12   2.1576872107764000E-01   3.9332397035908201E+01   4.6940188278132828E+03
   3.1000000000000000E+12   2.1619781085136119E-01   3.9254333667562378E+01   4.8555841621430154E+03
   3.2000000000000000E+12   2.1661322993727139E-01   3.9179052026570673E+01   5.0142290165969462E+03
   3.3000000000000000E+12   2.1701586972288961E-01   3.9106361282207835E+01   5.1699892633585659E+03
   3.4000000000000000E+12   2.1740652119631218E-01   3.9036092195655023E+01   5.3229082045835748E+03
   3.5000000000000000E+12   2.1778586181077461E-01   3.8968098915115185E+01   5.4730347963772465E+03
   3.6000000000000000E+12   2.1815451781767420E-01   3.8902247316504145E+01   5.6204224413303155E+03
   3.7000000000000000E+12   2.1851307959113184E-01   3.8838411967080695E+01   5.7651275622722815E+03
   3.8000000000000000E+12   2.1886208137809302E-01   3.8776479470168042E+01   5.9072089985168122E+03
   3.9000000000000000E+12   2.1920202250033793E-01   3.8716344441314575E+01   6.0467268888733370E+03
   4.0000000000000000E+12   2.1953336429196704E-01   3.8657909847675981E+01   6.1837425088790878E+03
   4.1000000000000000E+12   2.1985651912273163E-01   3.8601088742873692E+01   6.3183171144764947E+03
   4.2000000000000000E+12   2.2017189485304076E-01   3.8545796278950725E+01   6.4505121932943011E+03
   4.3000000000000000E+12   2.2047985569468292E-01   3.8491956458408247E+01   6.5803886024912936E+03
   4.4000000000000000E+12   2.2078073993293176E-01   3.8439498879902025E+01   6.7080065833604840E+03
   4.5000000000000000E+12   2.2107484485482662E-01   3.8388361239963054E+01   6.8334255232791365E+03
   4.6000000000000000E+12   2.2136251443105467E-01   3.8338474005720279E+01   6.9567037105075324E+03
   4.7000000000000000E+12   2.2164397886600437E-01   3.8289788194456364E+01   7.0778981028820763E+03
   4.8000000000000000E+12   2.2191952590629027E-01   3.8242245564906000E+01   7.1970645009789778E+03
   4.9000000000000000E+12   2.2218940652149657E-01   3.8195794922089554E+01   7.3142573254455283E+03
   5.0000000000000000E+12   2.2245381291117208E-01   3.8150395780110507E+01   7.4295295331891966E+03
   5.1000000000000000E+12   2.2271299903786035E-01   3.8105997593401206E+01   7.5429326815445311E+03
   5.2000000000000000E+12   2.2296715712630158E-01   3.8062560938284335E+01   7.6545168717140677E+03
   5.3000000000000000E+12   2.2321645042736724E-01   3.8020051788778780E+01   7.7643306943911184E+03
   5.4000000000000000E+12   2.2346110728420077E-01   3.7978425456213166E+01   7.8724212818230826E+03
   5.5000000000000000E+12   2.2370127816421204E-01   3.7937650937899647E+01   7.9788344252079078E+03
   5.6000000000000000E+12   2.2393712320760426E-01   3.7897695941588687E+01   8.0836143378959823E+03
   5.7000000000000000E+12   2.2416877837638902E-01   3.7858532605759819E+01   8.1868039524468040E+03
   5.8000000000000000E+12   2.2439640752024548E-01   3.7820128669351291E+01   8.2884448763526107E+03
   5.9000000000000000E+12   2.2462016717389602E-01   3.7782453428527866E+01   8.3885772571135949E+03
   6.0000000000000000E+12   2.2484013761637381E-01   3.7745489285529743E+01   8.4872400106088880E+03
   6.1000000000000000E+12   2.2505648475119763E-01   3.7709204490321667E+01   8.5844707684984660E+03
   6.2000000000000000E+12   2.2526932264520250E-01   3.7673576258416510E+01   8.6803060076284746E+03
   6.3000000000000000E+12   2.2547875602206152E-01   3.7638583585788041E+01   8.7747809595424715E+03
   6.4000000000000000E+12   2.2568488731458791E-01   3.7604206051803736E+01   8.8679296450729234E+03
   6.5000000000000000E+12   2.2588780420736737E-01   3.7570425880827941E+01   8.9597851567471571E+03
   6.6000000000000000E+12   2.2608764517583915E-01   3.7537217032604140E+01   9.0503792562983435E+03
   6.7000000000000000E+12   2.2628450457663732E-01   3.7504561000471078E+01   9.1397429133783262E+03
   6.8000000000000000E+12   2.2647839780148776E-01   3.7472452506462055E+01   9.2279059713490406E+03
   6.9000000000000000E+12   2.2666947384922528E-01   3.7440864273594272E+01   9.3148972717338329E+03
   7.0000000000000000E+12   2.2685783402779802E-01   3.7409777104351413E+01   9.4007448414821374E+03
   7.1000000000000000E+12   2.2704350004710844E-01   3.7379185061871397E+01   9.4854757020867837E+03
   7.2000000000000000E+12   2.2722658481484073E-01   3.7349067285728900E+01   9.5691161049166640E+03
   7.3000000000000000E+12   2.2740710539202905E-01   3.7319418804991052E+01   9.6516913460690193E+03
   7.4000000000000000E+12   2.2758519777876754E-01   3.7290215216921432E+01   9.7332260307086872E+03
   7.5000000000000000E+12   2.2776090673595298E-01   3.7261447221030977E+01   9.8137439426984947E+03
   7.6000000000000000E+12   2.2793425627220404E-01   3.7233108985693086E+01   9.8932680899973784E+03
   7.7000000000000000E+12   2.2810535912412228E-01   3.7205180263817823E+01   9.9718208002916181E+03
   7.8000000000000000E+12   2.2827427791069790E-01   3.7177649111547780E+01   1.0049423749843094E+04
   7.9000000000000000E+12   2.2844100596225561E-01   3.7150514941954398E+01   1.0126097897395466E+04
   8.0000000000000000E+12   2.2860566895010814E-01   3.7123755698324537E+01   1.0201863467811434E+04
   8.1000000000000000E+12   2.2876824351732383E-01   3.7097373633999162E+01   1.0276740242013420E+04
   8.2000000000000000E+12   2.2892889587426171E-01   3.7071340308290118E+01   1.0350747347914365E+04
   8.3000000000000000E+12   2.2908756304471961E-01   3.7045664516057577E+01   1.0423903283055462E+04
   8.4000000000000000E+12   2.2924430489596742E-01   3.7020335180004537E+01   1.0496226031164373E+04
   8.5000000000000000E+12   2.2939922240915447E-01   3.6995334666911226E+01   1.0567733035134701E+04
   8.6000000000000000E+12   2.2955231833749243E-01   3.6970661271556196E+01   1.0638441250388052E+04
   8.7000000000000000E+12   2.2970360577546675E-01   3.6946311646720709E+01   1.0708367067592129E+04
   8.8000000000000000E+12   2.2985323098567498E-01   3.6922261083572863E+01   1.0777526444977279E+04
   8.9000000000000000E+12   2.3000111476746848E-01   3.6898521182977476E+01   1.0845935035894427E+04
   9.0000000000000000E+12   2.3014740805457473E-01   3.6875066624010920E+01   1.0913607734646448E+04
   9.1000000000000000E+12   2.3029204416940408E-01   3.6851907046832267E+01   1.0980559258421215E+04
   9.2000000000000000E+12   2.3043504374627746E-01   3.6829038098477021E+01   1.1046803722161283E+04
   9.3000000000000000E+12   2.3057662088797887E-01   3.6806424574497377E+01   1.1112355097564117E+04
   9.4000000000000000E+12   2.3071658239469056E-01   3.6784096389038638E+01   1.1177226729741698E+04
   9.5000000000000000E+12   2.3085510107476173E-01   3.6762025035814474E+01   1.1241431641884270E+04
   9.6000000000000000E+12   2.3099219024382869E-01   3.6740207521291318E+01   1.1304982664597323E+04
   9.7000000000000000E+12   2.3112783082610316E-01   3.6718646019488361E+01   1.1367892068665156E+04
   9.8000000000000000E+12   2.3126208158136077E-01   3.6697330350588182E+01   1.1430171974521498E+04
   9.9000000000000000E+12   2.3139493712646977E-01   3.6676260555854050E+01   1.1491833939931799E+04
   1.0000000000000000E+13   2.3152649891525195E-01   3.6655419768872093E+01   1.1552889518960135E+04
   1.1000000000000000E+13   2.3277410510673507E-01   3.6458956641523422E+01   1.2132394189527873E+04
   1.2000000000000000E+13   2.3391305604058882E-01   3.6281433576256859E+01   1.2661831883784331E+04
   1.3000000000000000E+13   2.3496080344261464E-01   3.6119645834581121E+01   1.3148776451248723E+04
   1.4000000000000000E+13   2.3593086921718953E-01   3.5971134398455156E+01   1.3599236524402490E+04
   1.5000000000000000E+13   2.3683398130640204E-01   3.5833966724463707E+01   1.4018051764552758E+04
   1.6000000000000000E+13   2.3767878801382181E-01   3.5706598288705258E+01   1.4409173406747545E+04
   1.7000000000000000E+13   2.3847236372391203E-01   3.5587775760805677E+01   1.4775866599087907E+04
   1.8000000000000000E+13   2.3922056764829017E-01   3.5476468803607609E+01   1.5120858709732116E+04
   1.9000000000000000E+13   2.3992830904866969E-01   3.5371820186647234E+01   1.5446450438652040E+04
   2.0000000000000000E+13   2.4059974035584811E-01   3.5273109575280507E+01   1.5754599336014504E+04
   2.1000000000000000E+13   2.4123840612765030E-01   3.5179725905108029E+01   1.6046984770825040E+04
   2.2000000000000000E+13   2.4184735588189454E-01   3.5091146539143175E+01   1.6325057306812534E+04
   2.3000000000000000E+13   2.4242923263938659E-01   3.5006921042314382E+01   1.6590078602848556E+04
   2.4000000000000000E+13   2.4298634157239610E-01   3.4926658636190531E+01   1.6843152529397135E+04
   2.5000000000000000E+13   2.4352070486557223E-01   3.4850018235782784E+01   1.7085250269106880E+04
   2.6000000000000000E+13   2.4403410763928773E-01   3.4776700222168344E+01   1.7317230636705601E+04
   2.7000000000000000E+13   2.4452813220248557E-01   3.4706440232113323E+01   1.7539856764260792E+04
   2.8000000000000000E+13   2.4500418857341116E-01   3.4639003744268564E+01   1.7753809460723503E+04
   2.9000000000000000E+13   2.4546353789892608E-01   3.4574181884604052E+01   1.7959698924528209E+04
   3.0000000000000000E+13   2.4590731294715618E-01   3.4511787809985165E+01   1.8158074014099955E+04
   3.1000000000000000E+13   2.4633653584613299E-01   3.4451653613643586E+01   1.8349430148420350E+04
   3.2000000000000000E+13   2.4675212999790566E-01   3.4393628154001767E+01   1.8534215802784718E+04
   3.3000000000000000E+13   2.4715493471549663E-01   3.4337574587070357E+01   1.8712838690517863E+04
   3.4000000000000000E+13   2.4754571379095325E-01   3.4283368818587981E+01   1.8885670070167482E+04
   3.5000000000000000E+13   2.4792516450343141E-01   3.4230897950007858E+01   1.9053049069025910E+04
   3.6000000000000000E+13   2.4829392488119259E-01   3.4180059014398822E+01   1.9215286492451240E+04
   3.7000000000000000E+13   2.4865258139262181E-01   3.4130757693423632E+01   1.9372667712610397E+04
   3.8000000000000000E+13   2.4900167230101439E-01   3.4082907664557467E+01   1.9525455290665348E+04
   3.9000000000000000E+13   2.4934169518718524E-01   3.4036429402570455E+01   1.9673891427394628E+04
   4.0000000000000000E+13   2.4967310843917601E-01   3.3991249832271599E+01   1.9818199906098918E+04
   4.1000000000000000E+13   2.4999633855280240E-01   3.3947301206426957E+01   1.9958588011846794E+04
   4.2000000000000000E+13   2.5031177874393712E-01   3.3904521185307701E+01   2.0095248149189127E+04
   4.3000000000000000E+13   2.5061979664055922E-01   3.3862851694543345E+01   2.0228358988086387E+04
   4.4000000000000000E+13   2.5092073254061525E-01   3.3822239076964962E+01   2.0358087142768556E+04
   4.5000000000000000E+13   2.5121490561845500E-01   3.3782633178006826E+01   2.0484587736486326E+04
   4.6000000000000000E+13   2.5150261296875465E-01   3.3743987409030275E+01   2.0608005821970783E+04
   4.7000000000000000E+13   2.5178413218783419E-01   3.3706258339682357E+01   2.0728476788133314E+04
   4.8000000000000000E+13   2.5205972449940128E-01   3.3669405226125406E+01   2.0846127968891036E+04
   4.9000000000000000E+13   2.5232963375717848E-01   3.3633390097663998E+01   2.0961078320295132E+04
   5.0000000000000000E+13   2.5259409059602728E-01   3.3598177159768227E+01   2.1073439820813546E+04
   5.1000000000000000E+13   2.5285330981028775E-01   3.3563733105662415E+01   2.1183317668853277E+04
   5.2000000000000000E+13   2.5310749537842631E-01   3.3530026412956389E+01   2.1290811117793924E+04
   5.3000000000000000E+13   2.5335683917629565E-01   3.3497027484821480E+01   2.1396013375014034E+04
   5.4000000000000000E+13   2.5360152286834103E-01   3.3464708371494289E+01   2.1499012640816822E+04
   5.5000000000000000E+13   2.5384171511571813E-01   3.3433043113055945E+01   2.1599892215977081E+04
   5.6000000000000000E+13   2.5407758045510004E-01   3.3402006545223763E+01   2.1698730700249293E+04
   5.7000000000000000E+13   2.5430927123454899E-01   3.3371575342719616E+01   2.1795602822589604E+04
   5.8000000000000000E+13   2.5453693140474593E-01   3.3341727499106774E+01   2.1890579051269728E+04
   5.9000000000000000E+13   2.5476070054451067E-01   3.3312441782491916E+01   2.1983726401164287E+04
   6.0000000000000000E+13   2.5498070827223607E-01   3.3283698452570171E+01   2.2075108342050193E+04
   6.1000000000000000E+13   2.5519707968537381E-01   3.3255478533762670E+01   2.2164785443104629E+04
   6.2000000000000000E+13   2.5540993188305178E-01   3.3227764256410353E+01   2.2252815040292386E+04
   6.3000000000000000E+13   2.5561937929974327E-01   3.3200538349653968E+01   2.2339251584679620E+04
   6.4000000000000000E+13   2.5582552758471000E-01   3.3173784827027156E+01   2.2424147360291812E+04
   6.5000000000000000E+13   2.5602848063282491E-01   3.3147488062184792E+01   2.2507551791630362E+04
   6.6000000000000000E+13   2.5622833348770074E-01   3.3121633700057778E+01   2.2589512295237699E+04
   6.7000000000000000E+13   2.5642518179555129E-01   3.3096207423662264E+01   2.2670073957406428E+04
   6.8000000000000000E+13   2.5661911369398066E-01   3.3071195996243276E+01   2.2749279755050862E+04
   6.9000000000000000E+13   2.5681021409375204E-01   3.3046586699459262E+01   2.2827170982840067E+04
   7.0000000000000000E+13   2.5699856496850992E-01   3.3022367289855289E+01   2.2903787083220708E+04
   7.1000000000000000E+13   2.5718424484362301E-01   3.2998526058686373E+01   2.2979165860538727E+04
   7.2000000000000000E+13   2.5736732724528288E-01   3.2975052024640462E+01   2.3053343094696131E+04
   7.3000000000000000E+13   2.5754788412393231E-01   3.2951934488702932E+01   2.3126353463888769E+04
   7.4000000000000000E+13   2.5772598409528724E-01   3.2929163255103305E+01   2.3198230273938261E+04
   7.5000000000000000E+13   2.5790169298674154E-01   3.2906728556420006E+01   2.3269005126376633E+04
   7.6000000000000000E+13   2.5807507550821479E-01   3.2884620836178854E+01   2.3338708728504876E+04
   7.7000000000000000E+13   2.5824619096907631E-01   3.2862831290983529E+01   2.3407370323324954E+04
   7.8000000000000000E+13   2.5841509912817945E-01   3.2841351120687754E+01   2.3475017925538399E+04
   7.9000000000000000E+13   2.5858185483393009E-01   3.2820172207389867E+01   2.3541678693150989E+04
   8.0000000000000000E+13   2.5874651327454207E-01   3.2799286444301124E+01   2.3607378797965230E+04
   8.1000000000000000E+13   2.5890912550862832E-01   3.2778686300390930E+01   2.3672143076037501E+04
   8.2000000000000000E+13   2.5906974353964624E-01   3.2758364174074714E+01   2.3735995560910793E+04
   8.3000000000000000E+13   2.5922841423550985E-01   3.2738313160553744E+01   2.3798959591634200E+04
   8.4000000000000000E+13   2.5938518391774390E-01   3.2718526467753719E+01   2.3861057529340531E+04
   8.5000000000000000E+13   2.5954009987584786E-01   3.2698997223995526E+01   2.3922310948342125E+04
   8.6000000000000000E+13   2.5969320269880580E-01   3.2679719442633278E+01   2.3982740473731083E+04
   8.7000000000000000E+13   2.5984453582720746E-01   3.2660686815440265E+01   2.4042366311266298E+04
   8.8000000000000000E+13   2.5999413931828619E-01   3.2641893496554580E+01   2.4101207715792985E+04
   8.9000000000000000E+13   2.6014205206095897E-01   3.2623333821350748E+01   2.4159283378983688E+04
   9.0000000000000000E+13   2.6028831228178384E-01   3.2605002241392654E+01   2.4216611274089766E+04
   9.1000000000000000E+13   2.6043295653290399E-01   3.2586893449806659E+01   2.4273209065671403E+04
