   1.0000000000000000E+00   0.0000000000000000E+00   1.3775567405439231E+29   0.0000000000000000E+00
   2.0000000000000000E+00   0.0000000000000000E+00   1.3775567405439231E+29   0.0000000000000000E+00
   3.0000000000000000E+00   0.0000000000000000E+00   1.3775567405439231E+29   0.0000000000000000E+00
   4.0000000000000000E+00   0.0000000000000000E+00   1.3775567405439231E+29   0.0000000000000000E+00
   5.0000000000000000E+00   0.0000000000000000E+00   1.3775567405439231E+29   0.0000000000000000E+00
   5.9889999999999999E+00   0.0000000000000000E+00   1.3775567405439231E+29   0.0000000000000000E+00
   5.9910000000000005E+00   0.0000000000000000E+00   1.3775567405439231E+29   0.0000000000000000E+00
   6.0000000000000000E+00   0.0000000000000000E+00   1.3775567405439231E+29   0.0000000000000000E+00
   7.0000000000000000E+00   0.0000000000000000E+00   1.3775567405439231E+29   0.0000000000000000E+00
   8.0000000000000000E+00   0.0000000000000000E+00   1.3775567405439231E+29   0.0000000000000000E+00
   9.0000000000000000E+00   0.0000000000000000E+00   1.3775567405439231E+29   0.0000000000000000E+00
   9.0690000000000008E+00   0.0000000000000000E+00   1.3775567405439231E+29   0.0000000000000000E+00
   9.0709999999999997E+00   0.0000000000000000E+00   1.3775567405439231E+29   0.0000000000000000E+00
   1.0000000000000000E+01   9.8287866687482798E-03   8.6345357686318289E+02   1.0374481099326295E-02
   1.1000000000000000E+01   2.2739030027130541E-02   3.7322176870474084E+02   2.4640804225979109E-02
   1.2000000000000000E+01   3.5841813572014783E-02   2.3678213124746205E+02   3.9852980398247362E-02
   1.3000000000000000E+01   4.8280860598060880E-02   1.7577774919978799E+02   5.5055391862325352E-02
   1.3619000000000000E+01   5.6029201977653452E-02   1.5146924649650884E+02   6.4947715599745340E-02
   1.3620999999999999E+01   5.6032132804863168E-02   1.5146132371779518E+02   6.4951749846209383E-02
   1.4000000000000000E+01   5.9817187087360842E-02   1.4187730013050179E+02   6.9911962406868519E-02
   1.5000000000000000E+01   7.0459615616790025E-02   1.2044773351465106E+02   8.4359337356196287E-02
   1.6000000000000000E+01   8.0336205123469673E-02   1.0563980452291166E+02   9.8484677731180345E-02
   1.7000000000000000E+01   8.9647251480221485E-02   9.4667721154041828E+01   1.1248710593068108E-01
   1.8000000000000000E+01   9.8619939499190970E-02   8.6054615815552111E+01   1.2663162688843310E-01
   1.9000000000000000E+01   1.0746003926082209E-01   7.8975413220884263E+01   1.4118499907489751E-01
   2.0000000000000000E+01   1.1633100498984135E-01   7.2953044685696426E+01   1.5637940823911975E-01
   2.1000000000000000E+01   1.2535827975551589E-01   6.7699564974147208E+01   1.7241063242158372E-01
   2.2000000000000000E+01   1.3462251585407523E-01   6.3040725034102572E+01   1.8942265764061963E-01
   2.3000000000000000E+01   1.4417264474868866E-01   5.8864849293354339E+01   2.0751920206697669E-01
   2.4000000000000000E+01   1.5404126365598106E-01   5.5093685963970941E+01   2.2678403977619485E-01
   2.5000000000000000E+01   1.6425677357026816E-01   5.1667281786253440E+01   2.4730089004933437E-01
   2.6000000000000000E+01   1.7493307188178028E-01   4.8513988316006824E+01   2.6933210972222216E-01
   2.7000000000000000E+01   1.8690461302632716E-01   4.5406589318159014E+01   2.9466664724772484E-01
   2.8000000000000000E+01   1.9612990402893060E-01   4.3270816081692566E+01   3.1482688091356920E-01
   2.8478999999999996E+01   2.0104682175081096E-01   4.2212559897488845E+01   3.2570400894298451E-01
   2.8480999999999998E+01   2.0104934388839890E-01   4.2212030346474442E+01   3.2571054329944682E-01
   2.9000000000000000E+01   2.1101050563752619E-01   4.0219329268535688E+01   3.4782025038920383E-01
   3.0000000000000000E+01   2.2251281874739265E-01   3.8140279077541081E+01   3.7416497971278945E-01
   3.1000000000000000E+01   2.3507749355157112E-01   3.6101716404824884E+01   4.0356201874526593E-01
   3.2000000000000000E+01   2.4878355302676269E-01   3.4112789620151943E+01   4.3636162738194584E-01
   3.3000000000000000E+01   2.5701881698613688E-01   3.3019765264165962E+01   4.5664188935431266E-01
   3.4000000000000000E+01   2.7270185413934050E-01   3.1120804191597035E+01   4.9559206808414952E-01
   3.5000000000000000E+01   2.8976453029755095E-01   2.9288267258387762E+01   5.3907059635774135E-01
   3.6000000000000000E+01   2.9998147468986569E-01   2.8290750334265816E+01   5.6580695567125106E-01
   3.7000000000000000E+01   3.1064106552027460E-01   2.7319958457977830E+01   5.9410831455160873E-01
   3.8000000000000000E+01   3.3109061466748141E-01   2.5632562897861586E+01   6.4925748887212764E-01
   3.9000000000000000E+01   3.4324939469767696E-01   2.4724591321801700E+01   6.8291324966288192E-01
   4.0000000000000000E+01   3.5596492166999649E-01   2.3841396971198233E+01   7.1866055243642368E-01
   4.1000000000000000E+01   3.8049002067027804E-01   2.2304661211365140E+01   7.8897254201041900E-01
   4.2000000000000000E+01   3.9504997712533896E-01   2.1482600928396621E+01   8.3178767118833763E-01
   4.3000000000000000E+01   4.1004372299283143E-01   2.0697063579983734E+01   8.7661526882702279E-01
   4.4000000000000000E+01   4.2534803442903962E-01   1.9952369162227075E+01   9.2313313946679643E-01
   4.5000000000000000E+01   4.4096738251617457E-01   1.9245643423625737E+01   9.7138618390973475E-01
   4.6000000000000000E+01   4.5690316192938335E-01   1.8574397624036429E+01   1.0214116567692904E+00
   4.7000000000000000E+01   4.8627833354244748E-01   1.7452352737025784E+01   1.1156905847715011E+00
   4.8000000000000000E+01   5.0310150823755506E-01   1.6868764784836642E+01   1.1708645591713651E+00
   4.9000000000000000E+01   5.2022456558008057E-01   1.6313533744591062E+01   1.2278801450985513E+00
   5.0000000000000000E+01   5.3763201213303480E-01   1.5785334232024621E+01   1.2867170343536718E+00
   5.1000000000000000E+01   5.5530296267977475E-01   1.5283010492868334E+01   1.3473343398449877E+00
   5.2000000000000000E+01   5.7321100751165999E-01   1.4805544370470306E+01   1.4096694772432838E+00
   5.3000000000000000E+01   5.9132272816802323E-01   1.4352062927884605E+01   1.4736323534191511E+00
   5.4000000000000000E+01   6.2417480207370868E-01   1.3596673523443002E+01   1.5922098932028672E+00
   5.5000000000000000E+01   6.4272034167643721E-01   1.3204344806046773E+01   1.6603531100921658E+00
   5.6000000000000000E+01   6.6131021539142043E-01   1.2833161817004006E+01   1.7296221153942808E+00
   5.7000000000000000E+01   6.7989193656487446E-01   1.2482426322386720E+01   1.7998309687595277E+00
   5.8000000000000000E+01   6.9841160626455268E-01   1.2151431805016678E+01   1.8707811684202147E+00
   5.9000000000000000E+01   7.1681513381077211E-01   1.1839455677000572E+01   1.9422667681745689E+00
   6.0000000000000000E+01   7.4980749856025619E-01   1.1318506445523179E+01   2.0731186076036852E+00
   6.1000000000000000E+01   7.6777463243448019E-01   1.1053635594140450E+01   2.1456081771661895E+00
   6.2000000000000000E+01   7.8545214775217109E-01   1.0804860652101276E+01   2.2179156843240659E+00
   6.3000000000000000E+01   8.0280154673870130E-01   1.0571356071537505E+01   2.2898652888086568E+00
   6.4000000000000000E+01   8.1979035553775281E-01   1.0352282078006276E+01   2.3612995890828614E+00
   6.5000000000000000E+01   8.3639050199217757E-01   1.0146816570897936E+01   2.4320755670925989E+00
   6.6000000000000000E+01   8.5257979177768295E-01   9.9541428112676247E+00   2.5020699733478713E+00
   6.7000000000000000E+01   8.8195520680658723E-01   9.6225986760538564E+00   2.6312040806057246E+00
   6.8000000000000000E+01   8.9707805796271700E-01   9.4603818809584386E+00   2.6991507421658425E+00
   6.9000000000000000E+01   9.1174058629542809E-01   9.3082408888244395E+00   2.7659802826545254E+00
   7.0000000000000000E+01   9.2625467783997484E-01   9.1623839624182537E+00   2.8330781292357439E+00
   7.1000000000000000E+01   9.4072517404571532E-01   9.0214456246107133E+00   2.9009385292780592E+00
   7.2000000000000000E+01   9.5514370778618174E-01   8.8852608630236638E+00   2.9695503050992298E+00
   7.3000000000000000E+01   9.6950231737624648E-01   8.7536675810361508E+00   3.0389040169109514E+00
   7.4000000000000000E+01   9.8379299517378360E-01   8.6265109092962433E+00   3.1089894054514127E+00
   7.5000000000000000E+01   9.9800841746011526E-01   8.5036366997325814E+00   3.1797991337478626E+00
   7.6000000000000000E+01   1.0121411282609394E+00   8.3848988726875646E+00   3.2513246655332022E+00
   7.6998999999999995E+01   1.0261843026924491E+00   8.2701528205887627E+00   3.3235576351489353E+00
   7.7001000000000005E+01   1.0261833917819807E+00   8.2701601617412699E+00   3.3235583099628854E+00
   7.8000000000000000E+01   1.0401293470403983E+00   8.1592746416626678E+00   3.3964906957044154E+00
   7.9000000000000000E+01   1.0539706827487478E+00   8.0521224586841598E+00   3.4701149697600364E+00
   8.0000000000000000E+01   1.0530324410830876E+00   8.0592968214986289E+00   3.4685681016180774E+00
   8.1000000000000000E+01   1.0665862809942139E+00   7.9568818356120490E+00   3.5421788327443955E+00
   8.2000000000000000E+01   1.0800280753444529E+00   7.8578522161557807E+00   3.6164784425943415E+00
   8.3000000000000000E+01   1.0933504084569010E+00   7.7621053046783315E+00   3.6914548640930298E+00
   8.4000000000000000E+01   1.0921895379234701E+00   7.7703555204266532E+00   3.6912327368325011E+00
   8.5000000000000000E+01   1.1052765343538962E+00   7.6783508394276021E+00   3.7666286370711295E+00
   8.6000000000000000E+01   1.1182310912056550E+00   7.5893981772637664E+00   3.8426566652059737E+00
   8.7000000000000000E+01   1.1162476148769871E+00   7.6028838872736344E+00   3.8370358482838554E+00
   8.8000000000000000E+01   1.1289267846555036E+00   7.5174945981511279E+00   3.9130867648846483E+00
   8.9000000000000000E+01   1.1414633698142322E+00   7.4349306598748255E+00   3.9897548356520920E+00
   9.0000000000000000E+01   1.1391081909145346E+00   7.4503028536229827E+00   3.9825034586780670E+00
   9.1000000000000000E+01   1.1519117533924392E+00   7.3674923277430766E+00   4.0643180971519177E+00
   9.2000000000000000E+01   1.1640532416343341E+00   7.2906467692495891E+00   4.1419085709025820E+00
   9.3000000000000000E+01   1.1614049015157799E+00   7.3072715590227437E+00   4.1334733943712534E+00
   9.4000000000000000E+01   1.1732721541723503E+00   7.2333609684468811E+00   4.2110749018947216E+00
   9.5000000000000000E+01   1.1704385298372912E+00   7.2508728899548878E+00   4.2017701667419303E+00
   9.6000000000000000E+01   1.1820343850058608E+00   7.1797412266596563E+00   4.2793858136769591E+00
   9.7000000000000000E+01   1.1934529951056088E+00   7.1110475570970282E+00   4.3574838875206821E+00
   9.8000000000000000E+01   1.1909657190543570E+00   7.1258986464315921E+00   4.3528953328729889E+00
   9.9000000000000000E+01   1.2021334162055044E+00   7.0596997728786803E+00   4.4312202699906091E+00
   1.0000000000000000E+02   1.1989197339145929E+00   7.0786231682465877E+00   4.4201486994545114E+00
   1.1000000000000000E+02   1.2335043656236804E+00   6.8801548189615467E+00   4.7532090358157246E+00
   1.2000000000000000E+02   1.2476020113185784E+00   6.8024104869680038E+00   4.9871431612138055E+00
   1.2099900000000000E+02   1.2558487827886899E+00   6.7577411561530738E+00   5.0629967308332553E+00
   1.2100100000000000E+02   1.2558407188562477E+00   6.7577845485732482E+00   5.0629648774587128E+00
   1.3000000000000000E+02   1.2529807542819089E+00   6.7732093859810085E+00   5.1809472840616895E+00
   1.4000000000000000E+02   1.2501978194224559E+00   6.7882865203495601E+00   5.3339402722615334E+00
   1.5000000000000000E+02   1.2409870781900094E+00   6.8386699221186076E+00   5.4426886858896539E+00
   1.6000000000000000E+02   1.2235731452925134E+00   6.9359980954199507E+00   5.4820904082171937E+00
   1.7000000000000000E+02   1.2064977494021500E+00   7.0341623178006278E+00   5.5274310248605119E+00
   1.8000000000000000E+02   1.1888129666719192E+00   7.1388025225821536E+00   5.5641337880914170E+00
   1.9000000000000000E+02   1.1719112597783410E+00   7.2417607856767869E+00   5.6111686236849891E+00
   2.0000000000000000E+02   1.1494438532952245E+00   7.3833106167179929E+00   5.5871431140131822E+00
   2.1000000000000000E+02   1.1287228861123606E+00   7.5188525986094419E+00   5.5798474808490051E+00
   2.2000000000000000E+02   1.1077872321549100E+00   7.6609485639649559E+00   5.5575730680081969E+00
   2.3000000000000000E+02   1.0886090674700646E+00   7.7959124712042192E+00   5.5545917570811536E+00
   2.4000000000000000E+02   1.0692679162409300E+00   7.9369266359280051E+00   5.5378542694062007E+00
   2.5000000000000000E+02   1.0508490705916573E+00   8.0760417864552352E+00   5.5270081159035138E+00
   2.6000000000000000E+02   1.0300331438500703E+00   8.2392504125004908E+00   5.4704657408758059E+00
   2.7000000000000000E+02   1.0130088907347925E+00   8.3777162105655254E+00   5.4621163345682877E+00
   2.8000000000000000E+02   9.9399154848259363E-01   8.5380011714500874E+00   5.4130838503587508E+00
   2.9000000000000000E+02   9.7779826007949511E-01   8.6793987592756601E+00   5.3982760270769425E+00
   3.0000000000000000E+02   9.6044261538748443E-01   8.8362395310124437E+00   5.3574218066182766E+00
   3.1000000000000000E+02   9.4314589699565232E-01   8.9982907547918760E+00   5.3043208564086779E+00
   3.2000000000000000E+02   9.2928577923882227E-01   9.1324985219372738E+00   5.3074984830913694E+00
   3.3000000000000000E+02   9.1308249075463854E-01   9.2945611062389730E+00   5.2541101852767103E+00
   3.4000000000000000E+02   8.9778102407760152E-01   9.4529743642947679E+00   5.2096106681025418E+00
   3.5000000000000000E+02   8.8320520446615725E-01   9.6089798411973302E+00   5.1706445541805692E+00
   3.6000000000000000E+02   8.6887656899720422E-01   9.7674414389498612E+00   5.1259375061088228E+00
   3.7000000000000000E+02   8.5532076586070549E-01   9.9222436120976703E+00   5.0897214753437749E+00
   3.8000000000000000E+02   8.4194620139910936E-01   1.0079861386930713E+01   5.0472614252289585E+00
   3.9000000000000000E+02   8.2909270109028399E-01   1.0236130403989304E+01   5.0076808060017877E+00
   4.0000000000000000E+02   8.1662511533127724E-01   1.0392407539306580E+01   4.9683600945693485E+00
   4.1000000000000000E+02   8.0485855605030654E-01   1.0544338432584697E+01   4.9384798116711908E+00
   4.2000000000000000E+02   7.9319291157229022E-01   1.0699416096058251E+01   4.9018479413873219E+00
   4.3000000000000000E+02   7.8059760438736336E-01   1.0872056175494530E+01   4.8331482122224578E+00
   4.4000000000000000E+02   7.6972034196499650E-01   1.1025694064016058E+01   4.7996686341388592E+00
   4.5000000000000000E+02   7.5917460431336836E-01   1.1178852608000007E+01   4.7672549076387023E+00
   4.6000000000000000E+02   7.4887258119848787E-01   1.1332636844273086E+01   4.7334584994080506E+00
   4.7000000000000000E+02   7.3894530391215107E-01   1.1484883874929944E+01   4.7030645609784241E+00
   4.8000000000000000E+02   7.2832025059574534E-01   1.1652430367567002E+01   4.6459447851789237E+00
   4.9000000000000000E+02   7.1899706417309417E-01   1.1803526645990241E+01   4.6178701524441088E+00
   5.0000000000000000E+02   7.0964098338930026E-01   1.1959147236427539E+01   4.5807511318052825E+00
   5.1000000000000000E+02   7.0082987918006767E-01   1.2109502259356926E+01   4.5543246027206683E+00
   5.2000000000000000E+02   6.9141874095254896E-01   1.2274328858462777E+01   4.5031047493113459E+00
   5.3000000000000000E+02   6.8294558228225333E-01   1.2426613811594169E+01   4.4727907707780856E+00
   5.3799900000000002E+02   6.7582373565269516E-01   1.2557566971858865E+01   4.4339236236486652E+00
   5.3800099999999998E+02   6.7582197598378690E-01   1.2557599667675506E+01   4.4339140291755728E+00
   5.4000000000000000E+02   6.7485108347580369E-01   1.2575664784659351E+01   4.4489452958407654E+00
   5.5000000000000000E+02   6.6601361016051208E-01   1.2742533900036277E+01   4.3943012483172526E+00
   5.6000000000000000E+02   6.5830610970848891E-01   1.2891724503535212E+01   4.3700690205477439E+00
   5.7000000000000000E+02   6.5004707348160429E-01   1.3055517594905433E+01   4.3218141958115703E+00
   5.8000000000000000E+02   6.4278365897080425E-01   1.3203044114320495E+01   4.3008361952862515E+00
   5.9000000000000000E+02   6.3550942278941114E-01   1.3354170215298462E+01   4.2734554413043053E+00
   6.0000000000000000E+02   6.2783644715345821E-01   1.3517375494579273E+01   4.2264634848103881E+00
   6.1000000000000000E+02   6.2110025850092421E-01   1.3663979187255871E+01   4.2073965878098072E+00
   6.2000000000000000E+02   6.1376825453673256E-01   1.3827207488535825E+01   4.1608638517919809E+00
   6.3000000000000000E+02   6.0723269070962949E-01   1.3976027864109339E+01   4.1376426121102536E+00
   6.4000000000000000E+02   6.0042789222802406E-01   1.4134421660299690E+01   4.1001585654344010E+00
   6.5000000000000000E+02   5.9415871948045640E-01   1.4283558798525755E+01   4.0765334777934150E+00
   6.6000000000000000E+02   5.8756768924716296E-01   1.4443784368452400E+01   4.0360079301815057E+00
   6.7000000000000000E+02   5.8158895813788258E-01   1.4592266387808296E+01   4.0136238606277113E+00
   6.8000000000000000E+02   5.7534317644085231E-01   1.4750676383885713E+01   3.9765830645207920E+00
   6.9000000000000000E+02   5.6959869101551974E-01   1.4899439094962096E+01   3.9537120190769883E+00
   7.0000000000000000E+02   5.6370164675842704E-01   1.5055306391525988E+01   3.9209657864232561E+00
   7.1000000000000000E+02   5.5828204364389145E-01   1.5201457940440656E+01   3.9027019030422649E+00
   7.2000000000000000E+02   5.5251292066883673E-01   1.5360185595447094E+01   3.8653325561100149E+00
   7.3000000000000000E+02   5.4732584745646506E-01   1.5505755930941872E+01   3.8480715112005766E+00
   7.4000000000000000E+02   5.4180812229835074E-01   1.5663665153920681E+01   3.8122279846735787E+00
   7.5000000000000000E+02   5.3687059845040641E-01   1.5807721692809055E+01   3.7975303123542483E+00
   7.6000000000000000E+02   5.3155545618645772E-01   1.5965786648569226E+01   3.7615031847463878E+00
   7.7000000000000000E+02   5.2659190528815869E-01   1.6116276988177070E+01   3.7238774067075937E+00
   7.8000000000000000E+02   5.2169721500594013E-01   1.6267483822506588E+01   3.6952942196736771E+00
   7.9000000000000000E+02   5.1697916152659307E-01   1.6415944078471952E+01   3.6709853961094754E+00
   8.0000000000000000E+02   5.1227914934912644E-01   1.6566555590128161E+01   3.6435202201271526E+00
   8.1000000000000000E+02   5.0774600184889607E-01   1.6714461511174029E+01   3.6201830166917568E+00
   8.2000000000000000E+02   5.0317670765274558E-01   1.6866243759464218E+01   3.5910767265644665E+00
   8.3000000000000000E+02   4.9876742172376654E-01   1.7015347506108931E+01   3.5660072975349126E+00
   8.4000000000000000E+02   4.9446518717612664E-01   1.7163394361134145E+01   3.5425023881130349E+00
   8.5000000000000000E+02   4.9023216296722316E-01   1.7311595701898671E+01   3.5191699186612118E+00
   8.6000000000000000E+02   4.8608979699344851E-01   1.7459121869760729E+01   3.4965228645386928E+00
   8.7000000000000000E+02   4.8198728777993677E-01   1.7607727881052927E+01   3.4725933510313824E+00
   8.8000000000000000E+02   4.7802221332435502E-01   1.7753779570903205E+01   3.4522704752494335E+00
   8.9000000000000000E+02   4.7406879983662609E-01   1.7901834097246144E+01   3.4292286905434519E+00
   9.0000000000000000E+02   4.7015686604165746E-01   1.8050786063823899E+01   3.4046769969270896E+00
   9.1000000000000000E+02   4.6637777877539111E-01   1.8197052671849296E+01   3.3840006646410190E+00
   9.2000000000000000E+02   4.6265875171865650E-01   1.8343327503975644E+01   3.3637174891551505E+00
   9.3000000000000000E+02   4.5901067254584710E-01   1.8489114770001777E+01   3.3437479537178896E+00
   9.4000000000000000E+02   4.5535597860123433E-01   1.8637508683701434E+01   3.3203902536819538E+00
   9.5000000000000000E+02   4.5181651745092211E-01   1.8783512062012491E+01   3.3001907243982074E+00
   9.6000000000000000E+02   4.4836658914771310E-01   1.8928040605095024E+01   3.2823627848175807E+00
   9.7000000000000000E+02   4.4494565043540468E-01   1.9073567742602158E+01   3.2628249667890064E+00
   9.8000000000000000E+02   4.4152139106969307E-01   1.9221494534601756E+01   3.2398768412102377E+00
   9.9000000000000000E+02   4.3824314998768749E-01   1.9365279310342459E+01   3.2230666523038116E+00
   1.0000000000000000E+03   4.3498979306003371E-01   1.9510115273405056E+01   3.2044707406410287E+00
   1.1000000000000000E+03   4.0513055985324953E-01   2.0948064269528345E+01   3.0331737898135058E+00
   1.2000000000000000E+03   3.7939516496816861E-01   2.2369027834258006E+01   2.8809401051684129E+00
   1.3000000000000000E+03   3.5696759771869474E-01   2.3774429554930482E+01   2.7444638444970599E+00
   1.4000000000000000E+03   3.3729226701496112E-01   2.5161267646196674E+01   2.6259951669636403E+00
   1.5000000000000000E+03   3.1981719240760176E-01   2.6536100018474649E+01   2.5164725627604705E+00
   1.5639990000000000E+03   3.0965086879107745E-01   2.7407378179550626E+01   2.4536883425619322E+00
   1.5640010000000000E+03   3.0965055921625212E-01   2.7407405578974359E+01   2.4536861635182174E+00
   1.6000000000000000E+03   3.0420158514480256E-01   2.7898280021506551E+01   2.4166395198650683E+00
   1.7000000000000000E+03   2.9016914357263984E-01   2.9247427555064416E+01   2.3264508412336120E+00
   1.8000000000000000E+03   2.7748408513232137E-01   3.0584460371155686E+01   2.2445067129513085E+00
   1.9000000000000000E+03   2.6594297491359697E-01   3.1911732235503280E+01   2.1678779134661448E+00
   2.0000000000000000E+03   2.5539548038801813E-01   3.3229644441875671E+01   2.0964363658090632E+00
   2.1000000000000000E+03   2.4571623989953473E-01   3.4538624751973266E+01   2.0297286472596205E+00
   2.2000000000000000E+03   2.3680862915454173E-01   3.5837803021178907E+01   1.9683243567303861E+00
   2.3000000000000000E+03   2.2858820168268487E-01   3.7126592461393521E+01   1.8460166214529150E+00
   2.4000000000000000E+03   2.2095237687546398E-01   3.8409638879509565E+01   1.7916248771043390E+00
   2.5000000000000000E+03   2.1386398294524142E-01   3.9682703410273810E+01   1.7426387064015558E+00
   2.6000000000000000E+03   2.0725961917641622E-01   4.0947199647858668E+01   1.6974574551134725E+00
   2.7000000000000000E+03   2.0107407323688797E-01   4.2206838846685017E+01   1.6528571522665543E+00
   2.8000000000000000E+03   1.9527977516576892E-01   4.3459190784871033E+01   1.6111195354922585E+00
   2.9000000000000000E+03   1.8984606847341567E-01   4.4703064296242040E+01   1.5731403504927406E+00
   3.0000000000000000E+03   1.8472676561572768E-01   4.5941913057743214E+01   1.5360729250392446E+00
   3.1000000000000000E+03   1.7989981549873710E-01   4.7174595381480245E+01   1.5008509027443901E+00
   3.2000000000000000E+03   1.7534142748771084E-01   4.8401003270893746E+01   1.4519204696598114E+00
   3.3000000000000000E+03   1.7102809848285014E-01   4.9621676675583664E+01   1.4203975826160808E+00
   3.4000000000000000E+03   1.6694705614780131E-01   5.0834684966486840E+01   1.3919511716801758E+00
   3.5000000000000000E+03   1.6306736296475899E-01   5.2044142071457671E+01   1.3634134254427466E+00
   3.6000000000000000E+03   1.5938065653112285E-01   5.3247998785214193E+01   1.3364533944520294E+00
   3.7000000000000000E+03   1.5587108347235634E-01   5.4446923805857686E+01   1.3105145769629596E+00
   3.8000000000000000E+03   1.5252733653456763E-01   5.5640524499898476E+01   1.2859924188216658E+00
   3.9000000000000000E+03   1.4933166142113616E-01   5.6831223362754848E+01   1.2611666817256160E+00
   4.0000000000000000E+03   1.4628340605484422E-01   5.8015473075422229E+01   1.2385125850074901E+00
   4.1000000000000000E+03   1.4336828456853515E-01   5.9195107417909618E+01   1.2168012979986396E+00
   4.2000000000000000E+03   1.4057753949496743E-01   6.0370248589104712E+01   1.1959731226296400E+00
   4.3000000000000000E+03   1.3790400365370997E-01   6.1540642624609951E+01   1.1762548635137027E+00
   4.4000000000000000E+03   1.3533869757549247E-01   6.2707127801506708E+01   1.1570358081432084E+00
   4.5000000000000000E+03   1.3287574666491342E-01   6.3869451110274220E+01   1.1385484217791702E+00
   4.6000000000000000E+03   1.3050571613901277E-01   6.5029343207587644E+01   1.1197787240584967E+00
   4.7000000000000000E+03   1.2822963428165776E-01   6.6183617015663799E+01   1.1026512912204254E+00
   4.8000000000000000E+03   1.2603884110622163E-01   6.7334013315812243E+01   1.0861369421135263E+00
   4.9000000000000000E+03   1.2392481977516283E-01   6.8482657636729414E+01   1.0690011776205528E+00
   5.0000000000000000E+03   1.2189063440515557E-01   6.9625538063463480E+01   1.0536341991405711E+00
   5.1000000000000000E+03   1.1992830472743952E-01   7.0764787550725032E+01   1.0387866045701970E+00
   5.2000000000000000E+03   1.1803137374173171E-01   7.1902077696103902E+01   1.0235684503918718E+00
   5.3000000000000000E+03   1.1620162968730820E-01   7.3034268350565199E+01   1.0096963812308259E+00
   5.4000000000000000E+03   1.1443299324803352E-01   7.4163060534132384E+01   9.9626027160929509E-01
   5.5000000000000000E+03   1.1271938167897651E-01   7.5290521283428404E+01   9.8215593873237617E-01
   5.6000000000000000E+03   1.1106403959149985E-01   7.6412680797227083E+01   9.6955142653067083E-01
   5.7000000000000000E+03   1.0946114269641113E-01   7.7531631739800218E+01   9.5732333625057375E-01
   5.8000000000000000E+03   1.0790612535806411E-01   7.8648927270759771E+01   9.4470237178970495E-01
   5.9000000000000000E+03   1.0640021387677100E-01   7.9762067162617456E+01   9.3292437307063014E-01
   6.0000000000000000E+03   1.0493838890993111E-01   8.0873178000093247E+01   9.2102348633564179E-01
   6.1000000000000000E+03   1.0352187013985151E-01   8.1979788366370059E+01   9.1017539880331433E-01
   6.2000000000000000E+03   1.0214431237360556E-01   8.3085399550341123E+01   8.9866674702957017E-01
   6.3000000000000000E+03   1.0080875881326365E-01   8.4186147168784075E+01   8.8842290773855637E-01
   6.4000000000000000E+03   9.9509308194173932E-02   8.5285499008752524E+01   8.7778163200734816E-01
   6.5000000000000000E+03   9.8247250034089725E-02   8.6381053947170685E+01   8.6783336997455107E-01
   6.6000000000000000E+03   9.7018807985373781E-02   8.7474801861462737E+01   8.5774740493901180E-01
   6.7000000000000000E+03   9.5824695328345741E-02   8.8564862912174945E+01   8.4831362076729810E-01
   6.8000000000000000E+03   9.4661463601668785E-02   8.9653177570415878E+01   8.3873868984975686E-01
   6.9000000000000000E+03   9.3529831451144879E-02   9.0737905475526077E+01   8.2978027975292801E-01
   7.0000000000000000E+03   9.2426637693463667E-02   9.1820942718941339E+01   8.2067797604023507E-01
   7.1000000000000000E+03   9.1353081057490765E-02   9.2899997538287508E+01   8.1240087157088070E-01
   7.2000000000000000E+03   9.0304804031931835E-02   9.3978400112080067E+01   8.0349378183151043E-01
   7.3000000000000000E+03   8.9284432875885694E-02   9.5052415432298659E+01   7.9561930489384269E-01
   7.4000000000000000E+03   8.8287413540125537E-02   9.6125831135587305E+01   7.8712260648500643E-01
   7.5000000000000000E+03   8.7316281920402000E-02   9.7194942554842100E+01   7.7962174451825927E-01
   7.6000000000000000E+03   8.6366766567099754E-02   9.8263502764832765E+01   7.7150649111867731E-01
   7.7000000000000000E+03   8.5441312196842298E-02   9.9327840211582313E+01   7.6435243962432420E-01
   7.8000000000000000E+03   8.4535909213115087E-02   1.0039166887009982E+02   7.5659239041533177E-01
   7.9000000000000000E+03   8.3651812127950087E-02   1.0145268571558246E+02   7.4922886380278886E-01
   8.0000000000000000E+03   8.2788550641900993E-02   1.0251056383466359E+02   7.4233353743917496E-01
   8.1000000000000000E+03   8.1944048931163860E-02   1.0356702062019201E+02   7.3528608820438102E-01
   8.2000000000000000E+03   8.1118978709781617E-02   1.0462041239102183E+02   7.2868653607354872E-01
   8.3000000000000000E+03   8.0311033520776537E-02   1.0567291483255975E+02   7.2171973778944076E-01
   8.4000000000000000E+03   7.9521022341408315E-02   1.0672273513939298E+02   7.1511232303456929E-01
   8.5000000000000000E+03   7.8748575769543278E-02   1.0776958087714618E+02   7.0892546802707734E-01
   8.6000000000000000E+03   7.7991941737052678E-02   1.0881510084680943E+02   7.0258576148964480E-01
   8.7000000000000000E+03   7.7251754205347259E-02   1.0985771252257767E+02   6.9664993429234123E-01
   8.8000000000000000E+03   7.6526379326965460E-02   1.1089902697598848E+02   6.9056144799122898E-01
   8.9000000000000000E+03   7.5815562681169887E-02   1.1193877226823894E+02   6.8439197184010570E-01
   9.0000000000000000E+03   7.5120040534663118E-02   1.1297519203866509E+02   6.7880828515625546E-01
   9.1000000000000000E+03   7.4437976319337851E-02   1.1401036708666078E+02   6.7307222998784688E-01
   9.2000000000000000E+03   7.3769149501620807E-02   1.1504404026197163E+02   6.6724990427559039E-01
   9.3000000000000000E+03   7.3114595639125327E-02   1.1607396486529210E+02   6.6218240623016000E-01
   9.4000000000000000E+03   7.2471679986685161E-02   1.1710368804635256E+02   6.5657275584470864E-01
   9.5000000000000000E+03   7.1841151903854567E-02   1.1813147173243651E+02   6.5106814857078177E-01
   9.6000000000000000E+03   7.1223699845709212E-02   1.1915557635647232E+02   6.4628932213221335E-01
   9.7000000000000000E+03   7.0616862737238509E-02   1.2017952478198335E+02   6.4097983694207150E-01
   9.8000000000000000E+03   7.0021652755224234E-02   1.2120109525296357E+02   6.3595322375673624E-01
   9.9000000000000000E+03   6.9437883163328176E-02   1.2222004212590832E+02   6.3125266977298455E-01
   1.0000000000000000E+04   6.8864107603750585E-02   1.2323837918860444E+02   6.2621904716506671E-01
   1.1000000000000000E+04   6.3657664462410057E-02   1.3331781926066861E+02   5.8220803117886943E-01
   1.2000000000000000E+04   5.9254800372381823E-02   1.4322385616054584E+02   5.3223397336251066E-01
   1.3000000000000000E+04   5.5477998631587644E-02   1.5297417381101732E+02   5.0024103490637739E-01
   1.4000000000000000E+04   5.2200704643316310E-02   1.6257828439950941E+02   4.7248146919773371E-01
   1.5000000000000000E+04   4.9328066920969638E-02   1.7204608927718039E+02   4.4792159627231226E-01
   1.6000000000000000E+04   4.6788481611948637E-02   1.8138440729370825E+02   4.2623424249777708E-01
   1.7000000000000000E+04   4.4526041970646697E-02   1.9060084008703569E+02   4.0673362857569656E-01
   1.8000000000000000E+04   4.2496984422222467E-02   1.9970125223562962E+02   3.8908786872934537E-01
   1.9000000000000000E+04   4.0666537415433940E-02   2.0869003226556885E+02   3.7321606023141357E-01
   2.0000000000000000E+04   3.9006351617190779E-02   2.1757228383327276E+02   3.5878020656033194E-01
   2.1000000000000000E+04   3.7493342199598413E-02   2.2635221368573463E+02   3.4559004479280403E-01
   2.2000000000000000E+04   3.6108395588709589E-02   2.3503400987468694E+02   3.3340816069174589E-01
   2.3000000000000000E+04   3.4835761510741838E-02   2.4362036703974286E+02   3.2226574442508937E-01
   2.4000000000000000E+04   3.3661994618498114E-02   2.5211521484505897E+02   3.1189513535419627E-01
   2.5000000000000000E+04   3.2575869871086752E-02   2.6052108628074978E+02   3.0228086425158612E-01
   2.6000000000000000E+04   3.1567771952168450E-02   2.6884067137252947E+02   2.9334143210330965E-01
   2.7000000000000000E+04   3.0629494560302405E-02   2.7707610351347836E+02   2.8507110631218602E-01
   2.8000000000000000E+04   2.9753842784418005E-02   2.8523041769247806E+02   2.7727853022849219E-01
   2.9000000000000000E+04   2.8934689105802314E-02   2.9330541532081025E+02   2.6997776325223050E-01
   3.0000000000000000E+04   2.8166655060714228E-02   3.0130311842362840E+02   2.6312280623105716E-01
   3.1000000000000000E+04   2.7445029943161607E-02   3.0922542343483491E+02   2.5667335006327696E-01
   3.2000000000000000E+04   2.6765607579708306E-02   3.1707484988272250E+02   2.4909520541541877E-01
   3.3000000000000000E+04   2.6124782102287521E-02   3.2485250870715453E+02   2.4336788480885957E-01
   3.4000000000000000E+04   2.5519322248307198E-02   3.3255981184683804E+02   2.3795035338392759E-01
   3.5000000000000000E+04   2.4946338239720343E-02   3.4019826572555161E+02   2.3281770458448292E-01
   3.6000000000000000E+04   2.4403249509381407E-02   3.4776930023574545E+02   2.2794766090966961E-01
   3.7000000000000000E+04   2.3887744198091178E-02   3.5527427516718075E+02   2.2332023359056163E-01
   3.8000000000000000E+04   2.3397744875149042E-02   3.6271448597465792E+02   2.1891743403393846E-01
   3.9000000000000000E+04   2.2931379402286744E-02   3.7009116880729670E+02   2.1472302806337160E-01
   4.0000000000000000E+04   2.2486956047980618E-02   3.7740550509583068E+02   2.1072232568172217E-01
   4.1000000000000000E+04   2.2062942147806273E-02   3.8465862569465628E+02   2.0690200048885643E-01
   4.2000000000000000E+04   2.1657945744794738E-02   3.9185161443095598E+02   2.0324993400866648E-01
   4.3000000000000000E+04   2.1270699710186115E-02   3.9898551157166480E+02   1.9975508092441907E-01
   4.4000000000000000E+04   2.0900047987058391E-02   4.0606131673051448E+02   1.9640735207318877E-01
   4.5000000000000000E+04   2.0544933616098354E-02   4.1307999159004152E+02   1.9319751248986830E-01
   4.6000000000000000E+04   2.0204388281384541E-02   4.2004246241768942E+02   1.9011709226703960E-01
   4.7000000000000000E+04   1.9877523159898786E-02   4.2694962229887210E+02   1.8715830841680337E-01
   4.8000000000000000E+04   1.9563520884277180E-02   4.3380233320764188E+02   1.8431399615442676E-01
   4.9000000000000000E+04   1.9261628469142995E-02   4.4060142780510552E+02   1.8157754831813044E-01
   5.0000000000000000E+04   1.8971151053586630E-02   4.4734771134255453E+02   1.7894286177501895E-01
   5.1000000000000000E+04   1.8691446376922251E-02   4.5404196305718415E+02   1.7640428996811694E-01
   5.2000000000000000E+04   1.8421919863531141E-02   4.6068493773857557E+02   1.7395660070728342E-01
   5.3000000000000000E+04   1.8162020256957907E-02   4.6727736701563242E+02   1.7159493860999991E-01
   5.4000000000000000E+04   1.7911235719814639E-02   4.7381996072818697E+02   1.6931479153444987E-01
   5.5000000000000000E+04   1.7669090361144869E-02   4.8031340787177766E+02   1.6711196060891556E-01
   5.6000000000000000E+04   1.7435141113757668E-02   4.8675837780625778E+02   1.6498253331525597E-01
   5.7000000000000000E+04   1.7208974939194252E-02   4.9315552119417697E+02   1.6292285933065143E-01
   5.8000000000000000E+04   1.6990206310411381E-02   4.9950547099332920E+02   1.6092952877982944E-01
   5.9000000000000000E+04   1.6778474951927760E-02   5.0580884315596239E+02   1.5899935264724957E-01
   6.0000000000000000E+04   1.6573443789530542E-02   5.1206623759854460E+02   1.5712934504381618E-01
   6.1000000000000000E+04   1.6374797107319004E-02   5.1827823879189259E+02   1.5531670720637336E-01
   6.2000000000000000E+04   1.6182238869196786E-02   5.2444541660489745E+02   1.5355881294925994E-01
   6.3000000000000000E+04   1.5995491203813657E-02   5.3056832686278892E+02   1.5185319549711720E-01
   6.4000000000000000E+04   1.5814293027156194E-02   5.3664751189209449E+02   1.5019753548872616E-01
   6.5000000000000000E+04   1.5638398783172459E-02   5.4268350123465962E+02   1.4858965005521621E-01
   6.6000000000000000E+04   1.5467577302806625E-02   5.4867681209622538E+02   1.4702748286452480E-01
   6.7000000000000000E+04   1.5301610757458742E-02   5.5462794995089280E+02   1.4550909501455217E-01
   6.8000000000000000E+04   1.5140293708347918E-02   5.6053740890617939E+02   1.4403265673635091E-01
   6.9000000000000000E+04   1.4983432235884695E-02   5.6640567206161063E+02   1.4259643976439193E-01
   7.0000000000000000E+04   1.4830843133122365E-02   5.7223321217673413E+02   1.4119881034790474E-01
   7.1000000000000000E+04   1.4682353175673403E-02   5.7802049193429980E+02   1.3983822283556618E-01
   7.2000000000000000E+04   1.4537798448329524E-02   5.8376796428423734E+02   1.3851321379020920E-01
   7.3000000000000000E+04   1.4397023723907006E-02   5.8947607284019841E+02   1.3722239654753193E-01
   7.4000000000000000E+04   1.4259881892003154E-02   5.9514525222787131E+02   1.3596445622837758E-01
   7.5000000000000000E+04   1.4126233433085606E-02   6.0077592838575322E+02   1.3473814511094526E-01
   7.6000000000000000E+04   1.3995945930874212E-02   6.0636851894624135E+02   1.3354227837865640E-01
   7.7000000000000000E+04   1.3868893629022480E-02   6.1192343328643994E+02   1.3237573018713303E-01
   7.8000000000000000E+04   1.3744957009993402E-02   6.1744107305577859E+02   1.3123743000537499E-01
   7.9000000000000000E+04   1.3624022411593373E-02   6.2292183240495160E+02   1.3012635924541180E-01
   8.0000000000000000E+04   1.3505981676036850E-02   6.2836609799445398E+02   1.2904154813612037E-01
   8.1000000000000000E+04   1.3390731813342435E-02   6.3377424950739282E+02   1.2798207280835872E-01
   8.2000000000000000E+04   1.3278174693522285E-02   6.3914665993181143E+02   1.2694705258204686E-01
   8.3000000000000000E+04   1.3168216773214853E-02   6.4448369521213090E+02   1.2593564749841510E-01
   8.4000000000000000E+04   1.3060768813162659E-02   6.4978571527910083E+02   1.2494705592354713E-01
   8.5000000000000000E+04   1.2955745649007665E-02   6.5505307338338355E+02   1.2398051242900104E-01
   8.6000000000000000E+04   1.2853065943911404E-02   6.6028611713270527E+02   1.2303528570681981E-01
   8.7000000000000000E+04   1.2752651988823641E-02   6.6548518792746574E+02   1.2211067672064277E-01
   8.8000000000000000E+04   1.2654429491925330E-02   6.7065062164763356E+02   1.2120601690882465E-01
   8.9000000000000000E+04   1.2558327398443762E-02   6.7578274845801127E+02   1.2032066654836610E-01
   9.0000000000000000E+04   1.2464277709636949E-02   6.8088189328405667E+02   1.1945401318727161E-01
   9.1000000000000000E+04   1.2372215324990898E-02   6.8594837564889497E+02   1.1860547021920645E-01
   9.2000000000000000E+04   1.2282077884367758E-02   6.9098251006513112E+02   1.1777447551444202E-01
   9.3000000000000000E+04   1.2193805626478023E-02   6.9598460606322726E+02   1.1696049015260739E-01
   9.4000000000000000E+04   1.2107341255958118E-02   7.0095496822471227E+02   1.1616299723044560E-01
   9.5000000000000000E+04   1.2022629812166232E-02   7.0589389658889786E+02   1.1538150073943876E-01
   9.6000000000000000E+04   1.1939618557502576E-02   7.1080168637573661E+02   1.1461552452241727E-01
   9.7000000000000000E+04   1.1858256857044377E-02   7.1567862862696893E+02   1.1386461126635265E-01
   9.8000000000000000E+04   1.1778496085306739E-02   7.2052500963537557E+02   1.1312832160472748E-01
   9.9000000000000000E+04   1.1700289513354740E-02   7.2534111191600255E+02   1.1240623319868431E-01
   1.0000000000000000E+05   1.1623592232778826E-02   7.3012721329152953E+02   1.1169793996736060E-01
   1.1000000000000000E+05   1.0930884002827280E-02   7.7639658449955016E+02   1.0529457316209692E-01
   1.2000000000000000E+05   1.0350337531877595E-02   8.1994437178671865E+02   9.9919464841513386E-02
   1.3000000000000000E+05   9.8568758368235299E-03   8.6099299066455421E+02   9.5344727763905693E-02
   1.4000000000000000E+05   9.4324051318379516E-03   8.9973881388003895E+02   9.1405476359398233E-02
   1.5000000000000000E+05   9.0635354472612638E-03   9.3635657462125380E+02   8.7979387328824016E-02
   1.6000000000000000E+05   8.7401411213990088E-03   9.7100274325975988E+02   8.4973751975937858E-02
   1.7000000000000000E+05   8.4544204800619509E-03   1.0038181830877760E+03   8.2316995423756922E-02
   1.8000000000000000E+05   8.2002634898189122E-03   1.0349302819223537E+03   7.9952959432868065E-02
   1.9000000000000000E+05   7.9728156573741493E-03   1.0644546882890015E+03   7.7836950490001833E-02
   2.0000000000000000E+05   7.7681704708797011E-03   1.0924967516057613E+03   7.5932947139603191E-02
   2.1000000000000000E+05   7.5831482252721591E-03   1.1191527256545594E+03   7.4211587737970902E-02
   2.2000000000000000E+05   7.4151341085322200E-03   1.1445107911926573E+03   7.2648694910571174E-02
   2.3000000000000000E+05   7.2619578356637824E-03   1.1686519251980951E+03   7.1224176719534113E-02
   2.4000000000000000E+05   7.1218028271157821E-03   1.1916506552306291E+03   6.9921196404800337E-02
   2.5000000000000000E+05   6.9931368666455431E-03   1.2135757053224611E+03   6.8725537397252429E-02
   2.6000000000000000E+05   6.8746584129773438E-03   1.2344905732822247E+03   6.7625111410626507E-02
   2.7000000000000000E+05   6.7652547471061305E-03   1.2544540187472019E+03   6.6609573927927324E-02
   2.8000000000000000E+05   6.6639688641355489E-03   1.2735205068303942E+03   6.5670020074617738E-02
   2.9000000000000000E+05   6.5699731004658767E-03   1.2917406016097812E+03   6.4798742161681203E-02
   3.0000000000000000E+05   6.4825480223885011E-03   1.3091613013965666E+03   6.3989034869546921E-02
   3.1000000000000000E+05   6.4010652437953043E-03   1.3258263557901114E+03   6.3235037166859007E-02
   3.2000000000000000E+05   6.3249734893040983E-03   1.3417765338791348E+03   6.2531603470106362E-02
   3.3000000000000000E+05   6.2537870739190690E-03   1.3570498811430589E+03   6.1874197488373542E-02
   3.4000000000000000E+05   6.1870764592885661E-03   1.3716819343027373E+03   6.1258804736709381E-02
   3.5000000000000000E+05   6.1244603814811990E-03   1.3857059196623236E+03   6.0681859579826934E-02
   3.6000000000000000E+05   6.0655992131567688E-03   1.3991529455074347E+03   6.0140184146575917E-02
   3.7000000000000000E+05   6.0101894921496431E-03   1.4120521518399685E+03   5.9630937183610171E-02
   3.8000000000000000E+05   5.9579591786425275E-03   1.4244308748838216E+03   5.9151570470915737E-02
   3.9000000000000000E+05   5.9086637403314834E-03   1.4363147707030892E+03   5.8699792222848386E-02
   4.0000000000000000E+05   5.8620827508210020E-03   1.4477279434800341E+03   5.8273535592088289E-02
   4.1000000000000000E+05   5.8180170021527580E-03   1.4586930567950658E+03   5.7870931800792384E-02
   4.2000000000000000E+05   5.7762860078476100E-03   1.4692314393411123E+03   5.7490287001747006E-02
   4.3000000000000000E+05   5.7367258345347666E-03   1.4793631855764152E+03   5.7130062226235130E-02
   4.4000000000000000E+05   5.6991873342743119E-03   1.4891072196061614E+03   5.6788856422124320E-02
   4.5000000000000000E+05   5.6635344403408068E-03   1.4984813979245755E+03   5.6465391132331573E-02
   4.6000000000000000E+05   5.6296427865474563E-03   1.5075025764752988E+03   5.6158497449671170E-02
   4.7000000000000000E+05   5.5973985198035908E-03   1.5161866669542876E+03   5.5867104710458637E-02
   4.8000000000000000E+05   5.5666971080199920E-03   1.5245487298256271E+03   5.5590230111132580E-02
   4.9000000000000000E+05   5.5374426241024729E-03   1.5326029688174735E+03   5.5326970594702755E-02
   5.0000000000000000E+05   5.5095466077322358E-03   1.5403628664190667E+03   5.5076494021073640E-02
   5.1000000000000000E+05   5.4829276019644733E-03   1.5478411573983174E+03   5.4838033294383415E-02
   5.2000000000000000E+05   5.4575103159431836E-03   1.5550499246081911E+03   5.4610879472471799E-02
   5.3000000000000000E+05   5.4332251189916558E-03   1.5620006201640520E+03   5.4394376792515596E-02
   5.4000000000000000E+05   5.4100075216810001E-03   1.5687041046329043E+03   5.4187917639307942E-02
   5.5000000000000000E+05   5.3877977194321464E-03   1.5751706814728627E+03   5.3990938376670496E-02
   5.6000000000000000E+05   5.3665401274530719E-03   1.5814101457923150E+03   5.3802915264966243E-02
   5.7000000000000000E+05   5.3461831147580572E-03   1.5874317851044909E+03   5.3623361248763150E-02
   5.8000000000000000E+05   5.3266785736349812E-03   1.5932444370422106E+03   5.3451822719214205E-02
   5.9000000000000000E+05   5.3079815769126815E-03   1.5988565299979903E+03   5.3287876441830258E-02
   6.0000000000000000E+05   5.2900503452897743E-03   1.6042760373561227E+03   5.3131127778584669E-02
   6.1000000000000000E+05   5.2728457272967809E-03   1.6095105838999639E+03   5.2981207592468826E-02
   6.2000000000000000E+05   5.2563311330322262E-03   1.6145674217560447E+03   5.2837770654427726E-02
   6.3000000000000000E+05   5.2404723458875568E-03   1.6194534471717573E+03   5.2700493811259554E-02
   6.4000000000000000E+05   5.2252372178477231E-03   1.6241752577984482E+03   5.2569073857166297E-02
   6.5000000000000000E+05   5.2105956282616789E-03   1.6287391328785845E+03   5.2443226473870411E-02
   6.6000000000000000E+05   5.1965192855761237E-03   1.6331510649661666E+03   5.2322684507412828E-02
   6.7000000000000000E+05   5.1829816159500892E-03   1.6374167678385982E+03   5.2207197051721575E-02
   6.8000000000000000E+05   5.1699576334736557E-03   1.6415416927998540E+03   5.2096527902348193E-02
   6.9000000000000000E+05   5.1574237280549717E-03   1.6455310738170579E+03   5.1990454463656334E-02
   7.0000000000000000E+05   5.1453577302605583E-03   1.6493898870129883E+03   5.1888767182093572E-02
   7.1000000000000000E+05   5.1337386850293107E-03   1.6531229043862829E+03   5.1791268318558070E-02
   7.2000000000000000E+05   5.1225468768580926E-03   1.6567346691732332E+03   5.1697771295256170E-02
   7.3000000000000000E+05   5.1117636362725573E-03   1.6602295429184364E+03   5.1608099875985462E-02
   7.4000000000000000E+05   5.1013712712584276E-03   1.6636117142013732E+03   5.1522087227955204E-02
   7.5000000000000000E+05   5.0913531501547479E-03   1.6668851590265201E+03   5.1439575798847274E-02
   7.6000000000000000E+05   5.0816934451683006E-03   1.6700537127884145E+03   5.1360416289177896E-02
   7.7000000000000000E+05   5.0723771948475915E-03   1.6731210395742007E+03   5.1284467350940194E-02
   7.8000000000000000E+05   5.0633902155790824E-03   1.6760906515251215E+03   5.1211594911897536E-02
   7.9000000000000000E+05   5.0547191028784931E-03   1.6789658995141745E+03   5.1141672076534403E-02
   8.0000000000000000E+05   5.0463509765061700E-03   1.6817500496629391E+03   5.1074577819653334E-02
   8.1000000000000000E+05   5.0382738579748980E-03   1.6844461505248642E+03   5.1010198026155050E-02
   8.2000000000000000E+05   5.0304760531565450E-03   1.6870572318956968E+03   5.0948423305773642E-02
   8.3000000000000000E+05   5.0229468009182036E-03   1.6895860819797028E+03   5.0889150763926576E-02
   8.4000000000000000E+05   5.0156754960763040E-03   1.6920355018969833E+03   5.0832281312010445E-02
   8.5000000000000000E+05   5.0086523157759659E-03   1.6944080903010467E+03   5.0777721573891606E-02
   8.6000000000000000E+05   5.0018678348069407E-03   1.6967063676290509E+03   5.0725382314887699E-02
   8.7000000000000000E+05   4.9953129834541836E-03   1.6989327862870857E+03   5.0675178299559392E-02
   8.8000000000000000E+05   4.9889792447878247E-03   1.7010896596176963E+03   5.0627028763963793E-02
   8.9000000000000000E+05   4.9828583043665369E-03   1.7031792772270639E+03   5.0580855802539536E-02
   9.0000000000000000E+05   4.9769425131112365E-03   1.7052037436636131E+03   5.0536586210667436E-02
   9.1000000000000000E+05   4.9712243712075723E-03   1.7071651512068738E+03   5.0494149478080390E-02
   9.2000000000000000E+05   4.9656966737499607E-03   1.7090655275459953E+03   5.0453477941038896E-02
   9.3000000000000000E+05   4.9603526176125075E-03   1.7109067962673685E+03   5.0414507422539702E-02
   9.4000000000000000E+05   4.9551858090879043E-03   1.7126907713109570E+03   5.0377176844164200E-02
   9.5000000000000000E+05   4.9501899783189101E-03   1.7144192531046990E+03   5.0341427119649104E-02
   9.6000000000000000E+05   4.9453590723729443E-03   1.7160939946234630E+03   5.0307201867173017E-02
   9.7000000000000000E+05   4.9406874783924411E-03   1.7177166219218545E+03   5.0274447473274808E-02
   9.8000000000000000E+05   4.9361697093730063E-03   1.7192887410740695E+03   5.0243112346790804E-02
   9.9000000000000000E+05   4.9318005063427890E-03   1.7208119011385650E+03   5.0213147013382434E-02
   1.0000000000000000E+06   4.9275748921879334E-03   1.7222875737130846E+03   5.0184504216901113E-02
   1.1000000000000000E+06   4.8922481957388480E-03   1.7347241320969356E+03   4.9961688559986915E-02
   1.2000000000000000E+06   4.8670283073118702E-03   1.7437130974985430E+03   4.9831050604807060E-02
   1.3000000000000000E+06   4.8492440930605930E-03   1.7501080255994088E+03   4.9767457252812730E-02
   1.4000000000000000E+06   4.8370287574584815E-03   1.7545277133756460E+03   4.9753389945358627E-02
   1.5000000000000000E+06   4.8290453610506023E-03   1.7574283053554734E+03   4.9776346606866119E-02
   1.6000000000000000E+06   4.8243176961596480E-03   1.7591505244589564E+03   4.9827229902395971E-02
   1.7000000000000000E+06   4.8221186269668285E-03   1.7599527638941784E+03   4.9899303296050572E-02
   1.8000000000000000E+06   4.8218999576552452E-03   1.7600325763462577E+03   4.9987509943610030E-02
   1.9000000000000000E+06   4.8232416252093104E-03   1.7595429930358466E+03   5.0088004503377671E-02
   2.0000000000000000E+06   4.8258191523034765E-03   1.7586032003095206E+03   5.0197833660085338E-02
   2.1000000000000000E+06   4.8293777713100854E-03   1.7573073400413753E+03   5.0314704598631202E-02
   2.2000000000000000E+06   4.8337173826850923E-03   1.7557296658998243E+03   5.0436827761381420E-02
   2.3000000000000000E+06   4.8386781856442082E-03   1.7539296228740568E+03   5.0562793142024616E-02
   2.4000000000000000E+06   4.8441327539977827E-03   1.7519546710093641E+03   5.0691487033891203E-02
   2.5000000000000000E+06   4.8499775068205180E-03   1.7498433742055572E+03   5.0822022084416517E-02
   2.6000000000000000E+06   4.8561286023445539E-03   1.7476269061858170E+03   5.0953689628420062E-02
   2.7000000000000000E+06   4.8625193776388699E-03   1.7453300123354620E+03   5.1085928836074580E-02
   2.8000000000000000E+06   4.8690927527964842E-03   1.7429737809947599E+03   5.1218281729995492E-02
   2.9000000000000000E+06   4.8758037645962610E-03   1.7405747677908462E+03   5.1350387989260893E-02
   3.0000000000000000E+06   4.8826148832509684E-03   1.7381467120145282E+03   5.1481957557440478E-02
   3.1000000000000000E+06   4.8894946316371118E-03   1.7357010580282265E+03   5.1612755566934940E-02
   3.2000000000000000E+06   4.8964174317806452E-03   1.7332470369605667E+03   5.1742597641136152E-02
   3.3000000000000000E+06   4.9033622900779518E-03   1.7307921591942886E+03   5.1871338530153202E-02
   3.4000000000000000E+06   4.9103117689743431E-03   1.7283425991357278E+03   5.1998861956276558E-02
   3.5000000000000000E+06   4.9172510958907373E-03   1.7259035261485960E+03   5.2125079148849028E-02
   3.6000000000000000E+06   4.9241677233923678E-03   1.7234792724544313E+03   5.2249919609823219E-02
   3.7000000000000000E+06   4.9310528737592082E-03   1.7210728058744180E+03   5.2373337306478043E-02
   3.8000000000000000E+06   4.9378972084784343E-03   1.7186872563454931E+03   5.2495290102608651E-02
   3.9000000000000000E+06   4.9446940886340249E-03   1.7163247823285117E+03   5.2615754536607766E-02
   4.0000000000000000E+06   4.9514387457902480E-03   1.7139868715070604E+03   5.2734717292304008E-02
   4.1000000000000000E+06   4.9581258225629265E-03   1.7116751992729735E+03   5.2852168590875201E-02
   4.2000000000000000E+06   4.9647520165289833E-03   1.7093907162132932E+03   5.2968107574641439E-02
   4.3000000000000000E+06   4.9713152995941728E-03   1.7071339261158253E+03   5.3082542602849232E-02
   4.4000000000000000E+06   4.9778124535021619E-03   1.7049057361301379E+03   5.3195478266439680E-02
   4.5000000000000000E+06   4.9842410192545306E-03   1.7027067857615734E+03   5.3306924490677213E-02
   4.6000000000000000E+06   4.9906024606658182E-03   1.7005363725612444E+03   5.3416907642227361E-02
   4.7000000000000000E+06   4.9968932689598913E-03   1.6983954926702663E+03   5.3525434129202284E-02
   4.8000000000000000E+06   5.0031137309070614E-03   1.6962838467829988E+03   5.3632528322939264E-02
   4.9000000000000000E+06   5.0092644033708413E-03   1.6942010486899007E+03   5.3738211332829362E-02
   5.0000000000000000E+06   5.0153454202015741E-03   1.6921468601488225E+03   5.3842508386849744E-02
   5.1000000000000000E+06   5.0213547126539883E-03   1.6901217880443874E+03   5.3945433084644702E-02
   5.2000000000000000E+06   5.0272941819546916E-03   1.6881250028730381E+03   5.4047017643971185E-02
   5.3000000000000000E+06   5.0331645975890101E-03   1.6861560636068166E+03   5.4147283611209684E-02
   5.4000000000000000E+06   5.0389667311280771E-03   1.6842145340888067E+03   5.4246256632015821E-02
   5.5000000000000000E+06   5.0446986773196841E-03   1.6823008762666016E+03   5.4343952992233754E-02
   5.6000000000000000E+06   5.0503623596497805E-03   1.6804142754509962E+03   5.4440402290380649E-02
   5.7000000000000000E+06   5.0559615836024696E-03   1.6785533008953230E+03   5.4535635391147072E-02
   5.8000000000000000E+06   5.0614946536333208E-03   1.6767183581363297E+03   5.4629672481890011E-02
   5.9000000000000000E+06   5.0669623242082587E-03   1.6749090406315515E+03   5.4722529056212520E-02
   6.0000000000000000E+06   5.0723646916591147E-03   1.6731251637547309E+03   5.4814236056088275E-02
   6.1000000000000000E+06   5.0777054236915741E-03   1.6713653702238405E+03   5.4904816719227000E-02
   6.2000000000000000E+06   5.0829817107797826E-03   1.6696304429657139E+03   5.4994288276534353E-02
   6.3000000000000000E+06   5.0881988519756874E-03   1.6679185016640195E+03   5.5082683187503118E-02
   6.4000000000000000E+06   5.0933541578641007E-03   1.6662302958557216E+03   5.5170012480807759E-02
   6.5000000000000000E+06   5.0984536991683389E-03   1.6645637101186626E+03   5.5256313250580745E-02
   6.6000000000000000E+06   5.1034924463764673E-03   1.6629202638247298E+03   5.5341588699698345E-02
   6.7000000000000000E+06   5.1084751915579079E-03   1.6612982714256311E+03   5.5425873478675523E-02
   6.8000000000000000E+06   5.1133998679130307E-03   1.6596982877499095E+03   5.5509170738518618E-02
   6.9000000000000000E+06   5.1182692828616316E-03   1.6581192853164896E+03   5.5591515749164225E-02
   7.0000000000000000E+06   5.1230854977641323E-03   1.6565604866558874E+03   5.5672923529804318E-02
   7.1000000000000000E+06   5.1278491910285422E-03   1.6550215673666505E+03   5.5753415710618745E-02
   7.2000000000000000E+06   5.1325595791723118E-03   1.6535026772596093E+03   5.5833008091713689E-02
   7.3000000000000000E+06   5.1372173696719644E-03   1.6520034864512238E+03   5.5911708537032249E-02
   7.4000000000000000E+06   5.1418256154600033E-03   1.6505229154094179E+03   5.5989550954871979E-02
   7.5000000000000000E+06   5.1463838378116690E-03   1.6490610247533657E+03   5.6066540837091679E-02
   7.6000000000000000E+06   5.1508947013831213E-03   1.6476168699540717E+03   5.6142706153809098E-02
   7.7000000000000000E+06   5.1553571175988449E-03   1.6461907122563468E+03   5.6218055579564358E-02
   7.8000000000000000E+06   5.1597706363755765E-03   1.6447826082667232E+03   5.6292600277613070E-02
   7.9000000000000000E+06   5.1641423209485117E-03   1.6433902239543804E+03   5.6366372881254616E-02
   8.0000000000000000E+06   5.1684632431989608E-03   1.6420163220708375E+03   5.6439364721861819E-02
   8.1000000000000000E+06   5.1727428922107403E-03   1.6406578061583884E+03   5.6511606423604442E-02
   8.2000000000000000E+06   5.1769766918580862E-03   1.6393160546198790E+03   5.6583104033611449E-02
   8.3000000000000000E+06   5.1811695986985866E-03   1.6379894237562828E+03   5.6653883664813429E-02
   8.4000000000000000E+06   5.1853189375863111E-03   1.6366786898755938E+03   5.6723947269207722E-02
   8.5000000000000000E+06   5.1894298087791224E-03   1.6353821745500152E+03   5.6793320320257419E-02
   8.6000000000000000E+06   5.1934971223438946E-03   1.6341014167204753E+03   5.6862000288463090E-02
   8.7000000000000000E+06   5.1975221641198501E-03   1.6328359432389279E+03   5.6930000230073413E-02
   8.8000000000000000E+06   5.2015127449639058E-03   1.6315832376980484E+03   5.6997357896840892E-02
   8.9000000000000000E+06   5.2054630507703649E-03   1.6303450668235766E+03   5.7064054836026619E-02
   9.0000000000000000E+06   5.2093799513879026E-03   1.6291192204352096E+03   5.7130130713093592E-02
   9.1000000000000000E+06   5.2132508730964120E-03   1.6279095734971204E+03   5.7195554697057498E-02
   9.2000000000000000E+06   5.2170882569821421E-03   1.6267121787709716E+03   5.7260374838478838E-02
   9.3000000000000000E+06   5.2208946000602448E-03   1.6255262087187018E+03   5.7324608474595418E-02
   9.4000000000000000E+06   5.2246576638933298E-03   1.6243554221754921E+03   5.7388220210561385E-02
   9.5000000000000000E+06   5.2283924731444621E-03   1.6231950927455516E+03   5.7451273511319678E-02
   9.6000000000000000E+06   5.2320934328428954E-03   1.6220469137808500E+03   5.7513754821294165E-02
   9.7000000000000000E+06   5.2357544008052219E-03   1.6209127387737433E+03   5.7575653554938870E-02
   9.8000000000000000E+06   5.2393864294765667E-03   1.6197890954578286E+03   5.7637011435639783E-02
   9.9000000000000000E+06   5.2429901305069901E-03   1.6186757545040846E+03   5.7697839523808449E-02
   1.0000000000000000E+07   5.2465565491710570E-03   1.6175754374927587E+03   5.7758114696937361E-02
   1.1000000000000000E+07   5.2805767668208884E-03   1.6071541765437103E+03   5.8333368139562254E-02
   1.2000000000000000E+07   5.3119087659853599E-03   1.5976744667943458E+03   5.8863812709938720E-02
   1.3000000000000000E+07   5.3409291634132104E-03   1.5889933653290216E+03   5.9355769272046624E-02
   1.4000000000000000E+07   5.3679530672481515E-03   1.5809938907879698E+03   5.9814360048444343E-02
   1.5000000000000000E+07   5.3932229046104114E-03   1.5735861757356611E+03   6.0243741515327374E-02
   1.6000000000000000E+07   5.4169447025319778E-03   1.5666951522301920E+03   6.0647335033599072E-02
   1.7000000000000000E+07   5.4392964543715314E-03   1.5602571171746222E+03   6.1028044196490411E-02
   1.8000000000000000E+07   5.4604295677919629E-03   1.5542185646737760E+03   6.1388314912477759E-02
   1.9000000000000000E+07   5.4804472276460915E-03   1.5485416888141438E+03   6.1730136607755698E-02
   2.0000000000000000E+07   5.4994979264872236E-03   1.5431774170659082E+03   6.2055423332396088E-02
   2.1000000000000000E+07   5.5176336806403888E-03   1.5381051908416807E+03   6.2365568516018099E-02
   2.2000000000000000E+07   5.5349349075325821E-03   1.5332973462445211E+03   6.2661895953424834E-02
   2.3000000000000000E+07   5.5515069953776079E-03   1.5287202218104405E+03   6.2945709750318629E-02
   2.4000000000000000E+07   5.5673801838272497E-03   1.5243616791267443E+03   6.3217889771270297E-02
   2.5000000000000000E+07   5.5826225902264066E-03   1.5201996674848992E+03   6.3479398433584314E-02
   2.6000000000000000E+07   5.5973078750117715E-03   1.5162112206197025E+03   6.3731146045724898E-02
   2.7000000000000000E+07   5.6114185008059488E-03   1.5123985145889503E+03   6.3973607666883689E-02
   2.8000000000000000E+07   5.6250257906615159E-03   1.5087399278142359E+03   6.4207555934016863E-02
   2.9000000000000000E+07   5.6381682289332880E-03   1.5052230903300858E+03   6.4433577623908167E-02
   3.0000000000000000E+07   5.6508874430168414E-03   1.5018350818230194E+03   6.4652245759064308E-02
   3.1000000000000000E+07   5.6631551776242578E-03   1.4985817515451017E+03   6.4863781847864690E-02
   3.2000000000000000E+07   5.6750899806405058E-03   1.4954302106762436E+03   6.5069017816753671E-02
   3.3000000000000000E+07   5.6866355980558416E-03   1.4923940278953905E+03   6.5267995512244242E-02
   3.4000000000000000E+07   5.6978592673915477E-03   1.4894543032897761E+03   6.5461275418758166E-02
   3.5000000000000000E+07   5.7087254744818692E-03   1.4866192188241691E+03   6.5648937058500487E-02
   3.6000000000000000E+07   5.7193209693164621E-03   1.4838651390411735E+03   6.5831587685622264E-02
   3.7000000000000000E+07   5.7296045536535433E-03   1.4812018745594296E+03   6.6009244221780727E-02
   3.8000000000000000E+07   5.7396292781639220E-03   1.4786148362653003E+03   6.6182332579879641E-02
   3.9000000000000000E+07   5.7493954455112486E-03   1.4761031982904799E+03   6.6351018632719708E-02
   4.0000000000000000E+07   5.7589172273783623E-03   1.4736626123065987E+03   6.6515535921527841E-02
   4.1000000000000000E+07   5.7682058610150225E-03   1.4712895499645845E+03   6.6676077397033282E-02
   4.2000000000000000E+07   5.7772723719236732E-03   1.4689805948217795E+03   6.6832828555447532E-02
   4.3000000000000000E+07   5.7861271663627980E-03   1.4667325417064199E+03   6.6985965086652527E-02
   4.4000000000000000E+07   5.7947793753332756E-03   1.4645425573027571E+03   6.7135643430779046E-02
   4.5000000000000000E+07   5.8032394633274970E-03   1.4624075154895838E+03   6.7282034157146398E-02
   4.6000000000000000E+07   5.8115154470978446E-03   1.4603249501115858E+03   6.7425274838681160E-02
   4.7000000000000000E+07   5.8196129442341935E-03   1.4582930319728748E+03   6.7565469069839457E-02
   4.8000000000000000E+07   5.8275414236190481E-03   1.4563089969569737E+03   6.7702768703192820E-02
   4.9000000000000000E+07   5.8353089884697973E-03   1.4543704578669367E+03   6.7837307631004484E-02
   5.0000000000000000E+07   5.8429185810391256E-03   1.4524763416858304E+03   6.7969148105260807E-02
   5.1000000000000000E+07   5.8503799642588856E-03   1.4506239008752912E+03   6.8098442696337580E-02
   5.2000000000000000E+07   5.8576958450354301E-03   1.4488121660581951E+03   6.8225248750299797E-02
   5.3000000000000000E+07   5.8648738626679419E-03   1.4470389652157419E+03   6.8349687238723214E-02
   5.4000000000000000E+07   5.8719182407834664E-03   1.4453029925402238E+03   6.8471833810172675E-02
   5.5000000000000000E+07   5.8788336584244061E-03   1.4436028468324450E+03   6.8591769229354171E-02
   5.6000000000000000E+07   5.8856270223496222E-03   1.4419365979409042E+03   6.8709600856972614E-02
   5.7000000000000000E+07   5.8922980072438711E-03   1.4403041045993421E+03   6.8825342132104950E-02
   5.8000000000000000E+07   5.8988547982128693E-03   1.4387031543693906E+03   6.8939116481513199E-02
   5.9000000000000000E+07   5.9052995957721713E-03   1.4371330137816924E+03   6.9050968590956233E-02
   6.0000000000000000E+07   5.9116369170479606E-03   1.4355923958864842E+03   6.9160970989879209E-02
   6.1000000000000000E+07   5.9178707846776002E-03   1.4340801470909807E+03   6.9269191521665649E-02
   6.2000000000000000E+07   5.9240021296890349E-03   1.4325958734591743E+03   6.9375655410745737E-02
   6.3000000000000000E+07   5.9300362061013075E-03   1.4311381432416988E+03   6.9480443840702691E-02
   6.4000000000000000E+07   5.9359740844038356E-03   1.4297065459995536E+03   6.9583583058956608E-02
   6.5000000000000000E+07   5.9418231718555347E-03   1.4282991532892777E+03   6.9685182702729553E-02
   6.6000000000000000E+07   5.9475818138561625E-03   1.4269162276312516E+03   6.9785229957033929E-02
   6.7000000000000000E+07   5.9532533357084553E-03   1.4255568387206770E+03   6.9883780910495297E-02
   6.8000000000000000E+07   5.9588421358324926E-03   1.4242198084628767E+03   6.9980903503502917E-02
   6.9000000000000000E+07   5.9643489025567225E-03   1.4229048541606776E+03   7.0076615144839705E-02
   7.0000000000000000E+07   5.9697772029558248E-03   1.4216110110698667E+03   7.0170970411507202E-02
   7.1000000000000000E+07   5.9751298881489338E-03   1.4203374929452805E+03   7.0264020377994410E-02
   7.2000000000000000E+07   5.9804067247662589E-03   1.4190842522817825E+03   7.0355766482086024E-02
   7.3000000000000000E+07   5.9856109555018943E-03   1.4178504196894066E+03   7.0446261116712913E-02
   7.4000000000000000E+07   5.9907456406935152E-03   1.4166351760468690E+03   7.0535549919477539E-02
   7.5000000000000000E+07   5.9958083767724640E-03   1.4154389987233467E+03   7.0623614028087339E-02
   7.6000000000000000E+07   6.0008092925470822E-03   1.4142594092927150E+03   7.0710588664388813E-02
   7.7000000000000000E+07   6.0057428322364756E-03   1.4130976371153592E+03   7.0796408884099910E-02
   7.8000000000000000E+07   6.0106097422871251E-03   1.4119534239011427E+03   7.0881094543095921E-02
   7.9000000000000000E+07   6.0154171827270968E-03   1.4108250097308155E+03   7.0964739636696750E-02
   8.0000000000000000E+07   6.0201642268003942E-03   1.4097125403282223E+03   7.1047345453480071E-02
   8.1000000000000000E+07   6.0248515360201383E-03   1.4086157898858312E+03   7.1128922612496343E-02
   8.2000000000000000E+07   6.0294839297015401E-03   1.4075335641164836E+03   7.1209538965003163E-02
   8.3000000000000000E+07   6.0340600466959136E-03   1.4064661172874730E+03   7.1289186121423445E-02
   8.4000000000000000E+07   6.0385790695360259E-03   1.4054135762120522E+03   7.1367856332939864E-02
   8.5000000000000000E+07   6.0430488795425981E-03   1.4043740460358865E+03   7.1445658756491490E-02
   8.6000000000000000E+07   6.0474592904054738E-03   1.4033498363222300E+03   7.1522465032104326E-02
   8.7000000000000000E+07   6.0518243266747020E-03   1.4023376336204824E+03   7.1598461570032190E-02
   8.8000000000000000E+07   6.0561385476999947E-03   1.4013386481356106E+03   7.1673587339594780E-02
   8.9000000000000000E+07   6.0604045244412839E-03   1.4003522324507323E+03   7.1747875000836236E-02
   9.0000000000000000E+07   6.0646202482511676E-03   1.3993787999839149E+03   7.1821305845984007E-02
   9.1000000000000000E+07   6.0687924569416477E-03   1.3984167469178410E+03   7.1893969052407802E-02
   9.2000000000000000E+07   6.0729172156122257E-03   1.3974669345958318E+03   7.1965822388047995E-02
   9.3000000000000000E+07   6.0770027676136035E-03   1.3965274214756594E+03   7.2036971300463659E-02
   9.4000000000000000E+07   6.0810404832754138E-03   1.3956001491351203E+03   7.2107314235947753E-02
   9.5000000000000000E+07   6.0850335548181143E-03   1.3946843396838992E+03   7.2176890231416255E-02
   9.6000000000000000E+07   6.0889857325915940E-03   1.3937790919644283E+03   7.2245754896506822E-02
   9.7000000000000000E+07   6.0929024060314436E-03   1.3928831351302745E+03   7.2313983251287767E-02
   9.8000000000000000E+07   6.0967717764426324E-03   1.3919991294651550E+03   7.2381425383346604E-02
   9.9000000000000000E+07   6.1006059176259642E-03   1.3911242784648596E+03   7.2448236287649001E-02
   1.0000000000000000E+08   6.1043991446580580E-03   1.3902598444570190E+03   7.2514350708284464E-02
   1.1000000000000000E+08   6.1403886950241390E-03   1.3821113657239750E+03   7.3141770923835267E-02
   1.2000000000000000E+08   6.1732471657390178E-03   1.3747547728942914E+03   7.3714908327947720E-02
   1.3000000000000000E+08   6.2034775979819190E-03   1.3680553965596198E+03   7.4242440117621350E-02
   1.4000000000000000E+08   6.2314675051906143E-03   1.3619104967307810E+03   7.4731054682461925E-02
   1.5000000000000000E+08   6.2575274453401013E-03   1.3562387188051096E+03   7.5186128260903387E-02
   1.6000000000000000E+08   6.2819068369524347E-03   1.3509753050513332E+03   7.5611977234862002E-02
   1.7000000000000000E+08   6.3048081782737407E-03   1.3460680746165913E+03   7.6012112815183316E-02
   1.8000000000000000E+08   6.3264007334740717E-03   1.3414738273614696E+03   7.6389460777532919E-02
   1.9000000000000000E+08   6.3468262456254417E-03   1.3371566633331645E+03   7.6746491931205710E-02
   2.0000000000000000E+08   6.3662041781361103E-03   1.3330865250131824E+03   7.7085268387555597E-02
   2.1000000000000000E+08   6.3846368778256316E-03   1.3292378513852336E+03   7.7407574458273662E-02
   2.2000000000000000E+08   6.4022122421000761E-03   1.3255888253045532E+03   7.7714935705893773E-02
   2.3000000000000000E+08   6.4190064085899827E-03   1.3221206624749395E+03   7.8008672177760641E-02
   2.4000000000000000E+08   6.4350859402074849E-03   1.3188170421049940E+03   7.8289945307898720E-02
   2.5000000000000000E+08   6.4505093169634417E-03   1.3156637078312076E+03   7.8559778665369104E-02
   2.6000000000000000E+08   6.4653277806567388E-03   1.3126482203650630E+03   7.8819053173748571E-02
   2.7000000000000000E+08   6.4795869091550003E-03   1.3097595763959923E+03   7.9068558797339664E-02
   2.8000000000000000E+08   6.4933276015905379E-03   1.3069879615002110E+03   7.9309018607703549E-02
   2.9000000000000000E+08   6.5065862028516408E-03   1.3043246859061676E+03   7.9541063229184583E-02
   3.0000000000000000E+08   6.5193954582413180E-03   1.3017619593282438E+03   7.9765266162917334E-02
   3.1000000000000000E+08   6.5317847606953345E-03   1.2992928144883372E+03   7.9982135573916105E-02
   3.2000000000000000E+08   6.5437804776109039E-03   1.2969110186982184E+03   8.0192117396892110E-02
   3.3000000000000000E+08   6.5554072778099505E-03   1.2946107916259223E+03   8.0395663210426918E-02
   3.4000000000000000E+08   6.5666868518422959E-03   1.2923870433953937E+03   8.0593135176176708E-02
   3.5000000000000000E+08   6.5776395624539208E-03   1.2902350341297413E+03   8.0784899472747057E-02
   3.6000000000000000E+08   6.5882839914792480E-03   1.2881504525809576E+03   8.0971287754056875E-02
   3.7000000000000000E+08   6.5986366556020160E-03   1.2861294610229754E+03   8.1152570306984209E-02
   3.8000000000000000E+08   6.6087128687496895E-03   1.2841685172140760E+03   8.1329003106325931E-02
   3.9000000000000000E+08   6.6185276172696520E-03   1.2822641977366104E+03   8.1500877468882280E-02
   4.0000000000000000E+08   6.6280940341267996E-03   1.2804134886529155E+03   8.1668416959579035E-02
   4.1000000000000000E+08   6.6374244048308740E-03   1.2786135837839522E+03   8.1831836908760780E-02
   4.2000000000000000E+08   6.6465295170706987E-03   1.2768620049845476E+03   8.1991298058669462E-02
   4.3000000000000000E+08   6.6554209473913897E-03   1.2751561580311845E+03   8.2147048649058307E-02
   4.4000000000000000E+08   6.6641072089220540E-03   1.2734940689420016E+03   8.2299175265075214E-02
   4.5000000000000000E+08   6.6725987379525342E-03   1.2718734242305104E+03   8.2447918043890608E-02
   4.6000000000000000E+08   6.6809034077793070E-03   1.2702924271399997E+03   8.2593381948255079E-02
   4.7000000000000000E+08   6.6890299634845534E-03   1.2687491387667285E+03   8.2735752690476103E-02
   4.8000000000000000E+08   6.6969854127531293E-03   1.2672419726634866E+03   8.2875128839048989E-02
   4.9000000000000000E+08   6.7047762934791906E-03   1.2657694505944532E+03   8.3011601338181334E-02
   5.0000000000000000E+08   6.7124100553437082E-03   1.2643299404212742E+03   8.3145337623843213E-02
   5.1000000000000000E+08   6.7198925741861768E-03   1.2629221243739401E+03   8.3276424203622135E-02
   5.2000000000000000E+08   6.7272298318969779E-03   1.2615446799686267E+03   8.3404970766338238E-02
   5.3000000000000000E+08   6.7344270324192455E-03   1.2601964449984021E+03   8.3531053004180053E-02
   5.4000000000000000E+08   6.7414903615198975E-03   1.2588760867771243E+03   8.3654823135074038E-02
   5.5000000000000000E+08   6.7484237666551993E-03   1.2575827035773473E+03   8.3776304521430978E-02
   5.6000000000000000E+08   6.7552322425620554E-03   1.2563152088072579E+03   8.3895599728775166E-02
   5.7000000000000000E+08   6.7619202176783782E-03   1.2550726320562351E+03   8.4012786076502366E-02
   5.8000000000000000E+08   6.7684918820873508E-03   1.2538540568861017E+03   8.4127936825944216E-02
   5.9000000000000000E+08   6.7749512055512162E-03   1.2526586167000128E+03   8.4241121465931934E-02
   6.0000000000000000E+08   6.7813019703693456E-03   1.2514854879547033E+03   8.4352406028951846E-02
   6.1000000000000000E+08   6.7875477657777777E-03   1.2503338905613418E+03   8.4461853262944350E-02
   6.2000000000000000E+08   6.7936920018210898E-03   1.2492030847263845E+03   8.4569522832497246E-02
   6.3000000000000000E+08   6.7997379321057521E-03   1.2480923662197224E+03   8.4675471582228642E-02
   6.4000000000000000E+08   6.8056886510580233E-03   1.2470010663853268E+03   8.4779753648485126E-02
   6.5000000000000000E+08   6.8115471083554039E-03   1.2459285490289915E+03   8.4882420635278760E-02
   6.6000000000000000E+08   6.8173161302317034E-03   1.2448742061001401E+03   8.4983521848894295E-02
   6.7000000000000000E+08   6.8229983916664270E-03   1.2438374623862555E+03   8.5083104280861202E-02
   6.8000000000000000E+08   6.8285964759914417E-03   1.2428177642644628E+03   8.5181212926829522E-02
   6.9000000000000000E+08   6.8341128387385888E-03   1.2418145859766503E+03   8.5277890768421183E-02
   7.0000000000000000E+08   6.8395498282930785E-03   1.2408274255491265E+03   8.5373178929488897E-02
   7.1000000000000000E+08   6.8449096943237822E-03   1.2398558029762705E+03   8.5467116785951064E-02
   7.2000000000000000E+08   6.8501945983396153E-03   1.2388992580463218E+03   8.5559742090930882E-02
   7.3000000000000000E+08   6.8554066088405427E-03   1.2379573509777897E+03   8.5651091011614874E-02
   7.4000000000000000E+08   6.8605477083477735E-03   1.2370296609160559E+03   8.5741198260332135E-02
   7.5000000000000000E+08   6.8656197995910634E-03   1.2361157846027775E+03   8.5830097122387330E-02
   7.6000000000000000E+08   6.8706247105875399E-03   1.2352153352631792E+03   8.5917819582619168E-02
   7.7000000000000000E+08   6.8755641961174311E-03   1.2343279421561122E+03   8.6004396366228780E-02
   7.8000000000000000E+08   6.8804399483973332E-03   1.2334532484848860E+03   8.6089857026265232E-02
   7.9000000000000000E+08   6.8852535895494327E-03   1.2325909125899366E+03   8.6174229969234600E-02
   8.0000000000000000E+08   6.8900066796768978E-03   1.2317406063463859E+03   8.6257542522002642E-02
   8.1000000000000000E+08   6.8947007280036878E-03   1.2309020130324257E+03   8.6339821028917157E-02
   8.2000000000000000E+08   6.8993371773995961E-03   1.2300748299642551E+03   8.6421090822561289E-02
   8.3000000000000000E+08   6.9039174322018575E-03   1.2292587634045933E+03   8.6501376364594360E-02
   8.4000000000000000E+08   6.9084428306027644E-03   1.2284535333724984E+03   8.6580701184861497E-02
   8.5000000000000000E+08   6.9129146768656695E-03   1.2276588677937741E+03   8.6659088015783314E-02
   8.6000000000000000E+08   6.9173342168441457E-03   1.2268745067558275E+03   8.6736558772639902E-02
   8.7000000000000000E+08   6.9217026672812815E-03   1.2261001972061438E+03   8.6813134633278305E-02
   8.8000000000000000E+08   6.9260211940966755E-03   1.2253356967185468E+03   8.6888836025808547E-02
   8.9000000000000000E+08   6.9302909206970850E-03   1.2245807719284362E+03   8.6963682695392452E-02
   9.0000000000000000E+08   6.9345129409036305E-03   1.2238351961673573E+03   8.7037693730077165E-02
   9.1000000000000000E+08   6.9386883090278694E-03   1.2230987511449239E+03   8.7110887583118704E-02
   9.2000000000000000E+08   6.9428180448229413E-03   1.2223712260015454E+03   8.7183282109330351E-02
   9.3000000000000000E+08   6.9469031338913545E-03   1.2216524171687979E+03   8.7254894563036436E-02
   9.4000000000000000E+08   6.9509445332481493E-03   1.2209421273269850E+03   8.7325741676255161E-02
   9.5000000000000000E+08   6.9549431726691948E-03   1.2202401651110561E+03   8.7395839660186242E-02
   9.6000000000000000E+08   6.9588999313730223E-03   1.2195463491427740E+03   8.7465204113379103E-02
   9.7000000000000000E+08   6.9628156993312039E-03   1.2188604972225589E+03   8.7533850327153578E-02
   9.8000000000000000E+08   6.9666912909732530E-03   1.2181824414054481E+03   8.7601792916746024E-02
   9.9000000000000000E+08   6.9705275479487261E-03   1.2175120099558781E+03   8.7669046262481079E-02
   1.0000000000000000E+09   6.9743252363165262E-03   1.2168490452903084E+03   8.7735624109121155E-02
   1.1000000000000000E+09   7.0103399148035888E-03   1.2105976469749605E+03   8.8367023803004707E-02
   1.2000000000000000E+09   7.0432187891886567E-03   1.2049463830916284E+03   8.8943480320137103E-02
   1.3000000000000000E+09   7.0734644393618670E-03   1.1997941147664126E+03   8.9473794884137980E-02
   1.4000000000000000E+09   7.1014675754010924E-03   1.1950629803272093E+03   8.9964810041730764E-02
   1.5000000000000000E+09   7.1275378820011915E-03   1.1906918133380821E+03   9.0421950619113983E-02
   1.6000000000000000E+09   7.1519250381343229E-03   1.1866317054645392E+03   9.0849590457632953E-02
   1.7000000000000000E+09   7.1748332618032590E-03   1.1828429589488326E+03   9.1251307362503087E-02
   1.8000000000000000E+09   7.1964317120522710E-03   1.1792929252900035E+03   9.1630065334363395E-02
   1.9000000000000000E+09   7.2168621045658084E-03   1.1759544359295278E+03   9.1988347423032274E-02
   2.0000000000000000E+09   7.2362443242261565E-03   1.1728046518472740E+03   9.2328254421346762E-02
   2.1000000000000000E+09   7.2546806817850237E-03   1.1698241973163879E+03   9.2651579472035950E-02
   2.2000000000000000E+09   7.2722592221530135E-03   1.1669964925759771E+03   9.2959865509995160E-02
   2.3000000000000000E+09   7.2890562387602428E-03   1.1643072473809489E+03   9.3254449596546121E-02
   2.4000000000000000E+09   7.3051382564426224E-03   1.1617440638951894E+03   9.3536498002103036E-02
   2.5000000000000000E+09   7.3205636828832165E-03   1.1592961106532398E+03   9.3807034265769543E-02
   2.6000000000000000E+09   7.3353840528936464E-03   1.1569538751018845E+03   9.4066961472436497E-02
   2.7000000000000000E+09   7.3496450173852965E-03   1.1547089669339011E+03   9.4317080259587724E-02
   2.8000000000000000E+09   7.3633872742151444E-03   1.1525539387388067E+03   9.4558104059897286E-02
   2.9000000000000000E+09   7.3766472828429809E-03   1.1504821472343831E+03   9.4790671301584653E-02
   3.0000000000000000E+09   7.3894576779617313E-03   1.1484876665125980E+03   9.5015355118594214E-02
   3.1000000000000000E+09   7.4018480164969643E-03   1.1465651532483546E+03   9.5232672716039815E-02
   3.2000000000000000E+09   7.4138448907466077E-03   1.1447098139250686E+03   9.5443091500526475E-02
   3.3000000000000000E+09   7.4254726380531093E-03   1.1429172820413230E+03   9.5647036446303374E-02
   3.4000000000000000E+09   7.4367531782077228E-03   1.1411836324250833E+03   9.5844893644517662E-02
   3.5000000000000000E+09   7.4477067611230371E-03   1.1395052567934567E+03   9.6037016391025881E-02
   3.6000000000000000E+09   7.4583517037385581E-03   1.1378788963655127E+03   9.6223727382394542E-02
   3.7000000000000000E+09   7.4687049616714001E-03   1.1363015474448002E+03   9.6405323356803990E-02
   3.8000000000000000E+09   7.4787821342213821E-03   1.1347704550079698E+03   9.6582077176720113E-02
   3.9000000000000000E+09   7.4885975056622964E-03   1.1332831012668109E+03   9.6754240217099774E-02
   4.0000000000000000E+09   7.4981643936364783E-03   1.1318371483770536E+03   9.6922045116074107E-02
   4.1000000000000000E+09   7.5074949977561051E-03   1.1304304575484150E+03   9.7085706820196266E-02
   4.2000000000000000E+09   7.5166007564939656E-03   1.1290610317468022E+03   9.7245425197980212E-02
   4.3000000000000000E+09   7.5254922531571324E-03   1.1277270269988635E+03   9.7401385797830517E-02
   4.4000000000000000E+09   7.5341793281105797E-03   1.1264267328614494E+03   9.7553761316532567E-02
   4.5000000000000000E+09   7.5426711858275989E-03   1.1251585540812212E+03   9.7702712976053568E-02
   4.6000000000000000E+09   7.5509763641623349E-03   1.1239210131334239E+03   9.7848391127950241E-02
   4.7000000000000000E+09   7.5591029432867055E-03   1.1227127172402079E+03   9.7990936692569253E-02
   4.8000000000000000E+09   7.5670584153930400E-03   1.1215323761862439E+03   9.8130481495387278E-02
   4.9000000000000000E+09   7.5748498629166650E-03   1.1203787743573971E+03   9.8267149326183759E-02
   5.0000000000000000E+09   7.5824838554007954E-03   1.1192507847294692E+03   9.8401056277843776E-02
   5.1000000000000000E+09   7.5899667172016523E-03   1.1181473281196202E+03   9.8532311953327734E-02
   5.2000000000000000E+09   7.5973042353534911E-03   1.1170674152897072E+03   9.8661019007085279E-02
   5.3000000000000000E+09   7.6045020158776906E-03   1.1160100934467778E+03   9.8787274809932588E-02
   5.4000000000000000E+09   7.6115652355636873E-03   1.1149744819506068E+03   9.8911170845429497E-02
   5.5000000000000000E+09   7.6184988511440073E-03   1.1139597407803628E+03   9.9032793650370599E-02
   5.6000000000000000E+09   7.6253075120278251E-03   1.1129650826500206E+03   9.9152225191240242E-02
   5.7000000000000000E+09   7.6319956729178143E-03   1.1119897558997557E+03   9.9269543102978586E-02
   5.8000000000000000E+09   7.6385675050425102E-03   1.1110330568857937E+03   9.9384820822600389E-02
   5.9000000000000000E+09   7.6450269854733376E-03   1.1100943164074943E+03   9.9498128091811008E-02
   6.0000000000000000E+09   7.6513779344670506E-03   1.1091728938294830E+03   9.9609531307222401E-02
   6.1000000000000000E+09   7.6576238777840552E-03   1.1082681966108439E+03   9.9719093129810144E-02
   6.2000000000000000E+09   7.6637682461049243E-03   1.1073796509529366E+03   9.9826873618249365E-02
   6.3000000000000000E+09   7.6698143408935431E-03   1.1065067064409748E+03   9.9932929804134027E-02
   6.4000000000000000E+09   7.6757651777426888E-03   1.1056488583007520E+03   1.0003731585108099E-01
   6.5000000000000000E+09   7.6816237694449924E-03   1.1048056062200303E+03   1.0014008366500199E-01
   6.6000000000000000E+09   7.6873928714516109E-03   1.1039764907648496E+03   1.0024128244882242E-01
   6.7000000000000000E+09   7.6930752687477382E-03   1.1031610518399771E+03   1.0034095974238993E-01
   6.8000000000000000E+09   7.6986734674262570E-03   1.1023588727673443E+03   1.0043916038446704E-01
   6.9000000000000000E+09   7.7041899567371524E-03   1.1015695424195023E+03   1.0053592761479591E-01
   7.0000000000000000E+09   7.7096270333457265E-03   1.1007926801969979E+03   1.0063130246324377E-01
   7.1000000000000000E+09   7.7149869821447033E-03   1.1000279099624140E+03   1.0072532453790711E-01
   7.2000000000000000E+09   7.7202719542009812E-03   1.0992748773231799E+03   1.0081803170053760E-01
   7.3000000000000000E+09   7.7254840665951065E-03   1.0985332352249948E+03   1.0090946035501161E-01
   7.4000000000000000E+09   7.7306252706382823E-03   1.0978026625594239E+03   1.0099964517059964E-01
   7.5000000000000000E+09   7.7356974102224148E-03   1.0970828556635417E+03   1.0108861935769077E-01
   7.6000000000000000E+09   7.7407024085694434E-03   1.0963735017071010E+03   1.0117641527291767E-01
   7.7000000000000000E+09   7.7456420181069479E-03   1.0956743140873996E+03   1.0126306377643698E-01
   7.8000000000000000E+09   7.7505178313148409E-03   1.0949850306861547E+03   1.0134859408950440E-01
   7.9000000000000000E+09   7.7553315376314765E-03   1.0943053774265541E+03   1.0143303489856458E-01
   8.0000000000000000E+09   7.7600846857414588E-03   1.0936351018113903E+03   1.0151641362635747E-01
   8.1000000000000000E+09   7.7647787759931950E-03   1.0929739597468872E+03   1.0159875659914944E-01
   8.2000000000000000E+09   7.7694152942249335E-03   1.0923217107037774E+03   1.0168008942251602E-01
   8.3000000000000000E+09   7.7739956191785120E-03   1.0916781306666946E+03   1.0176043646735644E-01
   8.4000000000000000E+09   7.7785210671120087E-03   1.0910430057505512E+03   1.0183982124098957E-01
   8.5000000000000000E+09   7.7829929525317721E-03   1.0904161236064317E+03   1.0191826658472400E-01
   8.6000000000000000E+09   7.7874125773817896E-03   1.0897972749004125E+03   1.0199579464686434E-01
   8.7000000000000000E+09   7.7917810986272854E-03   1.0891862717820723E+03   1.0207242645971996E-01
   8.8000000000000000E+09   7.7960996757057838E-03   1.0885829271529378E+03   1.0214818248561848E-01
   8.9000000000000000E+09   7.8003694788895484E-03   1.0879870534753220E+03   1.0222308262360318E-01
   9.0000000000000000E+09   7.8045914859501669E-03   1.0873984910848490E+03   1.0229714559822398E-01
   9.1000000000000000E+09   7.8087668960518967E-03   1.0868170504163388E+03   1.0237039046179013E-01
   9.2000000000000000E+09   7.8128966740640699E-03   1.0862425755006566E+03   1.0244283488395209E-01
   9.3000000000000000E+09   7.8169818528691093E-03   1.0856749017833463E+03   1.0251449633185579E-01
   9.4000000000000000E+09   7.8210232898515454E-03   1.0851138899391976E+03   1.0258539126116373E-01
   9.5000000000000000E+09   7.8250219402557462E-03   1.0845593878396844E+03   1.0265553594446379E-01
   9.6000000000000000E+09   7.8289787128514813E-03   1.0840112505893928E+03   1.0272494614114729E-01
   9.7000000000000000E+09   7.8328945260853159E-03   1.0834693327087746E+03   1.0279363721288468E-01
   9.8000000000000000E+09   7.8367701392804724E-03   1.0829335114497912E+03   1.0286162365895402E-01
   9.9000000000000000E+09   7.8406064703203954E-03   1.0824036428152829E+03   1.0292892019822233E-01
   1.0000000000000000E+10   7.8444041908362558E-03   1.0818796174819674E+03   1.0299554021681026E-01
   1.1000000000000000E+10   7.8804192167675705E-03   1.0769352203114122E+03   1.0362731963259453E-01
   1.2000000000000000E+10   7.9132982230492883E-03   1.0724606562452575E+03   1.0420409192333252E-01
   1.3000000000000000E+10   7.9435441349942973E-03   1.0683771451547384E+03   1.0473467409796657E-01
   1.4000000000000000E+10   7.9715473746346903E-03   1.0646240443054244E+03   1.0522591815111716E-01
   1.5000000000000000E+10   7.9976177431816536E-03   1.0611536182247753E+03   1.0568325695594234E-01
   1.6000000000000000E+10   8.0220050364547477E-03   1.0579276585827838E+03   1.0611107047460600E-01
   1.7000000000000000E+10   8.0449133633338915E-03   1.0549151522296688E+03   1.0651294057959590E-01
   1.8000000000000000E+10   8.0665118904428082E-03   1.0520905591685673E+03   1.0689183461860761E-01
   1.9000000000000000E+10   8.0869423119480661E-03   1.0494326134634573E+03   1.0725023830113840E-01
   2.0000000000000000E+10   8.1063246088794467E-03   1.0469234104022642E+03   1.0759025494112494E-01
   2.1000000000000000E+10   8.1247609792839438E-03   1.0445477752508389E+03   1.0791367892112090E-01
   2.2000000000000000E+10   8.1423394603398619E-03   1.0422927030607534E+03   1.0822205468443678E-01
   2.3000000000000000E+10   8.1591366012649363E-03   1.0401469444745110E+03   1.0851672124724490E-01
   2.4000000000000000E+10   8.1752187480947248E-03   1.0381007856620031E+03   1.0879884535353193E-01
   2.5000000000000000E+10   8.1906442302827325E-03   1.0361457251407094E+03   1.0906945097831440E-01
   2.6000000000000000E+10   8.2054644928569679E-03   1.0342742952265196E+03   1.0932944177274011E-01
   2.7000000000000000E+10   8.2197254774548350E-03   1.0324798594105482E+03   1.0957961973147534E-01
   2.8000000000000000E+10   8.2334678477758126E-03   1.0307565611795601E+03   1.0982069883488429E-01
   2.9000000000000000E+10   8.2467277796492520E-03   1.0290992054204592E+03   1.1005331693341189E-01
   3.0000000000000000E+10   8.2595382357453333E-03   1.0275030834807967E+03   1.1027804868097971E-01
   3.1000000000000000E+10   8.2719284474839713E-03   1.0259640251043545E+03   1.1049541057280300E-01
   3.2000000000000000E+10   8.2839253333699368E-03   1.0244782109719288E+03   1.1070587116562902E-01
   3.3000000000000000E+10   8.2955530144213502E-03   1.0230422240207757E+03   1.1090985509530193E-01
   3.4000000000000000E+10   8.3068338554477764E-03   1.0216529128953425E+03   1.1110775040590046E-01
   3.5000000000000000E+10   8.3177871456800775E-03   1.0203075477548765E+03   1.1129990695205749E-01
   3.6000000000000000E+10   8.3284321950344506E-03   1.0190034338534670E+03   1.1148665127089327E-01
   3.7000000000000000E+10   8.3387855071544639E-03   1.0177382543386562E+03   1.1166827845318535E-01
   3.8000000000000000E+10   8.3488627959357412E-03   1.0165098184973443E+03   1.1184506224879290E-01
   3.9000000000000000E+10   8.3586782700489325E-03   1.0153161458272264E+03   1.1201725379996373E-01
   4.0000000000000000E+10   8.3682450411902663E-03   1.0141554129429218E+03   1.1218508477963229E-01
   4.1000000000000000E+10   8.3775754672582633E-03   1.0130259092889224E+03   1.1234877117402307E-01
   4.2000000000000000E+10   8.3866814994736603E-03   1.0119259931223678E+03   1.1250851461677160E-01
   4.3000000000000000E+10   8.3955728779111123E-03   1.0108543072366770E+03   1.1266449752800031E-01
   4.4000000000000000E+10   8.4042601946068378E-03   1.0098094072339571E+03   1.1281689615425483E-01
   4.5000000000000000E+10   8.4127517559489471E-03   1.0087901380609064E+03   1.1296586755193497E-01
   4.6000000000000000E+10   8.4210569485442775E-03   1.0077952277502342E+03   1.1311156596206555E-01
   4.7000000000000000E+10   8.4291835202172094E-03   1.0068236128684006E+03   1.1325413043497541E-01
   4.8000000000000000E+10   8.4371390706020066E-03   1.0058742583640178E+03   1.1339369422930594E-01
   4.9000000000000000E+10   8.4449304186163445E-03   1.0049462321971827E+03   1.1353037920276551E-01
   5.0000000000000000E+10   8.4525645357306570E-03   1.0040385931962910E+03   1.1366430348135093E-01
   5.1000000000000000E+10   8.4600473982637814E-03   1.0031505269222910E+03   1.1379557540508910E-01
   5.2000000000000000E+10   8.4673848338674626E-03   1.0022812440756383E+03   1.1392429800903657E-01
   5.3000000000000000E+10   8.4745828146004978E-03   1.0014299454050403E+03   1.1405056926256527E-01
   5.4000000000000000E+10   8.4816458728969625E-03   1.0005960084321675E+03   1.1417447938933413E-01
   5.5000000000000000E+10   8.4885792951506500E-03   9.9977872742546538E+02   1.1429611525069439E-01
   5.6000000000000000E+10   8.4953882103457994E-03   9.9897742106954581E+02   1.1441556146845826E-01
   5.7000000000000000E+10   8.5020762898403313E-03   9.9819158474232563E+02   1.1453289201311148E-01
   5.8000000000000000E+10   8.5086481397965187E-03   9.9742060852910379E+02   1.1464818235608304E-01
   5.9000000000000000E+10   8.5151075980529657E-03   9.9666397724632543E+02   1.1476150160506141E-01
   6.0000000000000000E+10   8.5214585533750446E-03   9.9592117384583094E+02   1.1487291655433532E-01
   6.1000000000000000E+10   8.5277044951043383E-03   9.9519173186969522E+02   1.1498248965488725E-01
   6.2000000000000000E+10   8.5338487422324805E-03   9.9447520827932146E+02   1.1509028067728432E-01
   6.3000000000000000E+10   8.5398951026407176E-03   9.9377110647783047E+02   1.1519634845063063E-01
   6.4000000000000000E+10   8.5458455253985093E-03   9.9307914941045226E+02   1.1530074332994783E-01
   6.5000000000000000E+10   8.5517043655204180E-03   9.9239878305117350E+02   1.1540352193316072E-01
   6.6000000000000000E+10   8.5574736730184130E-03   9.9172972417248707E+02   1.1550473109553960E-01
   6.7000000000000000E+10   8.5631556699499838E-03   9.9107167175969857E+02   1.1560441635149279E-01
   6.8000000000000000E+10   8.5687541293905829E-03   9.9042414768872061E+02   1.1570262718539676E-01
   6.9000000000000000E+10   8.5742707134611844E-03   9.8978692054032820E+02   1.1579940348668800E-01
   7.0000000000000000E+10   8.5797075524069143E-03   9.8915970661203357E+02   1.1589478596871930E-01
   7.1000000000000000E+10   8.5850674295772592E-03   9.8854214890817320E+02   1.1598881606230757E-01
   7.2000000000000000E+10   8.5903530755345424E-03   9.8793389872718092E+02   1.1608153405304671E-01
   7.3000000000000000E+10   8.5955647218291607E-03   9.8733489654300161E+02   1.1617296860947289E-01
   7.4000000000000000E+10   8.6007057594529746E-03   9.8674472103968890E+02   1.1626316062484396E-01
   7.5000000000000000E+10   8.6057779289874219E-03   9.8616314241267412E+02   1.1635214262111741E-01
   7.6000000000000000E+10   8.6107831572118619E-03   9.8558991097667251E+02   1.1643994677045552E-01
   7.7000000000000000E+10   8.6157225345440801E-03   9.8502487415641497E+02   1.1652660112813037E-01
   7.8000000000000000E+10   8.6205986606164384E-03   9.8446770804070900E+02   1.1661213934778267E-01
   7.9000000000000000E+10   8.6254122071310405E-03   9.8391831040138686E+02   1.1669658660892318E-01
   8.0000000000000000E+10   8.6301654547462931E-03   9.8337639641525993E+02   1.1677997200384320E-01
   8.1000000000000000E+10   8.6348595382701367E-03   9.8284181320406901E+02   1.1686232162781841E-01
   8.2000000000000000E+10   8.6394962586369244E-03   9.8231433306909503E+02   1.1694366137255434E-01
   8.3000000000000000E+10   8.6440761726938996E-03   9.8179387083200766E+02   1.1702401296012796E-01
   8.4000000000000000E+10   8.6486017622149740E-03   9.8128012350315021E+02   1.1710340441471609E-01
   8.5000000000000000E+10   8.6530737816848807E-03   9.8077298535450450E+02   1.1718185543419472E-01
   8.6000000000000000E+10   8.6574934277023133E-03   9.8027230124137998E+02   1.1725938954640230E-01
   8.7000000000000000E+10   8.6618617885551707E-03   9.7977792910171604E+02   1.1733602670997931E-01
   8.8000000000000000E+10   8.6661802931777294E-03   9.7928968914215307E+02   1.1741178742664883E-01
   8.9000000000000000E+10   8.6704501187448973E-03   9.7880743088622660E+02   1.1748669292809893E-01
   9.0000000000000000E+10   8.6746724757018109E-03   9.7833100086804927E+02   1.1756076249584055E-01
   9.1000000000000000E+10   8.6788477224773782E-03   9.7786034237887770E+02   1.1763401184441410E-01
   9.2000000000000000E+10   8.6829774362116932E-03   9.7739526190206755E+02   1.1770646086381287E-01
   9.3000000000000000E+10   8.6870623636669288E-03   9.7693566018944944E+02   1.1777812652752818E-01
   9.4000000000000000E+10   8.6911037750341015E-03   9.7648137969938932E+02   1.1784902605896319E-01
   9.5000000000000000E+10   8.6951028134327202E-03   9.7603227787543858E+02   1.1791917676476348E-01
   9.6000000000000000E+10   8.6990594339577867E-03   9.7558834604889012E+02   1.1798859081597739E-01
   9.7000000000000000E+10   8.7029752848725266E-03   9.7514938599301956E+02   1.1805728655264412E-01
   9.8000000000000000E+10   8.7068505846580237E-03   9.7471536037495923E+02   1.1812527589817287E-01
   9.9000000000000000E+10   8.7106872165291435E-03   9.7428604591056353E+02   1.1819257775007518E-01
   1.0000000000000000E+11   8.7144845500657063E-03   9.7386150111332529E+02   1.1825920125893406E-01
   1.1000000000000000E+11   8.7504993098511535E-03   9.6985334263173957E+02   1.1889101700428155E-01
