   1.0000000000000000E+00   0.0000000000000000E+00   1.0000000000000000E+30   0.0000000000000000E+00
   2.0000000000000000E+00   0.0000000000000000E+00   1.0000000000000000E+30   0.0000000000000000E+00
   3.0000000000000000E+00   0.0000000000000000E+00   1.0000000000000000E+30   0.0000000000000000E+00
   4.0000000000000000E+00   0.0000000000000000E+00   1.0000000000000000E+30   0.0000000000000000E+00
   5.0000000000000000E+00   0.0000000000000000E+00   1.0000000000000000E+30   0.0000000000000000E+00
   6.0000000000000000E+00   0.0000000000000000E+00   1.0000000000000000E+30   0.0000000000000000E+00
   7.0000000000000000E+00   0.0000000000000000E+00   1.0000000000000000E+30   0.0000000000000000E+00
   7.4189999999999996E+00   0.0000000000000000E+00   1.0000000000000000E+30   0.0000000000000000E+00
   7.4210000000000003E+00   0.0000000000000000E+00   1.0000000000000000E+30   0.0000000000000000E+00
   8.0000000000000000E+00   0.0000000000000000E+00   1.0000000000000000E+30   0.0000000000000000E+00
   9.0000000000000000E+00   0.0000000000000000E+00   1.0000000000000000E+30   0.0000000000000000E+00
   1.0000000000000000E+01   0.0000000000000000E+00   1.0000000000000000E+30   0.0000000000000000E+00
   1.1000000000000000E+01   0.0000000000000000E+00   1.0000000000000000E+30   0.0000000000000000E+00
   1.2000000000000000E+01   0.0000000000000000E+00   1.0000000000000000E+30   0.0000000000000000E+00
   1.3000000000000000E+01   0.0000000000000000E+00   1.0000000000000000E+30   0.0000000000000000E+00
   1.4000000000000000E+01   0.0000000000000000E+00   1.0000000000000000E+30   0.0000000000000000E+00
   1.5000000000000000E+01   0.0000000000000000E+00   1.0000000000000000E+30   0.0000000000000000E+00
   1.5049000000000001E+01   0.0000000000000000E+00   1.0000000000000000E+30   0.0000000000000000E+00
   1.5051000000000000E+01   0.0000000000000000E+00   1.0000000000000000E+30   0.0000000000000000E+00
   1.6000000000000000E+01   0.0000000000000000E+00   1.0000000000000000E+30   0.0000000000000000E+00
   1.7000000000000000E+01   1.7851328353739972E-03   5.6018240221910071E+02   2.6866249172378658E-02
   1.8000000000000000E+01   4.7158386036746189E-03   2.1205136223720470E+02   7.2159529337285172E-02
   1.9000000000000000E+01   8.8567364357121647E-03   1.1290840675441086E+02   1.3770060757494756E-01
   2.0000000000000000E+01   1.4318453095797580E-02   6.9839946627579266E+01   2.2612545685031055E-01
   2.1000000000000000E+01   2.1237225075217744E-02   4.7087131037986950E+01   3.4064760065810962E-01
   2.2000000000000000E+01   2.9763062703825678E-02   3.3598692780748749E+01   4.8492447757291995E-01
   2.3000000000000000E+01   3.6077890069802721E-02   2.7717807168468607E+01   5.8951284238476453E-01
   2.4000000000000000E+01   4.7668562492888186E-02   2.0978186622455691E+01   7.9168963026003147E-01
   2.4998999999999999E+01   6.1058304345595373E-02   1.6377788586134201E+01   1.0307840948737206E+00
   2.5001000000000001E+01   6.1075882075955615E-02   1.6373075034043275E+01   1.0310874738984104E+00
   2.6000000000000000E+01   7.6147070818192386E-02   1.3132481515770781E+01   1.3066355549404565E+00
   2.6998999999999999E+01   9.3212298102619967E-02   1.0728198106424463E+01   1.6270676001765778E+00
   2.7001000000000001E+01   9.3232892985987290E-02   1.0725828277690558E+01   1.6274368971849422E+00
   2.8000000000000000E+01   1.0295665931324430E-01   9.7128248592207438E+00   1.8015940829465715E+00
   2.9000000000000000E+01   1.2168221813975455E-01   8.2181276384317670E+00   2.1663614384561227E+00
   3.0000000000000000E+01   1.4111031755549788E-01   7.0866540258950650E+00   2.5566148475316934E+00
   3.1000000000000000E+01   1.4876925662444257E-01   6.7218188938352315E+00   2.6973092338566040E+00
   3.2000000000000000E+01   1.6755044299268895E-01   5.9683518714637778E+00   3.0906177717308432E+00
   3.3000000000000000E+01   1.7301195868076816E-01   5.7799472800902931E+00   3.1909759125489763E+00
   3.4000000000000000E+01   1.9049536874627038E-01   5.2494714521482493E+00   3.5739887018675005E+00
   3.5000000000000000E+01   1.9405533484246970E-01   5.1531693308600888E+00   3.6386744760310901E+00
   3.6000000000000000E+01   2.1001538686713719E-01   4.7615558789158330E+00   4.0058203580581724E+00
   3.7000000000000000E+01   2.1204973637718749E-01   4.7158747616702108E+00   4.0413361516353641E+00
   3.8000000000000000E+01   2.2645652175943812E-01   4.4158586921258438E+00   4.3907349724147391E+00
   3.9000000000000000E+01   2.2730091143557851E-01   4.3994544222644683E+00   4.4030292985863291E+00
   4.0000000000000000E+01   2.4020800638421230E-01   4.1630585718300406E+00   4.7344349267415069E+00
   4.1000000000000000E+01   2.4013387889646337E-01   4.1643436761006232E+00   4.7283698012570845E+00
   4.2000000000000000E+01   2.3973179335305839E-01   4.1713282415039448E+00   4.7159323420416275E+00
   4.3000000000000000E+01   2.5084847769030638E-01   3.9864702756322270E+00   5.0216575513561725E+00
   4.4000000000000000E+01   2.4983730399845616E-01   4.0026048312071900E+00   4.9966106367397849E+00
   4.5000000000000000E+01   2.4863665447387356E-01   4.0219331382013861E+00   4.9679608135746349E+00
   4.6000000000000000E+01   2.5822985226975081E-01   3.8725189640560420E+00   5.2515456362734119E+00
   4.7000000000000000E+01   2.5662029493819477E-01   3.8968079287760280E+00   5.2140086559677075E+00
   4.8000000000000000E+01   2.5490608561720329E-01   3.9230134407293704E+00   5.1745702533676461E+00
   4.9000000000000000E+01   2.6318731973537857E-01   3.7995751505256758E+00   5.4387673822279181E+00
   5.0000000000000000E+01   2.6119781328676528E-01   3.8285159719239870E+00   5.3929388763483219E+00
   5.1000000000000000E+01   2.5915641337017609E-01   3.8586735593211485E+00   5.3462727621576889E+00
   5.2000000000000000E+01   2.5707631106233791E-01   3.8898955561779172E+00   5.2990370872803609E+00
   5.3000000000000000E+01   2.6407260728052107E-01   3.7868373031880305E+00   5.5419538399790778E+00
   5.4000000000000000E+01   2.6182929085199003E-01   3.8192823910037328E+00   5.4904739332522610E+00
   5.5000000000000000E+01   2.5957616657270038E-01   3.8524338085558667E+00   5.4390100008358457E+00
   5.6000000000000000E+01   2.5731970549389810E-01   3.8862161686397294E+00   5.3876900163039272E+00
   5.7000000000000000E+01   2.6325033223743155E-01   3.7986656711911655E+00   5.6125354185221656E+00
   5.8000000000000000E+01   2.6089942888178241E-01   3.8328945536063852E+00   5.5583098172602483E+00
   5.9000000000000000E+01   2.5856103075641229E-01   3.8675588392981384E+00   5.5045526210135884E+00
   6.0000000000000000E+01   2.5623851521359242E-01   3.9026139343901187E+00   5.4513257588961137E+00
   6.1000000000000000E+01   2.6127088916757363E-01   3.8274451592600558E+00   5.6605238850611288E+00
   6.2000000000000000E+01   2.5889727493672576E-01   3.8625358271708317E+00   5.6052578647891176E+00
   6.3000000000000000E+01   2.5654834880908473E-01   3.8979007451892391E+00   5.5507079555739711E+00
   6.4000000000000000E+01   2.5422564878136028E-01   3.9335134153203497E+00   5.4968987021616256E+00
   6.5000000000000000E+01   2.5193040799124550E-01   3.9693501390858299E+00   5.4438491342273094E+00
   6.6000000000000000E+01   2.5614563415619745E-01   3.9040290625847671E+00   5.6370583021246361E+00
   6.7000000000000000E+01   2.5383075949367301E-01   3.9396328561390379E+00   5.5826337786768905E+00
   6.8000000000000000E+01   2.5154727934153687E-01   3.9753958087626780E+00   5.5290560725023221E+00
   6.9000000000000000E+01   2.4929528821647851E-01   4.0113072619793693E+00   5.4763182058582753E+00
   7.0000000000000000E+01   2.4707540731522737E-01   4.0473473700446663E+00   5.4244268312863699E+00
   7.1000000000000000E+01   2.5061096012157180E-01   3.9902484692405253E+00   5.6038533002620436E+00
   7.2000000000000000E+01   2.4838975733370078E-01   4.0259309028453369E+00   5.5510005823798521E+00
   7.3000000000000000E+01   2.4620193486475794E-01   4.0617065034412247E+00   5.4990279659091517E+00
   7.4000000000000000E+01   2.4404751372830283E-01   4.0975627439224658E+00   5.4479314040890436E+00
   7.5000000000000000E+01   2.4192583673789647E-01   4.1334981558146042E+00   5.3976871295338826E+00
   7.6000000000000000E+01   2.3983675628137641E-01   4.1695026880150117E+00   5.3482874168017309E+00
   7.7000000000000000E+01   2.4277672131849490E-01   4.1190110590879758E+00   5.5141165585103593E+00
   7.8000000000000000E+01   2.4069773159168137E-01   4.1545883851385685E+00   5.4640484982056945E+00
   7.9000000000000000E+01   2.3865147912918314E-01   4.1902107778627915E+00   5.4148340771497150E+00
   8.0000000000000000E+01   2.3663727338252116E-01   4.2258769538115528E+00   5.3664561609364396E+00
   8.1000000000000000E+01   2.3465483040549437E-01   4.2615785844764158E+00   5.3189000375864550E+00
   8.2000000000000000E+01   2.3270343031734952E-01   4.2973152507302927E+00   5.2721465379104568E+00
   8.3000000000000000E+01   2.3514919062486112E-01   4.2526193577052238E+00   5.4262070866043937E+00
   8.4000000000000000E+01   2.3321384130158171E-01   4.2879101618451747E+00   5.3789680244739451E+00
   8.5000000000000000E+01   2.3130900139439564E-01   4.3232212926073741E+00   5.3325266128235107E+00
   8.6000000000000000E+01   2.2943407833357349E-01   4.3585504266114441E+00   5.2868659638579247E+00
   8.7000000000000000E+01   2.2758855049740773E-01   4.3938941471987203E+00   5.2419698569815640E+00
   8.8000000000000000E+01   2.2577181776321545E-01   4.4292507803112002E+00   5.1978208363086313E+00
   8.9000000000000000E+01   2.2398340150195645E-01   4.4646165443257875E+00   5.1544043067548699E+00
   8.9998999999999995E+01   2.2600704977934913E-01   4.4246407400844401E+00   5.2970974336248258E+00
   9.0001000000000005E+01   2.2600347819256178E-01   4.4247106637357589E+00   5.2970090008362156E+00
   9.1000000000000000E+01   2.2423537695858806E-01   4.4595996116379117E+00   5.2532706958534758E+00
   9.2000000000000000E+01   2.2249304224236102E-01   4.4945225698819966E+00   5.2102146643659060E+00
   9.3000000000000000E+01   2.2077723422434103E-01   4.5294525203801497E+00   5.1678500602786084E+00
   9.4000000000000000E+01   2.1908790600399441E-01   4.5643779167881959E+00   5.1261806192343675E+00
   9.5000000000000000E+01   2.1742416929557370E-01   4.5993046828228490E+00   5.0851783048107917E+00
   9.6000000000000000E+01   2.1578573460004463E-01   4.6342266408550312E+00   5.0448366850613020E+00
   9.7000000000000000E+01   2.1417195323854682E-01   4.6691454454178247E+00   5.0051345851919748E+00
   9.8000000000000000E+01   2.1581526543845311E-01   4.6335925216799980E+00   5.1358223911785670E+00
   9.9000000000000000E+01   2.1421622636275131E-01   4.6681804500963038E+00   5.0956221885873063E+00
   1.0000000000000000E+02   2.1264112507173019E-01   4.7027591660017336E+00   5.0560588330731706E+00
   1.1000000000000000E+02   2.0073565074364530E-01   4.9816761312472400E+00   4.8409682749135241E+00
   1.1099900000000000E+02   1.9936936701373240E-01   5.0158156941488459E+00   4.8061568454219916E+00
   1.1100100000000000E+02   1.9936664902839540E-01   5.0158840752626190E+00   4.8060876110453448E+00
   1.2000000000000000E+02   1.9010208660215569E-01   5.2603315296206778E+00   4.6492394516608933E+00
   1.3000000000000000E+02   1.8056483285964242E-01   5.5381769758972128E+00   4.4780917270861362E+00
   1.4000000000000000E+02   1.7197243578789778E-01   5.8148853647299052E+00   4.3249735528772195E+00
   1.4399900000000000E+02   1.6817472467022199E-01   5.9461967424708151E+00   4.2240588873489795E+00
   1.4400100000000000E+02   1.6817286828238387E-01   5.9462623799748222E+00   4.2240096079734810E+00
   1.4799900000000000E+02   1.6454867918373534E-01   6.0772289693276633E+00   4.1279133503212462E+00
   1.4800100000000000E+02   1.6454690644567718E-01   6.0772944420570791E+00   4.1278663947627106E+00
   1.5000000000000000E+02   1.6418116104135250E-01   6.0908327950496650E+00   4.1869057280509399E+00
   1.5299900000000000E+02   1.6159997054217393E-01   6.1881199399044622E+00   4.1173163795855148E+00
   1.5300100000000000E+02   1.6159827685761533E-01   6.1881847965563574E+00   4.1172707523495644E+00
   1.6000000000000000E+02   1.5589602358247143E-01   6.4145317951037066E+00   3.9639330636636161E+00
   1.7000000000000000E+02   1.4957422314025987E-01   6.6856439499088864E+00   3.8570471287487504E+00
   1.8000000000000000E+02   1.4375861629833170E-01   6.9561047939190903E+00   3.7595026657986654E+00
   1.9000000000000000E+02   1.3753682834023692E-01   7.2707798490613182E+00   3.5878788908327053E+00
   2.0000000000000000E+02   1.3266740618951184E-01   7.5376464251628388E+00   3.5099551310047232E+00
   2.1000000000000000E+02   1.2742784853740688E-01   7.8475781509129598E+00   3.3638136897138979E+00
   2.2000000000000000E+02   1.2328427882999149E-01   8.1113343038571522E+00   3.3006865501117981E+00
   2.3000000000000000E+02   1.1880830464220300E-01   8.4169200377999562E+00   3.1743924233728751E+00
   2.4000000000000000E+02   1.1523226713888812E-01   8.6781248414969703E+00   3.1225890088031503E+00
   2.5000000000000000E+02   1.1136149517558987E-01   8.9797644906189920E+00   3.0120568261288221E+00
   2.6000000000000000E+02   1.0823817764409287E-01   9.2388842991073350E+00   2.9690938401753337E+00
   2.7000000000000000E+02   1.0485544066826660E-01   9.5369395581839331E+00   2.8713061466098408E+00
   2.8000000000000000E+02   1.0209946800801448E-01   9.7943703283694230E+00   2.8353609439537735E+00
   2.9000000000000000E+02   1.2549084624045745E+00   7.9687087142903212E-01   2.9235819714649171E+01
   3.0000000000000000E+02   1.2243131018572628E+00   8.1678452879660979E-01   2.8573148816958696E+01
   3.1000000000000000E+02   1.1952923804906721E+00   8.3661538910630084E-01   2.7942837373679474E+01
   3.2000000000000000E+02   1.1677259793248722E+00   8.5636529263325645E-01   2.7342526152054361E+01
   3.3000000000000000E+02   1.1415054732061030E+00   8.7603609748040745E-01   2.6770078236572886E+01
   3.4000000000000000E+02   1.1165329222507541E+00   8.9562965862588095E-01   2.6223554108476282E+01
   3.5000000000000000E+02   1.0927196527186416E+00   9.1514781262700029E-01   2.5701189844587869E+01
   3.6000000000000000E+02   1.0699851997216996E+00   9.3459236656740452E-01   2.5201378028534837E+01
   3.7000000000000000E+02   1.0482563882736353E+00   9.5396509020745568E-01   2.4722651015899526E+01
   3.8000000000000000E+02   1.0274665327540204E+00   9.7326771054975492E-01   2.4263666241030553E+01
   3.9000000000000000E+02   1.0075547378797352E+00   9.9250190823812423E-01   2.3823193294455887E+01
   4.0000000000000000E+02   9.8846528687066504E-01   1.0116693153341301E+00   2.3400102537170394E+01
   4.1000000000000000E+02   9.7014710465119913E-01   1.0307715141401510E+00   2.2993355049869468E+01
   4.1899900000000002E+02   9.5428306028477794E-01   1.0479071059917791E+00   2.2640501754239164E+01
   4.1900099999999998E+02   9.5427959736153678E-01   1.0479109086738043E+00   2.2640424669756168E+01
   4.2000000000000000E+02   9.5255328577680187E-01   1.0498100368049286E+00   2.2601993743539712E+01
   4.3000000000000000E+02   9.3564067830948017E-01   1.0687863655167331E+00   2.2225135481730444E+01
   4.4000000000000000E+02   9.1936951617127483E-01   1.0877019331296864E+00   2.1861964085701352E+01
   4.4099900000000002E+02   9.1777783164463744E-01   1.0895883137730864E+00   2.1826405673473406E+01
   4.4100099999999998E+02   9.1777465111647016E-01   1.0895920897177789E+00   2.1826334614369507E+01
   4.5000000000000000E+02   9.0370309359670187E-01   1.1065581241069349E+00   2.1511724111344684E+01
   4.6000000000000000E+02   8.8860747622838165E-01   1.1253562756915061E+00   2.1173715301976014E+01
   4.7000000000000000E+02   8.7405124418259139E-01   1.1440976792329784E+00   2.0847287634199155E+01
   4.8000000000000000E+02   8.6000526306474034E-01   1.1627835816217802E+00   2.0531836885019850E+01
   4.9000000000000000E+02   8.4644247948282647E-01   1.1814151867838636E+00   2.0226800658168376E+01
   5.0000000000000000E+02   8.3333773807263933E-01   1.1999936572089256E+00   1.9931654815547869E+01
   5.1000000000000000E+02   8.2066761745719796E-01   1.2185201154865297E+00   1.9645910266878371E+01
   5.2000000000000000E+02   8.0841028290430550E-01   1.2369956458339284E+00   1.9369110076570287E+01
   5.3000000000000000E+02   7.9654535374272029E-01   1.2554212956001933E+00   1.9100826852126037E+01
   5.4000000000000000E+02   7.8505378384705771E-01   1.2737980767376542E+00   1.8840660382786385E+01
   5.5000000000000000E+02   7.7391775371804117E-01   1.2921269672336873E+00   1.8588235501027079E+01
   5.6000000000000000E+02   7.6312057286969914E-01   1.3104089124992671E+00   1.8343200142834917E+01
   5.7000000000000000E+02   7.5264659139762358E-01   1.3286448267081830E+00   1.8105223585656791E+01
   5.8000000000000000E+02   7.4248111973749420E-01   1.3468355940869612E+00   1.7873994845343361E+01
   5.9000000000000000E+02   7.3261035574400979E-01   1.3649820701543867E+00   1.7649221215655487E+01
   6.0000000000000000E+02   7.2302131832323491E-01   1.3830850829116754E+00   1.7430626935763311E+01
   6.1000000000000000E+02   7.1370178694409392E-01   1.4011454339798826E+00   1.7217951972910296E+01
   6.2000000000000000E+02   7.0464024642864354E-01   1.4191638996897216E+00   1.7010950908761512E+01
   6.3000000000000000E+02   6.9582583649289753E-01   1.4371412321223969E+00   1.6809391919306876E+01
   6.4000000000000000E+02   6.8724830556805694E-01   1.4550781601031857E+00   1.6613055839292478E+01
   6.5000000000000000E+02   6.7889796848336947E-01   1.4729753901517184E+00   1.6421735303076048E+01
   6.5099900000000002E+02   6.7807589530410251E-01   1.4747611689566424E+00   1.6402890293139954E+01
   6.5100099999999998E+02   6.7807425168811952E-01   1.4747647436994120E+00   1.6402852613495682E+01
   6.6000000000000000E+02   6.7076566764076306E-01   1.4908336073866599E+00   1.6235233954778881E+01
   6.7000000000000000E+02   6.6284273734852084E-01   1.5086534763889297E+00   1.6053365721262434E+01
   6.8000000000000000E+02   6.5512097101810673E-01   1.5264356420249008E+00   1.5875954142179779E+01
   6.9000000000000000E+02   6.4759259095881594E-01   1.5441807302325912E+00   1.5702831751922693E+01
   7.0000000000000000E+02   6.4025022053454073E-01   1.5618893487691525E+00   1.5533839508865308E+01
   7.1000000000000000E+02   6.3308685846821222E-01   1.5795620879251135E+00   1.5368826267688123E+01
   7.2000000000000000E+02   6.2609585510415944E-01   1.5971995212037249E+00   1.5207648291070155E+01
   7.3000000000000000E+02   6.1927089045478856E-01   1.6148022059709712E+00   1.5050168797311038E+01
   7.4000000000000000E+02   6.1260595387861760E-01   1.6323706840729486E+00   1.4896257540882486E+01
   7.5000000000000000E+02   6.0609532524788956E-01   1.6499054824272170E+00   1.4745790423098654E+01
   7.6000000000000000E+02   5.9973355748143498E-01   1.6674071135846948E+00   1.4598649130432655E+01
   7.6899900000000002E+02   5.9413156391002109E-01   1.6831288905422408E+00   1.4468986424307646E+01
   7.6900099999999998E+02   5.9413033154496508E-01   1.6831323817446240E+00   1.4468957890470747E+01
   7.7000000000000000E+02   5.9351546032737745E-01   1.6848760762666735E+00   1.4454720798202887E+01
   7.8000000000000000E+02   5.8743608529230329E-01   1.7023128558784546E+00   1.4313897697556772E+01
   7.9000000000000000E+02   5.8149071162407850E-01   1.7197179249983947E+00   1.4176076943911250E+01
   8.0000000000000000E+02   5.7567483326292068E-01   1.7370917438443636E+00   1.4041160225140622E+01
   8.1000000000000000E+02   5.6998414668288144E-01   1.7544347607203961E+00   1.3909053547952567E+01
   8.2000000000000000E+02   5.6441453955348786E-01   1.7717474124445960E+00   1.3779667001044931E+01
   8.3000000000000000E+02   5.5896208015890014E-01   1.7890301247550158E+00   1.3652914533786735E+01
   8.4000000000000000E+02   5.5362300751427185E-01   1.8062833127003328E+00   1.3528713749205034E+01
   8.5000000000000000E+02   5.4839372212773585E-01   1.8235073810109608E+00   1.3406985710244934E+01
   8.6000000000000000E+02   5.4327077735731899E-01   1.8407027244579404E+00   1.3287654758272609E+01
   8.7000000000000000E+02   5.3825087132069105E-01   1.8578697281925960E+00   1.3170648342973994E+01
   8.8000000000000000E+02   5.3333083931522240E-01   1.8750087680734235E+00   1.3055896862788192E+01
   8.9000000000000000E+02   5.2850764671201955E-01   1.8921202109775601E+00   1.2943333515135645E+01
   8.9899900000000002E+02   5.2424763172157796E-01   1.9074955030623562E+00   1.2843855248001010E+01
   8.9900099999999998E+02   5.2424669324804796E-01   1.9074989177410968E+00   1.2843833327074339E+01
   9.0000000000000000E+02   5.2377838228801776E-01   1.9092044151034004E+00   1.2832894155714829E+01
   9.1000000000000000E+02   5.1914025196784652E-01   1.9262617302538434E+00   1.2724517166288052E+01
   9.2000000000000000E+02   5.1459057294282651E-01   1.9432924981140396E+00   1.2618143330297620E+01
   9.3000000000000000E+02   5.1012676814326963E-01   1.9602970525145020E+00   1.2513715715818668E+01
   9.4000000000000000E+02   5.0574636103893666E-01   1.9772757196823640E+00   1.2411179565340801E+01
   9.5000000000000000E+02   5.0144697074368116E-01   1.9942288184868877E+00   1.2310482191884235E+01
   9.6000000000000000E+02   4.9722630740592794E-01   2.0111566606704407E+00   1.2211572881077354E+01
   9.7000000000000000E+02   4.9308216786379694E-01   2.0280595510730941E+00   1.2114402798759683E+01
   9.8000000000000000E+02   4.8901243154854074E-01   2.0449377878458646E+00   1.2018924903774254E+01
   9.9000000000000000E+02   4.8501505661838590E-01   2.0617916626592665E+00   1.1925093865582555E+01
   1.0000000000000000E+03   4.8108807630975287E-01   2.0786214608988587E+00   1.1832865986429951E+01
   1.1000000000000000E+03   4.4530459784381105E-01   2.2456538846489664E+00   1.0990178637222781E+01
   1.2000000000000000E+03   4.1484266961446348E-01   2.4105524172076032E+00   1.0269466828073750E+01
   1.3000000000000000E+03   3.8857241232101514E-01   2.5735228963549277E+00   9.6453537336725610E+00
   1.4000000000000000E+03   3.6566588349184109E-01   2.7347369419611511E+00   9.0991330368060410E+00
   1.5000000000000000E+03   3.4550196253788784E-01   2.8943395651199517E+00   8.6166967766851599E+00
   1.6000000000000000E+03   3.2760518712521053E-01   3.0524547208033086E+00   8.1871938909926758E+00
   1.7000000000000000E+03   3.1160516298343111E-01   3.2091894448269231E+00   7.8021346429057212E+00
   1.8000000000000000E+03   2.9720888226798409E-01   3.3646369932454814E+00   7.4547765639821764E+00
   1.9000000000000000E+03   2.8418138986593605E-01   3.5188792639509399E+00   7.1396934786243360E+00
   2.0000000000000000E+03   2.7233199333247032E-01   3.6719886920490201E+00   6.8524667294352799E+00
   2.1000000000000000E+03   2.6150424149744372E-01   3.8240297529161702E+00   6.5894598653264485E+00
   2.2000000000000000E+03   2.5156851913343908E-01   3.9750601682779387E+00   6.3476515149847099E+00
   2.3000000000000000E+03   2.4241649189105169E-01   4.1251318843827933E+00   6.1245095765417243E+00
   2.4000000000000000E+03   2.3395688214336133E-01   4.2742918730949402E+00   5.9178952357265722E+00
   2.4899989999999998E+03   2.2687105236325680E-01   4.4077901944001230E+00   5.7445657276507731E+00
   2.4900010000000002E+03   2.2687090005923469E-01   4.4077931534582264E+00   5.7445619994175194E+00
   2.5000000000000000E+03   2.2611221691649688E-01   4.4225827937872975E+00   5.7259888452996526E+00
   2.5919989999999998E+03   2.1938123975984436E-01   4.5582749057973029E+00   5.5610832721698120E+00
   2.5920010000000002E+03   2.1938109814624818E-01   4.5582778482281112E+00   5.5610798003093329E+00
   2.6000000000000000E+03   2.1881629577771786E-01   4.5700435447268477E+00   5.5472320476414447E+00
   2.7000000000000000E+03   2.1201219878572622E-01   4.7167097257958606E+00   5.3802821185182657E+00
   2.8000000000000000E+03   2.0565070431866192E-01   4.8626140295171085E+00   5.2239756123618637E+00
   2.9000000000000000E+03   1.9968902134598085E-01   5.0077865736414315E+00   5.0772991624524622E+00
   3.0000000000000000E+03   1.9408976534969732E-01   5.1522551856264567E+00   4.9393658391371842E+00
   3.0719989999999998E+03   1.9026418821508734E-01   5.2558498232443691E+00   4.8450273704441820E+00
   3.0720010000000002E+03   1.9026408421599558E-01   5.2558526961124157E+00   4.8450248047364077E+00
   3.1000000000000000E+03   1.8882012478281920E-01   5.2960456474128463E+00   4.8093958649745865E+00
   3.2000000000000000E+03   1.8385117782319468E-01   5.4391819070187104E+00   4.6867007744168143E+00
   3.3000000000000000E+03   1.7915732862463346E-01   5.5816862624424282E+00   4.5706703181597250E+00
   3.4000000000000000E+03   1.7471583930014761E-01   5.7235795220723027E+00   4.4607615708201287E+00
   3.5000000000000000E+03   1.7050643912711702E-01   5.8648811453652723E+00   4.3564898194786155E+00
   3.5599989999999998E+03   1.6808461841559211E-01   5.9493843602481400E+00   4.2964509988650601E+00
   3.5600010000000002E+03   1.6808453892951261E-01   5.9493871736731059E+00   4.2964490277699232E+00
   3.6000000000000000E+03   1.6651099646337406E-01   6.0056093665859560E+00   4.2574209011376087E+00
   3.7000000000000000E+03   1.6271324190050063E-01   6.1457813040901828E+00   4.1631647261533873E+00
   3.8000000000000000E+03   1.5909853352518089E-01   6.2854130571965827E+00   4.0733697780296829E+00
   3.8569989999999998E+03   1.5711496921557858E-01   6.3647659099108056E+00   4.0240606589212353E+00
   3.8570010000000002E+03   1.5711490055632302E-01   6.3647686913152910E+00   4.0240589517088079E+00
   3.9000000000000000E+03   1.5565365697732592E-01   6.4245197923340172E+00   3.9877184213882804E+00
   4.0000000000000000E+03   1.5236665441217745E-01   6.5631158199144535E+00   3.9059228823338792E+00
   4.1000000000000000E+03   1.4922667759213240E-01   6.7012146630591651E+00   3.8277217910016774E+00
   4.2000000000000000E+03   1.4622386121288961E-01   6.8388291193055322E+00   3.7528771962522494E+00
   4.3000000000000000E+03   1.4334921327463912E-01   6.9759713161740589E+00   3.6811719786652950E+00
   4.4000000000000000E+03   1.4059451987567850E-01   7.1126527611762951E+00   3.6124076009886021E+00
   4.5000000000000000E+03   1.3795226225012375E-01   7.2488843871721516E+00   3.5464021455010388E+00
   4.6000000000000000E+03   1.3541554425006305E-01   7.3846765933559695E+00   3.4829885963910430E+00
   4.7000000000000000E+03   1.3297802876117823E-01   7.5200392825490692E+00   3.4220133319998030E+00
   4.8000000000000000E+03   1.3063388178983351E-01   7.6549818951933224E+00   3.3633347974968610E+00
   4.9000000000000000E+03   1.2837772316187482E-01   7.7895134402646642E+00   3.3068223332247664E+00
   5.0000000000000000E+03   1.2620458293322118E-01   7.9236425235772279E+00   3.2523551377017248E+00
   5.1000000000000000E+03   1.2410986275280401E-01   8.0573773737205023E+00   3.1998213475014476E+00
   5.2000000000000000E+03   1.2208930153209704E-01   8.1907258658294637E+00   3.1491172188741108E+00
   5.3000000000000000E+03   1.2013894486955687E-01   8.3236955434040887E+00   3.1001463981689463E+00
   5.4000000000000000E+03   1.1825511775633049E-01   8.4562936384752589E+00   3.0528192699494072E+00
   5.5000000000000000E+03   1.1643440016234720E-01   8.5885270899809409E+00   3.0070523733395689E+00
   5.6000000000000000E+03   1.1467360514410492E-01   8.7204025611939837E+00   2.9627678782447640E+00
   5.7000000000000000E+03   1.1296975918919706E-01   8.8519264551608163E+00   2.9198931145947014E+00
   5.8000000000000000E+03   1.1132008451705579E-01   8.9831049297019376E+00   2.8783601481627583E+00
   5.9000000000000000E+03   1.0972198312676866E-01   9.1139439108080804E+00   2.8381053978779716E+00
   6.0000000000000000E+03   1.0817302238517192E-01   9.2444491052426905E+00   2.7990692898282323E+00
   6.1000000000000000E+03   1.0667092198332982E-01   9.3746260124786094E+00   2.7611959438901637E+00
   6.2000000000000000E+03   1.0521354211950998E-01   9.5044799353311369E+00   2.7244328895562604E+00
   6.3000000000000000E+03   1.0379887276419589E-01   9.6340159904408669E+00   2.6887308076470897E+00
   6.4000000000000000E+03   1.0242502390446571E-01   9.7632391175492845E+00   2.6540432953624964E+00
   6.5000000000000000E+03   1.0109021665700547E-01   9.8921540883917061E+00   2.6203266521220545E+00
   6.6000000000000000E+03   9.9792775161440112E-02   1.0020765515161258E+01   2.5875396840848905E+00
   6.7000000000000000E+03   9.8531119180344892E-02   1.0149077858028445E+01   2.5556435255491499E+00
   6.8000000000000000E+03   9.7303757326480833E-02   1.0277095432653494E+01   2.5246014754220885E+00
   6.9000000000000000E+03   9.6109280864024316E-02   1.0404822416836133E+01   2.4943788474143842E+00
   7.0000000000000000E+03   9.4946358021177818E-02   1.0532262857064509E+01   2.4649428325305598E+00
   7.1000000000000000E+03   9.3813728770405211E-02   1.0659420674423330E+01   2.4362623727643151E+00
   7.2000000000000000E+03   9.2710200028222486E-02   1.0786299670323050E+01   2.4083080448881886E+00
   7.3000000000000000E+03   9.1634641237510125E-02   1.0912903531843106E+01   2.3810519534338637E+00
   7.4000000000000000E+03   9.0585980297352778E-02   1.1039235836687451E+01   2.3544676320263047E+00
   7.5000000000000000E+03   8.9563199807552452E-02   1.1165300057933781E+01   2.3285299522986818E+00
   7.6000000000000000E+03   8.8565333598930360E-02   1.1291099568692616E+01   2.3032150397027094E+00
   7.7000000000000000E+03   8.7591463529637301E-02   1.1416637645992088E+01   2.2785001956914881E+00
   7.8000000000000000E+03   8.6640716514273838E-02   1.1541917475200620E+01   2.2543638255719061E+00
   7.9000000000000000E+03   8.5712261779500865E-02   1.1666942153183996E+01   2.2307853717478237E+00
   8.0000000000000000E+03   8.4805308308879140E-02   1.1791714692643831E+01   2.2077452516275211E+00
   8.1000000000000000E+03   8.3919102479908969E-02   1.1916238025060023E+01   2.1852248000900749E+00
   8.2000000000000000E+03   8.3052925867490246E-02   1.2040515003595248E+01   2.1632062159862535E+00
   8.3000000000000000E+03   8.2206093192821683E-02   1.2164548407067727E+01   2.1416725122350551E+00
   8.4000000000000000E+03   8.1377950427710816E-02   1.2288340941792510E+01   2.1206074695536392E+00
   8.5000000000000000E+03   8.0567873015181174E-02   1.2411895245286829E+01   2.0999955931298531E+00
   8.6000000000000000E+03   7.9775264223183456E-02   1.2535213887883190E+01   2.0798220723975636E+00
   8.7000000000000000E+03   7.8999553595358540E-02   1.2658299376248035E+01   2.0600727432874533E+00
   8.8000000000000000E+03   7.8240195515661637E-02   1.2781154154961516E+01   2.0407340531288161E+00
   8.9000000000000000E+03   7.7496667859807383E-02   1.2903780609109736E+01   2.0217930277250522E+00
   9.0000000000000000E+03   7.6768470737235681E-02   1.3026181066219435E+01   2.0032372405937675E+00
   9.1000000000000000E+03   7.6055125308932547E-02   1.3148357798873443E+01   1.9850547840916135E+00
   9.2000000000000000E+03   7.5356172689267045E-02   1.3270313025629948E+01   1.9672342424927252E+00
   9.3000000000000000E+03   7.4671172904380176E-02   1.3392048913983787E+01   1.9497646665574977E+00
   9.4000000000000000E+03   7.3999703926054095E-02   1.3513567581287530E+01   1.9326355498310526E+00
   9.5000000000000000E+03   7.3341360756560239E-02   1.3634871097078086E+01   1.9158368062607449E+00
   9.6000000000000000E+03   7.2695754575149665E-02   1.3755961484191547E+01   1.8993587492546247E+00
   9.7000000000000000E+03   7.2062511930963136E-02   1.3876840720706680E+01   1.8831920719160811E+00
   9.8000000000000000E+03   7.1441273987181822E-02   1.3997510741191748E+01   1.8673278284948234E+00
   9.9000000000000000E+03   7.0831695809049314E-02   1.4117973437990768E+01   1.8517574169128539E+00
   1.0000000000000000E+04   7.0233445690630752E-02   1.4238230662993111E+01   1.8364725622603657E+00
   1.1000000000000000E+04   6.4809306520413293E-02   1.5429882738909194E+01   1.6977144746337665E+00
   1.2000000000000000E+04   6.0230925696151245E-02   1.6602766576172680E+01   1.5803375171989651E+00
   1.3000000000000000E+04   5.6311934155938215E-02   1.7758225054582820E+01   1.4796707946364542E+00
   1.3040999000000000E+04   5.6163232893070875E-02   1.7805242833935488E+01   1.4758474673923097E+00
   1.3041001000000000E+04   5.6163225660004194E-02   1.7805245127010846E+01   1.4758472814175334E+00
   1.4000000000000000E+04   5.2917375256064374E-02   1.8897384746712270E+01   1.3923231830488332E+00
   1.5000000000000000E+04   4.9947043651372230E-02   2.0021204998236698E+01   1.3157709254096719E+00
   1.5205999000000000E+04   4.9380562650334706E-02   2.0250883066704425E+01   1.3011582278045886E+00
   1.5206001000000000E+04   4.9380557220743117E-02   2.0250885293370761E+01   1.3011580877177624E+00
   1.5866999000000000E+04   4.7655846957248532E-02   2.0983784023334803E+01   1.2566415823007360E+00
   1.5867001000000000E+04   4.7655841943228618E-02   2.0983786231104229E+01   1.2566414528124625E+00
   1.6000000000000000E+04   4.7324927078377925E-02   2.1130513277787717E+01   1.2480955670474911E+00
   1.7000000000000000E+04   4.4992287996799933E-02   2.2226031271650932E+01   1.1878118085913880E+00
   1.8000000000000000E+04   4.2902997807173618E-02   2.3308394543767630E+01   1.1337511465442784E+00
   1.9000000000000000E+04   4.1020310276958218E-02   2.4378167625945935E+01   1.0849812399540866E+00
   2.0000000000000000E+04   3.9314580504053051E-02   2.5435855786300642E+01   1.0407487981323791E+00
   2.1000000000000000E+04   3.7761620524376399E-02   2.6481914338248977E+01   1.0004383362576341E+00
   2.2000000000000000E+04   3.6341493030949266E-02   2.7516756098831074E+01   9.6354187027054461E-01
   2.3000000000000000E+04   3.5037612534447288E-02   2.8540757422237274E+01   9.2963630106181838E-01
   2.4000000000000000E+04   3.3836066038709159E-02   2.9554263159788714E+01   8.9836629783611788E-01
   2.5000000000000000E+04   3.2725093046890481E-02   3.0557590732198687E+01   8.6943117819724436E-01
   2.6000000000000000E+04   3.1694682785556684E-02   3.1551033552407148E+01   8.4257473329640420E-01
   2.7000000000000000E+04   3.0736258929578254E-02   3.2534863865220622E+01   8.1757725354270172E-01
   2.8000000000000000E+04   2.9842430299630521E-02   3.3509335196885125E+01   7.9424921635755164E-01
   2.9000000000000000E+04   2.9006792026832852E-02   3.4474684379953011E+01   7.7242624575400565E-01
   3.0000000000000000E+04   2.8223765524180437E-02   3.5431133352608811E+01   7.5196505214957932E-01
   3.1000000000000000E+04   2.7488468774884142E-02   3.6378890661006452E+01   7.3274013773522262E-01
   3.2000000000000000E+04   2.6796610369560873E-02   3.7318152789053201E+01   7.1464110282054305E-01
   3.3000000000000000E+04   2.6144402396613163E-02   3.8249105289533929E+01   6.9757042927680735E-01
   3.4000000000000000E+04   2.5528488335345337E-02   3.9171923807782044E+01   6.8144164444320610E-01
   3.5000000000000000E+04   2.4945883050416492E-02   4.0086774959177255E+01   6.6617779176565595E-01
   3.6000000000000000E+04   2.4393922569419135E-02   4.0993817093345477E+01   6.5171014972820684E-01
   3.7000000000000000E+04   2.3870221808822051E-02   4.1893200993650431E+01   6.3797715287825596E-01
   3.8000000000000000E+04   2.3372638834313422E-02   4.2785070487286951E+01   6.2492347889544142E-01
   3.9000000000000000E+04   2.2899244488058069E-02   4.3669563007700937E+01   6.1249927231831425E-01
   4.0000000000000000E+04   2.2448296497687394E-02   4.4546810048727721E+01   6.0065948209646913E-01
   4.1000000000000000E+04   2.2018217264073686E-02   4.5416937620633952E+01   5.8936329318338321E-01
   4.2000000000000000E+04   2.1607574755917899E-02   4.6280066657000432E+01   5.7857363729237388E-01
   4.3000000000000000E+04   2.1215066026205761E-02   4.7136313352254348E+01   5.6825677038577860E-01
   4.4000000000000000E+04   2.0839502915146503E-02   4.7985789491801327E+01   5.5838190612356753E-01
   4.5000000000000000E+04   2.0479799621617174E-02   4.8828602743967465E+01   5.4892089699692836E-01
   4.6000000000000000E+04   2.0134961867000100E-02   4.9664856909360999E+01   5.3984795609453229E-01
   4.7000000000000000E+04   1.9804077390360261E-02   5.0494652201609526E+01   5.3113941315697955E-01
   4.8000000000000000E+04   1.9486307638495896E-02   5.1318085424478490E+01   5.2277350084301344E-01
   4.9000000000000000E+04   1.9180880421127804E-02   5.2135250209812938E+01   5.1473016604959199E-01
   5.0000000000000000E+04   1.8887083448438476E-02   5.2946237185322381E+01   5.0699090360514454E-01
   5.1000000000000000E+04   1.8604258610444849E-02   5.3751134132191524E+01   4.9953860900616026E-01
   5.2000000000000000E+04   1.8331796884385496E-02   5.4550026181654445E+01   4.9235744745157711E-01
   5.3000000000000000E+04   1.8069133838575443E-02   5.5342995903053172E+01   4.8543273781986629E-01
   5.4000000000000000E+04   1.7815745579985706E-02   5.6130123519691757E+01   4.7875084853692801E-01
   5.5000000000000000E+04   1.7571145194992345E-02   5.6911486923743212E+01   4.7229910543299775E-01
   5.6000000000000000E+04   1.7334879493190222E-02   5.7687161909192213E+01   4.6606570817141146E-01
   5.7000000000000000E+04   1.7106526155170373E-02   5.8457222169432370E+01   4.6003965628819288E-01
   5.8000000000000000E+04   1.6885691100241799E-02   5.9221739522741856E+01   4.5421068165771644E-01
   5.9000000000000000E+04   1.6672006207188155E-02   5.9980783810460018E+01   4.4856918902751680E-01
   6.0000000000000000E+04   1.6465127139763207E-02   6.0734423215293901E+01   4.4310620057195504E-01
   6.1000000000000000E+04   1.6264731489734816E-02   6.1482724177225528E+01   4.3781330739466978E-01
   6.2000000000000000E+04   1.6070517033048518E-02   6.2225751538891458E+01   4.3268262466432572E-01
   6.3000000000000000E+04   1.5882200179947643E-02   6.2963568565428872E+01   4.2770675139130171E-01
   6.4000000000000000E+04   1.5699514540826069E-02   6.3696237065135563E+01   4.2287873348446769E-01
   6.5000000000000000E+04   1.5522209638667808E-02   6.4423817438264223E+01   4.1819203039100789E-01
   6.6000000000000000E+04   1.5350049743356221E-02   6.5146368690617322E+01   4.1364048480495813E-01
   6.7000000000000000E+04   1.5182812773056735E-02   6.5863948594201858E+01   4.0921829449401936E-01
   6.8000000000000000E+04   1.5020289355581995E-02   6.6576613560934476E+01   4.0491998753176078E-01
   6.9000000000000000E+04   1.4862281890712915E-02   6.7284418863356123E+01   4.0074039844307457E-01
   7.0000000000000000E+04   1.4708603741782195E-02   6.7987418626238224E+01   3.9667464710638428E-01
   7.1000000000000000E+04   1.4559078496754594E-02   6.8685665801095382E+01   3.9271811943510293E-01
   7.2000000000000000E+04   1.4413539240663983E-02   6.9379212371293576E+01   3.8886644889378369E-01
   7.3000000000000000E+04   1.4271827973541722E-02   7.0068109134574883E+01   3.8511550080573331E-01
   7.4000000000000000E+04   1.4133794970160060E-02   7.0752405996496179E+01   3.8146135633110095E-01
   7.5000000000000000E+04   1.3999298257348813E-02   7.1432151927690995E+01   3.7790029871102848E-01
   7.6000000000000000E+04   1.3868203162643238E-02   7.2107394755630551E+01   3.7442880103728349E-01
   7.7000000000000000E+04   1.3740381748944316E-02   7.2778181732602221E+01   3.7104351271812408E-01
   7.8000000000000000E+04   1.3615712513070284E-02   7.3444558927052753E+01   3.6774125029171051E-01
   7.9000000000000000E+04   1.3494079897702748E-02   7.4106571739673896E+01   3.6451898577426917E-01
   8.0000000000000000E+04   1.3375373960076211E-02   7.4764264758867526E+01   3.6137383768136616E-01
   8.1000000000000000E+04   1.3259490053435737E-02   7.5417681673277073E+01   3.5830306252888439E-01
   8.2000000000000000E+04   1.3146328475753926E-02   7.6066865501217535E+01   3.5530404610481731E-01
   8.3000000000000000E+04   1.3035794201559561E-02   7.6711858482727763E+01   3.5237429623385075E-01
   8.4000000000000000E+04   1.2927796603551962E-02   7.7352702139918122E+01   3.4951143561044895E-01
   8.5000000000000000E+04   1.2822249201016694E-02   7.7989437291603153E+01   3.4671319523969113E-01
   8.6000000000000000E+04   1.2719069429109414E-02   7.8622104044133664E+01   3.4397740838033369E-01
   8.7000000000000000E+04   1.2618178398194067E-02   7.9250741940938298E+01   3.4130200451155573E-01
   8.8000000000000000E+04   1.2519500716805554E-02   7.9875389811484254E+01   3.3868500441720917E-01
   8.8010998999999996E+04   1.2518427392758874E-02   7.9882238289646310E+01   3.3865653758327091E-01
   8.8011001000000004E+04   1.2518427205737152E-02   7.9882239483064097E+01   3.3865653252987937E-01
   8.9000000000000000E+04   1.2422964294884790E-02   8.0496085818402818E+01   3.3612451512079339E-01
   9.0000000000000000E+04   1.2328500144733303E-02   8.1112867604353085E+01   3.3361872492254102E-01
   9.1000000000000000E+04   1.2236042221441789E-02   8.1725772263816921E+01   3.3116589915680239E-01
   9.2000000000000000E+04   1.2145527303028855E-02   8.2334836112930219E+01   3.2876437666390956E-01
   9.3000000000000000E+04   1.2056894785869052E-02   8.2940095087503153E+01   3.2641256509532679E-01
   9.4000000000000000E+04   1.1970086587177532E-02   8.3541584492062867E+01   3.2410893793043777E-01
   9.5000000000000000E+04   1.1885046992067706E-02   8.4139339176985857E+01   3.2185203075227048E-01
   9.6000000000000000E+04   1.1801722544974946E-02   8.4733393467701035E+01   3.1964043827747352E-01
   9.7000000000000000E+04   1.1720061952921919E-02   8.5323781053110480E+01   3.1747281164493868E-01
   9.8000000000000000E+04   1.1640015938498737E-02   8.5910535284797419E+01   3.1534785502241558E-01
   9.9000000000000000E+04   1.1561537167509274E-02   8.6493688988886603E+01   3.1326432340654359E-01
   1.0000000000000000E+05   1.1484580156297898E-02   8.7073274459373380E+01   3.1122102018194736E-01
   1.1000000000000000E+05   1.0789852052074543E-02   9.2679676716024304E+01   2.9276749435898880E-01
   1.2000000000000000E+05   1.0208068710072828E-02   9.7961723064544870E+01   2.7730379043775250E-01
   1.3000000000000000E+05   9.7138845393007663E-03   1.0294542785166593E+02   2.6416163637326506E-01
   1.4000000000000000E+05   9.2890333301400962E-03   1.0765382838656672E+02   2.5285881440791530E-01
   1.5000000000000000E+05   8.9200116145869129E-03   1.1210747734506289E+02   2.4303844077723763E-01
   1.6000000000000000E+05   8.5966175540577571E-03   1.1632482121156853E+02   2.3443061692055894E-01
   1.7000000000000000E+05   8.3109974448945540E-03   1.2032250119560561E+02   2.2682737539000170E-01
   1.8000000000000000E+05   8.0570052799940010E-03   1.2411559447317934E+02   2.2006583210524308E-01
   1.9000000000000000E+05   7.8297615353985443E-03   1.2771781049511861E+02   2.1401656702657576E-01
   2.0000000000000000E+05   7.6253420268330872E-03   1.3114165849624379E+02   2.0857542573653379E-01
   2.1000000000000000E+05   7.4405547149815716E-03   1.3439858159855987E+02   2.0365762882465657E-01
   2.2000000000000000E+05   7.2727760870652421E-03   1.3749907711011718E+02   1.9919345442948677E-01
   2.3000000000000000E+05   7.1198297503656006E-03   1.4045279663444910E+02   1.9512503030982292E-01
   2.4000000000000000E+05   6.9798949534892593E-03   1.4326863178651402E+02   1.9140391466129714E-01
   2.5000000000000000E+05   6.8514366039528641E-03   1.4595479135325584E+02   1.8798924569761813E-01
   2.6000000000000000E+05   6.7331513516361435E-03   1.4851886550225876E+02   1.8484631338217938E-01
   2.7000000000000000E+05   6.6239253855511614E-03   1.5096788411616330E+02   1.8194544184865907E-01
   2.8000000000000000E+05   6.5228009703798412E-03   1.5330837236043510E+02   1.7926110473281331E-01
   2.9000000000000000E+05   6.4289503824813271E-03   1.5554638634713473E+02   1.7677122919017027E-01
   3.0000000000000000E+05   6.3416541354833029E-03   1.5768756520553913E+02   1.7445662405872669E-01
   3.1000000000000000E+05   6.2602841479415918E-03   1.5973715830914870E+02   1.7230052875827542E-01
   3.2000000000000000E+05   6.1842894989467588E-03   1.6170006274290836E+02   1.7028823752536648E-01
   3.3000000000000000E+05   6.1131849513311456E-03   1.6358085154650036E+02   1.6840679409778803E-01
   3.4000000000000000E+05   6.0465415695383374E-03   1.6538379642304380E+02   1.6664474089005374E-01
   3.5000000000000000E+05   5.9839785848095160E-03   1.6711289751913984E+02   1.6499190538951114E-01
   3.6000000000000000E+05   5.9251571177548982E-03   1.6877189585462170E+02   1.6343922942613823E-01
   3.7000000000000000E+05   5.8697741793191319E-03   1.7036430524419183E+02   1.6197861477512449E-01
   3.8000000000000000E+05   5.8175583230225059E-03   1.7189342065426021E+02   1.6060280355357012E-01
   3.9000000000000000E+05   5.7682657464814963E-03   1.7336233175629542E+02   1.5930527356517266E-01
   4.0000000000000000E+05   5.7216765341023944E-03   1.7477394851662621E+02   1.5808014254608346E-01
   4.1000000000000000E+05   5.6775920111017935E-03   1.7613100730813875E+02   1.5692209477423730E-01
   4.2000000000000000E+05   5.6358322660920949E-03   1.7743608269119116E+02   1.5582631492857238E-01
   4.3000000000000000E+05   5.5962338575033018E-03   1.7869160322155284E+02   1.5478842867273307E-01
   4.4000000000000000E+05   5.5586482232480531E-03   1.7989985331643740E+02   1.5380445716052271E-01
   4.5000000000000000E+05   5.5229397185984786E-03   1.8106299379522540E+02   1.5287076877251637E-01
   4.6000000000000000E+05   5.4889844509750721E-03   1.8218306299307488E+02   1.5198404524936487E-01
   4.7000000000000000E+05   5.4566690046700238E-03   1.8326198623082365E+02   1.5114124821918756E-01
   4.8000000000000000E+05   5.4258891473377814E-03   1.8430159054956943E+02   1.5033958720661694E-01
   4.9000000000000000E+05   5.3965495535813288E-03   1.8530358890828069E+02   1.4957650445819876E-01
   5.0000000000000000E+05   5.3685620059911923E-03   1.8626961910545563E+02   1.4884963815410338E-01
   5.1000000000000000E+05   5.3418454055094693E-03   1.8720122431259819E+02   1.4815681397530994E-01
   5.2000000000000000E+05   5.3163249168971128E-03   1.8809986515716065E+02   1.4749602462968961E-01
   5.3000000000000000E+05   5.2919309744284141E-03   1.8896693944652424E+02   1.4686540812320101E-01
   5.4000000000000000E+05   5.2685996491240372E-03   1.8980375557027969E+02   1.4626324726265977E-01
   5.5000000000000000E+05   5.2462712856011550E-03   1.9061156878116208E+02   1.4568794376345687E-01
   5.6000000000000000E+05   5.2248906258898064E-03   1.9139156617842096E+02   1.4513801530390086E-01
   5.7000000000000000E+05   5.2044063068897245E-03   1.9214487513708815E+02   1.4461208365167377E-01
   5.8000000000000000E+05   5.1847704118566052E-03   1.9287257111967509E+02   1.4410886404295634E-01
   5.9000000000000000E+05   5.1659381922031138E-03   1.9357568031094289E+02   1.4362715751290064E-01
   6.0000000000000000E+05   5.1478680878481800E-03   1.9425517183716383E+02   1.4316584806271793E-01
   6.1000000000000000E+05   5.1305213990411758E-03   1.9491196356512350E+02   1.4272389488598572E-01
   6.2000000000000000E+05   5.1138614905595200E-03   1.9554694663632506E+02   1.4230031782776900E-01
   6.3000000000000000E+05   5.0978543176603049E-03   1.9616096060959171E+02   1.4189420297722699E-01
   6.4000000000000000E+05   5.0824680170560394E-03   1.9675480428881056E+02   1.4150469440369923E-01
   6.5000000000000000E+05   5.0676726237055452E-03   1.9732924248543659E+02   1.4113098797843174E-01
   6.6000000000000000E+05   5.0534401078654234E-03   1.9788500084201075E+02   1.4077233018824953E-01
   6.7000000000000000E+05   5.0397437225756254E-03   1.9842278795258608E+02   1.4042800672545869E-01
   6.8000000000000000E+05   5.0265589269669307E-03   1.9894325611803956E+02   1.4009735493258074E-01
   6.9000000000000000E+05   5.0138619931080122E-03   1.9944705326444702E+02   1.3977974150885483E-01
   7.0000000000000000E+05   5.0016311033060125E-03   1.9993477714480250E+02   1.3947457781065514E-01
   7.1000000000000000E+05   4.9898454715847215E-03   2.0040700773092496E+02   1.3918130551704977E-01
   7.2000000000000000E+05   4.9784853255634004E-03   2.0086430603003399E+02   1.3889939533615583E-01
   7.3000000000000000E+05   4.9675320431952575E-03   2.0130720673857431E+02   1.3862834812514710E-01
   7.4000000000000000E+05   4.9569681531067980E-03   2.0173621639534772E+02   1.3836769403268945E-01
   7.5000000000000000E+05   4.9467770701340699E-03   2.0215182245374515E+02   1.3811698772437317E-01
   7.6000000000000000E+05   4.9369430062908021E-03   2.0255449550982661E+02   1.3787580631049443E-01
   7.7000000000000000E+05   4.9274514313709383E-03   2.0294466905009668E+02   1.3764375560238037E-01
   7.8000000000000000E+05   4.9182879491882752E-03   2.0332278433698505E+02   1.3742045257542496E-01
   7.9000000000000000E+05   4.9094392579971920E-03   2.0368924992218982E+02   1.3720553924618475E-01
   8.0000000000000000E+05   4.9008924167693608E-03   2.0404447087601940E+02   1.3699867109539340E-01
   8.1000000000000000E+05   4.8926358021852672E-03   2.0438880808445950E+02   1.3679953097559971E-01
   8.2000000000000000E+05   4.8846579565988563E-03   2.0472262518382990E+02   1.3660781131372968E-01
   8.3000000000000000E+05   4.8769474770100490E-03   2.0504629273003337E+02   1.3642321201382282E-01
   8.4000000000000000E+05   4.8694944282296282E-03   2.0536012818964534E+02   1.3624546132918111E-01
   8.5000000000000000E+05   4.8622887007088323E-03   2.0566446411423874E+02   1.3607429077926178E-01
   8.6000000000000000E+05   4.8553211314639605E-03   2.0595960038970347E+02   1.3590945167685284E-01
   8.7000000000000000E+05   4.8485828654950668E-03   2.0624583053256629E+02   1.3575070519804663E-01
   8.8000000000000000E+05   4.8420649552421667E-03   2.0652345832687968E+02   1.3559781605632640E-01
   8.9000000000000000E+05   4.8357597594775991E-03   2.0679273779887464E+02   1.3545057327822863E-01
   9.0000000000000000E+05   4.8296591821215488E-03   2.0705394776132528E+02   1.3530876343805182E-01
   9.1000000000000000E+05   4.8237556219787618E-03   2.0730735102824059E+02   1.3517218470911097E-01
   9.2000000000000000E+05   4.8180424249479586E-03   2.0755317446396324E+02   1.3504065344289304E-01
   9.3000000000000000E+05   4.8125125606373895E-03   2.0779166545542606E+02   1.3491398403996413E-01
   9.4000000000000000E+05   4.8071598895015610E-03   2.0802303709180077E+02   1.3479200782185621E-01
   9.5000000000000000E+05   4.8019776023659868E-03   2.0824753524616384E+02   1.3467454935971040E-01
   9.6000000000000000E+05   4.7969604745462984E-03   2.0846534077281120E+02   1.3456146022438165E-01
   9.7000000000000000E+05   4.7921023357101952E-03   2.0867667882384632E+02   1.3445258074394356E-01
   9.8000000000000000E+05   4.7873979389518040E-03   2.0888173758518792E+02   1.3434776797959644E-01
   9.9000000000000000E+05   4.7828425075285026E-03   2.0908068756726479E+02   1.3424688875954960E-01
   1.0000000000000000E+06   4.7784300965197403E-03   2.0927375305298014E+02   1.3414979488606044E-01
   1.1000000000000000E+06   4.7412406453192415E-03   2.1091525927654476E+02   1.3336170387938001E-01
   1.2000000000000000E+06   4.7141784883739718E-03   2.1212603690466611E+02   1.3283958852177549E-01
   1.3000000000000000E+06   4.6945844637083451E-03   2.1301139807591841E+02   1.3251224601375400E-01
   1.4000000000000000E+06   4.6806002038062957E-03   2.1364781362586649E+02   1.3232997679775496E-01
   1.5000000000000000E+06   4.6708932926556677E-03   2.1409181014097700E+02   1.3225722514377242E-01
   1.6000000000000000E+06   4.6644883891390097E-03   2.1438578394330278E+02   1.3226803289086278E-01
   1.7000000000000000E+06   4.6606601914715388E-03   2.1456187727006633E+02   1.3234313992710178E-01
   1.8000000000000000E+06   4.6588601868110613E-03   2.1464477573955469E+02   1.3246802967028704E-01
   1.9000000000000000E+06   4.6586671231011153E-03   2.1465367101273688E+02   1.3263160624806694E-01
   2.0000000000000000E+06   4.6597551627769523E-03   2.1460354998653114E+02   1.3282531544611545E-01
   2.1000000000000000E+06   4.6618675124002751E-03   2.1450631047323051E+02   1.3304246578187198E-01
   2.2000000000000000E+06   4.6648034103302944E-03   2.1437130614882537E+02   1.3327783029840676E-01
   2.3000000000000000E+06   4.6684023215464426E-03   2.1420604547826179E+02   1.3352726130139886E-01
   2.4000000000000000E+06   4.6725329037614347E-03   2.1401668444003687E+02   1.3378741548838774E-01
   2.5000000000000000E+06   4.6770893303825813E-03   2.1380818910255906E+02   1.3405561729963905E-01
   2.6000000000000000E+06   4.6819899855393993E-03   2.1358439532945582E+02   1.3432977784567188E-01
   2.7000000000000000E+06   4.6871620582828229E-03   2.1334871454526959E+02   1.3460811616753149E-01
   2.8000000000000000E+06   4.6925500025753976E-03   2.1310374944351648E+02   1.3488925045358618E-01
   2.9000000000000000E+06   4.6981081374722180E-03   2.1285163532613848E+02   1.3517205863162823E-01
   3.0000000000000000E+06   4.7037927135490870E-03   2.1259440219794126E+02   1.3545553702473426E-01
   3.1000000000000000E+06   4.7095790229592068E-03   2.1233320327039812E+02   1.3573904056436417E-01
   3.2000000000000000E+06   4.7154315971685776E-03   2.1206966518196532E+02   1.3602182054866543E-01
   3.3000000000000000E+06   4.7213307478503374E-03   2.1180469096669594E+02   1.3630341313853422E-01
   3.4000000000000000E+06   4.7272619306882617E-03   2.1153894467074855E+02   1.3658347050190520E-01
   3.5000000000000000E+06   4.7332081243902343E-03   2.1127319435775442E+02   1.3686163903785564E-01
   3.6000000000000000E+06   4.7391530064845372E-03   2.1100816931458215E+02   1.3713760143750350E-01
   3.7000000000000000E+06   4.7450858789671695E-03   2.1074434172678522E+02   1.3741114615001460E-01
   3.8000000000000000E+06   4.7509987351702573E-03   2.1048205982403067E+02   1.3768211942942413E-01
   3.9000000000000000E+06   4.7568913072031562E-03   2.1022132637038462E+02   1.3795049817688160E-01
   4.0000000000000000E+06   4.7627420602327983E-03   2.0996308163518751E+02   1.3821595083768609E-01
   4.1000000000000000E+06   4.7685601925030663E-03   2.0970690515182318E+02   1.3847861788634933E-01
   4.2000000000000000E+06   4.7743312789266402E-03   2.0945341694529816E+02   1.3873829201279600E-01
   4.3000000000000000E+06   4.7800557387838267E-03   2.0920258144404542E+02   1.3899499561271422E-01
   4.4000000000000000E+06   4.7857319046954259E-03   2.0895445459844294E+02   1.3924872477248140E-01
   4.5000000000000000E+06   4.7913575255092008E-03   2.0870911733803987E+02   1.3949947088745632E-01
   4.6000000000000000E+06   4.7969325071140064E-03   2.0846655618292894E+02   1.3974726107852015E-01
   4.7000000000000000E+06   4.8024493140893824E-03   2.0822708051622934E+02   1.3999201304272368E-01
   4.8000000000000000E+06   4.8079053684629853E-03   2.0799078254730398E+02   1.4023372107587556E-01
   4.9000000000000000E+06   4.8133143267036710E-03   2.0775705306676610E+02   1.4047262530846452E-01
   5.0000000000000000E+06   4.8186597269006216E-03   2.0752658553942001E+02   1.4070851369226658E-01
   5.1000000000000000E+06   4.8239475389785305E-03   2.0729910346656669E+02   1.4094151254575879E-01
   5.2000000000000000E+06   4.8291864939737214E-03   2.0707421451788767E+02   1.4117179022964438E-01
   5.3000000000000000E+06   4.8343568972935265E-03   2.0685274613461857E+02   1.4139908755331962E-01
   5.4000000000000000E+06   4.8394746273663306E-03   2.0663399996875401E+02   1.4162368076209250E-01
   5.5000000000000000E+06   4.8445318180433917E-03   2.0641829542237994E+02   1.4184548864684213E-01
   5.6000000000000000E+06   4.8495390759934675E-03   2.0620516389903344E+02   1.4206470778449648E-01
   5.7000000000000000E+06   4.8544849241746362E-03   2.0599507787533631E+02   1.4228120205378844E-01
   5.8000000000000000E+06   4.8593769666324289E-03   2.0578769806636444E+02   1.4249512207780604E-01
   5.9000000000000000E+06   4.8642068123178114E-03   2.0558336406825117E+02   1.4270637725589971E-01
   6.0000000000000000E+06   4.8689967356971824E-03   2.0538111941387697E+02   1.4291533794937589E-01
   6.1000000000000000E+06   4.8737179997695498E-03   2.0518216278563602E+02   1.4312160619722705E-01
   6.2000000000000000E+06   4.8783948637834678E-03   2.0498545688129155E+02   1.4332558099853396E-01
   6.3000000000000000E+06   4.8830182089551269E-03   2.0479137230454464E+02   1.4352715835256091E-01
   6.4000000000000000E+06   4.8875882660716118E-03   2.0459988557991772E+02   1.4372637429067500E-01
   6.5000000000000000E+06   4.8921120817835935E-03   2.0441068873373291E+02   1.4392336673119793E-01
   6.6000000000000000E+06   4.8965808568230476E-03   2.0422413705403622E+02   1.4411803441167653E-01
   6.7000000000000000E+06   4.9010131936073030E-03   2.0403944255942068E+02   1.4431068776227901E-01
   6.8000000000000000E+06   4.9053792770026305E-03   2.0385783515011656E+02   1.4450090782580174E-01
   6.9000000000000000E+06   4.9096937190750960E-03   2.0367869305468273E+02   1.4468894357510639E-01
   7.0000000000000000E+06   4.9139873126575724E-03   2.0350072891400737E+02   1.4487528680966499E-01
   7.1000000000000000E+06   4.9181993567852652E-03   2.0332644682659648E+02   1.4505905166014785E-01
   7.2000000000000000E+06   4.9224053133163784E-03   2.0315271424210877E+02   1.4524140083172066E-01
   7.3000000000000000E+06   4.9265305399928275E-03   2.0298260446822604E+02   1.4542123729497217E-01
   7.4000000000000000E+06   4.9306283109887420E-03   2.0281390868002165E+02   1.4559938850911416E-01
   7.5000000000000000E+06   4.9346910519362640E-03   2.0264693158604572E+02   1.4577576552020868E-01
   7.6000000000000000E+06   4.9386907081801533E-03   2.0248281560609976E+02   1.4594997051696570E-01
   7.7000000000000000E+06   4.9426765225174486E-03   2.0231953182537447E+02   1.4612276840017177E-01
   7.8000000000000000E+06   4.9465902599263433E-03   2.0215945680831277E+02   1.4629330592754272E-01
   7.9000000000000000E+06   4.9504846289270283E-03   2.0200042520215661E+02   1.4646239897110741E-01
   8.0000000000000000E+06   4.9543277589630978E-03   2.0184373110778856E+02   1.4662958991477371E-01
   8.1000000000000000E+06   4.9581416724070000E-03   2.0168846839637320E+02   1.4679523167346695E-01
   8.2000000000000000E+06   4.9619146709178686E-03   2.0153510616800216E+02   1.4695916912160556E-01
   8.3000000000000000E+06   4.9656526008882273E-03   2.0138339919734335E+02   1.4712151065276588E-01
   8.4000000000000000E+06   4.9693617351834161E-03   2.0123308651892512E+02   1.4728237056392579E-01
   8.5000000000000000E+06   4.9730105353585768E-03   2.0108543766193642E+02   1.4744129359058206E-01
   8.6000000000000000E+06   4.9766348727827269E-03   2.0093899302699734E+02   1.4759883849916877E-01
   8.7000000000000000E+06   4.9802098261574369E-03   2.0079475261217391E+02   1.4775464865240504E-01
   8.8000000000000000E+06   4.9837739258693590E-03   2.0065115610667718E+02   1.4790932190091305E-01
   8.9000000000000000E+06   4.9872836705059089E-03   2.0050995011851018E+02   1.4806222106884181E-01
   9.0000000000000000E+06   4.9907692253222530E-03   2.0036991390549227E+02   1.4821381722952387E-01
   9.1000000000000000E+06   4.9942340271185498E-03   2.0023090519387526E+02   1.4836417877064559E-01
   9.2000000000000000E+06   4.9976841933199751E-03   2.0009267519076619E+02   1.4851341401320331E-01
   9.3000000000000000E+06   5.0010595800703325E-03   1.9995762577696317E+02   1.4866063364719126E-01
   9.4000000000000000E+06   5.0044183663923436E-03   1.9982342138211246E+02   1.4880672873583356E-01
   9.5000000000000000E+06   5.0077409749736228E-03   1.9969083964157460E+02   1.4895141973337894E-01
   9.6000000000000000E+06   5.0110530958382840E-03   1.9955885137806811E+02   1.4909510800296943E-01
   9.7000000000000000E+06   5.0143166419976950E-03   1.9942896936831693E+02   1.4923723470908401E-01
   9.8000000000000000E+06   5.0175624863768491E-03   1.9929995943550151E+02   1.4937827851931146E-01
   9.9000000000000000E+06   5.0207793349682835E-03   1.9917226655138734E+02   1.4951808315460319E-01
   1.0000000000000000E+07   5.0239581496487737E-03   1.9904624405955900E+02   1.4965652596257420E-01
   1.1000000000000000E+07   5.0543503833223409E-03   1.9784936226417236E+02   1.5097925527512249E-01
   1.2000000000000000E+07   5.0823392436461319E-03   1.9675978954970114E+02   1.5219949773979230E-01
   1.3000000000000000E+07   5.1082794632624530E-03   1.9576062883633628E+02   1.5333183579026358E-01
   1.4000000000000000E+07   5.1324652497481121E-03   1.9483814333649460E+02   1.5438817609217584E-01
   1.5000000000000000E+07   5.1550451799549889E-03   1.9398472081067806E+02   1.5537687963518737E-01
   1.6000000000000000E+07   5.1762799135781599E-03   1.9318893427243955E+02   1.5630694201108514E-01
   1.7000000000000000E+07   5.1962871564980792E-03   1.9244509971883994E+02   1.5718437919960360E-01
   1.8000000000000000E+07   5.2152023133081697E-03   1.9174711543753480E+02   1.5801481395117448E-01
   1.9000000000000000E+07   5.2331362589795238E-03   1.9108999852318061E+02   1.5880296864828602E-01
   2.0000000000000000E+07   5.2501841041564619E-03   1.9046951119453524E+02   1.5955289621805058E-01
   2.1000000000000000E+07   5.2664279911893326E-03   1.8988202281944945E+02   1.6026809941576878E-01
   2.2000000000000000E+07   5.2819393101501237E-03   1.8932440175492627E+02   1.6095162503355537E-01
   2.3000000000000000E+07   5.2967804701831173E-03   1.8879392975209123E+02   1.6160613901399332E-01
   2.4000000000000000E+07   5.3110063243145171E-03   1.8828823370476186E+02   1.6223398683413098E-01
   2.5000000000000000E+07   5.3246653298745644E-03   1.8780523057278373E+02   1.6283724253666512E-01
   2.6000000000000000E+07   5.3378004917749664E-03   1.8734308289358196E+02   1.6341774872281170E-01
   2.7000000000000000E+07   5.3504501464830953E-03   1.8690016215875036E+02   1.6397714959115953E-01
   2.8000000000000000E+07   5.3626486042021356E-03   1.8647501893307103E+02   1.6451691821387013E-01
   2.9000000000000000E+07   5.3744266923409743E-03   1.8606635781730677E+02   1.6503837941449703E-01
   3.0000000000000000E+07   5.3858122070940453E-03   1.8567301672398222E+02   1.6554272890722974E-01
   3.1000000000000000E+07   5.3968302930132179E-03   1.8529394954193921E+02   1.6603104943400140E-01
   3.2000000000000000E+07   5.4075037702635267E-03   1.8492821133091260E+02   1.6650432454158240E-01
   3.3000000000000000E+07   5.4178534105301058E-03   1.8457494587365662E+02   1.6696345028866569E-01
   3.4000000000000000E+07   5.4278981726412091E-03   1.8423337509174408E+02   1.6740924527041412E-01
   3.5000000000000000E+07   5.4376554065016184E-03   1.8390278994221194E+02   1.6784245926820346E-01
   3.6000000000000000E+07   5.4471410299747544E-03   1.8358254256630377E+02   1.6826378073928641E-01
   3.7000000000000000E+07   5.4563696807578208E-03   1.8327203956259666E+02   1.6867384329556037E-01
   3.8000000000000000E+07   5.4653548507432271E-03   1.8297073608386313E+02   1.6907323138151339E-01
   3.9000000000000000E+07   5.4741089993156303E-03   1.8267813083828244E+02   1.6946248517827042E-01
   4.0000000000000000E+07   5.4826436583675382E-03   1.8239376153396609E+02   1.6984210499284194E-01
   4.1000000000000000E+07   5.4909695205816178E-03   1.8211720102465213E+02   1.7021255506100777E-01
   4.2000000000000000E+07   5.4990965195431847E-03   1.8184805384777482E+02   1.7057426693933425E-01
   4.3000000000000000E+07   5.5070338983112047E-03   1.8158595324910959E+02   1.7092764247480360E-01
   4.4000000000000000E+07   5.5147902712278764E-03   1.8133055851956246E+02   1.7127305645713176E-01
   4.5000000000000000E+07   5.5223736823703257E-03   1.8108155252014345E+02   1.7161085903310305E-01
   4.6000000000000000E+07   5.5297916526469123E-03   1.8083863964772274E+02   1.7194137778649005E-01
   4.7000000000000000E+07   5.5370512235593241E-03   1.8060154396714805E+02   1.7226491962471588E-01
   4.8000000000000000E+07   5.5441589983152581E-03   1.8037000748064352E+02   1.7258177250009790E-01
   4.9000000000000000E+07   5.5511211770489571E-03   1.8014378863399486E+02   1.7289220693193824E-01
   5.0000000000000000E+07   5.5579435871676696E-03   1.7992266101959495E+02   1.7319647735779617E-01
   5.1000000000000000E+07   5.5646317159640420E-03   1.7970641204002044E+02   1.7349482343265105E-01
   5.2000000000000000E+07   5.5711907342968240E-03   1.7949484189150036E+02   1.7378747111720788E-01
   5.3000000000000000E+07   5.5776255183681003E-03   1.7928776263426516E+02   1.7407463366961826E-01
   5.4000000000000000E+07   5.5839406775420545E-03   1.7908499709208610E+02   1.7435651266761512E-01
   5.5000000000000000E+07   5.5901405677459470E-03   1.7888637823703590E+02   1.7463329875963818E-01
   5.6000000000000000E+07   5.5962293105272171E-03   1.7869174840975035E+02   1.7490517245276149E-01
   5.7000000000000000E+07   5.6022108132609298E-03   1.7850095852032405E+02   1.7517230487461621E-01
   5.8000000000000000E+07   5.6080887810695526E-03   1.7831386752926619E+02   1.7543485837167913E-01
   5.9000000000000000E+07   5.6138667298758372E-03   1.7813034190466388E+02   1.7569298708961043E-01
   6.0000000000000000E+07   5.6195479974933656E-03   1.7795025515327148E+02   1.7594683749250176E-01
   6.1000000000000000E+07   5.6251357622722218E-03   1.7777348712310177E+02   1.7619654896733203E-01
   6.2000000000000000E+07   5.6306330458970408E-03   1.7759992381827925E+02   1.7644225416414019E-01
   6.3000000000000000E+07   5.6360427267642017E-03   1.7742945688669860E+02   1.7668407947206241E-01
   6.4000000000000000E+07   5.6413675484337979E-03   1.7726198327170303E+02   1.7692214540004556E-01
   6.5000000000000000E+07   5.6466101270206499E-03   1.7709740490399952E+02   1.7715656692233475E-01
   6.6000000000000000E+07   5.6517729605735081E-03   1.7693562833750599E+02   1.7738745383634694E-01
   6.7000000000000000E+07   5.6568584346523261E-03   1.7677656451048537E+02   1.7761491104734270E-01
   6.8000000000000000E+07   5.6618688299146626E-03   1.7662012844883805E+02   1.7783903886874514E-01
   6.9000000000000000E+07   5.6668063265481175E-03   1.7646623907281844E+02   1.7805993326165609E-01
   7.0000000000000000E+07   5.6716730146666268E-03   1.7631481882225165E+02   1.7827768615191963E-01
   7.1000000000000000E+07   5.6764708914579199E-03   1.7616579369847955E+02   1.7849238553660521E-01
   7.2000000000000000E+07   5.6812018733992786E-03   1.7601909284058976E+02   1.7870411580700396E-01
   7.3000000000000000E+07   5.6858678000811904E-03   1.7587464836690731E+02   1.7891295793589090E-01
   7.4000000000000000E+07   5.6904704301974874E-03   1.7573239546124751E+02   1.7911898953821950E-01
   7.5000000000000000E+07   5.6950114575322064E-03   1.7559227184300093E+02   1.7932228522478039E-01
   7.6000000000000000E+07   5.6994925083606917E-03   1.7545421781554788E+02   1.7952291666877726E-01
   7.7000000000000000E+07   5.7039151412670575E-03   1.7531817624093580E+02   1.7972095270197563E-01
   7.8000000000000000E+07   5.7082808611521735E-03   1.7518409208024806E+02   1.7991645961814021E-01
   7.9000000000000000E+07   5.7125911125327118E-03   1.7505191257363492E+02   1.8010950115899554E-01
   8.0000000000000000E+07   5.7168472833002493E-03   1.7492158709943976E+02   1.8030013865223579E-01
   8.1000000000000000E+07   5.7210507129597616E-03   1.7479306689848485E+02   1.8048843121196800E-01
   8.2000000000000000E+07   5.7252026934558513E-03   1.7466630502760057E+02   1.8067443582298295E-01
   8.3000000000000000E+07   5.7293044636189542E-03   1.7454125650853322E+02   1.8085820732471367E-01
   8.4000000000000000E+07   5.7333572261105354E-03   1.7441787779171617E+02   1.8103979872982426E-01
   8.5000000000000000E+07   5.7373621336261078E-03   1.7429612715904750E+02   1.8121926107641545E-01
   8.6000000000000000E+07   5.7413203038448792E-03   1.7417596425169216E+02   1.8139664370942263E-01
   8.7000000000000000E+07   5.7452328137309267E-03   1.7405735022783261E+02   1.8157199424803724E-01
   8.8000000000000000E+07   5.7491007050806016E-03   1.7394024757929168E+02   1.8174535871938471E-01
   8.9000000000000000E+07   5.7529249814044859E-03   1.7382462021186760E+02   1.8191678155899582E-01
   9.0000000000000000E+07   5.7567066145386330E-03   1.7371043323182181E+02   1.8208630575508591E-01
   9.1000000000000000E+07   5.7604465433576772E-03   1.7359765297242308E+02   1.8225397287153178E-01
   9.2000000000000000E+07   5.7641456785937264E-03   1.7348624683683730E+02   1.8241982316045197E-01
   9.3000000000000000E+07   5.7678048974083278E-03   1.7337618345054187E+02   1.8258389551843857E-01
   9.4000000000000000E+07   5.7714250548791014E-03   1.7326743230506142E+02   1.8274622769534893E-01
   9.5000000000000000E+07   5.7750069742903195E-03   1.7315996404019728E+02   1.8290685618222249E-01
   9.6000000000000000E+07   5.7785514513280971E-03   1.7305375030798902E+02   1.8306581630670313E-01
   9.7000000000000000E+07   5.7820592639465573E-03   1.7294876346830245E+02   1.8322314241215501E-01
   9.8000000000000000E+07   5.7855311601566978E-03   1.7284497694640638E+02   1.8337886770296494E-01
   9.9000000000000000E+07   5.7889678684036033E-03   1.7274236491413890E+02   1.8353302442834107E-01
   1.0000000000000000E+08   5.7923700928451706E-03   1.7264090242355479E+02   1.8368564383750943E-01
   1.1000000000000000E+08   5.8246370058820489E-03   1.7168451853568615E+02   1.8513354804155749E-01
   1.2000000000000000E+08   5.8540980933716432E-03   1.7082050625906993E+02   1.8645622254265412E-01
   1.3000000000000000E+08   5.8812023057775312E-03   1.7003325986892639E+02   1.8767361004396735E-01
   1.4000000000000000E+08   5.9062988187499324E-03   1.6931076985563863E+02   1.8880123986579270E-01
   1.5000000000000000E+08   5.9296645586593179E-03   1.6864360371610931E+02   1.8985144094078774E-01
   1.6000000000000000E+08   5.9515228566671694E-03   1.6802422238532685E+02   1.9083416493496130E-01
   1.7000000000000000E+08   5.9720564312886765E-03   1.6744650883752882E+02   1.9175756045176956E-01
   1.8000000000000000E+08   5.9914166749400789E-03   1.6690543393228469E+02   1.9262838388191691E-01
   1.9000000000000000E+08   6.0097304374241199E-03   1.6639681436836929E+02   1.9345229964345384E-01
   2.0000000000000000E+08   6.0271050473307388E-03   1.6591713470182111E+02   1.9423410331423910E-01
   2.1000000000000000E+08   6.0436321318016678E-03   1.6546341309193650E+02   1.9497789083894299E-01
   2.2000000000000000E+08   6.0593905247781164E-03   1.6503309960148479E+02   1.9568718814050384E-01
   2.3000000000000000E+08   6.0744485571879283E-03   1.6462399682629538E+02   1.9636505242743593E-01
   2.4000000000000000E+08   6.0888658322851520E-03   1.6423419854280152E+02   1.9701415158451419E-01
   2.5000000000000000E+08   6.1026946593161100E-03   1.6386204059438617E+02   1.9763682771072855E-01
   2.6000000000000000E+08   6.1159811837128500E-03   1.6350606222645811E+02   1.9823514789102201E-01
   2.7000000000000000E+08   6.1287663344339145E-03   1.6316497406363681E+02   1.9881094586740464E-01
   2.8000000000000000E+08   6.1410865820156141E-03   1.6283763250114970E+02   1.9936585589331818E-01
   2.9000000000000000E+08   6.1529745433136817E-03   1.6252301922599059E+02   1.9990134035537663E-01
   3.0000000000000000E+08   6.1644595316900112E-03   1.6222022301537376E+02   2.0041871344471959E-01
   3.1000000000000000E+08   6.1755679598123874E-03   1.6192842609902718E+02   2.0091916009464220E-01
   3.2000000000000000E+08   6.1863237526783360E-03   1.6164689078340840E+02   2.0140375303433530E-01
   3.3000000000000000E+08   6.1967486000579384E-03   1.6137495072668438E+02   2.0187346576328194E-01
   3.4000000000000000E+08   6.2068622585780440E-03   1.6111200125602502E+02   2.0232918490711835E-01
   3.5000000000000000E+08   6.2166827701275670E-03   1.6085749216691653E+02   2.0277172018537049E-01
   3.6000000000000000E+08   6.2262266529925251E-03   1.6061092146707637E+02   2.0320181303029974E-01
   3.7000000000000000E+08   6.2355090668986101E-03   1.6037182999356551E+02   2.0362014402846240E-01
   3.8000000000000000E+08   6.2445439436623895E-03   1.6013979708076261E+02   2.0402733918530813E-01
   3.9000000000000000E+08   6.2533441490996095E-03   1.5991443556548629E+02   2.0442397610333979E-01
   4.0000000000000000E+08   6.2619215771188945E-03   1.5969538865737431E+02   2.0481058866721108E-01
   4.1000000000000000E+08   6.2702872110993596E-03   1.5948232773609612E+02   2.0518767083378894E-01
   4.2000000000000000E+08   6.2784512661160780E-03   1.5927494817023748E+02   2.0555568129443741E-01
   4.3000000000000000E+08   6.2864232299924454E-03   1.5907296779335709E+02   2.0591504631862476E-01
   4.4000000000000000E+08   6.2942119274220967E-03   1.5887612484785961E+02   2.0626616268945550E-01
   4.5000000000000000E+08   6.3018256053444435E-03   1.5868417544781335E+02   2.0660940073813089E-01
   4.6000000000000000E+08   6.3092719446857836E-03   1.5849689294852584E+02   2.0694510607836383E-01
   4.7000000000000000E+08   6.3165581570275636E-03   1.5831406521404983E+02   2.0727360245179421E-01
   4.8000000000000000E+08   6.3236909717724029E-03   1.5813549467609741E+02   2.0759519277931612E-01
   4.9000000000000000E+08   6.3306767227359383E-03   1.5796099592459186E+02   2.0791016158071804E-01
   5.0000000000000000E+08   6.3375213393338367E-03   1.5779039571724965E+02   2.0821877584593643E-01
   5.1000000000000000E+08   6.3442304316834288E-03   1.5762353066590177E+02   2.0852128722050761E-01
   5.2000000000000000E+08   6.3508092324603372E-03   1.5746024851270724E+02   2.0881793194752574E-01
   5.3000000000000000E+08   6.3572627396809361E-03   1.5730040442691993E+02   2.0910893375585474E-01
   5.4000000000000000E+08   6.3635956275897186E-03   1.5714386308024433E+02   2.0939450318936195E-01
   5.5000000000000000E+08   6.3698122957805943E-03   1.5699049729650696E+02   2.0967483895516831E-01
   5.6000000000000000E+08   6.3759169674951965E-03   1.5684018551340293E+02   2.0995012995724482E-01
   5.7000000000000000E+08   6.3819135873100985E-03   1.5669281420362952E+02   2.1022055426185454E-01
   5.8000000000000000E+08   6.3878059231198122E-03   1.5654827526625903E+02   2.1048628109378989E-01
   5.9000000000000000E+08   6.3935975341535400E-03   1.5640646672834279E+02   2.1074747077705144E-01
   6.0000000000000000E+08   6.3992917977482890E-03   1.5626729200751072E+02   2.1100427552437376E-01
   6.1000000000000000E+08   6.4048919563084511E-03   1.5613065869363456E+02   2.1125684049870533E-01
   6.2000000000000000E+08   6.4104010542500381E-03   1.5599648002319748E+02   2.1150530319013019E-01
   6.3000000000000000E+08   6.4158219926861637E-03   1.5586467348064969E+02   2.1174979453876661E-01
   6.4000000000000000E+08   6.4211575724803351E-03   1.5573515969858448E+02   2.1199043985904326E-01
   6.5000000000000000E+08   6.4264104336979955E-03   1.5560786387939478E+02   2.1222735818335536E-01
   6.6000000000000000E+08   6.4315830900633485E-03   1.5548271490808813E+02   2.1246066301614411E-01
   6.7000000000000000E+08   6.4366779692004196E-03   1.5535964433594660E+02   2.1269046315733020E-01
   6.8000000000000000E+08   6.4416973719820993E-03   1.5523858732474136E+02   2.1291686229222284E-01
   6.9000000000000000E+08   6.4466434961141569E-03   1.5511948203786514E+02   2.1313995953345968E-01
   7.0000000000000000E+08   6.4515184488529971E-03   1.5500226929953027E+02   2.1335984978597144E-01
   7.1000000000000000E+08   6.4563242624999621E-03   1.5488689219162433E+02   2.1357662414145026E-01
   7.2000000000000000E+08   6.4610628438337521E-03   1.5477329723767826E+02   2.1379036926731562E-01
   7.3000000000000000E+08   6.4657360835815459E-03   1.5466143174932577E+02   2.1400116919393353E-01
   7.4000000000000000E+08   6.4703457325942853E-03   1.5455124676916608E+02   2.1420910358124895E-01
   7.5000000000000000E+08   6.4748935238869111E-03   1.5444269412475143E+02   2.1441424967695039E-01
   7.6000000000000000E+08   6.4793810635574147E-03   1.5433572901343820E+02   2.1461668078823654E-01
   7.7000000000000000E+08   6.4838099511408034E-03   1.5423030710887102E+02   2.1481646819916733E-01
   7.8000000000000000E+08   6.4881816867382158E-03   1.5412638675701561E+02   2.1501367987215464E-01
   7.9000000000000000E+08   6.4924977226955118E-03   1.5402392772574231E+02   2.1520838131860578E-01
   8.0000000000000000E+08   6.4967594861768943E-03   1.5392289065459366E+02   2.1540063602571807E-01
   8.1000000000000000E+08   6.5009683007990994E-03   1.5382323889767008E+02   2.1559050435870009E-01
   8.2000000000000000E+08   6.5051254773045575E-03   1.5372493635808496E+02   2.1577804500207556E-01
   8.3000000000000000E+08   6.5092322529413313E-03   1.5362794891027733E+02   2.1596331411933903E-01
   8.4000000000000000E+08   6.5132898607923343E-03   1.5353224274872841E+02   2.1614636646407473E-01
   8.5000000000000000E+08   6.5172994420932290E-03   1.5343778644591779E+02   2.1632725412403125E-01
   8.6000000000000000E+08   6.5212621354975063E-03   1.5334454883459614E+02   2.1650602792454179E-01
   8.7000000000000000E+08   6.5251790067973646E-03   1.5325250065297627E+02   2.1668273642734115E-01
   8.8000000000000000E+08   6.5290511143696085E-03   1.5316161299444076E+02   2.1685742696881347E-01
   8.9000000000000000E+08   6.5328794661096701E-03   1.5307185831112542E+02   2.1703014506212515E-01
   9.0000000000000000E+08   6.5366650598121662E-03   1.5298320945768873E+02   2.1720093505244781E-01
   9.1000000000000000E+08   6.5404088105886736E-03   1.5289564138269736E+02   2.1736983906942892E-01
   9.2000000000000000E+08   6.5441116497482925E-03   1.5280912880489490E+02   2.1753689855776637E-01
   9.3000000000000000E+08   6.5477744625792259E-03   1.5272364766303991E+02   2.1770215338094120E-01
   9.4000000000000000E+08   6.5513980921681585E-03   1.5263917501753497E+02   2.1786564191665786E-01
   9.5000000000000000E+08   6.5549833740816488E-03   1.5255568823469363E+02   2.1802740161478659E-01
   9.6000000000000000E+08   6.5585311225184158E-03   1.5247316530473509E+02   2.1818746882301962E-01
   9.7000000000000000E+08   6.5620421157649564E-03   1.5239158517400452E+02   2.1834587860032609E-01
   9.8000000000000000E+08   6.5655170705420400E-03   1.5231092833293656E+02   2.1850266436151025E-01
   9.9000000000000000E+08   6.5689567728578124E-03   1.5223117377357195E+02   2.1865785987567812E-01
   1.0000000000000000E+09   6.5723618876172606E-03   1.5215230340314378E+02   2.1881149642849893E-01
   1.1000000000000000E+09   6.6046536859980564E-03   1.5140839286093257E+02   2.2026852854573450E-01
   1.2000000000000000E+09   6.6341338195838959E-03   1.5073557862942260E+02   2.2159877102385198E-01
   1.3000000000000000E+09   6.6612529356846698E-03   1.5012190794361663E+02   2.2282253439569744E-01
   1.4000000000000000E+09   6.6863613583883711E-03   1.4955817467828757E+02   2.2395560911518053E-01
   1.5000000000000000E+09   6.7097367444402915E-03   1.4903714379384604E+02   2.2501051351892895E-01
   1.6000000000000000E+09   6.7316029598057624E-03   1.4855302755836550E+02   2.2599734085960399E-01
   1.7000000000000000E+09   6.7521431327089119E-03   1.4810112587154342E+02   2.2692434784023241E-01
   1.8000000000000000E+09   6.7715089518812343E-03   1.4767757188332212E+02   2.2779837446497106E-01
   1.9000000000000000E+09   6.7898274420789247E-03   1.4727914789154315E+02   2.2862515018420260E-01
   2.0000000000000000E+09   6.8072060581974630E-03   1.4690314814192629E+02   2.2940952233049222E-01
   2.1000000000000000E+09   6.8237366623013444E-03   1.4654727306882097E+02   2.3015563069363670E-01
   2.2000000000000000E+09   6.8394980708359997E-03   1.4620955947981852E+02   2.3086703387766225E-01
   2.3000000000000000E+09   6.8545587328945222E-03   1.4588831155550156E+02   2.3154681805702593E-01
   2.4000000000000000E+09   6.8689783426348783E-03   1.4558205749363435E+02   2.3219767511986314E-01
   2.5000000000000000E+09   6.8828092882082439E-03   1.4528951161166395E+02   2.3282196734995042E-01
   2.6000000000000000E+09   6.8960976398291839E-03   1.4500954775123660E+02   2.3342177676200504E-01
   2.7000000000000000E+09   6.9088844377150002E-03   1.4474116755247590E+02   2.3399895244459357E-01
   2.8000000000000000E+09   6.9212061368128580E-03   1.4448348744897945E+02   2.3455514012736073E-01
   2.9000000000000000E+09   6.9330954322700212E-03   1.4423571834097515E+02   2.3509181346415206E-01
   3.0000000000000000E+09   6.9445815575440569E-03   1.4399715687890185E+02   2.3561029418201651E-01
   3.1000000000000000E+09   6.9556911517212319E-03   1.4376716535962692E+02   2.3611177822838658E-01
   3.2000000000000000E+09   6.9664479054884513E-03   1.4354517733666816E+02   2.3659734145820810E-01
   3.3000000000000000E+09   6.9768736429263439E-03   1.4333067376300730E+02   2.3706796523516988E-01
   3.4000000000000000E+09   6.9869881176990922E-03   1.4312318600726536E+02   2.3752454129326114E-01
   3.5000000000000000E+09   6.9968093768157328E-03   1.4292228730906243E+02   2.3796788399105639E-01
   3.6000000000000000E+09   7.0063539841935850E-03   1.4272758730946390E+02   2.3839873950085580E-01
   3.7000000000000000E+09   7.0156370029659798E-03   1.4253873163295552E+02   2.3881779056916699E-01
   3.8000000000000000E+09   7.0246725145438954E-03   1.4235539065053896E+02   2.3922566868478645E-01
   3.9000000000000000E+09   7.0334732260499645E-03   1.4217726688661975E+02   2.3962295196134248E-01
   4.0000000000000000E+09   7.0420512287986022E-03   1.4200407913968039E+02   2.4001017986296530E-01
   4.1000000000000000E+09   7.0504173221376453E-03   1.4183557572685726E+02   2.4038784593011700E-01
   4.2000000000000000E+09   7.0585817541322241E-03   1.4167151912841155E+02   2.4075641147908802E-01
   4.3000000000000000E+09   7.0665541126018819E-03   1.4151168788429518E+02   2.4111630621416552E-01
   4.4000000000000000E+09   7.0743432798190875E-03   1.4135587720950591E+02   2.4146792953887256E-01
   4.5000000000000000E+09   7.0819572203282607E-03   1.4120390294501786E+02   2.4181164913189165E-01
   4.6000000000000000E+09   7.0894039420651561E-03   1.4105558212961671E+02   2.4214781698666754E-01
   4.7000000000000000E+09   7.0966904632417220E-03   1.4091075342508410E+02   2.4247675526835880E-01
   4.8000000000000000E+09   7.1038235981678221E-03   1.4076926125501123E+02   2.4279876939800632E-01
   4.9000000000000000E+09   7.1108096163858313E-03   1.4063096242875704E+02   2.4311414405035342E-01
   5.0000000000000000E+09   7.1176544570769823E-03   1.4049572173396453E+02   2.4342314739451817E-01
   5.1000000000000000E+09   7.1243637679458518E-03   1.4036341104580168E+02   2.4372603259278125E-01
   5.2000000000000000E+09   7.1309428497490909E-03   1.4023391030755297E+02   2.4402303779054008E-01
   5.3000000000000000E+09   7.1373965482570230E-03   1.4010710953760915E+02   2.4431438523665991E-01
   5.4000000000000000E+09   7.1437296604426196E-03   1.3998290074404088E+02   2.4460028807310230E-01
   5.5000000000000000E+09   7.1499465191452120E-03   1.3986118599940966E+02   2.4488094469862051E-01
   5.6000000000000000E+09   7.1560513709081333E-03   1.3974186994595260E+02   2.4515654501428957E-01
   5.7000000000000000E+09   7.1620481973607170E-03   1.3962486322955905E+02   2.4542726824494557E-01
   5.8000000000000000E+09   7.1679407073087465E-03   1.3951008257927640E+02   2.4569328328553594E-01
   5.9000000000000000E+09   7.1737324592962204E-03   1.3939744835397795E+02   2.4595475097111769E-01
   6.0000000000000000E+09   7.1794269383379456E-03   1.3928688300455113E+02   2.4621182562152372E-01
   6.1000000000000000E+09   7.1850271904960461E-03   1.3917831811725702E+02   2.4646464989931485E-01
   6.2000000000000000E+09   7.1905364130589681E-03   1.3907168291142611E+02   2.4671336402049582E-01
   6.3000000000000000E+09   7.1959574693003644E-03   1.3896691361312705E+02   2.4695809875381300E-01
   6.4000000000000000E+09   7.2012931740791358E-03   1.3886394788084363E+02   2.4719897999751270E-01
   6.5000000000000000E+09   7.2065461960940311E-03   1.3876272666398822E+02   2.4743612756506150E-01
   6.6000000000000000E+09   7.2117189531091365E-03   1.3866319618138715E+02   2.4766965384560680E-01
   6.7000000000000000E+09   7.2168139274766552E-03   1.3856530181451527E+02   2.4789966877198000E-01
   6.8000000000000000E+09   7.2218335070860428E-03   1.3846899115284268E+02   2.4812627763002640E-01
   6.9000000000000000E+09   7.2267796663919139E-03   1.3837422007626617E+02   2.4834957644657915E-01
   7.0000000000000000E+09   7.2316546630805017E-03   1.3828093936858781E+02   2.4856966264889890E-01
   7.1000000000000000E+09   7.2364605906922348E-03   1.3818910328707267E+02   2.4878662849417169E-01
   7.2000000000000000E+09   7.2411991987063138E-03   1.3809867296271264E+02   2.4900055851264100E-01
   7.3000000000000000E+09   7.2458725529967079E-03   1.3800960376903478E+02   2.4921153958827358E-01
   7.4000000000000000E+09   7.2504823376422266E-03   1.3792185863391657E+02   2.4941965058185880E-01
   7.5000000000000000E+09   7.2550302150470756E-03   1.3783540114360659E+02   2.4962496787322946E-01
   7.6000000000000000E+09   7.2595178137932126E-03   1.3775019576368865E+02   2.4982756529248276E-01
   7.7000000000000000E+09   7.2639467162447010E-03   1.3766620806340080E+02   2.5002751404021273E-01
   7.8000000000000000E+09   7.2683186946310655E-03   1.3758340023514330E+02   2.5022488634027201E-01
   7.9000000000000000E+09   7.2726346226024887E-03   1.3750175168873716E+02   2.5041973915223753E-01
   8.0000000000000000E+09   7.2768965347649595E-03   1.3742122005205886E+02   2.5061214525494213E-01
   8.1000000000000000E+09   7.2811053687191233E-03   1.3734178388575057E+02   2.5080215934628192E-01
   8.2000000000000000E+09   7.2852627181448776E-03   1.3726340952802875E+02   2.5098984450425932E-01
   8.3000000000000000E+09   7.2893695438407090E-03   1.3718607541923419E+02   2.5117525286057324E-01
   8.4000000000000000E+09   7.2934271995163218E-03   1.3710975274646151E+02   2.5135844110681987E-01
   8.5000000000000000E+09   7.2974368174664453E-03   1.3703441701701288E+02   2.5153946131303490E-01
   8.6000000000000000E+09   7.3013994721298709E-03   1.3696004496358461E+02   2.5171836344947396E-01
   8.7000000000000000E+09   7.3053165412233874E-03   1.3688660776806461E+02   2.5189520087862677E-01
   8.8000000000000000E+09   7.3091885022458095E-03   1.3681409361555549E+02   2.5207001229605930E-01
   8.9000000000000000E+09   7.3130170513650032E-03   1.3674246798225997E+02   2.5224285367029103E-01
   9.0000000000000000E+09   7.3168025860390340E-03   1.3667172077432693E+02   2.5241376040397379E-01
   9.1000000000000000E+09   7.3205464480755244E-03   1.3660182434371234E+02   2.5258278113699373E-01
   9.2000000000000000E+09   7.3242494083552538E-03   1.3653276182256084E+02   2.5274995498418801E-01
   9.3000000000000000E+09   7.3279121251999873E-03   1.3646451853060518E+02   2.5291531847416548E-01
   9.4000000000000000E+09   7.3315357344628891E-03   1.3639707098464555E+02   2.5307891446831648E-01
   9.5000000000000000E+09   7.3351212661599309E-03   1.3633039778271018E+02   2.5324078341718015E-01
   9.6000000000000000E+09   7.3386689207419094E-03   1.3626449303001181E+02   2.5340095250268885E-01
   9.7000000000000000E+09   7.3421799811867585E-03   1.3619933079308203E+02   2.5355946444766830E-01
   9.8000000000000000E+09   7.3456548881312596E-03   1.3613490086714390E+02   2.5371634857720071E-01
   9.9000000000000000E+09   7.3490947713540661E-03   1.3607118034426310E+02   2.5387164389701039E-01
   1.0000000000000000E+10   7.3524998883029566E-03   1.3600816255582589E+02   2.5402537562071664E-01
   1.1000000000000000E+10   7.3847919064127460E-03   1.3541342974493679E+02   2.5548326713505348E-01
   1.2000000000000000E+10   7.4142723326104778E-03   1.3487500258139451E+02   2.5681422721542740E-01
   1.3000000000000000E+10   7.4413914576601358E-03   1.3438346923284146E+02   2.5803859404632057E-01
   1.4000000000000000E+10   7.4665002159623696E-03   1.3393155709848304E+02   2.5917219083998555E-01
   1.5000000000000000E+10   7.4898755429268302E-03   1.3351356698368161E+02   2.6022754235708850E-01
   1.6000000000000000E+10   7.5117417751805575E-03   1.3312491695389295E+02   2.6121476188924742E-01
   1.7000000000000000E+10   7.5322819592996727E-03   1.3276189146973687E+02   2.6214211481480942E-01
   1.8000000000000000E+10   7.5516482878750452E-03   1.3242142137440430E+02   2.6301645642227545E-01
   1.9000000000000000E+10   7.5699666827228652E-03   1.3210097770738233E+02   2.6384350564111886E-01
   2.0000000000000000E+10   7.5873452000311623E-03   1.3179840558669889E+02   2.6462812371501532E-01
   2.1000000000000000E+10   7.6038759073506264E-03   1.3151187791390774E+02   2.6537445746122318E-01
   2.2000000000000000E+10   7.6196372098452491E-03   1.3123984416317239E+02   2.6608606251272326E-01
   2.3000000000000000E+10   7.6346982132624135E-03   1.3098094673380496E+02   2.6676603758534623E-01
   2.4000000000000000E+10   7.6491176271904267E-03   1.3073403348450100E+02   2.6741706196461484E-01
   2.5000000000000000E+10   7.6629485407629675E-03   1.3049807064219621E+02   2.6804151034463303E-01
   2.6000000000000000E+10   7.6762368811656000E-03   1.3027216531756571E+02   2.6864146416138146E-01
   2.7000000000000000E+10   7.6890238643607407E-03   1.3005552039382820E+02   2.6921877648938591E-01
   2.8000000000000000E+10   7.7013456405654627E-03   1.2984743792470223E+02   2.6977508962101882E-01
   2.9000000000000000E+10   7.7132349848982925E-03   1.2964728832427582E+02   2.7031187940408063E-01
   3.0000000000000000E+10   7.7247212872718837E-03   1.2945450881803492E+02   2.7083047077877875E-01
   3.1000000000000000E+10   7.7358305736867214E-03   1.2926860153859636E+02   2.7133205121293208E-01
   3.2000000000000000E+10   7.7465872013936779E-03   1.2908910388565579E+02   2.7181770724740911E-01
   3.3000000000000000E+10   7.7570129786614624E-03   1.2891560227511164E+02   2.7228842058250480E-01
   3.4000000000000000E+10   7.7671277474835078E-03   1.2874772148867936E+02   2.7274508478877724E-01
   3.5000000000000000E+10   7.7769487588873164E-03   1.2858513422211036E+02   2.7318850269382783E-01
   3.6000000000000000E+10   7.7864931412495982E-03   1.2842751953410408E+02   2.7361942936501005E-01
   3.7000000000000000E+10   7.7957769834306936E-03   1.2827457764959425E+02   2.7403856334158416E-01
   3.8000000000000000E+10   7.8048119085215046E-03   1.2812608576872597E+02   2.7444649943294280E-01
   3.9000000000000000E+10   7.8136127887354200E-03   1.2798177066588981E+02   2.7484384862336880E-01
   4.0000000000000000E+10   7.8221906281347349E-03   1.2784142544458270E+02   2.7523113427090951E-01
   4.1000000000000000E+10   7.8305565492178125E-03   1.2770484367421999E+02   2.7560885501173560E-01
   4.2000000000000000E+10   7.8387215589654242E-03   1.2757182309355851E+02   2.7597748379357684E-01
   4.3000000000000000E+10   7.8466935627316981E-03   1.2744221397271777E+02   2.7633742519013255E-01
   4.4000000000000000E+10   7.8544828723583066E-03   1.2731582922145331E+02   2.7668910029306493E-01
   4.5000000000000000E+10   7.8620965787496323E-03   1.2719253572932294E+02   2.7703286379061648E-01
   4.6000000000000000E+10   7.8695433977259751E-03   1.2707217553294966E+02   2.7736907847363340E-01
   4.7000000000000000E+10   7.8768297204365231E-03   1.2695462965328412E+02   2.7769805720206686E-01
   4.8000000000000000E+10   7.8839628012316414E-03   1.2683976639815945E+02   2.7802011214005107E-01
   4.9000000000000000E+10   7.8909491796357537E-03   1.2672746677683713E+02   2.7833553213662732E-01
   5.0000000000000000E+10   7.8977939700706663E-03   1.2661763573341894E+02   2.7864457305022688E-01
   5.1000000000000000E+10   7.9045033368020119E-03   1.2651016229497580E+02   2.7894749591119272E-01
   5.2000000000000000E+10   7.9110828633186803E-03   1.2640494572957900E+02   2.7924454320732500E-01
   5.3000000000000000E+10   7.9175362910956591E-03   1.2630191554974438E+02   2.7953592064737964E-01
   5.4000000000000000E+10   7.9238698679141885E-03   1.2620096198818970E+02   2.7982186328301412E-01
   5.5000000000000000E+10   7.9300860974483422E-03   1.2610203567925568E+02   2.8010254205256907E-01
   5.6000000000000000E+10   7.9361904751063216E-03   1.2600504021882151E+02   2.8037816571617064E-01
   5.7000000000000000E+10   7.9421880825783168E-03   1.2590988649507840E+02   2.8064893011476677E-01
   5.8000000000000000E+10   7.9480797982965264E-03   1.2581655259856920E+02   2.8091496160080121E-01
   5.9000000000000000E+10   7.9538719197869527E-03   1.2572493121397730E+02   2.8117646228330762E-01
   6.0000000000000000E+10   7.9595670360852952E-03   1.2563497429777588E+02   2.8143357304509564E-01
   6.1000000000000000E+10   7.9651662609883170E-03   1.2554665743737034E+02   2.8168640751382107E-01
   6.2000000000000000E+10   7.9706763332215245E-03   1.2545986792012017E+02   2.8193515924569329E-01
   6.3000000000000000E+10   7.9760973292588213E-03   1.2537459846831197E+02   2.8217991710782053E-01
   6.4000000000000000E+10   7.9814329716411878E-03   1.2529078469406409E+02   2.8242082069607655E-01
   6.5000000000000000E+10   7.9866860672426071E-03   1.2520837698898674E+02   2.8265799193799118E-01
   6.6000000000000000E+10   7.9918591103565733E-03   1.2512733097410462E+02   2.8289154440728564E-01
   6.7000000000000000E+10   7.9969542368477954E-03   1.2504760817465623E+02   2.8312158285247074E-01
   6.8000000000000000E+10   8.0019731777639328E-03   1.2496917669991987E+02   2.8334820270291150E-01
   6.9000000000000000E+10   8.0069186791971690E-03   1.2489198904918408E+02   2.8357151162599609E-01
   7.0000000000000000E+10   8.0117953052302564E-03   1.2481596969248336E+02   2.8379164178558841E-01
   7.1000000000000000E+10   8.0166004941003392E-03   1.2474115440028859E+02   2.8400861540071753E-01
   7.2000000000000000E+10   8.0213393369076187E-03   1.2466745988401478E+02   2.8422256731586004E-01
   7.3000000000000000E+10   8.0260126995639024E-03   1.2459486888854983E+02   2.8443356637719686E-01
   7.4000000000000000E+10   8.0306216273743243E-03   1.2452336150308182E+02   2.8464168185238470E-01
   7.5000000000000000E+10   8.0351689433836217E-03   1.2445289041787075E+02   2.8484700760812381E-01
   7.6000000000000000E+10   8.0396569351426084E-03   1.2438341686308063E+02   2.8504962741018841E-01
   7.7000000000000000E+10   8.0440864867236846E-03   1.2431492396935866E+02   2.8524960196769317E-01
   7.8000000000000000E+10   8.0484578047733107E-03   1.2424740543547719E+02   2.8544697995847945E-01
   7.9000000000000000E+10   8.0527745667527163E-03   1.2418080150022757E+02   2.8564186055530855E-01
   8.0000000000000000E+10   8.0570356335862084E-03   1.2411512688754208E+02   2.8583426878800833E-01
   8.1000000000000000E+10   8.0612450644786619E-03   1.2405031629747040E+02   2.8602430634865339E-01
   8.2000000000000000E+10   8.0654019798496405E-03   1.2398638065385586E+02   2.8621199910611178E-01
   8.3000000000000000E+10   8.0695090665740491E-03   1.2392327609398860E+02   2.8639742518216743E-01
   8.4000000000000000E+10   8.0735665432343211E-03   1.2386099682772837E+02   2.8658062419711455E-01
   8.5000000000000000E+10   8.0775756165266336E-03   1.2379952196968740E+02   2.8676164935238063E-01
   8.6000000000000000E+10   8.0815403645177267E-03   1.2373878677764621E+02   2.8694059583353887E-01
   8.7000000000000000E+10   8.0854558770731763E-03   1.2367886427227484E+02   2.8711742238187382E-01
   8.8000000000000000E+10   8.0893292384043702E-03   1.2361964391960531E+02   2.8729226713376121E-01
   8.9000000000000000E+10   8.0931565710635617E-03   1.2356118298457498E+02   2.8746510218408433E-01
   9.0000000000000000E+10   8.0969434443668650E-03   1.2350339444395051E+02   2.8763604078205840E-01
   9.1000000000000000E+10   8.1006850961420369E-03   1.2344634905956926E+02   2.8780503971086574E-01
   9.2000000000000000E+10   8.1043883396018802E-03   1.2338994111542343E+02   2.8797222903102970E-01
   9.3000000000000000E+10   8.1080514448350471E-03   1.2333419525069930E+02   2.8813760933601840E-01
   9.4000000000000000E+10   8.1116746517094825E-03   1.2327910609546657E+02   2.8830121001054865E-01
   9.5000000000000000E+10   8.1152612870681422E-03   1.2322462144176720E+02   2.8846310607966191E-01
   9.6000000000000000E+10   8.1188087422392214E-03   1.2317077932842074E+02   2.8862328245554764E-01
   9.7000000000000000E+10   8.1223184649455091E-03   1.2311755618987651E+02   2.8878178434645890E-01
   9.8000000000000000E+10   8.1257951312945949E-03   1.2306487966312794E+02   2.8893870482835932E-01
   9.9000000000000000E+10   8.1292331272594057E-03   1.2301283335653685E+02   2.8909398141849180E-01
   1.0000000000000000E+11   8.1326394009511062E-03   1.2296131067646390E+02   2.8924774003180825E-01
