   1.0000000000000000E+00   1.0000000000000001E+25   1.9732696317747896E-22
   2.0000000000000000E+00   1.0000000000000001E+25   9.8663481588739479E-23
   3.0000000000000000E+00   1.0000000000000001E+25   6.5775654392492986E-23
   4.0000000000000000E+00   1.0000000000000001E+25   4.9331740794369739E-23
   5.0000000000000000E+00   1.0000000000000001E+25   3.9465392635495793E-23
   6.0000000000000000E+00   1.0000000000000001E+25   3.2887827196246493E-23
   7.0000000000000000E+00   1.0000000000000001E+25   2.8189566168211286E-23
   7.4189999999999996E+00   1.0000000000000001E+25   2.6597514918112817E-23
   7.4210000000000003E+00   1.0000000000000001E+25   2.6590346742686828E-23
   8.0000000000000000E+00   1.0000000000000001E+25   2.4665870397184870E-23
   9.0000000000000000E+00   1.0000000000000001E+25   2.1925218130830994E-23
   1.0000000000000000E+01   1.0000000000000001E+25   1.9732696317747896E-23
   1.1000000000000000E+01   1.0000000000000001E+25   1.7938814834316270E-23
   1.2000000000000000E+01   1.0000000000000001E+25   1.6443913598123246E-23
   1.3000000000000000E+01   1.0000000000000001E+25   1.5178997167498382E-23
   1.4000000000000000E+01   1.0000000000000001E+25   1.4094783084105643E-23
   1.5000000000000000E+01   1.0000000000000001E+25   1.3155130878498597E-23
   1.5049000000000001E+01   1.0000000000000001E+25   1.3112297373744366E-23
   1.5051000000000000E+01   1.0000000000000001E+25   1.3110554991527404E-23
   1.6000000000000000E+01   1.0000000000000001E+25   1.2332935198592435E-23
   1.7000000000000000E+01   1.0000000000000001E+25   1.1607468422204644E-23
   1.8000000000000000E+01   1.0000000000000001E+25   1.0962609065415497E-23
   1.9000000000000000E+01   1.0000000000000001E+25   1.0385629640919946E-23
   2.0000000000000000E+01   1.0000000000000001E+25   9.8663481588739482E-24
   2.1000000000000000E+01   1.0000000000000001E+25   9.3965220560704266E-24
   2.2000000000000000E+01   1.0000000000000001E+25   8.9694074171581351E-24
   2.3000000000000000E+01   1.0000000000000001E+25   8.5794331816295206E-24
   2.4000000000000000E+01   1.0000000000000001E+25   8.2219567990616232E-24
   2.4998999999999999E+01   1.0000000000000001E+25   7.8933942628696740E-24
   2.5001000000000001E+01   1.0000000000000001E+25   7.8927628165864952E-24
   2.6000000000000000E+01   1.0000000000000001E+25   7.5894985837491909E-24
   2.6998999999999999E+01   1.0000000000000001E+25   7.3086767353412709E-24
   2.7001000000000001E+01   1.0000000000000001E+25   7.3081353719298888E-24
   2.8000000000000000E+01   1.0000000000000001E+25   7.0473915420528214E-24
   2.9000000000000000E+01   1.0000000000000001E+25   6.8043780406027227E-24
   3.0000000000000000E+01   1.0000000000000001E+25   6.5775654392492983E-24
   3.1000000000000000E+01   1.0000000000000001E+25   6.3653859089509344E-24
   3.2000000000000000E+01   1.0000000000000001E+25   6.1664675992962174E-24
   3.3000000000000000E+01   1.0000000000000001E+25   5.9796049447720891E-24
   3.4000000000000000E+01   1.0000000000000001E+25   5.8037342111023222E-24
   3.5000000000000000E+01   1.0000000000000001E+25   5.6379132336422558E-24
   3.6000000000000000E+01   1.0000000000000001E+25   5.4813045327077486E-24
   3.7000000000000000E+01   1.0000000000000001E+25   5.3331611669588911E-24
   3.8000000000000000E+01   1.0000000000000001E+25   5.1928148204599731E-24
   3.9000000000000000E+01   1.0000000000000001E+25   5.0596657224994601E-24
   4.0000000000000000E+01   1.0000000000000001E+25   4.9331740794369741E-24
   4.1000000000000000E+01   1.0000000000000001E+25   4.8128527604263161E-24
   4.2000000000000000E+01   1.0000000000000001E+25   4.6982610280352133E-24
   4.3000000000000000E+01   1.0000000000000001E+25   4.5889991436623017E-24
   4.4000000000000000E+01   1.0000000000000001E+25   4.4847037085790676E-24
   4.5000000000000000E+01   1.0000000000000001E+25   4.3850436261661996E-24
   4.6000000000000000E+01   1.0000000000000001E+25   4.2897165908147603E-24
   4.7000000000000000E+01   1.0000000000000001E+25   4.1984460250527435E-24
   4.8000000000000000E+01   1.0000000000000001E+25   4.1109783995308116E-24
   4.9000000000000000E+01   1.0000000000000001E+25   4.0270808811730397E-24
   5.0000000000000000E+01   1.0000000000000001E+25   3.9465392635495794E-24
   5.1000000000000000E+01   1.0000000000000001E+25   3.8691561407348817E-24
   5.2000000000000000E+01   1.0000000000000001E+25   3.7947492918745955E-24
   5.3000000000000000E+01   1.0000000000000001E+25   3.7231502486316790E-24
   5.4000000000000000E+01   1.0000000000000001E+25   3.6542030218051657E-24
   5.5000000000000000E+01   1.0000000000000001E+25   3.5877629668632538E-24
   5.6000000000000000E+01   1.0000000000000001E+25   3.5236957710264107E-24
   5.7000000000000000E+01   1.0000000000000001E+25   3.4618765469733156E-24
   5.8000000000000000E+01   1.0000000000000001E+25   3.4021890203013613E-24
   5.9000000000000000E+01   1.0000000000000001E+25   3.3445247996182874E-24
   6.0000000000000000E+01   1.0000000000000001E+25   3.2887827196246492E-24
   6.1000000000000000E+01   1.0000000000000001E+25   3.2348682488111304E-24
   6.2000000000000000E+01   1.0000000000000001E+25   3.1826929544754672E-24
   6.3000000000000000E+01   1.0000000000000001E+25   3.1321740186901423E-24
   6.4000000000000000E+01   1.0000000000000001E+25   3.0832337996481087E-24
   6.5000000000000000E+01   1.0000000000000001E+25   3.0357994334996764E-24
   6.6000000000000000E+01   1.0000000000000001E+25   2.9898024723860446E-24
   6.7000000000000000E+01   1.0000000000000001E+25   2.9451785548877459E-24
   6.8000000000000000E+01   1.0000000000000001E+25   2.9018671055511611E-24
   6.9000000000000000E+01   1.0000000000000001E+25   2.8598110605431733E-24
   7.0000000000000000E+01   1.0000000000000001E+25   2.8189566168211279E-24
   7.1000000000000000E+01   1.0000000000000001E+25   2.7792530024997035E-24
   7.2000000000000000E+01   1.0000000000000001E+25   2.7406522663538743E-24
   7.3000000000000000E+01   1.0000000000000001E+25   2.7031090846229999E-24
   7.4000000000000000E+01   1.0000000000000001E+25   2.6665805834794456E-24
   7.5000000000000000E+01   1.0000000000000001E+25   2.6310261756997196E-24
   7.6000000000000000E+01   1.0000000000000001E+25   2.5964074102299865E-24
   7.7000000000000000E+01   1.0000000000000001E+25   2.5626878334737527E-24
   7.8000000000000000E+01   1.0000000000000001E+25   2.5298328612497301E-24
   7.9000000000000000E+01   1.0000000000000001E+25   2.4978096604744172E-24
   8.0000000000000000E+01   1.0000000000000001E+25   2.4665870397184870E-24
   8.1000000000000000E+01   1.0000000000000001E+25   2.4361353478701109E-24
   8.2000000000000000E+01   1.0000000000000001E+25   2.4064263802131581E-24
   8.3000000000000000E+01   1.0000000000000001E+25   2.3774332912949271E-24
   8.4000000000000000E+01   1.0000000000000001E+25   2.3491305140176066E-24
   8.5000000000000000E+01   1.0000000000000001E+25   2.3214936844409289E-24
   8.6000000000000000E+01   1.0000000000000001E+25   2.2944995718311509E-24
   8.7000000000000000E+01   1.0000000000000001E+25   2.2681260135342409E-24
   8.8000000000000000E+01   1.0000000000000001E+25   2.2423518542895338E-24
   8.9000000000000000E+01   1.0000000000000001E+25   2.2171568896345952E-24
   8.9998999999999995E+01   1.0000000000000001E+25   2.1925461747072636E-24
   9.0001000000000005E+01   1.0000000000000001E+25   2.1924974520002996E-24
   9.1000000000000000E+01   1.0000000000000001E+25   2.1684281667854832E-24
   9.2000000000000000E+01   1.0000000000000001E+25   2.1448582954073801E-24
   9.3000000000000000E+01   1.0000000000000001E+25   2.1217953029836450E-24
   9.4000000000000000E+01   1.0000000000000001E+25   2.0992230125263717E-24
   9.5000000000000000E+01   1.0000000000000001E+25   2.0771259281839889E-24
   9.6000000000000000E+01   1.0000000000000001E+25   2.0554891997654058E-24
   9.7000000000000000E+01   1.0000000000000001E+25   2.0342985894585460E-24
   9.8000000000000000E+01   1.0000000000000001E+25   2.0135404405865199E-24
   9.9000000000000000E+01   1.0000000000000001E+25   1.9932016482573635E-24
   1.0000000000000000E+02   1.0000000000000001E+25   1.9732696317747897E-24
   1.1000000000000000E+02   1.0000000000000001E+25   1.7938814834316269E-24
   1.1099900000000000E+02   1.0000000000000001E+25   1.7777364046295821E-24
   1.1100100000000000E+02   1.0000000000000001E+25   1.7777043736315796E-24
   1.2000000000000000E+02   1.0000000000000001E+25   1.6443913598123246E-24
   1.3000000000000000E+02   1.0000000000000001E+25   1.5178997167498382E-24
   1.4000000000000000E+02   1.0000000000000001E+25   1.4094783084105639E-24
   1.4399900000000000E+02   1.0000000000000001E+25   1.3703356493967247E-24
   1.4400100000000000E+02   1.0000000000000001E+25   1.3703166170893184E-24
   1.4799900000000000E+02   1.0000000000000001E+25   1.3332993005187805E-24
   1.4800100000000000E+02   5.2866520475561110E+03   2.5219766141006913E-03
   1.5000000000000000E+02   2.8633840482146093E+03   4.5942600283399452E-03
   1.5299900000000000E+02   1.1558043318178579E+03   1.1158697953129940E-02
   1.5300100000000000E+02   1.1551847278312432E+03   1.1164537177708621E-02
   1.6000000000000000E+02   6.0097742969165051E+02   2.0521461521309077E-02
   1.7000000000000000E+02   6.0020295378847709E+02   1.9339239083943825E-02
   1.8000000000000000E+02   5.9840049940112078E+02   1.8319852801571654E-02
   1.9000000000000000E+02   5.0580985096223475E+02   2.0532675710373555E-02
   2.0000000000000000E+02   3.8287770885979018E+02   2.5768928121346985E-02
   2.1000000000000000E+02   2.7943342079599404E+02   3.3627051586397561E-02
   2.2000000000000000E+02   2.0465155778917747E+02   4.3827701650812748E-02
   2.3000000000000000E+02   1.5360275256132590E+02   5.5854683842362668E-02
   2.4000000000000000E+02   1.2055152052354667E+02   6.8202846080698529E-02
   2.5000000000000000E+02   9.8797164284271844E+01   7.9891751795508878E-02
   2.6000000000000000E+02   8.3882364346950382E+01   9.0477881052063058E-02
   2.7000000000000000E+02   7.3324276318722440E+01   9.9672392426247827E-02
   2.8000000000000000E+02   6.5725922137631855E+01   1.0722392798529920E-01
   2.9000000000000000E+02   6.0016291072223659E+01   1.1337551719772766E-01
   3.0000000000000000E+02   5.6170444420939532E+01   1.1710011389543641E-01
   3.1000000000000000E+02   5.3179238789887755E+01   1.1969682255326562E-01
   3.2000000000000000E+02   5.1293414746241218E+01   1.2021947904624730E-01
   3.3000000000000000E+02   4.9799668384008221E+01   1.2007318801127347E-01
   3.4000000000000000E+02   4.8813143906384553E+01   1.1889695575095337E-01
   3.5000000000000000E+02   4.7796714836195882E+01   1.1795608239946928E-01
   3.6000000000000000E+02   4.7526201890894875E+01   1.1533226545834846E-01
   3.7000000000000000E+02   4.7505583626188887E+01   1.1226388057716283E-01
   3.8000000000000000E+02   4.7683861453659908E+01   1.0890088726363846E-01
   3.9000000000000000E+02   4.8058363474665114E+01   1.0528168994282880E-01
   4.0000000000000000E+02   4.8645892924552165E+01   1.0140987826224365E-01
   4.1000000000000000E+02   4.9124213521341524E+01   9.7973125988783938E-02
   4.1899900000000002E+02   4.9959580415200179E+01   9.4265909805436920E-02
   4.1900099999999998E+02   4.9959722440316852E+01   9.4265191872772797E-02
   4.2000000000000000E+02   5.0030765066794181E+01   9.3907439187922534E-02
   4.3000000000000000E+02   5.0753196955363023E+01   9.0417932641726678E-02
   4.4000000000000000E+02   5.1855246356429141E+01   8.6485052597248771E-02
   4.4099900000000002E+02   5.1947425983225386E+01   8.6136018755168048E-02
   4.4100099999999998E+02   5.1947610855731945E+01   8.6135321574802817E-02
   4.5000000000000000E+02   5.2792984624862605E+01   8.3061104753321416E-02
   4.6000000000000000E+02   5.4065269756323708E+01   7.9343293950975183E-02
   4.7000000000000000E+02   5.5219106982802209E+01   7.6032486841200356E-02
   4.8000000000000000E+02   5.6670681636241511E+01   7.2541537896410213E-02
   4.9000000000000000E+02   5.8053303707203611E+01   6.9368677129624509E-02
   5.0000000000000000E+02   5.9505077917204119E+01   6.6322730793510240E-02
   5.1000000000000000E+02   6.1205796283941211E+01   6.3215518392823300E-02
   5.2000000000000000E+02   6.2880533937651677E+01   6.0348553904412239E-02
   5.3000000000000000E+02   6.4651411305151257E+01   5.7588073848204267E-02
   5.4000000000000000E+02   6.6523602434740354E+01   5.4930925086174323E-02
   5.5000000000000000E+02   6.8492950103457062E+01   5.2381492714856336E-02
   5.6000000000000000E+02   7.0294075523314490E+01   5.0127919668816238E-02
   5.7000000000000000E+02   7.2348101243842777E+01   4.7850275092989260E-02
   5.8000000000000000E+02   7.4583202262749168E+01   4.5616022335911367E-02
   5.9000000000000000E+02   7.6610898375401163E+01   4.3655992431126146E-02
   6.0000000000000000E+02   7.8897714107335887E+01   4.1684131876754335E-02
   6.1000000000000000E+02   8.1341169306940770E+01   3.9769138756837401E-02
   6.2000000000000000E+02   8.3931869228670337E+01   3.7919957981685098E-02
   6.3000000000000000E+02   8.6171483891122890E+01   3.6348149959302363E-02
   6.4000000000000000E+02   8.8853896708150387E+01   3.4700040334475171E-02
   6.5000000000000000E+02   9.1598790642011465E+01   3.3142352778043310E-02
   6.5099900000000002E+02   9.1889184241239818E+01   3.2986916014968649E-02
   6.5100099999999998E+02   9.1889767456608226E+01   3.2986605308745379E-02
   6.6000000000000000E+02   9.4591106691192707E+01   3.1607648720579175E-02
   6.7000000000000000E+02   9.7049477652388219E+01   3.0347186055310726E-02
   6.8000000000000000E+02   1.0013703607889376E+02   2.8978959425810271E-02
   6.9000000000000000E+02   1.0306751607783653E+02   2.7746967903868429E-02
   7.0000000000000000E+02   1.0642607312102760E+02   2.6487462462468334E-02
   7.1000000000000000E+02   1.0906455043355749E+02   2.5482642998586737E-02
   7.2000000000000000E+02   1.1244886969281866E+02   2.4372430544127573E-02
   7.3000000000000000E+02   1.1570436861289716E+02   2.3362204184930780E-02
   7.4000000000000000E+02   1.1935404075163065E+02   2.2341770472844375E-02
   7.5000000000000000E+02   1.2250848371249708E+02   2.1476277364384105E-02
   7.6000000000000000E+02   1.2624384918468623E+02   2.0566605240558040E-02
   7.6899900000000002E+02   1.2963787615834440E+02   1.9793780492847843E-02
   7.6900099999999998E+02   1.2963867034059720E+02   1.9793607754851745E-02
   7.7000000000000000E+02   1.3003658442975370E+02   1.9707437293219027E-02
   7.8000000000000000E+02   1.3415858188624895E+02   1.8857033412851200E-02
   7.9000000000000000E+02   1.3773346490423884E+02   1.8135096377710786E-02
   8.0000000000000000E+02   1.4204545371023258E+02   1.7364772861722368E-02
   8.1000000000000000E+02   1.4561835750694803E+02   1.6729589521388973E-02
   8.2000000000000000E+02   1.4984076816699653E+02   1.6059890840463473E-02
   8.3000000000000000E+02   1.5440166816678095E+02   1.5397717651125903E-02
   8.4000000000000000E+02   1.5847417683575605E+02   1.4823427771783066E-02
   8.5000000000000000E+02   1.6322007429224257E+02   1.4223089252393900E-02
   8.6000000000000000E+02   1.6825900231875087E+02   1.3636712093920757E-02
   8.7000000000000000E+02   1.7221271872389374E+02   1.3170490718346396E-02
   8.8000000000000000E+02   1.7703420733535714E+02   1.2666206650344307E-02
   8.9000000000000000E+02   1.8229348799793840E+02   1.2162567703239457E-02
   8.9899900000000002E+02   1.8636883440365898E+02   1.1777522281786527E-02
   8.9900099999999998E+02   1.8636988587277730E+02   1.1777429633680180E-02
   9.0000000000000000E+02   1.8689658195072323E+02   1.1731203375678512E-02
   9.1000000000000000E+02   1.9233763716991353E+02   1.1274070944678737E-02
   9.2000000000000000E+02   1.9810499914240637E+02   1.0826876175222435E-02
   9.3000000000000000E+02   2.0257950954698862E+02   1.0473889031168235E-02
   9.4000000000000000E+02   2.0842784983145904E+02   1.0071701138901861E-02
   9.5000000000000000E+02   2.1394993967912984E+02   9.7084669960606045E-03
   9.6000000000000000E+02   2.1949998786690131E+02   9.3644160063088375E-03
   9.7000000000000000E+02   2.2569900997315384E+02   9.0133252675787950E-03
   9.8000000000000000E+02   2.3120648829354496E+02   8.7088405496219649E-03
   9.9000000000000000E+02   2.3763902553781068E+02   8.3875181853925989E-03
   1.0000000000000000E+03   2.4324153397840988E+02   8.1123877139746090E-03
   1.1000000000000000E+03   3.1296121008438632E+02   5.7319611045340991E-03
   1.2000000000000000E+03   3.9629007770240668E+02   4.1494638708748539E-03
   1.3000000000000000E+03   4.9777034402826445E+02   3.0493976488556109E-03
   1.4000000000000000E+03   6.1388484748030965E+02   2.2959978800515569E-03
   1.5000000000000000E+03   7.5466493576237895E+02   1.7431750509527780E-03
   1.6000000000000000E+03   9.1430517775068733E+02   1.3488860720370305E-03
   1.7000000000000000E+03   1.1020954770493015E+03   1.0532180436201349E-03
   1.8000000000000000E+03   1.3171462174053077E+03   8.3230008335833251E-04
   1.9000000000000000E+03   1.5595619733083397E+03   6.6593247454531336E-04
   2.0000000000000000E+03   1.8383758677971891E+03   5.3668829817137323E-04
   2.1000000000000000E+03   2.1601251307125967E+03   4.3499896938704841E-04
   2.2000000000000000E+03   2.5089938623008793E+03   3.5749020959870815E-04
   2.3000000000000000E+03   2.8997796201283059E+03   2.9586500719147439E-04
   2.4000000000000000E+03   3.3504591970025876E+03   2.4539790863345570E-04
   2.4899989999999998E+03   3.7787081207436140E+03   2.0972196229681632E-04
   2.4900010000000002E+03   3.7787188087428594E+03   2.0972120065334800E-04
   2.5000000000000000E+03   3.8329200712987413E+03   2.0592859700371157E-04
   2.5919989999999998E+03   4.3321947960530606E+03   1.7572907631290325E-04
   2.5920010000000002E+03   4.3322066999331773E+03   1.7572845785793599E-04
   2.6000000000000000E+03   4.3803454299978976E+03   1.7326255897021425E-04
   2.7000000000000000E+03   4.9889511791538062E+03   1.4649183327646709E-04
   2.8000000000000000E+03   5.6438835422442298E+03   1.2486777038015390E-04
   2.9000000000000000E+03   6.4022670788134474E+03   1.0628075893803231E-04
   3.0000000000000000E+03   7.1729092124538820E+03   9.1700107228864357E-05
   3.0719989999999998E+03   7.7971414755703572E+03   8.2381547908869353E-05
   3.0720010000000002E+03   7.7971603555171105E+03   8.2381294797544675E-05
   3.1000000000000000E+03   8.0472681977453349E+03   7.9099959794236421E-05
   3.2000000000000000E+03   9.0559673028210145E+03   6.8092865103160316E-05
   3.3000000000000000E+03   1.0075195028171553E+04   5.9349768694822670E-05
   3.4000000000000000E+03   1.1199624798288372E+04   5.1820791460704133E-05
   3.5000000000000000E+03   1.2415365069033705E+04   4.5410772879359708E-05
   3.5599989999999998E+03   1.3218560735688778E+04   4.1932657358935234E-05
   3.5600010000000002E+03   1.3218589951494470E+04   4.1932541121513935E-05
   3.6000000000000000E+03   1.3763453861652773E+04   3.9825065625275626E-05
   3.7000000000000000E+03   1.5179998127587656E+04   3.5132818345125945E-05
   3.8000000000000000E+03   1.6752858282552072E+04   3.0996590151235483E-05
   3.8569989999999998E+03   1.7645076847465964E+04   2.8994348312586521E-05
   3.8570010000000002E+03   1.7645112218859198E+04   2.8994275155884453E-05
   3.9000000000000000E+03   1.8375559867080021E+04   2.7534756813390468E-05
   4.0000000000000000E+03   2.0239533699001709E+04   2.4373951261931976E-05
   4.1000000000000000E+03   2.2107331633116992E+04   2.1770392014279179E-05
   4.2000000000000000E+03   2.4232989983012802E+04   1.9387871786885031E-05
   4.3000000000000000E+03   2.6360505214898749E+04   1.7408616057436696E-05
   4.4000000000000000E+03   2.8799379367178619E+04   1.5572223454544604E-05
   4.5000000000000000E+03   3.1471139465800985E+04   1.3933539428819642E-05
   4.6000000000000000E+03   3.4011149595646675E+04   1.2612677436118864E-05
   4.7000000000000000E+03   3.6988257872255068E+04   1.1350753635255698E-05
   4.8000000000000000E+03   3.9880719245361564E+04   1.0308185201571937E-05
   4.9000000000000000E+03   4.3230583640864977E+04   9.3153516376918036E-06
   5.0000000000000000E+03   4.6651919482262419E+04   8.4595431599552893E-06
   5.1000000000000000E+03   5.0356902390431787E+04   7.6834673243723039E-06
   5.2000000000000000E+03   5.4161188821668839E+04   7.0063995536899853E-06
   5.3000000000000000E+03   5.8288969783069624E+04   6.3874010168439958E-06
   5.4000000000000000E+03   6.2648744065306681E+04   5.8328432218783667E-06
   5.5000000000000000E+03   6.7385190342006113E+04   5.3242603436362774E-06
   5.6000000000000000E+03   7.2158165917000209E+04   4.8832945325682680E-06
   5.7000000000000000E+03   7.7298445485605029E+04   4.4785849511268719E-06
   5.8000000000000000E+03   8.2755793111656894E+04   4.1111188623508372E-06
   5.9000000000000000E+03   8.8586389392693978E+04   3.7754386678887740E-06
   6.0000000000000000E+03   9.4657682405833009E+04   3.4743959877703367E-06
   6.1000000000000000E+03   1.0095876072795781E+05   3.2041481348287996E-06
   6.2000000000000000E+03   1.0739295030984184E+05   2.9635957903130584E-06
   6.3000000000000000E+03   1.1451865509062188E+05   2.7350775436644485E-06
   6.4000000000000000E+03   1.2182107080150183E+05   2.5309527977077170E-06
   6.5000000000000000E+03   1.2953695782370174E+05   2.3435778363973647E-06
   6.6000000000000000E+03   1.3772751520791723E+05   2.1708098544234661E-06
   6.7000000000000000E+03   1.4618048502167701E+05   2.0147549479337186E-06
   6.8000000000000000E+03   1.5493529645914838E+05   1.8729541762720891E-06
   6.9000000000000000E+03   1.6434673483525618E+05   1.7401082311795815E-06
   7.0000000000000000E+03   1.7419324295153897E+05   1.6182927472137192E-06
   7.1000000000000000E+03   1.8456934459620726E+05   1.5058042323225628E-06
   7.2000000000000000E+03   1.9502838498790414E+05   1.4052581456406220E-06
   7.3000000000000000E+03   2.0604134964099387E+05   1.3119255379237677E-06
   7.4000000000000000E+03   2.1772354678237575E+05   1.2247552563273323E-06
   7.5000000000000000E+03   2.2968796809472470E+05   1.1454784495349224E-06
   7.6000000000000000E+03   2.4206165818393018E+05   1.0726223350321391E-06
   7.7000000000000000E+03   2.5631381947590434E+05   9.9982429301462897E-07
   7.8000000000000000E+03   2.7001200096572528E+05   9.3693348895661192E-07
   7.9000000000000000E+03   2.8418848301639932E+05   8.7892712398562584E-07
   8.0000000000000000E+03   2.9827837523129291E+05   8.2694128858849756E-07
   8.1000000000000000E+03   3.1481551618755923E+05   7.7382950414004450E-07
   8.2000000000000000E+03   3.3044875685487548E+05   7.2822981787460570E-07
   8.3000000000000000E+03   3.4687719336354971E+05   6.8538184025354006E-07
   8.4000000000000000E+03   3.6428669067334605E+05   6.4485762839028895E-07
   8.5000000000000000E+03   3.8202990810681361E+05   6.0767328294931597E-07
   8.6000000000000000E+03   4.0240305623631366E+05   5.7019934025642493E-07
   8.7000000000000000E+03   4.2101650147349056E+05   5.3872615576733025E-07
   8.8000000000000000E+03   4.4114762315539434E+05   5.0829965675677342E-07
   8.9000000000000000E+03   4.6199761054685246E+05   4.7990657073100750E-07
   9.0000000000000000E+03   4.8380552357511478E+05   4.5318246821187702E-07
   9.1000000000000000E+03   5.0866431875464506E+05   4.2629846184108453E-07
   9.2000000000000000E+03   5.3070814245161891E+05   4.0415025205740320E-07
   9.3000000000000000E+03   5.5402488693677634E+05   3.8297833779907040E-07
   9.4000000000000000E+03   5.7892375513298577E+05   3.6260785533738470E-07
   9.5000000000000000E+03   6.0715178916138050E+05   3.4210982579051429E-07
   9.6000000000000000E+03   6.3285496511460270E+05   3.2479625081130250E-07
   9.7000000000000000E+03   6.5921546413595311E+05   3.0859388168706605E-07
   9.8000000000000000E+03   6.9058767800745182E+05   2.9156912361891184E-07
   9.9000000000000000E+03   7.1936672539021762E+05   2.7707726503142870E-07
   1.0000000000000000E+04   7.4927036650556058E+05   2.6335882479614196E-07
   1.1000000000000000E+04   1.1169338730291633E+06   1.6060767129987370E-07
   1.2000000000000000E+04   1.6176985592231769E+06   1.0165004786812482E-07
   1.3000000000000000E+04   2.2765286177068218E+06   6.6676065696852039E-08
   1.3040999000000000E+04   2.3092305437655295E+06   6.5525188265614557E-08
   1.3041001000000000E+04   2.3092321619370277E+06   6.5525132300392732E-08
   1.4000000000000000E+04   3.1367449924541200E+06   4.4934424436836973E-08
   1.5000000000000000E+04   4.2353653492784724E+06   3.1060203296841151E-08
   1.5205999000000000E+04   4.5015083904976510E+06   2.8827926802640865E-08
   1.5206001000000000E+04   4.5015112231092975E+06   2.8827904870790317E-08
   1.5866999000000000E+04   5.4160671773309913E+06   2.2961888062028383E-08
   1.5867001000000000E+04   5.4160704483565306E+06   2.2961871299946463E-08
   1.6000000000000000E+04   5.6426938533120034E+06   2.1856466998211444E-08
   1.7000000000000000E+04   7.3228546253750231E+06   1.5851015780079339E-08
   1.8000000000000000E+04   9.4382102757480200E+06   1.1615135438955520E-08
   1.9000000000000000E+04   1.1998896505481642E+07   8.6554873076664326E-09
   2.0000000000000000E+04   1.5082765626343498E+07   6.5414715068179702E-09
   2.1000000000000000E+04   1.8803553969442721E+07   4.9972053534882439E-09
   2.2000000000000000E+04   2.3143291664311115E+07   3.8755971048792986E-09
   2.3000000000000000E+04   2.8273381616839379E+07   3.0344559762599055E-09
   2.4000000000000000E+04   3.4215952620439112E+07   2.4029600725335899E-09
   2.5000000000000000E+04   4.1343335203101441E+07   1.9091537942751766E-09
   2.6000000000000000E+04   4.9152804422883421E+07   1.5440621695668393E-09
   2.7000000000000000E+04   5.8382076299424902E+07   1.2518235915638931E-09
   2.8000000000000000E+04   6.9048693909818992E+07   1.0206408178056290E-09
   2.9000000000000000E+04   8.1098949398047656E+07   8.3902172483217518E-10
   3.0000000000000000E+04   9.4534663490753308E+07   6.9578345089181693E-10
   3.1000000000000000E+04   1.0963886503894182E+08   5.8057750841273847E-10
   3.2000000000000000E+04   1.2717120155044445E+08   4.8489497025395270E-10
   3.3000000000000000E+04   1.4647714722082755E+08   4.0822784019389009E-10
   3.4000000000000000E+04   1.6790752248181292E+08   3.4565063704819781E-10
   3.5000000000000000E+04   1.9139654173808438E+08   2.9456714225053400E-10
   3.6000000000000000E+04   2.1805360755591017E+08   2.5137417326619151E-10
   3.7000000000000000E+04   2.4773728169781232E+08   2.1527487225213979E-10
   3.8000000000000000E+04   2.7938338609322375E+08   1.8586698704865905E-10
   3.9000000000000000E+04   3.1629102923015785E+08   1.5996867615292551E-10
   4.0000000000000000E+04   3.5455367536900395E+08   1.3913758119423645E-10
   4.1000000000000000E+04   3.9712801346753949E+08   1.2119146968260173E-10
   4.2000000000000000E+04   4.4395438474839342E+08   1.0582756223250064E-10
   4.3000000000000000E+04   4.9522710246516359E+08   9.2664539578285930E-11
   4.4000000000000000E+04   5.5139144472887552E+08   8.1334299823680435E-11
   4.5000000000000000E+04   6.1401289266227400E+08   7.1416149051093425E-11
   4.6000000000000000E+04   6.7743730001548362E+08   6.3322710318972898E-11
   4.7000000000000000E+04   7.4815153120609164E+08   5.6117589150481970E-11
   4.8000000000000000E+04   8.2424932114078546E+08   4.9875423541036060E-11
   4.9000000000000000E+04   9.0971331378557670E+08   4.4267582106886042E-11
   5.0000000000000000E+04   1.0017877248545705E+09   3.9394965276925292E-11
   5.1000000000000000E+04   1.0913392650683050E+09   3.5453284460471769E-11
   5.2000000000000000E+04   1.1960949615813205E+09   3.1726153974076385E-11
   5.3000000000000000E+04   1.3094236337084348E+09   2.8433504274604388E-11
   5.4000000000000000E+04   1.4232831547881799E+09   2.5674462664100056E-11
   5.5000000000000000E+04   1.5524058510398555E+09   2.3110985857596743E-11
   5.6000000000000000E+04   1.6919731480245495E+09   2.0825955631390928E-11
   5.7000000000000000E+04   1.8315612668282595E+09   1.8901232569567800E-11
   5.8000000000000000E+04   1.9830896335768344E+09   1.7156002243655240E-11
   5.9000000000000000E+04   2.1502001346301060E+09   1.5554481398047343E-11
   6.0000000000000000E+04   2.3223278833000131E+09   1.4161577886027490E-11
   6.1000000000000000E+04   2.5125726684808769E+09   1.2874725134883205E-11
   6.2000000000000000E+04   2.7071211072919846E+09   1.1756743892626258E-11
   6.3000000000000000E+04   2.9145632018368950E+09   1.0746632691705223E-11
   6.4000000000000000E+04   3.1362183865016184E+09   9.8310558120520041E-12
   6.5000000000000000E+04   3.3699781984344306E+09   9.0083652022140632E-12
   6.6000000000000000E+04   3.6180245418982716E+09   8.2636323710987963E-12
   6.7000000000000000E+04   3.8810035656826491E+09   7.5887035531999153E-12
   6.8000000000000000E+04   4.1597656876572304E+09   6.9760350063983674E-12
   6.9000000000000000E+04   4.4553902954724684E+09   6.4187666419467014E-12
   7.0000000000000000E+04   4.7523146196579552E+09   5.9317550339796757E-12
   7.1000000000000000E+04   5.0804651920634642E+09   5.4704695287379625E-12
   7.2000000000000000E+04   5.4167237455884724E+09   5.0596124060894491E-12
   7.3000000000000000E+04   5.8015251875991316E+09   4.6593076772310597E-12
   7.4000000000000000E+04   6.1787505113744411E+09   4.3157278782668862E-12
   7.5000000000000000E+04   6.5703586391656885E+09   4.0043874622250608E-12
   7.6000000000000000E+04   6.9872988909725857E+09   3.7158957284401839E-12
   7.7000000000000000E+04   7.4030395163744478E+09   3.4616698017151740E-12
   7.8000000000000000E+04   7.9008445385954533E+09   3.2019777745170812E-12
   7.9000000000000000E+04   8.3735647240799637E+09   2.9829705063262188E-12
   8.0000000000000000E+04   8.8398454030165672E+09   2.7903056300925499E-12
   8.1000000000000000E+04   9.4058165715453720E+09   2.5900306787184721E-12
   8.2000000000000000E+04   9.9551210677052994E+09   2.4172748516536627E-12
   8.3000000000000000E+04   1.0519724435336069E+10   2.2599767759211048E-12
   8.4000000000000000E+04   1.1111030716927364E+10   2.1142327600973759E-12
   8.5000000000000000E+04   1.1701981487577845E+10   1.9838466561456231E-12
   8.6000000000000000E+04   1.2355365533728989E+10   1.8570875669905373E-12
   8.7000000000000000E+04   1.3040018723348375E+10   1.7393579423878611E-12
   8.8000000000000000E+04   1.3731999639320404E+10   1.6329390570829551E-12
   8.8010998999999996E+04   1.3740322376913181E+10   1.6317460095275502E-12
   8.8011001000000004E+04   1.3740323891193172E+10   1.6317457926172066E-12
   8.9000000000000000E+04   1.4532294968102310E+10   1.5256756723567392E-12
   9.0000000000000000E+04   1.5269945394702059E+10   1.4358412924278039E-12
   9.1000000000000000E+04   1.6054401027333759E+10   1.3506752217622944E-12
   9.2000000000000000E+04   1.6880643137481152E+10   1.2706022382790716E-12
   9.3000000000000000E+04   1.7747504010671814E+10   1.1955457520718298E-12
   9.4000000000000000E+04   1.8617513076000523E+10   1.1275528605549577E-12
   9.5000000000000000E+04   1.9634258079000523E+10   1.0579090484735672E-12
   9.6000000000000000E+04   2.0568166132243916E+10   9.9935462721836716E-13
   9.7000000000000000E+04   2.1572605754663712E+10   9.4300086535385633E-13
   9.8000000000000000E+04   2.2593441957782555E+10   8.9120570665990731E-13
   9.9000000000000000E+04   2.3646828296306335E+10   8.4290443660416997E-13
   1.0000000000000000E+05   2.4751892171367634E+10   7.9721971076515057E-13
   1.1000000000000000E+05   3.8308602055901505E+10   4.6827119423828634E-13
   1.2000000000000000E+05   5.6981415308506905E+10   2.8858380419463348E-13
   1.3000000000000000E+05   8.1861869051714020E+10   1.8542206943637532E-13
   1.4000000000000000E+05   1.1375790166673964E+11   1.2390157411128350E-13
   1.5000000000000000E+05   1.5493049641785471E+11   8.4909886579196150E-14
   1.6000000000000000E+05   2.0705011171672150E+11   5.9564977272100751E-14
   1.7000000000000000E+05   2.7061924631654202E+11   4.2892250200961116E-14
   1.8000000000000000E+05   3.4778074712445264E+11   3.1521609968514297E-14
   1.9000000000000000E+05   4.4112634608246112E+11   2.3543435419698390E-14
   2.0000000000000000E+05   5.5076854582670886E+11   1.7913782901426346E-14
   2.1000000000000000E+05   6.7838259458664124E+11   1.3851360767585745E-14
   2.2000000000000000E+05   8.2898664312990027E+11   1.0819724891215949E-14
   2.3000000000000000E+05   9.9753051378547607E+11   8.6006724236152735E-15
   2.4000000000000000E+05   1.1932172560444060E+12   6.8905781888521746E-15
   2.5000000000000000E+05   1.4169887461655620E+12   5.5703184294569738E-15
   2.6000000000000000E+05   1.6670714951683831E+12   4.5525933385254189E-15
   2.7000000000000000E+05   1.9462574199852153E+12   3.7551076073307148E-15
   2.8000000000000000E+05   2.2544348088359658E+12   3.1260125661791065E-15
   2.9000000000000000E+05   2.6048788805025581E+12   2.6121667658075366E-15
   3.0000000000000000E+05   2.9821416472327192E+12   2.2056515810886974E-15
   3.1000000000000000E+05   3.4120217264869614E+12   1.8655760189149717E-15
   3.2000000000000000E+05   3.8687356162715649E+12   1.5939232377008634E-15
   3.3000000000000000E+05   4.3742050827678130E+12   1.3670152248527973E-15
   3.4000000000000000E+05   4.9455952456883242E+12   1.1735158100861860E-15
   3.5000000000000000E+05   5.5323627192806504E+12   1.0190787408052178E-15
   3.6000000000000000E+05   6.1678049623464727E+12   8.8869615141371913E-16
   3.7000000000000000E+05   6.8652288229601846E+12   7.7683662183590714E-16
   3.8000000000000000E+05   7.6430694672088086E+12   6.7941484016844216E-16
   3.9000000000000000E+05   8.4227128720691309E+12   6.0071687107820157E-16
   4.0000000000000000E+05   9.3089207616698555E+12   5.2994049533106678E-16
   4.1000000000000000E+05   1.0187735875515721E+13   4.7241632677120046E-16
   4.2000000000000000E+05   1.1172508561407967E+13   4.2051979662507739E-16
   4.3000000000000000E+05   1.2182165579266256E+13   3.7669814236252583E-16
   4.4000000000000000E+05   1.3313065459999705E+13   3.3686484319135669E-16
   4.5000000000000000E+05   1.4418673011498959E+13   3.0412255154611707E-16
   4.6000000000000000E+05   1.5626194862801557E+13   2.7452086886657921E-16
   4.7000000000000000E+05   1.6925276278730619E+13   2.4805775432621910E-16
   4.8000000000000000E+05   1.8268980445186410E+13   2.2502505883485085E-16
   4.9000000000000000E+05   1.9726156207550754E+13   2.0414929491593295E-16
   5.0000000000000000E+05   2.1270988078512176E+13   1.8553624537716469E-16
   5.1000000000000000E+05   2.2829553619934375E+13   1.6948014863314723E-16
   5.2000000000000000E+05   2.4514671909732402E+13   1.5479502666189337E-16
   5.3000000000000000E+05   2.6304115737184625E+13   1.4154249798135104E-16
   5.4000000000000000E+05   2.8224998622184676E+13   1.2946689814655952E-16
   5.5000000000000000E+05   3.0068515340604398E+13   1.1931959148040656E-16
   5.6000000000000000E+05   3.2066156822325965E+13   1.0988830967648259E-16
   5.7000000000000000E+05   3.4182685795926793E+13   1.0127573262209351E-16
   5.8000000000000000E+05   3.6364276141527922E+13   9.3558551999226229E-17
   5.9000000000000000E+05   3.8631045046000797E+13   8.6576089143737089E-17
   6.0000000000000000E+05   4.0981181204062742E+13   8.0251047505156100E-17
   6.1000000000000000E+05   4.3463026021240531E+13   7.4428049423669663E-17
   6.2000000000000000E+05   4.5801813231930070E+13   6.9488361483835291E-17
   6.3000000000000000E+05   4.8239445829551164E+13   6.4929726385276877E-17
   6.4000000000000000E+05   5.0747602401609797E+13   6.0756245689161926E-17
   6.5000000000000000E+05   5.3300699459643945E+13   5.6956089962725527E-17
   6.6000000000000000E+05   5.5989697020472109E+13   5.3399154335356591E-17
   6.7000000000000000E+05   5.8977213310055109E+13   4.9937567233031990E-17
   6.8000000000000000E+05   6.1793921132803023E+13   4.6960397598247226E-17
   6.9000000000000000E+05   6.4661488792932391E+13   4.4227423678740840E-17
   7.0000000000000000E+05   6.7459792266456180E+13   4.1787211642850420E-17
   7.1000000000000000E+05   7.0770781333949422E+13   3.9271192858322584E-17
   7.2000000000000000E+05   7.3811739208269969E+13   3.7130303333196737E-17
   7.3000000000000000E+05   7.7046835747953031E+13   3.5083972734010892E-17
   7.4000000000000000E+05   8.0310836645956234E+13   3.3203247467522328E-17
   7.5000000000000000E+05   8.3658759299594672E+13   3.1449500300113425E-17
   7.6000000000000000E+05   8.7447351429717938E+13   2.9691092614928858E-17
   7.7000000000000000E+05   9.0875824432083016E+13   2.8199885387438819E-17
   7.8000000000000000E+05   9.4974408631649047E+13   2.6636995141096301E-17
   7.9000000000000000E+05   9.8435424177826234E+13   2.5375109431763686E-17
   8.0000000000000000E+05   1.0203456931208294E+14   2.4174032941465003E-17
   8.1000000000000000E+05   1.0633241995331470E+14   2.2910560569765056E-17
   8.2000000000000000E+05   1.1107406663935236E+14   2.1665060558434504E-17
   8.3000000000000000E+05   1.1622227755661947E+14   2.0455917241311369E-17
   8.4000000000000000E+05   1.2056580510902431E+14   1.9484218696116643E-17
   8.5000000000000000E+05   1.2613978849265822E+14   1.8404134906061367E-17
   8.6000000000000000E+05   1.3051972360427486E+14   1.7579715222106098E-17
   8.7000000000000000E+05   1.3641578468977569E+14   1.6626565750380031E-17
   8.8000000000000000E+05   1.4048693176692530E+14   1.5961284270979064E-17
   8.9000000000000000E+05   1.4645394354494669E+14   1.5138936077567281E-17
   9.0000000000000000E+05   1.5113223341047297E+14   1.4507307697413839E-17
   9.1000000000000000E+05   1.5597052561178041E+14   1.3902807330295378E-17
   9.2000000000000000E+05   1.6183060739220222E+14   1.3253724557859689E-17
   9.3000000000000000E+05   1.6710512698798891E+14   1.2697368065410431E-17
   9.4000000000000000E+05   1.7213825389297047E+14   1.2194982608755839E-17
   9.5000000000000000E+05   1.7803901532578425E+14   1.1666689598249943E-17
   9.6000000000000000E+05   1.8343191977205550E+14   1.1205733453150855E-17
   9.7000000000000000E+05   1.8968465960536109E+14   1.0724634209697842E-17
   9.8000000000000000E+05   1.9435861621453934E+14   1.0359923731726455E-17
   9.9000000000000000E+05   1.9979193397373306E+14   9.9763869772611157E-18
   1.0000000000000000E+06   2.0589686153732000E+14   9.5837771253114687E-18
   1.1000000000000000E+06   2.5812938489295097E+14   6.9495438660560436E-18
   1.2000000000000000E+06   3.0762195454390369E+14   5.3454941545065754E-18
   1.3000000000000000E+06   3.5368344930162088E+14   4.2916899836479915E-18
   1.4000000000000000E+06   4.0021775645691475E+14   3.5217785459808823E-18
   1.5000000000000000E+06   4.4624927484492844E+14   2.9479332785627508E-18
   1.6000000000000000E+06   4.9994949460172825E+14   2.4668362168096899E-18
   1.7000000000000000E+06   5.5703111257161562E+14   2.0838097119238222E-18
   1.8000000000000000E+06   6.1525572002254588E+14   1.7817971793929483E-18
   1.9000000000000000E+06   6.7677895275304562E+14   1.5345674682512812E-18
   2.0000000000000000E+06   7.3743600311747612E+14   1.3379260189581774E-18
   2.1000000000000000E+06   7.9997975720198725E+14   1.1745949783699211E-18
   2.2000000000000000E+06   8.6643550086950088E+14   1.0352077457764595E-18
   2.3000000000000000E+06   9.2847213297221300E+14   9.2403776881974360E-19
   2.4000000000000000E+06   9.9518589805082100E+14   8.2617296076694945E-19
   2.5000000000000000E+06   1.0634979256404519E+15   7.4218090480485402E-19
   2.6000000000000000E+06   1.1309583012520560E+15   6.7106794082036841E-19
   2.7000000000000000E+06   1.2014352829209960E+15   6.0830626064532836E-19
   2.8000000000000000E+06   1.2721560247780342E+15   5.5397226478430190E-19
   2.9000000000000000E+06   1.3432150999863245E+15   5.0657396873159034E-19
   3.0000000000000000E+06   1.4117623079667485E+15   4.6591167664211517E-19
   3.1000000000000000E+06   1.4840674680880460E+15   4.2891486039725600E-19
   3.2000000000000000E+06   1.5557396545330162E+15   3.9636886424593941E-19
   3.3000000000000000E+06   1.6392133164040442E+15   3.6478503956334369E-19
   3.4000000000000000E+06   1.7102205128000378E+15   3.3935589987750934E-19
   3.5000000000000000E+06   1.7786712532810105E+15   3.1697331495307686E-19
   3.6000000000000000E+06   1.8528975822377125E+15   2.9582339494922715E-19
   3.7000000000000000E+06   1.9261809231217468E+15   2.7687747827527426E-19
   3.8000000000000000E+06   2.0106208178113870E+15   2.5826922582610515E-19
   3.9000000000000000E+06   2.0828043368646622E+15   2.4292563794619327E-19
   4.0000000000000000E+06   2.1717110683936980E+15   2.2715609600340563E-19
   4.1000000000000000E+06   2.2366012676648528E+15   2.1518599805906515E-19
   4.2000000000000000E+06   2.3111944961499305E+15   2.0328280617930438E-19
   4.3000000000000000E+06   2.3986497414738555E+15   1.9131593347357923E-19
   4.4000000000000000E+06   2.4698927423675275E+15   1.8157483649594571E-19
   4.5000000000000000E+06   2.5609924175156585E+15   1.7122438927093734E-19
   4.6000000000000000E+06   2.6296667721709325E+15   1.6312776341898890E-19
   4.7000000000000000E+06   2.7220754112668340E+15   1.5423694757592398E-19
   4.8000000000000000E+06   2.7839064205177135E+15   1.4766941766549422E-19
   4.9000000000000000E+06   2.8593268038138485E+15   1.4084017523990645E-19
   5.0000000000000000E+06   2.9457654766149495E+15   1.3397330150276062E-19
   5.1000000000000000E+06   3.0375932194416690E+15   1.2737571693177733E-19
   5.2000000000000000E+06   3.1055253817951130E+15   1.2219347212937879E-19
   5.3000000000000000E+06   3.1981477763099065E+15   1.1641582906864709E-19
   5.4000000000000000E+06   3.2654826197561970E+15   1.1190391887855130E-19
   5.5000000000000000E+06   3.3566040986033060E+15   1.0688668849436650E-19
   5.6000000000000000E+06   3.4529569443546280E+15   1.0204864490961684E-19
   5.7000000000000000E+06   3.5099674512454210E+15   9.8629876061812439E-20
   5.8000000000000000E+06   3.5861205778833420E+15   9.4871015806988189E-20
   5.9000000000000000E+06   3.6732218614828465E+15   9.1051532571139950E-20
   6.0000000000000000E+06   3.7646595793609940E+15   8.7359365443153339E-20
   6.1000000000000000E+06   3.8337338840979710E+15   8.4379050466416353E-20
   6.2000000000000000E+06   3.9242992249443975E+15   8.1102198686711058E-20
   6.3000000000000000E+06   4.0192469925332250E+15   7.7929373947631331E-20
   6.4000000000000000E+06   4.0843827713979195E+15   7.5488365616448877E-20
   6.5000000000000000E+06   4.1761220442910220E+15   7.2694222086966394E-20
   6.6000000000000000E+06   4.2720771176652385E+15   6.9984749573528821E-20
   6.7000000000000000E+06   4.3299471378304350E+15   6.8018810880066735E-20
   6.8000000000000000E+06   4.4192992061413990E+15   6.5663512927988745E-20
   6.9000000000000000E+06   4.5124166856649700E+15   6.3376484481768086E-20
   7.0000000000000000E+06   4.5821498952028600E+15   6.1520392856906487E-20
   7.1000000000000000E+06   4.6733694512222430E+15   5.9470004062547125E-20
   7.2000000000000000E+06   4.7682947015062520E+15   5.7476570512475503E-20
   7.3000000000000000E+06   4.8313738283481040E+15   5.5949077439681803E-20
   7.4000000000000000E+06   4.9232141241433620E+15   5.4163408623699263E-20
   7.5000000000000000E+06   5.0186136900118570E+15   5.2425357642809592E-20
   7.6000000000000000E+06   5.1177835237968360E+15   5.0733044845627552E-20
   7.7000000000000000E+06   5.1729136655505890E+15   4.9540510419498538E-20
   7.8000000000000000E+06   5.2663912037055660E+15   4.8037313663095829E-20
   7.9000000000000000E+06   5.3633093009778780E+15   4.6572172520779256E-20
   8.0000000000000000E+06   5.4638614698027420E+15   4.5143659907020608E-20
   8.1000000000000000E+06   5.5082081324637560E+15   4.4227365583959088E-20
   8.2000000000000000E+06   5.5998847588014680E+15   4.2972783974365231E-20
   8.3000000000000000E+06   5.6946647009076410E+15   4.1748433246930271E-20
   8.4000000000000000E+06   5.7617264998741700E+15   4.0771295098247192E-20
   8.5000000000000000E+06   5.8527892408729660E+15   3.9664740842345274E-20
   8.6000000000000000E+06   5.9308808533417010E+15   3.8687332093989648E-20
   8.7000000000000000E+06   6.0206093857714120E+15   3.7672698363300798E-20
   8.8000000000000000E+06   6.1130946377967290E+15   3.6681124490127618E-20
   8.9000000000000000E+06   6.2084656329843720E+15   3.5711833175902131E-20
   9.0000000000000000E+06   6.2768194220432600E+15   3.4930458655275120E-20
   9.1000000000000000E+06   6.3698369324914800E+15   3.4042129959790520E-20
   9.2000000000000000E+06   6.4656528046510480E+15   3.3173112757686011E-20
   9.3000000000000000E+06   6.5643952469542020E+15   3.2322784097562247E-20
   9.4000000000000000E+06   6.6257922422904930E+15   3.1682596371308568E-20
   9.5000000000000000E+06   6.7202263091668450E+15   3.0908571119854234E-20
   9.6000000000000000E+06   6.8173911382360830E+15   3.0150671394471853E-20
   9.7000000000000000E+06   6.8784880700653120E+15   2.9574792726786399E-20
   9.8000000000000000E+06   6.9694888143230090E+15   2.8890790906335769E-20
   9.9000000000000000E+06   7.0629296767151370E+15   2.8220607304480082E-20
   1.0000000000000000E+07   7.1589101359296320E+15   2.7563827374661517E-20
   1.1000000000000000E+07   8.0051411869747430E+15   2.2409117360109431E-20
   1.2000000000000000E+07   8.8918562965269540E+15   1.8493229141080510E-20
   1.3000000000000000E+07   9.7396190303781300E+15   1.5584795586105255E-20
   1.4000000000000000E+07   1.0616883709628744E+16   1.3275819411417961E-20
   1.5000000000000000E+07   1.1532379343890590E+16   1.1407126392757519E-20
   1.6000000000000000E+07   1.2375145396483186E+16   9.9658911499312606E-21
   1.7000000000000000E+07   1.3281620576243158E+16   8.7394970783662723E-21
   1.8000000000000000E+07   1.4148128454589798E+16   7.7484517479477050E-21
   1.9000000000000000E+07   1.5057167639818800E+16   6.8974656385275708E-21
   2.0000000000000000E+07   1.5906500988636854E+16   6.2027143278852994E-21
   2.1000000000000000E+07   1.6787403150610922E+16   5.5973648644569974E-21
   2.2000000000000000E+07   1.7681579464563192E+16   5.0727410609070929E-21
   2.3000000000000000E+07   1.8592631004058008E+16   4.6144266401871699E-21
   2.4000000000000000E+07   1.9494083723618408E+16   4.2176677373659608E-21
   2.5000000000000000E+07   2.0387241532789964E+16   3.8715774835964303E-21
   2.6000000000000000E+07   2.1255600070520624E+16   3.5705877785473868E-21
   2.7000000000000000E+07   2.2143735694214064E+16   3.3004395213766688E-21
   2.8000000000000000E+07   2.3041177321436508E+16   3.0586073982843899E-21
   2.9000000000000000E+07   2.3903454052479528E+16   2.8466087058647904E-21
   3.0000000000000000E+07   2.4899302754699896E+16   2.6416665173516730E-21
   3.1000000000000000E+07   2.5682182350561636E+16   2.4785221995792472E-21
   3.2000000000000000E+07   2.6646141200081632E+16   2.3142066061247649E-21
   3.3000000000000000E+07   2.7516882833320328E+16   2.1730677057400399E-21
   3.4000000000000000E+07   2.8384120905367772E+16   2.0447116295945485E-21
   3.5000000000000000E+07   2.9371097359764816E+16   1.9195446341632369E-21
   3.6000000000000000E+07   3.0171228671304056E+16   1.8167322890370169E-21
   3.7000000000000000E+07   3.1159364884818952E+16   1.7115756969607690E-21
   3.8000000000000000E+07   3.1979105984985616E+16   1.6238148817850102E-21
   3.9000000000000000E+07   3.2834902547738752E+16   1.5409412941436935E-21
   4.0000000000000000E+07   3.3710977550941328E+16   1.4633731911162640E-21
   4.1000000000000000E+07   3.4669754668350328E+16   1.3881992550757567E-21
   4.2000000000000000E+07   3.5684665636230392E+16   1.3166050302752739E-21
   4.3000000000000000E+07   3.6451354348258960E+16   1.2589378983888119E-21
   4.4000000000000000E+07   3.7283449666199152E+16   1.2028671565348368E-21
   4.5000000000000000E+07   3.8246119953280392E+16   1.1465329375954361E-21
   4.6000000000000000E+07   3.9104306108657944E+16   1.0969934049961289E-21
   4.7000000000000000E+07   4.0083901730392984E+16   1.0474145090195495E-21
   4.8000000000000000E+07   4.0898838362215408E+16   1.0051577414308079E-21
   4.9000000000000000E+07   4.1884737390704800E+16   9.6146738216550069E-22
   5.0000000000000000E+07   4.2685789900542104E+16   9.2455575327176021E-22
   5.1000000000000000E+07   4.3657147030398424E+16   8.8625950249126287E-22
   5.2000000000000000E+07   4.4673741964585416E+16   8.4943618443309235E-22
   5.3000000000000000E+07   4.5364665740263936E+16   8.2071590033279012E-22
   5.4000000000000000E+07   4.6333941277761632E+16   7.8866656300594746E-22
   5.5000000000000000E+07   4.7345540807155816E+16   7.5778265612735354E-22
   5.6000000000000000E+07   4.8062957350646912E+16   7.3314168858129636E-22
   5.7000000000000000E+07   4.9044151183478880E+16   7.0586939796798651E-22
   5.8000000000000000E+07   4.9824559490526416E+16   6.8283373803801513E-22
   5.9000000000000000E+07   5.0787731414520896E+16   6.5853006355429439E-22
   6.0000000000000000E+07   5.1604172262906792E+16   6.3730946072913459E-22
   6.1000000000000000E+07   5.2558633468598560E+16   6.1547799768116505E-22
   6.2000000000000000E+07   5.3395403852670224E+16   5.9606121966175663E-22
   6.3000000000000000E+07   5.4348915018956216E+16   5.7630847232142158E-22
   6.4000000000000000E+07   5.5337100126156944E+16   5.5717299833547203E-22
   6.5000000000000000E+07   5.6361885550021560E+16   5.3862630816447476E-22
   6.6000000000000000E+07   5.7026379521964600E+16   5.2428411157234275E-22
   6.7000000000000000E+07   5.8021929431263760E+16   5.0759748663249475E-22
   6.8000000000000000E+07   5.8768451334922760E+16   4.9377974740449667E-22
   6.9000000000000000E+07   5.9726087593105560E+16   4.7882109406297260E-22
   7.0000000000000000E+07   6.0559693840793672E+16   4.6548396103717557E-22
   7.1000000000000000E+07   6.1503665864690280E+16   4.5188412160896802E-22
   7.2000000000000000E+07   6.2477532123018416E+16   4.3866205549821078E-22
   7.3000000000000000E+07   6.3482735524217584E+16   4.2580223777404949E-22
   7.4000000000000000E+07   6.4198976261959680E+16   4.1536185446301192E-22
   7.5000000000000000E+07   6.5179336027749952E+16   4.0365955470604463E-22
   7.6000000000000000E+07   6.6190101560817280E+16   3.9226521020583963E-22
   7.7000000000000000E+07   6.6877277422699368E+16   3.8319260774870151E-22
   7.8000000000000000E+07   6.7844366751648464E+16   3.7288768137676833E-22
   7.9000000000000000E+07   6.8839835965323048E+16   3.6284363921678262E-22
   8.0000000000000000E+07   6.9565345061838792E+16   3.5457123622773117E-22
   8.1000000000000000E+07   7.0518299001178448E+16   3.4546144509659826E-22
   8.2000000000000000E+07   7.1497723996129096E+16   3.3657384399305391E-22
   8.3000000000000000E+07   7.2504738546833792E+16   3.2790040195224556E-22
   8.4000000000000000E+07   7.3540525068009728E+16   3.1943347043621849E-22
   8.5000000000000000E+07   7.4059497525698528E+16   3.1346333178069084E-22
   8.6000000000000000E+07   7.5044218322521344E+16   3.0575301110739324E-22
   8.7000000000000000E+07   7.6055478373820240E+16   2.9821993918520586E-22
   8.8000000000000000E+07   7.7094365225809904E+16   2.9085807344306817E-22
   8.9000000000000000E+07   7.7594656066878928E+16   2.8573577125254927E-22
   9.0000000000000000E+07   7.8559536850522304E+16   2.7909047086859487E-22
   9.1000000000000000E+07   7.9548716150589696E+16   2.7259122104252947E-22
   9.2000000000000000E+07   8.0563123533099440E+16   2.6623325925616116E-22
   9.3000000000000000E+07   8.1163639535587312E+16   2.6142190211336133E-22
   9.4000000000000000E+07   8.2119560886759296E+16   2.5563008251117476E-22
   9.5000000000000000E+07   8.3098267716693472E+16   2.4996019595324476E-22
   9.6000000000000000E+07   8.4100584528802304E+16   2.4440843203193831E-22
   9.7000000000000000E+07   8.4754851787088368E+16   2.4002149099014209E-22
   9.8000000000000000E+07   8.5710567012549504E+16   2.3492324351228513E-22
   9.9000000000000000E+07   8.6688081784632608E+16   2.2992799093297078E-22
   1.0000000000000000E+08   8.7424029608151152E+16   2.2571250039826674E-22
   1.1000000000000000E+08   9.6773573801171344E+16   1.8536894040074337E-22
   1.2000000000000000E+08   1.0578447302081587E+17   1.5544732727351656E-22
   1.3000000000000000E+08   1.1459551429078208E+17   1.3245716694444262E-22
   1.4000000000000000E+08   1.2338274100643283E+17   1.1423626164514192E-22
   1.5000000000000000E+08   1.3228144125732646E+17   9.9448046176847933E-23
   1.6000000000000000E+08   1.4159633319116171E+17   8.7099255472543862E-23
   1.7000000000000000E+08   1.5071799389927082E+17   7.7014483286993932E-23
   1.8000000000000000E+08   1.5971418258635910E+17   6.8638920400747143E-23
   1.9000000000000000E+08   1.6808142316259923E+17   6.1789277158089368E-23
   2.0000000000000000E+08   1.7720459164702640E+17   5.5677722948210720E-23
   2.1000000000000000E+08   1.8645632608638518E+17   5.0395297672641150E-23
   2.2000000000000000E+08   1.9540344442841030E+17   4.5901992379895042E-23
   2.3000000000000000E+08   2.0438119500361795E+17   4.1977605530086306E-23
   2.4000000000000000E+08   2.1357737245028310E+17   3.8496385196308868E-23
   2.5000000000000000E+08   2.2256331875934538E+17   3.5464417816458945E-23
   2.6000000000000000E+08   2.3138427098364141E+17   3.2800408392002412E-23
   2.7000000000000000E+08   2.4015929320743674E+17   3.0431493805645582E-23
   2.8000000000000000E+08   2.4903173187760730E+17   2.8299170908534793E-23
   2.9000000000000000E+08   2.5793836758096432E+17   2.6379860058883622E-23
   3.0000000000000000E+08   2.6686517334721584E+17   2.4647522779944348E-23
   3.1000000000000000E+08   2.7580711921735165E+17   2.3079121115559928E-23
   3.2000000000000000E+08   2.8556258291822419E+17   2.1594102197423021E-23
   3.3000000000000000E+08   2.9381477317483398E+17   2.0351614318637192E-23
   3.4000000000000000E+08   3.0386436229699405E+17   1.9099752821391438E-23
   3.5000000000000000E+08   3.1182908103842611E+17   1.8080139334238384E-23
   3.6000000000000000E+08   3.2186838054132493E+17   1.7029645855517641E-23
   3.7000000000000000E+08   3.2996714050655526E+17   1.6162703833998707E-23
   3.8000000000000000E+08   3.3854561074201171E+17   1.5338597387449668E-23
   3.9000000000000000E+08   3.4827395228600109E+17   1.4527832728485202E-23
   4.0000000000000000E+08   3.5681746290819226E+17   1.3825483874106974E-23
   4.1000000000000000E+08   3.6559360031583616E+17   1.3164488536638756E-23
   4.2000000000000000E+08   3.7536140293735648E+17   1.2516633280005348E-23
   4.3000000000000000E+08   3.8343259181057978E+17   1.1968203125334014E-23
   4.4000000000000000E+08   3.9325322142980326E+17   1.1404111814452355E-23
   4.5000000000000000E+08   4.0145142916203430E+17   1.0922974256983660E-23
   4.6000000000000000E+08   4.1119281358767251E+17   1.0432372476033383E-23
   4.7000000000000000E+08   4.1968092345698726E+17   1.0003900083114069E-23
   4.8000000000000000E+08   4.2955452783929485E+17   9.5703295695879930E-24
   4.9000000000000000E+08   4.3762217733005485E+17   9.2021864745118118E-24
   5.0000000000000000E+08   4.4754373656007629E+17   8.8182203015141820E-24
   5.1000000000000000E+08   4.5536227777941606E+17   8.4968745316430368E-24
   5.2000000000000000E+08   4.6510722334062554E+17   8.1588698292382273E-24
   5.3000000000000000E+08   4.7311629980408077E+17   7.8694186824115965E-24
   5.4000000000000000E+08   4.8266922713429050E+17   7.5708224522639322E-24
   5.5000000000000000E+08   4.9261588022453696E+17   7.2830842668489147E-24
   5.6000000000000000E+08   5.0038605209325830E+17   7.0419544195642166E-24
   5.7000000000000000E+08   5.1020470448280269E+17   6.7852697487033918E-24
   5.8000000000000000E+08   5.1818060798270144E+17   6.5656432677907884E-24
   5.9000000000000000E+08   5.2790874105722227E+17   6.3354222794650809E-24
   6.0000000000000000E+08   5.3600155955018816E+17   6.1357708033248861E-24
   6.1000000000000000E+08   5.4565446183955674E+17   5.9284189446659476E-24
   6.2000000000000000E+08   5.5386254768848550E+17   5.7463588533983006E-24
   6.3000000000000000E+08   5.6347193060085216E+17   5.5587046108049833E-24
   6.4000000000000000E+08   5.7342064177415590E+17   5.3769145632927069E-24
   6.5000000000000000E+08   5.8372697788724877E+17   5.2007180557038840E-24
   6.6000000000000000E+08   5.8985137639699789E+17   5.0687386552333257E-24
   6.7000000000000000E+08   5.9974836136390170E+17   4.9106904572278395E-24
   6.8000000000000000E+08   6.0998313258738893E+17   4.7572907356342790E-24
   6.9000000000000000E+08   6.2057328337717978E+17   4.6083373827825620E-24
   7.0000000000000000E+08   6.2581763248432678E+17   4.5044378274076953E-24
   7.1000000000000000E+08   6.3570823187597670E+17   4.3719002887505809E-24
   7.2000000000000000E+08   6.4591647914170982E+17   4.2430443483894968E-24
   7.3000000000000000E+08   6.5233217009906790E+17   4.1437617344741497E-24
   7.4000000000000000E+08   6.6201698396328512E+17   4.0279640070795103E-24
   7.5000000000000000E+08   6.7199370168013478E+17   3.9152542190820609E-24
   7.6000000000000000E+08   6.7912332125660109E+17   3.8231751567974145E-24
   7.7000000000000000E+08   6.8871846280401421E+17   3.7209512622039386E-24
   7.8000000000000000E+08   6.9858862411640538E+17   3.6213484931128591E-24
   7.9000000000000000E+08   7.0602157371021184E+17   3.5378659144198460E-24
   8.0000000000000000E+08   7.1558847057472742E+17   3.4469351326153134E-24
   8.1000000000000000E+08   7.2367829530205082E+17   3.3663236325932779E-24
   8.2000000000000000E+08   7.3305231727397248E+17   3.2827484798929782E-24
   8.3000000000000000E+08   7.4267237525942784E+17   3.2011871862938894E-24
   8.4000000000000000E+08   7.5254828447201690E+17   3.1215678282566841E-24
   8.5000000000000000E+08   7.6269038924447654E+17   3.0438218668791777E-24
   8.6000000000000000E+08   7.6864564485441600E+17   2.9851201098859236E-24
   8.7000000000000000E+08   7.7832803726685018E+17   2.9141003599188259E-24
   8.8000000000000000E+08   7.8825747384783040E+17   2.8446946951782530E-24
   8.9000000000000000E+08   7.9844353169472064E+17   2.7768487082970194E-24
   9.0000000000000000E+08   8.0459250020650650E+17   2.7250090107978484E-24
   9.1000000000000000E+08   8.1420245136443290E+17   2.6632542841791395E-24
   9.2000000000000000E+08   8.2404473758774720E+17   2.6028420516173593E-24
   9.3000000000000000E+08   8.3140197693721920E+17   2.5520691095781045E-24
   9.4000000000000000E+08   8.4090915130069082E+17   2.4963731329114002E-24
   9.5000000000000000E+08   8.5063627197382246E+17   2.4418497031218896E-24
   9.6000000000000000E+08   8.6059106089074010E+17   2.3884621781196599E-24
   9.7000000000000000E+08   8.6713270328660467E+17   2.3460060746736363E-24
   9.8000000000000000E+08   8.7670441170647578E+17   2.2967153052956939E-24
   9.9000000000000000E+08   8.8648979029703680E+17   2.2484203090364977E-24
   1.0000000000000000E+09   8.9649607448662797E+17   2.2010912127024856E-24
   1.1000000000000000E+09   9.8673008462232333E+17   1.8180062728281421E-24
   1.2000000000000000E+09   1.0735512079040531E+18   1.5317307155033166E-24
   1.3000000000000000E+09   1.1691740719999788E+18   1.2982666594319293E-24
   1.4000000000000000E+09   1.2534774782024566E+18   1.1244544341010576E-24
   1.5000000000000000E+09   1.3460120591985293E+18   9.7734123469381838E-25
   1.6000000000000000E+09   1.4332668014985636E+18   8.6047728069174818E-25
   1.7000000000000000E+09   1.5276709029614359E+18   7.5981472185555293E-25
   1.8000000000000000E+09   1.6114877788411185E+18   6.8027875912897860E-25
   1.9000000000000000E+09   1.7038366786907164E+18   6.0954372979578079E-25
   2.0000000000000000E+09   1.7954540903289526E+18   5.4951826460047749E-25
   2.1000000000000000E+09   1.8857518825488307E+18   4.9829047729067346E-25
   2.2000000000000000E+09   1.9762805061114253E+18   4.5385295201876720E-25
   2.3000000000000000E+09   2.0598627062441188E+18   4.1650509791853835E-25
   2.4000000000000000E+09   2.1504446139611451E+18   3.8233752897809724E-25
   2.5000000000000000E+09   2.2413526990249047E+18   3.5215691535442077E-25
   2.6000000000000000E+09   2.3424930169708099E+18   3.2399236748050317E-25
   2.7000000000000000E+09   2.4272212398246093E+18   3.0110176706176309E-25
   2.8000000000000000E+09   2.5112958340140831E+18   2.8062769215000020E-25
   2.9000000000000000E+09   2.5985205760063631E+18   2.6185584610841509E-25
   3.0000000000000000E+09   2.6971653359635067E+18   2.4386956748795672E-25
   3.1000000000000000E+09   2.7836451891626486E+18   2.2867087852046666E-25
   3.2000000000000000E+09   2.8717735258966185E+18   2.1472680709983697E-25
   3.3000000000000000E+09   2.9611885924358292E+18   2.0193259423079696E-25
   3.4000000000000000E+09   3.0620666389958226E+18   1.8953650900966696E-25
   3.5000000000000000E+09   3.1439971637131965E+18   1.7932310177352825E-25
   3.6000000000000000E+09   3.2289029602065085E+18   1.6975748730327856E-25
   3.7000000000000000E+09   3.3282032171732588E+18   1.6024145218778147E-25
   3.8000000000000000E+09   3.4071983169955021E+18   1.5240717848907145E-25
   3.9000000000000000E+09   3.5066199757778888E+18   1.4428896651046579E-25
   4.0000000000000000E+09   3.6120182570813251E+18   1.3657666513079044E-25
   4.1000000000000000E+09   3.6811277555691223E+18   1.3074397521642723E-25
   4.2000000000000000E+09   3.7833204635104860E+18   1.2418353331020150E-25
   4.3000000000000000E+09   3.8606838948954747E+18   1.1886492830272358E-25
   4.4000000000000000E+09   3.9452973567358689E+18   1.1367213426694598E-25
   4.5000000000000000E+09   4.0418984041846830E+18   1.0848970428416135E-25
   4.6000000000000000E+09   4.1261261943959921E+18   1.0396474534978966E-25
   4.7000000000000000E+09   4.2237266591551299E+18   9.9401461407366674E-26
   4.8000000000000000E+09   4.3074418306161480E+18   9.5438976570991022E-26
   4.9000000000000000E+09   4.3937505244223411E+18   9.1654745957668867E-26
   5.0000000000000000E+09   4.4895091401462523E+18   8.7905807524896036E-26
   5.1000000000000000E+09   4.5895347310902897E+18   8.4303886285565281E-26
   5.2000000000000000E+09   4.6622552809735322E+18   8.1392996804804067E-26
   5.3000000000000000E+09   4.7600278033385308E+18   7.8216985329799562E-26
   5.4000000000000000E+09   4.8619889563261706E+18   7.5158603909424861E-26
   5.5000000000000000E+09   4.9317959052648530E+18   7.2747596124835583E-26
   5.6000000000000000E+09   5.0290581209551503E+18   7.0066714010399386E-26
   5.7000000000000000E+09   5.1302338220851651E+18   6.7479897935066204E-26
   5.8000000000000000E+09   5.2023033324255099E+18   6.5397744093386677E-26
   5.9000000000000000E+09   5.2997567554992036E+18   6.3107137816238407E-26
   6.0000000000000000E+09   5.4009310204536279E+18   6.0892885081661758E-26
   6.1000000000000000E+09   5.4743196615508972E+18   5.9091694471759800E-26
   6.2000000000000000E+09   5.5728668949617101E+18   5.7110514470619430E-26
   6.3000000000000000E+09   5.6514683089767219E+18   5.5422305274454724E-26
   6.4000000000000000E+09   5.7484207592010168E+18   5.3636188595155192E-26
   6.5000000000000000E+09   5.8305352356904243E+18   5.2067251303390700E-26
   6.6000000000000000E+09   5.9269232368209562E+18   5.0444427115436981E-26
   6.7000000000000000E+09   6.0265517012259389E+18   4.8870045440556477E-26
   6.8000000000000000E+09   6.1295868341820570E+18   4.7341969109054839E-26
   6.9000000000000000E+09   6.1928084863942666E+18   4.6179549502075512E-26
   7.0000000000000000E+09   6.2921829181812654E+18   4.4800932418473596E-26
   7.1000000000000000E+09   6.3657039850213612E+18   4.3659790166796103E-26
   7.2000000000000000E+09   6.4607159433963274E+18   4.2420256367332937E-26
   7.3000000000000000E+09   6.5586070966658560E+18   4.1214682397992044E-26
   7.4000000000000000E+09   6.6379404096461670E+18   4.0171806598390159E-26
   7.5000000000000000E+09   6.7340381844820746E+18   3.9070556234187375E-26
   7.6000000000000000E+09   6.8329592563136256E+18   3.7998286142726770E-26
   7.7000000000000000E+09   6.9049045418983188E+18   3.7114022618612635E-26
   7.8000000000000000E+09   7.0007893609497293E+18   3.6136394495184940E-26
   7.9000000000000000E+09   7.0993746857710582E+18   3.5183516450831356E-26
   8.0000000000000000E+09   7.2007762316774932E+18   3.4254460357586632E-26
   8.1000000000000000E+09   7.2649795303268577E+18   3.3532583783625707E-26
   8.2000000000000000E+09   7.3614182294039245E+18   3.2689711482511621E-26
   8.3000000000000000E+09   7.4604517167087811E+18   3.1867149357327994E-26
   8.4000000000000000E+09   7.5621861437066025E+18   3.1064172044648741E-26
   8.5000000000000000E+09   7.6257286315286487E+18   3.0442909741669679E-26
   8.6000000000000000E+09   7.7226554320713339E+18   2.9711277319228154E-26
   8.7000000000000000E+09   7.8220779297712415E+18   2.8996464032934695E-26
   8.8000000000000000E+09   7.8920706411414170E+18   2.8412718996712202E-26
   8.9000000000000000E+09   7.9875254136353393E+18   2.7757744417936158E-26
   9.0000000000000000E+09   8.0853175113855990E+18   2.7117324829799571E-26
   9.1000000000000000E+09   8.1594552742668984E+18   2.6575648666452304E-26
   9.2000000000000000E+09   8.2537060528251935E+18   2.5986608702562263E-26
   9.3000000000000000E+09   8.3501596792501668E+18   2.5410236264777387E-26
   9.4000000000000000E+09   8.4488942948033946E+18   2.4846127070349636E-26
   9.5000000000000000E+09   8.5208872869340344E+18   2.4376873654567208E-26
   9.6000000000000000E+09   8.6163081542854851E+18   2.3855799525265000E-26
   9.7000000000000000E+09   8.7138903600062740E+18   2.3345469192443243E-26
   9.8000000000000000E+09   8.7891303401851638E+18   2.2909438848350271E-26
   9.9000000000000000E+09   8.8839045459169874E+18   2.2436099329471432E-26
   1.0000000000000000E+10   8.9807449541215898E+18   2.1972226600970164E-26
   1.1000000000000000E+10   9.8652477740169216E+18   1.8183846209685172E-26
   1.2000000000000000E+10   1.0803744577870688E+19   1.5220568645990872E-26
   1.3000000000000000E+10   1.1662487608606915E+19   1.3015231121271489E-26
   1.4000000000000000E+10   1.2585875583061805E+19   1.1198889573542694E-26
   1.5000000000000000E+10   1.3470004250140813E+19   9.7662410747651213E-27
   1.6000000000000000E+10   1.4402111317154798E+19   8.5632827902824916E-27
   1.7000000000000000E+10   1.5253802442877231E+19   7.6095573321291823E-27
   1.8000000000000000E+10   1.6173133533500193E+19   6.7782839007098513E-27
   1.9000000000000000E+10   1.7044456267426796E+19   6.0932595783460954E-27
   2.0000000000000000E+10   1.7962856723338037E+19   5.4926386770402777E-27
   2.1000000000000000E+10   1.8849205135138353E+19   4.9851025487295477E-27
   2.2000000000000000E+10   1.9733997832493113E+19   4.5451547594626325E-27
   2.3000000000000000E+10   2.0736062269899604E+19   4.1374457068849546E-27
   2.4000000000000000E+10   2.1610801943243305E+19   3.8045588593403623E-27
   2.5000000000000000E+10   2.2424459284619387E+19   3.5198523304028598E-27
   2.6000000000000000E+10   2.3330174301623845E+19   3.2530826755207490E-27
   2.7000000000000000E+10   2.4318515430516294E+19   3.0052846212969554E-27
   2.8000000000000000E+10   2.5176997247681077E+19   2.7991390207193671E-27
   2.9000000000000000E+10   2.6047653616037200E+19   2.6122806072687318E-27
   3.0000000000000000E+10   2.6944085886767493E+19   2.4411907929968434E-27
   3.1000000000000000E+10   2.7819243993289933E+19   2.2881232539914748E-27
   3.2000000000000000E+10   2.8812153419537236E+19   2.1402314188410500E-27
   3.3000000000000000E+10   2.9652637438136144E+19   2.0165507898740037E-27
   3.4000000000000000E+10   3.0512870063635149E+19   1.9020610643962791E-27
   3.5000000000000000E+10   3.1500979309856780E+19   1.7897580828155815E-27
   3.6000000000000000E+10   3.2352394807753720E+19   1.6942500131069358E-27
   3.7000000000000000E+10   3.3217889979126673E+19   1.6055087094063236E-27
   3.8000000000000000E+10   3.4096251785897488E+19   1.5229869995879627E-27
   3.9000000000000000E+10   3.5067798671818379E+19   1.4428238766425829E-27
   4.0000000000000000E+10   3.5932942362413957E+19   1.3728834198106472E-27
   4.1000000000000000E+10   3.6937964083478422E+19   1.3029556121581170E-27
   4.2000000000000000E+10   3.7706146151082443E+19   1.2460199483686398E-27
   4.3000000000000000E+10   3.8711023451263681E+19   1.1854502243888616E-27
   4.4000000000000000E+10   3.9473240131037692E+19   1.1361377210716378E-27
   4.5000000000000000E+10   4.0449630851839042E+19   1.0840750666496710E-27
   4.6000000000000000E+10   4.1475549721269273E+19   1.0342760058982247E-27
   4.7000000000000000E+10   4.2221840354782355E+19   9.9437778878750329E-28
   4.8000000000000000E+10   4.3229564424795595E+19   9.5096456654854428E-28
   4.9000000000000000E+10   4.4010657123856138E+19   9.1502402925725599E-28
   5.0000000000000000E+10   4.4857690410921878E+19   8.7979100738291295E-28
   5.1000000000000000E+10   4.5816178158564524E+19   8.4449561186534979E-28
   5.2000000000000000E+10   4.6667892426984227E+19   8.1313920439235492E-28
   5.3000000000000000E+10   4.7635442711054983E+19   7.8159245232912037E-28
   5.4000000000000000E+10   4.8643962209285128E+19   7.5121409849045038E-28
   5.5000000000000000E+10   4.9374020265351225E+19   7.2664995630931179E-28
   5.6000000000000000E+10   5.0364527634475483E+19   6.9963840356051978E-28
   5.7000000000000000E+10   5.1142113211729281E+19   6.7691308191374163E-28
   5.8000000000000000E+10   5.2103765570439995E+19   6.5296413475181217E-28
   5.9000000000000000E+10   5.2939912417043415E+19   6.3175865748911877E-28
   6.0000000000000000E+10   5.3895674965007639E+19   6.1021273446522901E-28
   6.1000000000000000E+10   5.4886582150342722E+19   5.8937323514704071E-28
   6.2000000000000000E+10   5.5649520142528406E+19   5.7191741210418700E-28
   6.3000000000000000E+10   5.6626188250572767E+19   5.5313170733480570E-28
   6.4000000000000000E+10   5.7637750480938369E+19   5.3493305583946738E-28
   6.5000000000000000E+10   5.8339736614051881E+19   5.2036563921827264E-28
   6.6000000000000000E+10   5.9313682334537294E+19   5.0406623812751160E-28
   6.7000000000000000E+10   6.0320698993352901E+19   4.8825338632304190E-28
   6.8000000000000000E+10   6.1362500098830983E+19   4.7290561839517437E-28
   6.9000000000000000E+10   6.1958105937297195E+19   4.6157173743131493E-28
   7.0000000000000000E+10   6.2949232049633042E+19   4.4781429813130836E-28
   7.1000000000000000E+10   6.3972583178637722E+19   4.3444439233271041E-28
   7.2000000000000000E+10   6.4621133789644997E+19   4.2411082963589874E-28
   7.3000000000000000E+10   6.5593268913818100E+19   4.1210159660964148E-28
   7.4000000000000000E+10   6.6595099609625190E+19   4.0041693744895858E-28
   7.5000000000000000E+10   6.7305557009078772E+19   3.9090771885965128E-28
   7.6000000000000000E+10   6.8268240933637276E+19   3.8032434624380062E-28
   7.7000000000000000E+10   6.9258863362982027E+19   3.7001586642316696E-28
   7.8000000000000000E+10   7.0004887563857224E+19   3.6137946210427971E-28
   7.9000000000000000E+10   7.0966842457343508E+19   3.5196854953435356E-28
   8.0000000000000000E+10   7.1773768401141727E+19   3.4366135353696306E-28
   8.1000000000000000E+10   7.2716513923186139E+19   3.3501817076152948E-28
   8.2000000000000000E+10   7.3684354921286345E+19   3.2658579732208212E-28
   8.3000000000000000E+10   7.4678306958362313E+19   3.1835661360406722E-28
   8.4000000000000000E+10   7.5699441143639638E+19   3.1032336283171936E-28
   8.5000000000000000E+10   7.6291521726653055E+19   3.0429248649131305E-28
   8.6000000000000000E+10   7.7267414103792910E+19   2.9695565697966307E-28
   8.7000000000000000E+10   7.8268596475585561E+19   2.8978749021540729E-28
   8.8000000000000000E+10   7.9296064822673523E+19   2.8278223633215744E-28
   8.9000000000000000E+10   7.9889282131914064E+19   2.7752870353417388E-28
   9.0000000000000000E+10   8.0856624262105678E+19   2.7116168070235019E-28
   9.1000000000000000E+10   8.1643363198918771E+19   2.6559760424154117E-28
   9.2000000000000000E+10   8.2582101585532682E+19   2.5972435361019339E-28
   9.3000000000000000E+10   8.3542678367667339E+19   2.5397740944403591E-28
   9.4000000000000000E+10   8.4525864571926839E+19   2.4835274068566900E-28
   9.5000000000000000E+10   8.5532467952986145E+19   2.4284648600642556E-28
   9.6000000000000000E+10   8.6158736232142422E+19   2.3857002663400070E-28
   9.7000000000000000E+10   8.7123536825930334E+19   2.3349586846124036E-28
   9.8000000000000000E+10   8.8110189683703923E+19   2.2852526453690367E-28
   9.9000000000000000E+10   8.9119445724153889E+19   2.2365507685346266E-28
   1.0000000000000000E+11   8.9718284586398712E+19   2.1994063315761805E-28
