   1.0000000000000000E+00   1.0000000000000001E+25   1.9732696317747896E-22
   2.0000000000000000E+00   1.0000000000000001E+25   9.8663481588739479E-23
   3.0000000000000000E+00   1.0000000000000001E+25   6.5775654392492986E-23
   4.0000000000000000E+00   1.0000000000000001E+25   4.9331740794369739E-23
   5.0000000000000000E+00   1.0000000000000001E+25   3.9465392635495793E-23
   6.0000000000000000E+00   1.0000000000000001E+25   3.2887827196246493E-23
   7.0000000000000000E+00   1.0000000000000001E+25   2.8189566168211280E-23
   8.0000000000000000E+00   1.0000000000000001E+25   2.4665870397184870E-23
   9.0000000000000000E+00   1.0000000000000001E+25   2.1925218130830997E-23
   9.2290000000000010E+00   1.0000000000000001E+25   2.1381185738160033E-23
   9.2309999999999999E+00   1.0000000000000001E+25   2.1376553263728629E-23
   1.0000000000000000E+01   1.0000000000000001E+25   1.9732696317747896E-23
   1.1000000000000000E+01   1.0000000000000001E+25   1.7938814834316270E-23
   1.1099000000000000E+01   1.0000000000000001E+25   1.7778805584059734E-23
   1.1100999999999999E+01   1.0000000000000001E+25   1.7775602484233758E-23
   1.2000000000000000E+01   1.0000000000000001E+25   1.6443913598123246E-23
   1.2499000000000001E+01   1.0000000000000001E+25   1.5787420047802141E-23
   1.2500999999999999E+01   1.0000000000000001E+25   1.5784894262657307E-23
   1.3000000000000000E+01   1.0000000000000001E+25   1.5178997167498382E-23
   1.4000000000000000E+01   1.0000000000000001E+25   1.4094783084105640E-23
   1.5000000000000000E+01   1.0000000000000001E+25   1.3155130878498597E-23
   1.6000000000000000E+01   1.0000000000000001E+25   1.2332935198592435E-23
   1.7000000000000000E+01   1.0000000000000001E+25   1.1607468422204644E-23
   1.8000000000000000E+01   1.0000000000000001E+25   1.0962609065415499E-23
   1.9000000000000000E+01   1.0000000000000001E+25   1.0385629640919946E-23
   2.0000000000000000E+01   1.0000000000000001E+25   9.8663481588739482E-24
   2.1000000000000000E+01   1.0000000000000001E+25   9.3965220560704266E-24
   2.2000000000000000E+01   1.0000000000000001E+25   8.9694074171581351E-24
   2.3000000000000000E+01   1.0000000000000001E+25   8.5794331816295206E-24
   2.4000000000000000E+01   1.0000000000000001E+25   8.2219567990616232E-24
   2.5000000000000000E+01   1.0000000000000001E+25   7.8930785270991588E-24
   2.6000000000000000E+01   1.0000000000000001E+25   7.5894985837491909E-24
   2.7000000000000000E+01   1.0000000000000001E+25   7.3084060436103314E-24
   2.8000000000000000E+01   1.0000000000000001E+25   7.0473915420528199E-24
   2.9000000000000000E+01   1.0000000000000001E+25   6.8043780406027227E-24
   3.0000000000000000E+01   1.0000000000000001E+25   6.5775654392492983E-24
   3.1000000000000000E+01   1.0000000000000001E+25   6.3653859089509344E-24
   3.2000000000000000E+01   1.0000000000000001E+25   6.1664675992962174E-24
   3.3000000000000000E+01   1.0000000000000001E+25   5.9796049447720891E-24
   3.4000000000000000E+01   1.0000000000000001E+25   5.8037342111023222E-24
   3.5000000000000000E+01   1.0000000000000001E+25   5.6379132336422558E-24
   3.6000000000000000E+01   1.0000000000000001E+25   5.4813045327077493E-24
   3.7000000000000000E+01   1.0000000000000001E+25   5.3331611669588904E-24
   3.8000000000000000E+01   1.0000000000000001E+25   5.1928148204599731E-24
   3.9000000000000000E+01   1.0000000000000001E+25   5.0596657224994601E-24
   4.0000000000000000E+01   1.0000000000000001E+25   4.9331740794369741E-24
   4.1000000000000000E+01   1.0000000000000001E+25   4.8128527604263161E-24
   4.2000000000000000E+01   1.0000000000000001E+25   4.6982610280352133E-24
   4.3000000000000000E+01   1.0000000000000001E+25   4.5889991436623010E-24
   4.4000000000000000E+01   1.0000000000000001E+25   4.4847037085790676E-24
   4.5000000000000000E+01   1.0000000000000001E+25   4.3850436261661996E-24
   4.6000000000000000E+01   1.0000000000000001E+25   4.2897165908147603E-24
   4.7000000000000000E+01   1.0000000000000001E+25   4.1984460250527435E-24
   4.8000000000000000E+01   1.0000000000000001E+25   4.1109783995308116E-24
   4.9000000000000000E+01   1.0000000000000001E+25   4.0270808811730405E-24
   5.0000000000000000E+01   1.0000000000000001E+25   3.9465392635495794E-24
   5.1000000000000000E+01   1.0000000000000001E+25   3.8691561407348817E-24
   5.2000000000000000E+01   1.0000000000000001E+25   3.7947492918745955E-24
   5.3000000000000000E+01   1.0000000000000001E+25   3.7231502486316790E-24
   5.4000000000000000E+01   1.0000000000000001E+25   3.6542030218051657E-24
   5.5000000000000000E+01   1.0000000000000001E+25   3.5877629668632538E-24
   5.6000000000000000E+01   1.0000000000000001E+25   3.5236957710264100E-24
   5.7000000000000000E+01   1.0000000000000001E+25   3.4618765469733149E-24
   5.8000000000000000E+01   1.0000000000000001E+25   3.4021890203013613E-24
   5.9000000000000000E+01   1.0000000000000001E+25   3.3445247996182874E-24
   6.0000000000000000E+01   1.0000000000000001E+25   3.2887827196246492E-24
   6.0999000000000002E+01   1.0000000000000001E+25   3.2349212803075287E-24
   6.1000999999999998E+01   1.0000000000000001E+25   3.2348152190534415E-24
   6.2000000000000000E+01   1.0000000000000001E+25   3.1826929544754672E-24
   6.3000000000000000E+01   1.0000000000000001E+25   3.1321740186901423E-24
   6.4000000000000000E+01   1.0000000000000001E+25   3.0832337996481087E-24
   6.5000000000000000E+01   1.0000000000000001E+25   3.0357994334996764E-24
   6.6000000000000000E+01   1.0000000000000001E+25   2.9898024723860446E-24
   6.7000000000000000E+01   1.0000000000000001E+25   2.9451785548877459E-24
   6.8000000000000000E+01   1.0000000000000001E+25   2.9018671055511611E-24
   6.9000000000000000E+01   1.0000000000000001E+25   2.8598110605431733E-24
   7.0000000000000000E+01   1.0000000000000001E+25   2.8189566168211279E-24
   7.1000000000000000E+01   1.0000000000000001E+25   2.7792530024997038E-24
   7.2000000000000000E+01   1.0000000000000001E+25   2.7406522663538747E-24
   7.3000000000000000E+01   1.0000000000000001E+25   2.7031090846229995E-24
   7.4000000000000000E+01   1.0000000000000001E+25   2.6665805834794452E-24
   7.5000000000000000E+01   1.0000000000000001E+25   2.6310261756997192E-24
   7.5998999999999995E+01   1.0000000000000001E+25   2.5964415739349066E-24
   7.6001000000000005E+01   1.0000000000000001E+25   2.5963732474240988E-24
   7.7000000000000000E+01   1.0000000000000001E+25   2.5626878334737527E-24
   7.8000000000000000E+01   1.0000000000000001E+25   2.5298328612497301E-24
   7.9000000000000000E+01   1.0000000000000001E+25   2.4978096604744172E-24
   8.0000000000000000E+01   1.0000000000000001E+25   2.4665870397184870E-24
   8.1000000000000000E+01   1.0000000000000001E+25   2.4361353478701109E-24
   8.2000000000000000E+01   1.0000000000000001E+25   2.4064263802131581E-24
   8.3000000000000000E+01   1.0000000000000001E+25   2.3774332912949271E-24
   8.4000000000000000E+01   1.0000000000000001E+25   2.3491305140176066E-24
   8.5000000000000000E+01   1.0000000000000001E+25   2.3214936844409289E-24
   8.6000000000000000E+01   1.0000000000000001E+25   2.2944995718311505E-24
   8.6998999999999995E+01   1.0000000000000001E+25   2.2681520842478530E-24
   8.7001000000000005E+01   1.0000000000000001E+25   2.2680999434199487E-24
   8.8000000000000000E+01   1.0000000000000001E+25   2.2423518542895338E-24
   8.9000000000000000E+01   1.0000000000000001E+25   2.2171568896345949E-24
   9.0000000000000000E+01   1.0000000000000001E+25   2.1925218130830998E-24
   9.0998999999999995E+01   1.0000000000000001E+25   2.1684519959282955E-24
   9.1001000000000005E+01   1.0000000000000001E+25   2.1684043381663823E-24
   9.2000000000000000E+01   1.0000000000000001E+25   2.1448582954073801E-24
   9.3000000000000000E+01   1.0000000000000001E+25   2.1217953029836450E-24
   9.4000000000000000E+01   1.0000000000000001E+25   2.0992230125263717E-24
   9.5000000000000000E+01   1.0000000000000001E+25   2.0771259281839889E-24
   9.6000000000000000E+01   1.0000000000000001E+25   2.0554891997654058E-24
   9.7000000000000000E+01   1.0000000000000001E+25   2.0342985894585460E-24
   9.8000000000000000E+01   1.0000000000000001E+25   2.0135404405865202E-24
   9.9000000000000000E+01   1.0000000000000001E+25   1.9932016482573632E-24
   1.0000000000000000E+02   1.0000000000000001E+25   1.9732696317747897E-24
   1.1000000000000000E+02   1.0000000000000001E+25   1.7938814834316269E-24
   1.1399900000000000E+02   1.0000000000000001E+25   1.7309534572889145E-24
   1.1400100000000000E+02   1.0000000000000001E+25   1.7309230899507807E-24
   1.2000000000000000E+02   1.0000000000000001E+25   1.6443913598123246E-24
   1.3000000000000000E+02   1.0000000000000001E+25   1.5178997167498382E-24
   1.4000000000000000E+02   1.0000000000000001E+25   1.4094783084105639E-24
   1.5000000000000000E+02   1.0000000000000001E+25   1.3155130878498596E-24
   1.6000000000000000E+02   1.0000000000000001E+25   1.2332935198592435E-24
   1.7000000000000000E+02   1.0000000000000001E+25   1.1607468422204644E-24
   1.8000000000000000E+02   1.0000000000000001E+25   1.0962609065415499E-24
   1.9000000000000000E+02   1.0000000000000001E+25   1.0385629640919945E-24
   2.0000000000000000E+02   1.0000000000000001E+25   9.8663481588739486E-25
   2.1000000000000000E+02   1.0000000000000001E+25   9.3965220560704269E-25
   2.2000000000000000E+02   1.0000000000000001E+25   8.9694074171581344E-25
   2.3000000000000000E+02   1.0000000000000001E+25   8.5794331816295194E-25
   2.4000000000000000E+02   1.0000000000000001E+25   8.2219567990616229E-25
   2.5000000000000000E+02   1.0000000000000001E+25   7.8930785270991581E-25
   2.6000000000000000E+02   1.0000000000000001E+25   7.5894985837491909E-25
   2.7000000000000000E+02   1.0000000000000001E+25   7.3084060436103314E-25
   2.8000000000000000E+02   1.0000000000000001E+25   7.0473915420528197E-25
   2.9000000000000000E+02   1.0000000000000001E+25   6.8043780406027223E-25
   3.0000000000000000E+02   1.0000000000000001E+25   6.5775654392492981E-25
   3.1000000000000000E+02   1.0000000000000001E+25   6.3653859089509340E-25
   3.2000000000000000E+02   1.0000000000000001E+25   6.1664675992962176E-25
   3.3000000000000000E+02   1.0000000000000001E+25   5.9796049447720902E-25
   3.3899900000000002E+02   1.0000000000000001E+25   5.8208715417295911E-25
   3.3900099999999998E+02   1.0000000000000001E+25   5.8208372004058681E-25
   3.4000000000000000E+02   1.0000000000000001E+25   5.8037342111023222E-25
   3.5000000000000000E+02   1.0000000000000001E+25   5.6379132336422558E-25
   3.5699900000000002E+02   1.0000000000000001E+25   5.5273813981966037E-25
   3.5700099999999998E+02   1.0000000000000001E+25   5.5273504325612246E-25
   3.6000000000000000E+02   1.0000000000000001E+25   5.4813045327077495E-25
   3.7000000000000000E+02   1.0000000000000001E+25   5.3331611669588908E-25
   3.8000000000000000E+02   1.0000000000000001E+25   5.1928148204599723E-25
   3.9000000000000000E+02   1.0000000000000001E+25   5.0596657224994603E-25
   4.0000000000000000E+02   1.0000000000000001E+25   4.9331740794369743E-25
   4.1000000000000000E+02   1.0000000000000001E+25   4.8128527604263165E-25
   4.2000000000000000E+02   1.0000000000000001E+25   4.6982610280352135E-25
   4.3000000000000000E+02   1.0000000000000001E+25   4.5889991436623010E-25
   4.4000000000000000E+02   1.0000000000000001E+25   4.4847037085790672E-25
   4.5000000000000000E+02   1.0000000000000001E+25   4.3850436261661991E-25
   4.6000000000000000E+02   1.0000000000000001E+25   4.2897165908147597E-25
   4.7000000000000000E+02   1.0000000000000001E+25   4.1984460250527440E-25
   4.8000000000000000E+02   1.0000000000000001E+25   4.1109783995308114E-25
   4.9000000000000000E+02   1.0000000000000001E+25   4.0270808811730401E-25
   5.0000000000000000E+02   1.0000000000000001E+25   3.9465392635495791E-25
   5.1000000000000000E+02   1.0000000000000001E+25   3.8691561407348817E-25
   5.2000000000000000E+02   1.0000000000000001E+25   3.7947492918745955E-25
   5.3000000000000000E+02   1.0000000000000001E+25   3.7231502486316781E-25
   5.4000000000000000E+02   1.0000000000000001E+25   3.6542030218051657E-25
   5.4799900000000002E+02   1.0000000000000001E+25   3.6008635632086726E-25
   5.4800099999999998E+02   1.0000000000000001E+25   3.6008504213948327E-25
   5.5000000000000000E+02   1.0000000000000001E+25   3.5877629668632535E-25
   5.6000000000000000E+02   1.0000000000000001E+25   3.5236957710264099E-25
   5.7000000000000000E+02   1.0000000000000001E+25   3.4618765469733149E-25
   5.8000000000000000E+02   1.0000000000000001E+25   3.4021890203013612E-25
   5.9000000000000000E+02   1.0000000000000001E+25   3.3445247996182875E-25
   6.0000000000000000E+02   1.0000000000000001E+25   3.2887827196246491E-25
   6.1000000000000000E+02   1.0000000000000001E+25   3.2348682488111302E-25
   6.2000000000000000E+02   1.0000000000000001E+25   3.1826929544754670E-25
   6.3000000000000000E+02   1.0000000000000001E+25   3.1321740186901419E-25
   6.4000000000000000E+02   1.0000000000000001E+25   3.0832337996481088E-25
   6.4499900000000002E+02   1.0000000000000001E+25   3.0593375056004577E-25
   6.4500099999999998E+02   1.0000000000000001E+25   3.0593280192973183E-25
   6.5000000000000000E+02   1.0000000000000001E+25   3.0357994334996766E-25
   6.6000000000000000E+02   1.0000000000000001E+25   2.9898024723860451E-25
   6.7000000000000000E+02   1.0000000000000001E+25   2.9451785548877459E-25
   6.8000000000000000E+02   1.0000000000000001E+25   2.9018671055511611E-25
   6.9000000000000000E+02   1.0000000000000001E+25   2.8598110605431730E-25
   7.0000000000000000E+02   1.0000000000000001E+25   2.8189566168211279E-25
   7.1000000000000000E+02   1.0000000000000001E+25   2.7792530024997037E-25
   7.2000000000000000E+02   1.0000000000000001E+25   2.7406522663538748E-25
   7.3000000000000000E+02   1.0000000000000001E+25   2.7031090846229991E-25
   7.4000000000000000E+02   1.0000000000000001E+25   2.6665805834794454E-25
   7.5000000000000000E+02   1.0000000000000001E+25   2.6310261756997191E-25
   7.6000000000000000E+02   1.0000000000000001E+25   2.5964074102299862E-25
   7.6399900000000002E+02   1.0000000000000001E+25   2.5828170348060529E-25
   7.6400099999999998E+02   1.0000000000000001E+25   2.5828102735137647E-25
   7.7000000000000000E+02   1.0000000000000001E+25   2.5626878334737526E-25
   7.8000000000000000E+02   1.0000000000000001E+25   2.5298328612497302E-25
   7.9000000000000000E+02   1.0000000000000001E+25   2.4978096604744171E-25
   8.0000000000000000E+02   1.0000000000000001E+25   2.4665870397184871E-25
   8.1000000000000000E+02   1.0000000000000001E+25   2.4361353478701105E-25
   8.2000000000000000E+02   1.0000000000000001E+25   2.4064263802131583E-25
   8.3000000000000000E+02   1.0000000000000001E+25   2.3774332912949269E-25
   8.4000000000000000E+02   1.0000000000000001E+25   2.3491305140176067E-25
   8.5000000000000000E+02   1.0000000000000001E+25   2.3214936844409285E-25
   8.6000000000000000E+02   1.0000000000000001E+25   2.2944995718311505E-25
   8.7000000000000000E+02   1.0000000000000001E+25   2.2681260135342411E-25
   8.8000000000000000E+02   1.0000000000000001E+25   2.2423518542895336E-25
   8.9000000000000000E+02   1.0000000000000001E+25   2.2171568896345950E-25
   9.0000000000000000E+02   1.0000000000000001E+25   2.1925218130830995E-25
   9.1000000000000000E+02   1.0000000000000001E+25   2.1684281667854833E-25
   9.2000000000000000E+02   1.0000000000000001E+25   2.1448582954073799E-25
   9.3000000000000000E+02   1.0000000000000001E+25   2.1217953029836447E-25
   9.4000000000000000E+02   1.0000000000000001E+25   2.0992230125263720E-25
   9.5000000000000000E+02   1.0000000000000001E+25   2.0771259281839891E-25
   9.6000000000000000E+02   1.0000000000000001E+25   2.0554891997654057E-25
   9.7000000000000000E+02   1.0000000000000001E+25   2.0342985894585461E-25
   9.8000000000000000E+02   1.0000000000000001E+25   2.0135404405865201E-25
   9.9000000000000000E+02   1.0000000000000001E+25   1.9932016482573632E-25
   1.0000000000000000E+03   1.0000000000000001E+25   1.9732696317747895E-25
   1.1000000000000000E+03   1.0000000000000001E+25   1.7938814834316267E-25
   1.2000000000000000E+03   1.0000000000000001E+25   1.6443913598123245E-25
   1.3000000000000000E+03   1.0000000000000001E+25   1.5178997167498383E-25
   1.4000000000000000E+03   1.0000000000000001E+25   1.4094783084105639E-25
   1.5000000000000000E+03   1.0000000000000001E+25   1.3155130878498595E-25
   1.6000000000000000E+03   1.0000000000000001E+25   1.2332935198592436E-25
   1.7000000000000000E+03   1.0000000000000001E+25   1.1607468422204643E-25
   1.8000000000000000E+03   1.0000000000000001E+25   1.0962609065415498E-25
   1.9000000000000000E+03   1.0000000000000001E+25   1.0385629640919946E-25
   2.0000000000000000E+03   1.0000000000000001E+25   9.8663481588739476E-26
   2.1000000000000000E+03   1.0000000000000001E+25   9.3965220560704267E-26
   2.2000000000000000E+03   1.0000000000000001E+25   8.9694074171581337E-26
   2.2099989999999998E+03   1.0000000000000001E+25   8.9288259034270594E-26
   2.2100010000000002E+03   1.0000000000000001E+25   8.9288178230452812E-26
   2.2949989999999998E+03   1.0000000000000001E+25   8.5981285036498488E-26
   2.2950010000000002E+03   4.8473879823568478E+02   1.7737637346186138E-03
   2.3000000000000000E+03   4.8245655399908850E+02   1.7782809893480544E-03
   2.4000000000000000E+03   4.3967471994969225E+02   1.8700089921027034E-03
   2.5000000000000000E+03   4.0866876354609241E+02   1.9314122416916567E-03
   2.6000000000000000E+03   4.0223878988002394E+02   1.8868141946262610E-03
   2.7000000000000000E+03   4.2483622298081428E+02   1.7202878776041615E-03
   2.7479989999999998E+03   4.5397387288012652E+02   1.5817542237948055E-03
   2.7480010000000002E+03   4.5397480544675415E+02   1.5817498233137595E-03
   2.8000000000000000E+03   4.7637238284945073E+02   1.4793870920682712E-03
   2.9000000000000000E+03   5.2310551846581029E+02   1.3007658685304905E-03
   3.0000000000000000E+03   5.6969478321534041E+02   1.1545770881252792E-03
   3.1000000000000000E+03   6.2358942703443324E+02   1.0207655282454702E-03
   3.1529989999999998E+03   6.5122321608875893E+02   9.6102066057477526E-04
   3.1530010000000002E+03   6.5122441766575889E+02   9.6101827780141578E-04
   3.2000000000000000E+03   6.7594475921309834E+02   9.1227389742246339E-04
   3.3000000000000000E+03   7.3563455764442551E+02   8.1284992427753465E-04
   3.4000000000000000E+03   7.9731643483320363E+02   7.2790851380311104E-04
   3.4299989999999998E+03   8.1758216144211576E+02   7.0365703117769964E-04
   3.4300010000000002E+03   8.1758354687925100E+02   7.0365542850004184E-04
   3.5000000000000000E+03   8.6384977495118312E+02   6.5264973113651162E-04
   3.6000000000000000E+03   9.3414734640726931E+02   5.8677087226001836E-04
   3.7000000000000000E+03   1.0068113023270738E+03   5.2970811458236437E-04
   3.8000000000000000E+03   1.0848071662710972E+03   4.7868551959420497E-04
   3.9000000000000000E+03   1.1664310475950524E+03   4.3377323785503475E-04
   4.0000000000000000E+03   1.2541244542788397E+03   3.9335602320853414E-04
   4.1000000000000000E+03   1.3470849247888696E+03   3.5727908997130537E-04
   4.2000000000000000E+03   1.4460537147133423E+03   3.2490224811369280E-04
   4.3000000000000000E+03   1.5490001704465369E+03   2.9625556092349628E-04
   4.4000000000000000E+03   1.6502787075187489E+03   2.7175432174859573E-04
   4.5000000000000000E+03   1.7650687627506184E+03   2.4843471929856766E-04
   4.6000000000000000E+03   1.8825390400547415E+03   2.2786866564477847E-04
   4.7000000000000000E+03   2.0057142169567019E+03   2.0932423919411134E-04
   4.8000000000000000E+03   2.1369914337941805E+03   1.9237224513492138E-04
   4.9000000000000000E+03   2.2602139066441250E+03   1.7817255567426752E-04
   5.0000000000000000E+03   2.4100653724601698E+03   1.6375237404954679E-04
   5.1000000000000000E+03   2.5624448737976068E+03   1.5099470744908933E-04
   5.2000000000000000E+03   2.7159479436923625E+03   1.3972098768268696E-04
   5.3000000000000000E+03   2.8667411638629414E+03   1.2987395916883978E-04
   5.4000000000000000E+03   3.0358329077475523E+03   1.2036904312090142E-04
   5.5000000000000000E+03   3.2071704612716876E+03   1.1186692476085778E-04
   5.6000000000000000E+03   3.3867410416726370E+03   1.0404385005137962E-04
   5.7000000000000000E+03   3.5751284037123914E+03   9.6832229672604879E-05
   5.8000000000000000E+03   3.7675710859895080E+03   9.0301919795305393E-05
   5.9000000000000000E+03   3.9657187758624787E+03   8.4335904501723247E-05
   6.0000000000000000E+03   4.1913172653143392E+03   7.8466565794035610E-05
   6.1000000000000000E+03   4.4096314029623309E+03   7.3359153026667713E-05
   6.2000000000000000E+03   4.6339450389613758E+03   6.8682147235583471E-05
   6.3000000000000000E+03   4.8717798112790297E+03   6.4292191766109936E-05
   6.4000000000000000E+03   5.1130155002091597E+03   6.0301671284234956E-05
   6.5000000000000000E+03   5.3594548843155535E+03   5.6643809846854853E-05
   6.6000000000000000E+03   5.6218736421073918E+03   5.3181602126249507E-05
   6.7000000000000000E+03   5.8933035419932785E+03   4.9975001862734618E-05
   6.8000000000000000E+03   6.1752421428381322E+03   4.6991956565082445E-05
   6.9000000000000000E+03   6.4675915614628357E+03   4.4217558164670862E-05
   7.0000000000000000E+03   6.7921594615463318E+03   4.1503098282373849E-05
   7.1000000000000000E+03   7.0914242681362857E+03   3.9191746219270083E-05
   7.2000000000000000E+03   7.4032108006663011E+03   3.7019778851997720E-05
   7.3000000000000000E+03   7.7684560257713119E+03   3.4795963002887877E-05
   7.4000000000000000E+03   8.0819136112999668E+03   3.2994420773702498E-05
   7.5000000000000000E+03   8.4074873719539682E+03   3.1293846297960571E-05
   7.6000000000000000E+03   8.7967319716020575E+03   2.9515590774071632E-05
   7.7000000000000000E+03   9.1728936317585558E+03   2.7937616376594289E-05
   7.8000000000000000E+03   9.5620229209281752E+03   2.6457088444253201E-05
   7.9000000000000000E+03   9.9466698602673587E+03   2.5112019354860528E-05
   8.0000000000000000E+03   1.0397358839364402E+04   2.3723207766764655E-05
   8.1000000000000000E+03   1.0801136259482666E+04   2.2554435842167523E-05
   8.2000000000000000E+03   1.1232903958477473E+04   2.1423012153478156E-05
   8.3000000000000000E+03   1.1667810232564874E+04   2.0376002385259131E-05
   8.4000000000000000E+03   1.2170510342121919E+04   1.9301824229073685E-05
   8.5000000000000000E+03   1.2615235954318856E+04   1.8402300938700715E-05
   8.6000000000000000E+03   1.3099003086249550E+04   1.7516596925148924E-05
   8.7000000000000000E+03   1.3597893308059765E+04   1.6679980951092434E-05
   8.8000000000000000E+03   1.4157189621929903E+04   1.5838961786709875E-05
   8.9000000000000000E+03   1.4650093246005301E+04   1.5134080393919379E-05
   9.0000000000000000E+03   1.5250631373249991E+04   1.4376597003903987E-05
   9.1000000000000000E+03   1.5768074150434484E+04   1.3752016550009266E-05
   9.2000000000000000E+03   1.6328956325099434E+04   1.3135305482509575E-05
   9.3000000000000000E+03   1.6968684883665948E+04   1.2504182366107137E-05
   9.4000000000000000E+03   1.7532969638157083E+04   1.1973003181148636E-05
   9.5000000000000000E+03   1.8115679482906045E+04   1.1465901293649874E-05
   9.6000000000000000E+03   1.8789854941055994E+04   1.0939356403833351E-05
   9.7000000000000000E+03   1.9424422402175282E+04   1.0472891020073427E-05
   9.8000000000000000E+03   2.0152362578416982E+04   9.9915850201256587E-06
   9.9000000000000000E+03   2.0805522064116420E+04   9.5801568550642933E-06
   1.0000000000000000E+04   2.1498127424617865E+04   9.1787977287508569E-06
   1.1000000000000000E+04   2.9621243801624580E+04   6.0560640040822382E-06
   1.1922999000000000E+04   3.8926359029651103E+04   4.2516464264363318E-06
   1.1923001000000000E+04   3.8926383317791457E+04   4.2516430604354817E-06
   1.2000000000000000E+04   3.9884480377771390E+04   4.1228852532043642E-06
   1.3000000000000000E+04   5.2232322261087022E+04   2.9060544334263127E-06
   1.3737999000000000E+04   6.3239232964055213E+04   2.2713097130035060E-06
   1.3738001000000000E+04   6.3239267028705508E+04   2.2713081588724134E-06
   1.4000000000000000E+04   6.7532683783490342E+04   2.0871054272466778E-06
   1.4355999000000000E+04   7.3816330478518459E+04   1.8620895414250447E-06
   1.4356001000000000E+04   7.3816370366804724E+04   1.8620882757882837E-06
   1.5000000000000000E+04   8.5938644922295643E+04   1.5307584719765198E-06
   1.6000000000000000E+04   1.0774217841143256E+05   1.1446710453075250E-06
   1.7000000000000000E+04   1.3316660265064679E+05   8.7165011280313444E-07
   1.8000000000000000E+04   1.6355306720858475E+05   6.7027841498285776E-07
   1.9000000000000000E+04   1.9868408760338119E+05   5.2272075565769683E-07
   2.0000000000000000E+04   2.3877912020996411E+05   4.1319978690759214E-07
   2.1000000000000000E+04   2.8406020156871562E+05   3.3079333198309240E-07
   2.2000000000000000E+04   3.3738308188183862E+05   2.6585231740515915E-07
   2.3000000000000000E+04   3.9482629487396171E+05   2.1729639826466694E-07
   2.4000000000000000E+04   4.6144361726380565E+05   1.7817901237457492E-07
   2.5000000000000000E+04   5.3638386814563011E+05   1.4715354051170237E-07
   2.6000000000000000E+04   6.2169333808481111E+05   1.2207784962163832E-07
   2.7000000000000000E+04   7.1550182701300131E+05   1.0214377892116176E-07
   2.8000000000000000E+04   8.1476274219704571E+05   8.6496242121346893E-08
   2.9000000000000000E+04   9.2923881261331018E+05   7.3225288787353648E-08
   3.0000000000000000E+04   1.0553146603742298E+06   6.2328002123241608E-08
   3.1000000000000000E+04   1.1877897988700008E+06   5.3590171552295032E-08
   3.2000000000000000E+04   1.3443206097418065E+06   4.5870512990800350E-08
   3.3000000000000000E+04   1.5060775637099114E+06   3.9703167279396741E-08
   3.4000000000000000E+04   1.6867781121534829E+06   3.4407217933915371E-08
   3.5000000000000000E+04   1.8758971227402932E+06   3.0054490543737524E-08
   3.6000000000000000E+04   2.0845633865726136E+06   2.6294736672507576E-08
   3.7000000000000000E+04   2.3094667071325718E+06   2.3092609001411115E-08
   3.8000000000000000E+04   2.5580177192778788E+06   2.0300151876687900E-08
   3.9000000000000000E+04   2.8336270545469681E+06   1.7855792682316784E-08
   4.0000000000000000E+04   3.1065167153950026E+06   1.5880082199428005E-08
   4.1000000000000000E+04   3.4096028429345768E+06   1.4115581732340387E-08
   4.2000000000000000E+04   3.7437123768039672E+06   1.2549738214788154E-08
   4.3000000000000000E+04   4.0839521156645995E+06   1.1236662462472369E-08
   4.4000000000000000E+04   4.4676201599004278E+06   1.0038238588033905E-08
   4.5000000000000000E+04   4.8516510916896118E+06   9.0382501612231261E-09
   4.6000000000000000E+04   5.2732981180166174E+06   8.1347886935476341E-09
   4.7000000000000000E+04   5.7375445120408777E+06   7.3174962150478071E-09
   4.8000000000000000E+04   6.2171583449339522E+06   6.6123109167400252E-09
   4.9000000000000000E+04   6.7363822900308957E+06   5.9781062115976948E-09
   5.0000000000000000E+04   7.2853648554738918E+06   5.4170784055987662E-09
   5.1000000000000000E+04   7.8338170566888638E+06   4.9390432693743130E-09
   5.2000000000000000E+04   8.4575145018358734E+06   4.4868374639509861E-09
   5.3000000000000000E+04   9.1035928396217469E+06   4.0897591909288147E-09
   5.4000000000000000E+04   9.7469455192450769E+06   3.7490750457053876E-09
   5.5000000000000000E+04   1.0462847861866223E+07   3.4290501154465961E-09
   5.6000000000000000E+04   1.1213466804722980E+07   3.1423785635520598E-09
   5.7000000000000000E+04   1.1999256141649066E+07   2.8850759631317843E-09
   5.8000000000000000E+04   1.2821884102119097E+07   2.6534236257361548E-09
   5.9000000000000000E+04   1.3793271862903001E+07   2.4247508733684758E-09
   6.0000000000000000E+04   1.4692861597063307E+07   2.2383541135934919E-09
   6.1000000000000000E+04   1.5639685693636892E+07   2.0683716490077920E-09
   6.2000000000000000E+04   1.6634871360680323E+07   1.9132657448727655E-09
   6.3000000000000000E+04   1.7679595353974991E+07   1.7716321872637885E-09
   6.4000000000000000E+04   1.8775088037631817E+07   1.6421940570761825E-09
   6.5000000000000000E+04   1.9922641758908726E+07   1.5237936164475630E-09
   6.6000000000000000E+04   2.1123618435136318E+07   1.4153836766019726E-09
   6.7000000000000000E+04   2.2379460416540623E+07   1.3160185724187386E-09
   6.8000000000000000E+04   2.3691702462005369E+07   1.2248453272638030E-09
   6.9000000000000000E+04   2.5061983486552045E+07   1.1410952617049300E-09
   7.0000000000000000E+04   2.6492062778801292E+07   1.0640759235542927E-09
   7.1000000000000000E+04   2.7983835043483607E+07   9.9316373119733937E-10
   7.2000000000000000E+04   2.9539348339991193E+07   9.2779713174765714E-10
   7.3000000000000000E+04   3.1160824564622954E+07   8.6747033250585219E-10
   7.4000000000000000E+04   3.2753509660412177E+07   8.1413583189298089E-10
   7.5000000000000000E+04   3.4499834108694382E+07   7.6261994982656130E-10
   7.6000000000000000E+04   3.6317659279426910E+07   7.1491595596877845E-10
   7.7000000000000000E+04   3.8210018245692909E+07   6.7068479711145478E-10
   7.8000000000000000E+04   4.0180242287035897E+07   6.2962110660691001E-10
   7.9000000000000000E+04   4.2140732964385867E+07   5.9273047352673614E-10
   8.0000000000000000E+04   4.4430745972657979E+07   5.5515319081889561E-10
   8.0728998999999996E+04   4.5831434503357857E+07   5.3332680770884052E-10
   8.0729001000000004E+04   4.5831439171700247E+07   5.3332674017196311E-10
   8.1000000000000000E+04   4.6472849940426253E+07   5.2420614423109476E-10
   8.2000000000000000E+04   4.8646047516620137E+07   4.9468076093766761E-10
   8.3000000000000000E+04   5.1174556826315977E+07   4.6457330336319741E-10
   8.4000000000000000E+04   5.3479214011025809E+07   4.3926047857271925E-10
   8.5000000000000000E+04   5.5904308191581264E+07   4.1526203606442758E-10
   8.6000000000000000E+04   5.8440210196395233E+07   3.9262342899182158E-10
   8.7000000000000000E+04   6.1310494162502259E+07   3.6994091215814016E-10
   8.8000000000000000E+04   6.4001595678397179E+07   3.5035874192218110E-10
   8.9000000000000000E+04   6.6804694503287658E+07   3.3188639003887400E-10
   9.0000000000000000E+04   6.9716491681125760E+07   3.1449112831314168E-10
   9.1000000000000000E+04   7.2735713799471289E+07   2.9812427121616358E-10
   9.2000000000000000E+04   7.5862916560797364E+07   2.8272816187978582E-10
   9.3000000000000000E+04   7.9415417032807305E+07   2.6717675008960915E-10
   9.4000000000000000E+04   8.2521736830542311E+07   2.5438424991431155E-10
   9.5000000000000000E+04   8.5758271211794764E+07   2.4220706630782822E-10
   9.6000000000000000E+04   8.9597081846158594E+07   2.2941474849535332E-10
   9.7000000000000000E+04   9.3047147575207651E+07   2.1863094597438078E-10
   9.8000000000000000E+04   9.6701671905503452E+07   2.0822188499017320E-10
   9.9000000000000000E+04   1.0051859696024311E+08   1.9829182942592309E-10
   1.0000000000000000E+05   1.0478011621047895E+08   1.8832481802281540E-10
   1.1000000000000000E+05   1.5065176703748950E+08   1.1907470577396028E-10
   1.2000000000000000E+05   2.1079763298285168E+08   7.8008056188472249E-11
   1.3000000000000000E+05   2.8531510347531807E+08   5.3200818963344792E-11
   1.4000000000000000E+05   3.7806264622358143E+08   3.7281607228052270E-11
   1.5000000000000000E+05   4.9224446940682667E+08   2.6724791635243829E-11
   1.6000000000000000E+05   6.2866641804390872E+08   1.9617614118734512E-11
   1.7000000000000000E+05   7.8629141828778195E+08   1.4762298242400918E-11
   1.8000000000000000E+05   9.7355698302352166E+08   1.1260367144991898E-11
   1.9000000000000000E+05   1.1878942280620303E+09   8.7428909035642052E-12
   2.0000000000000000E+05   1.4362124542168064E+09   6.8696996255016138E-12
   2.1000000000000000E+05   1.7196420335327797E+09   5.4642314347053389E-12
   2.2000000000000000E+05   2.0414959136347313E+09   4.3935465935803781E-12
   2.3000000000000000E+05   2.4006843231053257E+09   3.5737448272798645E-12
   2.4000000000000000E+05   2.8130439370547109E+09   2.9227971489382802E-12
   2.5000000000000000E+05   3.2384916189906468E+09   2.4372700181818675E-12
   2.6000000000000000E+05   3.7344885874882774E+09   2.0322725336948202E-12
   2.7000000000000000E+05   4.2620715330707707E+09   1.7147544303050951E-12
   2.8000000000000000E+05   4.8394064108343840E+09   1.4562512307863288E-12
   2.9000000000000000E+05   5.4670972525015717E+09   1.2446052679032286E-12
   3.0000000000000000E+05   6.1625874902339039E+09   1.0673382649208676E-12
   3.1000000000000000E+05   6.8991572108434439E+09   9.2263239036594519E-13
   3.2000000000000000E+05   7.7086595812852049E+09   7.9994031832290753E-13
   3.3000000000000000E+05   8.5634309477901525E+09   6.9827210392992834E-13
   3.4000000000000000E+05   9.4770859056637440E+09   6.1239649707447169E-13
   3.5000000000000000E+05   1.0464495245528900E+10   5.3876590331016042E-13
   3.6000000000000000E+05   1.1548834310460438E+10   4.7461972224703407E-13
   3.7000000000000000E+05   1.2648777970018215E+10   4.2163449936430591E-13
   3.8000000000000000E+05   1.3854712071567551E+10   3.7480496120280956E-13
   3.9000000000000000E+05   1.5090882252999073E+10   3.3527965016716850E-13
   4.0000000000000000E+05   1.6462770437513075E+10   2.9965637303645698E-13
   4.1000000000000000E+05   1.7819302423379932E+10   2.7009209710204933E-13
   4.2000000000000000E+05   1.9300420892827423E+10   2.4342790523191228E-13
   4.3000000000000000E+05   2.0822460064254662E+10   2.2038698259002111E-13
   4.4000000000000000E+05   2.2469987017071377E+10   1.9958639518446777E-13
   4.5000000000000000E+05   2.4208988036622993E+10   1.8113287591916573E-13
   4.6000000000000000E+05   2.6017311996170475E+10   1.6487931541298999E-13
   4.7000000000000000E+05   2.7897504400050087E+10   1.5049539789821508E-13
   4.8000000000000000E+05   2.9749830765913841E+10   1.3818493395401111E-13
   4.9000000000000000E+05   3.1806876630874046E+10   1.2661038453753947E-13
   5.0000000000000000E+05   3.3947765387094753E+10   1.1625328555645836E-13
   5.1000000000000000E+05   3.6079298159994270E+10   1.0724033831193286E-13
   5.2000000000000000E+05   3.8356833737125557E+10   9.8932808632785041E-14
   5.3000000000000000E+05   4.0772430163883926E+10   9.1315387227755490E-14
   5.4000000000000000E+05   4.3255636074818886E+10   8.4479234462869168E-14
   5.5000000000000000E+05   4.5806128067324867E+10   7.8324956031866237E-14
   5.6000000000000000E+05   4.8298751924790054E+10   7.2956248983688981E-14
   5.7000000000000000E+05   5.0979836057670853E+10   6.7906780693783978E-14
   5.8000000000000000E+05   5.3809222312293243E+10   6.3226875879306257E-14
   5.9000000000000000E+05   5.6695544487438026E+10   5.8990963573148702E-14
   6.0000000000000000E+05   5.9652985527854317E+10   5.5131904807832087E-14
   6.1000000000000000E+05   6.2552715020168404E+10   5.1714274076962704E-14
   6.2000000000000000E+05   6.5641318120949997E+10   4.8486121936355259E-14
   6.3000000000000000E+05   6.9109247627692825E+10   4.5322067975097538E-14
   6.4000000000000000E+05   7.2297309933931046E+10   4.2646590896199664E-14
   6.5000000000000000E+05   7.5546037452321304E+10   4.0184760655588769E-14
   6.6000000000000000E+05   7.9437870834301804E+10   3.7636991537983526E-14
   6.7000000000000000E+05   8.2537131537422485E+10   3.5683073787855065E-14
   6.8000000000000000E+05   8.6035159102396881E+10   3.3728851504736946E-14
   6.9000000000000000E+05   8.9555391580635666E+10   3.1933432594822614E-14
   7.0000000000000000E+05   9.3667460255332016E+10   3.0095367261339395E-14
   7.1000000000000000E+05   9.7273574345103668E+10   2.8571511031758440E-14
   7.2000000000000000E+05   1.0108650877274724E+11   2.7111948959629617E-14
   7.3000000000000000E+05   1.0505654324339546E+11   2.5730040235194345E-14
   7.4000000000000000E+05   1.0937088771156125E+11   2.4381082016193330E-14
   7.5000000000000000E+05   1.1335457825569994E+11   2.3210585899448843E-14
   7.6000000000000000E+05   1.1802859673389902E+11   2.1998121489859854E-14
   7.7000000000000000E+05   1.2217607914435344E+11   2.0975364829361457E-14
   7.8000000000000000E+05   1.2718447169898300E+11   1.9891051379584098E-14
   7.9000000000000000E+05   1.3127271225307129E+11   1.9027638094801215E-14
   8.0000000000000000E+05   1.3657455918505273E+11   1.8060369767522856E-14
   8.1000000000000000E+05   1.4068795629510437E+11   1.7315877009117395E-14
   8.2000000000000000E+05   1.4554097376201901E+11   1.6534356738247616E-14
   8.3000000000000000E+05   1.5100594755312704E+11   1.5743971213176863E-14
   8.4000000000000000E+05   1.5581251628079868E+11   1.5076648334104970E-14
   8.5000000000000000E+05   1.6157566774188358E+11   1.4367842119331390E-14
   8.6000000000000000E+05   1.6778152570563596E+11   1.3675519770017663E-14
   8.7000000000000000E+05   1.7246154088421802E+11   1.3151488742971087E-14
   8.8000000000000000E+05   1.7748656133102823E+11   1.2633924717868347E-14
   8.9000000000000000E+05   1.8349829444518634E+11   1.2082711157279410E-14
   9.0000000000000000E+05   1.8879371852279276E+11   1.1613319713380189E-14
   9.1000000000000000E+05   1.9515387873176193E+11   1.1111376216949176E-14
   9.2000000000000000E+05   2.0047361467526453E+11   1.0698955565208471E-14
   9.3000000000000000E+05   2.0708619622691483E+11   1.0245952369798161E-14
   9.4000000000000000E+05   2.1172229951305499E+11   9.9149830573086727E-15
   9.5000000000000000E+05   2.1819688424319324E+11   9.5195031560070792E-15
   9.6000000000000000E+05   2.2357759330672852E+11   9.1936279005627275E-15
   9.7000000000000000E+05   2.3021682033845566E+11   8.8364463833172620E-15
   9.8000000000000000E+05   2.3499149314940561E+11   8.5685673706763843E-15
   9.9000000000000000E+05   2.4138428101355731E+11   8.2573796433141208E-15
   1.0000000000000000E+06   2.4692882276683743E+11   7.9912486912799553E-15
   1.1000000000000000E+06   3.0551039229549750E+11   5.8717527412178469E-15
   1.2000000000000000E+06   3.6293544444552612E+11   4.5308095006387163E-15
   1.3000000000000000E+06   4.2009526529354858E+11   3.6132273847199412E-15
   1.4000000000000000E+06   4.7865645457797302E+11   2.9446553889120504E-15
   1.5000000000000000E+06   5.3796733807506122E+11   2.4453400694491783E-15
   1.6000000000000000E+06   6.0321769009612537E+11   2.0445247878302656E-15
   1.7000000000000000E+06   6.7095500959365662E+11   1.7299920644805013E-15
   1.8000000000000000E+06   7.4284371969276562E+11   1.4757625022325758E-15
   1.9000000000000000E+06   8.1423769282052795E+11   1.2755034227098988E-15
   2.0000000000000000E+06   8.9154954505088245E+11   1.1066516957631175E-15
   2.1000000000000000E+06   9.6167535549407312E+11   9.7709918450003770E-16
   2.2000000000000000E+06   1.0400566875592405E+12   8.6239601402949953E-16
   2.3000000000000000E+06   1.1199912796569053E+12   7.6602678408868661E-16
   2.4000000000000000E+06   1.2010427779057666E+12   6.8456818943602325E-16
   2.5000000000000000E+06   1.2756913717217729E+12   6.1872947501761674E-16
   2.6000000000000000E+06   1.3578714198048074E+12   5.5892615994820585E-16
   2.7000000000000000E+06   1.4415823392930115E+12   5.0697111392156485E-16
   2.8000000000000000E+06   1.5243671926447827E+12   4.6231587612598578E-16
   2.9000000000000000E+06   1.6100331376577729E+12   4.2262347783111620E-16
   3.0000000000000000E+06   1.6957036183469690E+12   3.8789593700704254E-16
   3.1000000000000000E+06   1.7822047600553921E+12   3.5716355671461084E-16
   3.2000000000000000E+06   1.8809678992302300E+12   3.2783481322673245E-16
   3.3000000000000000E+06   1.9543514955511885E+12   3.0596363849511385E-16
   3.4000000000000000E+06   2.0496885890975667E+12   2.8315199889255280E-16
   3.5000000000000000E+06   2.1364852621054319E+12   2.6388729815464720E-16
   3.6000000000000000E+06   2.2238221611238828E+12   2.4648124425280430E-16
   3.7000000000000000E+06   2.3254539075175508E+12   2.2933850246260535E-16
   3.8000000000000000E+06   2.4059484494638330E+12   2.1583233928462575E-16
   3.9000000000000000E+06   2.4951157971030410E+12   2.0278280183925713E-16
   4.0000000000000000E+06   2.5971433977051533E+12   1.8994615714311145E-16
   4.1000000000000000E+06   2.6829425269578706E+12   1.7938709875695713E-16
   4.2000000000000000E+06   2.7904818015133389E+12   1.6836737747177726E-16
   4.3000000000000000E+06   2.8732030764354517E+12   1.5971718745879592E-16
   4.4000000000000000E+06   2.9568598464135405E+12   1.5167116270386278E-16
   4.5000000000000000E+06   3.0582861479382217E+12   1.4338238523306352E-16
   4.6000000000000000E+06   3.1480203040733628E+12   1.3626711953744726E-16
   4.7000000000000000E+06   3.2536403831629463E+12   1.2903841637751400E-16
   4.8000000000000000E+06   3.3391743737515698E+12   1.2311361849941723E-16
   4.9000000000000000E+06   3.4476758412655137E+12   1.1680567044536438E-16
   5.0000000000000000E+06   3.5312575521002026E+12   1.1176016490789207E-16
   5.1000000000000000E+06   3.6399898706525039E+12   1.0629579417047383E-16
   5.2000000000000000E+06   3.7181675004604497E+12   1.0205966491301594E-16
   5.3000000000000000E+06   3.8228738157166499E+12   9.7391397888285335E-17
   5.4000000000000000E+06   3.9118872852400596E+12   9.3412789156600667E-17
   5.5000000000000000E+06   4.0178726157583940E+12   8.9295089963573818E-17
   5.6000000000000000E+06   4.1297608257616538E+12   8.5324451456012183E-17
   5.7000000000000000E+06   4.2092979262343452E+12   8.2243561934574781E-17
   5.8000000000000000E+06   4.3208877616561484E+12   7.8738194740734026E-17
   5.9000000000000000E+06   4.4011423494202725E+12   7.5992197799710693E-17
   6.0000000000000000E+06   4.5098451357855381E+12   7.2924515600950895E-17
   6.1000000000000000E+06   4.6240535538970371E+12   6.9957413146412734E-17
   6.2000000000000000E+06   4.6951664684889678E+12   6.7786583837564004E-17
   6.3000000000000000E+06   4.8027314398181562E+12   6.5216513934594156E-17
   6.4000000000000000E+06   4.8913777395150977E+12   6.3034056330185672E-17
   6.5000000000000000E+06   4.9983094949836328E+12   6.0736523749608613E-17
   6.6000000000000000E+06   5.1100210725530791E+12   5.8508613368442997E-17
   6.7000000000000000E+06   5.1900526189932900E+12   5.6746602994152682E-17
   6.8000000000000000E+06   5.2996607406591953E+12   5.4755714517495966E-17
   6.9000000000000000E+06   5.4139983462674805E+12   5.2822532953206107E-17
   7.0000000000000000E+06   5.4908851306830654E+12   5.1338837905546390E-17
   7.1000000000000000E+06   5.6004857435014004E+12   4.9625213415187209E-17
   7.2000000000000000E+06   5.7145508273174219E+12   4.7959189605115778E-17
   7.3000000000000000E+06   5.8333588370419727E+12   4.6338810282991515E-17
   7.4000000000000000E+06   5.8900784022795352E+12   4.5272412374807186E-17
   7.5000000000000000E+06   5.9991139153874893E+12   4.3856913084301360E-17
   7.6000000000000000E+06   6.1122624383265859E+12   4.2478663775124655E-17
   7.7000000000000000E+06   6.1915366198949326E+12   4.1390174859649626E-17
   7.8000000000000000E+06   6.3008522121506104E+12   4.0150645913757226E-17
   7.9000000000000000E+06   6.3920675326546416E+12   3.9076709495230746E-17
   8.0000000000000000E+06   6.5003773571624883E+12   3.7945290006904915E-17
   8.1000000000000000E+06   6.6124209405546777E+12   3.6841806802241435E-17
   8.2000000000000000E+06   6.6966773546705059E+12   3.5934632247659787E-17
   8.3000000000000000E+06   6.8066414669935791E+12   3.4928140446701310E-17
   8.4000000000000000E+06   6.9202772454585029E+12   3.3945612736241830E-17
   8.5000000000000000E+06   7.0377717058813584E+12   3.2986203324851988E-17
   8.6000000000000000E+06   7.1122467558094570E+12   3.2261248106401078E-17
   8.7000000000000000E+06   7.2252307702985195E+12   3.1391744923332467E-17
   8.8000000000000000E+06   7.3418624225465430E+12   3.0542003176242687E-17
   8.9000000000000000E+06   7.4623212542655723E+12   2.9711356749312230E-17
   9.0000000000000000E+06   7.5105311534607432E+12   2.9192633227715428E-17
   9.1000000000000000E+06   7.6206940653398242E+12   2.8454470789581395E-17
   9.2000000000000000E+06   7.7341367781038086E+12   2.7732355360972021E-17
   9.3000000000000000E+06   7.8510079758018525E+12   2.7025769296418757E-17
   9.4000000000000000E+06   7.9208534044888008E+12   2.6502485342510298E-17
   9.5000000000000000E+06   8.0316045387844346E+12   2.5861904905222807E-17
   9.6000000000000000E+06   8.1219305617472227E+12   2.5307889351410818E-17
   9.7000000000000000E+06   8.2298187793495098E+12   2.4718631649132601E-17
   9.8000000000000000E+06   8.3406118649316611E+12   2.4141399614247822E-17
   9.9000000000000000E+06   8.4544287389031611E+12   2.3575828832593036E-17
   1.0000000000000000E+07   8.5713949026806865E+12   2.3021569466571347E-17
   1.1000000000000000E+07   9.5687163586869512E+12   1.8747357703868539E-17
   1.2000000000000000E+07   1.0670222924318080E+13   1.5411030973539061E-17
   1.3000000000000000E+07   1.1681125975663000E+13   1.2994464060333748E-17
   1.4000000000000000E+07   1.2704064000266848E+13   1.1094704091391212E-17
   1.5000000000000000E+07   1.3809193752869566E+13   9.5263569430075866E-18
   1.6000000000000000E+07   1.4919685101361334E+13   8.2662168234818362E-18
   1.7000000000000000E+07   1.5867769749542705E+13   7.3151227963458214E-18
   1.8000000000000000E+07   1.6930318266820820E+13   6.4751346623527239E-18
   1.9000000000000000E+07   1.7944298895416230E+13   5.7877043296313440E-18
   2.0000000000000000E+07   1.9010973678363637E+13   5.1898173790555644E-18
   2.1000000000000000E+07   2.0079991859993609E+13   4.6795447535970360E-18
   2.2000000000000000E+07   2.1134888978318188E+13   4.2438866967125546E-18
   2.3000000000000000E+07   2.2206211502612559E+13   3.8635285359774909E-18
   2.4000000000000000E+07   2.3294564290141434E+13   3.5295602427478174E-18
   2.5000000000000000E+07   2.4344795766637520E+13   3.2422036326613816E-18
   2.6000000000000000E+07   2.5402546975512289E+13   2.9876919787080267E-18
   2.7000000000000000E+07   2.6430680052470078E+13   2.7651222099097390E-18
   2.8000000000000000E+07   2.7631996094091445E+13   2.5504460546589921E-18
   2.9000000000000000E+07   2.8615678096255371E+13   2.3778496590975913E-18
   3.0000000000000000E+07   2.9625769514175062E+13   2.2202175832435770E-18
   3.1000000000000000E+07   3.0672315455093438E+13   2.0752870510445605E-18
   3.2000000000000000E+07   3.1728443121605453E+13   1.9435140815646159E-18
   3.3000000000000000E+07   3.2867610825067648E+13   1.8193001543670260E-18
   3.4000000000000000E+07   3.3860130116034504E+13   1.7140318691078975E-18
   3.5000000000000000E+07   3.5039947280198727E+13   1.6089959235835588E-18
   3.6000000000000000E+07   3.6027817217109406E+13   1.5214089989622543E-18
   3.7000000000000000E+07   3.7075693951072273E+13   1.4384521498092284E-18
   3.8000000000000000E+07   3.8249862802471586E+13   1.3576035154103689E-18
   3.9000000000000000E+07   3.9244414805850484E+13   1.2892702687836169E-18
   4.0000000000000000E+07   4.0452682988868758E+13   1.2194924328738395E-18
   4.1000000000000000E+07   4.1403576206001062E+13   1.1624244090607657E-18
   4.2000000000000000E+07   4.2617631958419492E+13   1.1024218878747509E-18
   4.3000000000000000E+07   4.3498066776693328E+13   1.0549892176176277E-18
   4.4000000000000000E+07   4.4683556582735734E+13   1.0036586278165268E-18
   4.5000000000000000E+07   4.5623611877131031E+13   9.6113469445943100E-19
   4.6000000000000000E+07   4.6806085133137070E+13   9.1648694365549302E-19
   4.7000000000000000E+07   4.7768549736847859E+13   8.7891427480665867E-19
   4.8000000000000000E+07   4.8784859022600859E+13   8.4267505982261716E-19
   4.9000000000000000E+07   4.9935709973331016E+13   8.0645311407883626E-19
   5.0000000000000000E+07   5.1142170685423188E+13   7.7168004616480688E-19
   5.1000000000000000E+07   5.2008692986487922E+13   7.4394412136834610E-19
   5.2000000000000000E+07   5.3197126850524172E+13   7.1333726397240663E-19
   5.3000000000000000E+07   5.4120082511421719E+13   6.8794245608290245E-19
   5.4000000000000000E+07   5.5276064617978930E+13   6.6108234134609699E-19
   5.5000000000000000E+07   5.6272464883147219E+13   6.3756989751798432E-19
   5.6000000000000000E+07   5.7425869059082758E+13   6.1360773964100506E-19
   5.7000000000000000E+07   5.8627544783045281E+13   5.9048635923339374E-19
   5.8000000000000000E+07   5.9521741221982039E+13   5.7158761663459124E-19
   5.9000000000000000E+07   6.0706262577146039E+13   5.5093571200632513E-19
   6.0000000000000000E+07   6.1938886699087164E+13   5.3097220419900102E-19
   6.1000000000000000E+07   6.2758550987365383E+13   5.1544661212180926E-19
   6.2000000000000000E+07   6.3946347273041172E+13   4.9771301883528282E-19
   6.3000000000000000E+07   6.5179972459892555E+13   4.8054239676420166E-19
   6.4000000000000000E+07   6.5900748593039164E+13   4.6786020879492392E-19
   6.5000000000000000E+07   6.7057413264346453E+13   4.5271645381432739E-19
   6.6000000000000000E+07   6.8255405979262094E+13   4.3803160049980969E-19
   6.7000000000000000E+07   6.9079675414423031E+13   4.2634516407597757E-19
   6.8000000000000000E+07   7.0223780294402883E+13   4.1323140015896466E-19
   6.9000000000000000E+07   7.1406420980179172E+13   4.0049774534099582E-19
   7.0000000000000000E+07   7.2280318551516703E+13   3.9000334715071287E-19
   7.1000000000000000E+07   7.3422918183395641E+13   3.7852663327241916E-19
   7.2000000000000000E+07   7.4602222222967062E+13   3.6736871700185585E-19
   7.3000000000000000E+07   7.5500253580895891E+13   3.5802649082849936E-19
   7.4000000000000000E+07   7.6650663606421016E+13   3.4788747520459387E-19
   7.5000000000000000E+07   7.7611132232685141E+13   3.3900113295753338E-19
   7.6000000000000000E+07   7.8744084350311719E+13   3.2972729718708174E-19
   7.7000000000000000E+07   7.9910603702380938E+13   3.2069434026781073E-19
   7.8000000000000000E+07   8.1112204521592953E+13   3.1189299762852104E-19
   7.9000000000000000E+07   8.1876477200592594E+13   3.0507048493976230E-19
   8.0000000000000000E+07   8.3028918745500219E+13   2.9707565472206813E-19
   8.1000000000000000E+07   8.4214265521263625E+13   2.8927822771962550E-19
   8.2000000000000000E+07   8.5433947234884625E+13   2.8167098186358407E-19
   8.3000000000000000E+07   8.6191939886427188E+13   2.7583011757568141E-19
   8.4000000000000000E+07   8.7346839326664062E+13   2.6894281832365009E-19
   8.5000000000000000E+07   8.8296377516449328E+13   2.6292060328391644E-19
   8.6000000000000000E+07   8.9420330973841562E+13   2.5659707885697366E-19
   8.7000000000000000E+07   9.0573267710935359E+13   2.5041892280766183E-19
   8.8000000000000000E+07   9.1756323454741312E+13   2.4438117939583433E-19
   8.9000000000000000E+07   9.2970694056452891E+13   2.3847911561123891E-19
   9.0000000000000000E+07   9.3723830754245281E+13   2.3393429349171025E-19
   9.1000000000000000E+07   9.4892438611361125E+13   2.2851432616948949E-19
   9.2000000000000000E+07   9.6090556295820391E+13   2.2321218422383872E-19
   9.3000000000000000E+07   9.7319315879844375E+13   2.1802406683615892E-19
   9.4000000000000000E+07   9.7998913775899359E+13   2.1420880412274828E-19
   9.5000000000000000E+07   9.9158622724163797E+13   2.0947506844281915E-19
   9.6000000000000000E+07   1.0034610812612958E+14   2.0483995225622187E-19
   9.7000000000000000E+07   1.0156237999762964E+14   2.0030040547553378E-19
   9.8000000000000000E+07   1.0223102663206423E+14   1.9695981806319681E-19
   9.9000000000000000E+07   1.0336796746038052E+14   1.9282585284665963E-19
   1.0000000000000000E+08   1.0453048118817584E+14   1.8877456693445320E-19
   1.1000000000000000E+08   1.1501796276418741E+14   1.5596533274628468E-19
   1.2000000000000000E+08   1.2564608021762273E+14   1.3087486350264093E-19
   1.3000000000000000E+08   1.3665498675152519E+14   1.1107532574056595E-19
   1.4000000000000000E+08   1.4712172036154359E+14   9.5803549941289981E-20
   1.5000000000000000E+08   1.5782860882656162E+14   8.3350737083128036E-20
   1.6000000000000000E+08   1.6879686033339447E+14   7.3063771294284615E-20
   1.7000000000000000E+08   1.7991443298236634E+14   6.4516605087165571E-20
   1.8000000000000000E+08   1.9075289666186206E+14   5.7470210189512128E-20
   1.9000000000000000E+08   2.0131345604565175E+14   5.1589346509280541E-20
   2.0000000000000000E+08   2.1201643046586947E+14   4.6535771483343787E-20
   2.1000000000000000E+08   2.2204233060384175E+14   4.2318606684215060E-20
   2.2000000000000000E+08   2.3289635800055741E+14   3.8512441732286204E-20
   2.3000000000000000E+08   2.4382793137965912E+14   3.5186424841010822E-20
   2.4000000000000000E+08   2.5420818773241975E+14   3.2343398819695290E-20
   2.5000000000000000E+08   2.6645408513168259E+14   2.9622659090395893E-20
   2.6000000000000000E+08   2.7637697406557572E+14   2.7460676163088888E-20
   2.7000000000000000E+08   2.8666675771699100E+14   2.5494431589537447E-20
   2.8000000000000000E+08   2.9717240047622138E+14   2.3714825235315641E-20
   2.9000000000000000E+08   3.0781025406794175E+14   2.2105754927517197E-20
   3.0000000000000000E+08   3.1854367319325900E+14   2.0648865423419414E-20
   3.1000000000000000E+08   3.3057265182775325E+14   1.9255633742707957E-20
   3.2000000000000000E+08   3.4053486868494369E+14   1.8108182645464466E-20
   3.3000000000000000E+08   3.5071533023641638E+14   1.7049739287818560E-20
   3.4000000000000000E+08   3.6132291066959756E+14   1.6062458370953947E-20
   3.5000000000000000E+08   3.7318331858777700E+14   1.5107623928576417E-20
   3.6000000000000000E+08   3.8327896065785019E+14   1.4301083793641527E-20
   3.7000000000000000E+08   3.9333816237669975E+14   1.3558717859294126E-20
   3.8000000000000000E+08   4.0511058326430644E+14   1.2818265024372428E-20
   3.9000000000000000E+08   4.1492335723982275E+14   1.2194217640958231E-20
   4.0000000000000000E+08   4.2518175658284669E+14   1.1602506464728210E-20
   4.1000000000000000E+08   4.3662553940915138E+14   1.1022838395892155E-20
   4.2000000000000000E+08   4.4677727188777094E+14   1.0515890855825367E-20
   4.3000000000000000E+08   4.5844654079396856E+14   1.0009889344381931E-20
   4.4000000000000000E+08   4.6849878128806638E+14   9.5724981316900223E-21
   4.5000000000000000E+08   4.7878013936620338E+14   9.1587834699471985E-21
   4.6000000000000000E+08   4.9037137939011744E+14   8.7478934764707281E-21
   4.7000000000000000E+08   5.0253779080821981E+14   8.3544881635677208E-21
   4.8000000000000000E+08   5.1110075776688862E+14   8.0433815388820382E-21
   4.9000000000000000E+08   5.2308728501650962E+14   7.6986785886908686E-21
   5.0000000000000000E+08   5.3564953953143819E+14   7.3677637565073472E-21
   5.1000000000000000E+08   5.4339972957544956E+14   7.1202761616348219E-21
   5.2000000000000000E+08   5.5542801362880938E+14   6.8321172118815981E-21
   5.3000000000000000E+08   5.6426184118759575E+14   6.5982669336554912E-21
   5.4000000000000000E+08   5.7594213922068062E+14   6.3447398149226326E-21
   5.5000000000000000E+08   5.8542860987113262E+14   6.1284380475580276E-21
   5.6000000000000000E+08   5.9690623695684425E+14   5.9032651241691915E-21
   5.7000000000000000E+08   6.0675015107605888E+14   5.7056047548298900E-21
   5.8000000000000000E+08   6.1813208284213538E+14   5.5039838810150321E-21
   5.9000000000000000E+08   6.2817210530320675E+14   5.3242173146226365E-21
   6.0000000000000000E+08   6.3955064557315200E+14   5.1423335155534260E-21
   6.1000000000000000E+08   6.5134900597746525E+14   4.9664131197323846E-21
   6.2000000000000000E+08   6.6359085758529550E+14   4.7961675753894417E-21
   6.3000000000000000E+08   6.7154314573291675E+14   4.6641441262448044E-21
   6.4000000000000000E+08   6.8343924502069225E+14   4.5113502364862859E-21
   6.5000000000000000E+08   6.9228398083149175E+14   4.3851938186601176E-21
   6.6000000000000000E+08   7.0372342878216362E+14   4.2485475829049497E-21
   6.7000000000000000E+08   7.1359637204558688E+14   4.1272330833817619E-21
   6.8000000000000000E+08   7.2487808133402512E+14   4.0032485189933287E-21
   6.9000000000000000E+08   7.3652224059316238E+14   3.8828577100944149E-21
   7.0000000000000000E+08   7.4854660174863588E+14   3.7659066385926119E-21
   7.1000000000000000E+08   7.5693225770225850E+14   3.6717328059665427E-21
   7.2000000000000000E+08   7.6865144202266912E+14   3.5655332398024015E-21
   7.3000000000000000E+08   7.8073921698122425E+14   3.4622432507934414E-21
   7.4000000000000000E+08   7.8868943892723925E+14   3.3810273751179924E-21
   7.5000000000000000E+08   8.0024757961045462E+14   3.2877652400778941E-21
   7.6000000000000000E+08   8.1214952478682275E+14   3.1969573717493773E-21
   7.7000000000000000E+08   8.2060164526297762E+14   3.1229377229099881E-21
   7.8000000000000000E+08   8.3202002689542000E+14   3.0405913072663525E-21
   7.9000000000000000E+08   8.4376065799832012E+14   2.9603296110060993E-21
   8.0000000000000000E+08   8.5259754267707738E+14   2.8930262125476370E-21
   8.1000000000000000E+08   8.6392927028001900E+14   2.8198319372609107E-21
   8.2000000000000000E+08   8.7556627131299038E+14   2.7484228882006903E-21
   8.3000000000000000E+08   8.8465386166359375E+14   2.6874163945027702E-21
   8.4000000000000000E+08   8.9593052243789700E+14   2.6220007636590384E-21
   8.5000000000000000E+08   9.0749838174151675E+14   2.5581243241292760E-21
   8.6000000000000000E+08   9.1675305307361300E+14   2.5028545736917313E-21
   8.7000000000000000E+08   9.2800002880169462E+14   2.4441012318318790E-21
   8.8000000000000000E+08   9.3952639406937800E+14   2.3866831931961142E-21
   8.9000000000000000E+08   9.4889137259945762E+14   2.3365760862181355E-21
   9.0000000000000000E+08   9.6013459053688488E+14   2.2835567374539573E-21
   9.1000000000000000E+08   9.7164744042305562E+14   2.2317026491021773E-21
   9.2000000000000000E+08   9.8343973933895338E+14   2.1809758235406541E-21
   9.3000000000000000E+08   9.9552178679649800E+14   2.1313398974535719E-21
   9.4000000000000000E+08   1.0079043947416700E+15   2.0827600549002582E-21
   9.5000000000000000E+08   1.0133839153738808E+15   2.0496930103904879E-21
   9.6000000000000000E+08   1.0250312178178070E+15   2.0052942427854487E-21
   9.7000000000000000E+08   1.0369493692103879E+15   1.9618109136877301E-21
   9.8000000000000000E+08   1.0491479282639175E+15   1.9192149994695558E-21
   9.9000000000000000E+08   1.0616369088355518E+15   1.8774796087709415E-21
   1.0000000000000000E+09   1.0666614670878996E+15   1.8499492975611350E-21
   1.1000000000000000E+09   1.1740883239145482E+15   1.5278931294117770E-21
   1.2000000000000000E+09   1.2827763186877258E+15   1.2819003093965201E-21
   1.3000000000000000E+09   1.3884795330966032E+15   1.0932100045901293E-21
   1.4000000000000000E+09   1.4976064990689748E+15   9.4115397421605900E-22
   1.5000000000000000E+09   1.6061198998927152E+15   8.1906281588176129E-22
   1.6000000000000000E+09   1.7094941648733815E+15   7.2143768911348753E-22
   1.7000000000000000E+09   1.8194978175471485E+15   6.3794901594620140E-22
   1.8000000000000000E+09   1.9243893574826155E+15   5.6966689317780283E-22
   1.9000000000000000E+09   2.0307792463077930E+15   5.1141105857775050E-22
   2.0000000000000000E+09   2.1370205379771902E+15   4.6168710049988572E-22
   2.1000000000000000E+09   2.2439622314056700E+15   4.1874688996811805E-22
   2.2000000000000000E+09   2.3514101147331090E+15   3.8144802393078869E-22
   2.3000000000000000E+09   2.4594597131745970E+15   3.4883406041058690E-22
   2.4000000000000000E+09   2.5683932591816540E+15   3.2012063455116365E-22
   2.5000000000000000E+09   2.6731678313893530E+15   2.9527059372837092E-22
   2.6000000000000000E+09   2.7790611788826185E+15   2.7309577210533786E-22
   2.7000000000000000E+09   2.8867295191235210E+15   2.5317252604356701E-22
   2.8000000000000000E+09   2.9921369369829000E+15   2.3553038147909797E-22
   2.9000000000000000E+09   3.1096288002457555E+15   2.1881640792833444E-22
   3.0000000000000000E+09   3.2115964027504250E+15   2.0480672582695147E-22
   3.1000000000000000E+09   3.3151718283679110E+15   1.9200772202762930E-22
   3.2000000000000000E+09   3.4200622346879600E+15   1.8030278913502973E-22
   3.3000000000000000E+09   3.5366710756430375E+15   1.6907438709676668E-22
   3.4000000000000000E+09   3.6401672540547185E+15   1.5943592164996389E-22
   3.5000000000000000E+09   3.7447012033548515E+15   1.5055709194077460E-22
   3.6000000000000000E+09   3.8499697609042895E+15   1.4237266454322199E-22
   3.7000000000000000E+09   3.9679553199445820E+15   1.3440577670197598E-22
   3.8000000000000000E+09   4.0628599949778220E+15   1.2781180810756241E-22
   3.9000000000000000E+09   4.1820655592449935E+15   1.2098484949176416E-22
   4.0000000000000000E+09   4.2754103675958850E+15   1.1538480883206910E-22
   4.1000000000000000E+09   4.3925239941912215E+15   1.0956918543395433E-22
   4.2000000000000000E+09   4.4893422311074745E+15   1.0465366163176652E-22
   4.3000000000000000E+09   4.6056742852345480E+15   9.9637943533573237E-23
   4.4000000000000000E+09   4.7043272795521560E+15   9.5331456382133428E-23
   4.5000000000000000E+09   4.8209412084523880E+15   9.0958247291588115E-23
   4.6000000000000000E+09   4.9204840495927990E+15   8.7180784402090722E-23
   4.7000000000000000E+09   5.0239519994848890E+15   8.3568593519269594E-23
   4.8000000000000000E+09   5.1384421947531150E+15   8.0004371825541794E-23
   4.9000000000000000E+09   5.2582722848347800E+15   7.6585628568292654E-23
   5.0000000000000000E+09   5.3480452034645640E+15   7.3794052095762703E-23
   5.1000000000000000E+09   5.4667306220122110E+15   7.0776418453022494E-23
   5.2000000000000000E+09   5.5599064760959690E+15   6.8252034601473660E-23
   5.3000000000000000E+09   5.6759736164393020E+15   6.5594918162556860E-23
   5.4000000000000000E+09   5.7753449165950330E+15   6.3272463802206508E-23
   5.5000000000000000E+09   5.8915963159714650E+15   6.0896279623524546E-23
   5.6000000000000000E+09   5.9862094673443580E+15   5.8863556149324256E-23
   5.7000000000000000E+09   6.1014764013693230E+15   5.6738341988774789E-23
   5.8000000000000000E+09   6.2212695136030220E+15   5.4686411075140816E-23
   5.9000000000000000E+09   6.3088595211048150E+15   5.3013144268468206E-23
   6.0000000000000000E+09   6.4251745643121050E+15   5.1185888985675438E-23
   6.1000000000000000E+09   6.5458591164747530E+15   4.9418543712154571E-23
   6.2000000000000000E+09   6.6324804947040850E+15   4.7986465350584744E-23
   6.3000000000000000E+09   6.7497985162986750E+15   4.6403963186855305E-23
   6.4000000000000000E+09   6.8423218808528760E+15   4.5061221224859898E-23
   6.5000000000000000E+09   6.9570167910357840E+15   4.3636511520445770E-23
   6.6000000000000000E+09   7.0756224181711080E+15   4.2254974837377528E-23
   6.7000000000000000E+09   7.1664345940666700E+15   4.1096845526590826E-23
   6.8000000000000000E+09   7.2826677574000790E+15   3.9846210238034140E-23
   6.9000000000000000E+09   7.3774648751766820E+15   3.8764143359946320E-23
   7.0000000000000000E+09   7.4918082174840910E+15   3.7627186054260664E-23
   7.1000000000000000E+09   7.5895472120976890E+15   3.6619483677097270E-23
   7.2000000000000000E+09   7.7023736280044530E+15   3.5581917973822420E-23
   7.3000000000000000E+09   7.8186052266038350E+15   3.4572778728171551E-23
   7.4000000000000000E+09   7.9383985261206540E+15   3.3590913516186918E-23
   7.5000000000000000E+09   8.0619197864566310E+15   3.2635231376521880E-23
   7.6000000000000000E+09   8.1282989597135540E+15   3.1942813903605302E-23
   7.7000000000000000E+09   8.2458190979078010E+15   3.1078632735515386E-23
   7.8000000000000000E+09   8.3667873360156540E+15   3.0236610058914933E-23
   7.9000000000000000E+09   8.4913576869212490E+15   2.9415904412101855E-23
   8.0000000000000000E+09   8.5535353006074280E+15   2.8837047525171527E-23
   8.1000000000000000E+09   8.6691051272471260E+15   2.8101347395284222E-23
   8.2000000000000000E+09   8.7878407371246730E+15   2.7383591171003923E-23
   8.3000000000000000E+09   8.9098740161905200E+15   2.6683130277429172E-23
   8.4000000000000000E+09   8.9815503736320160E+15   2.6155066957194502E-23
   8.5000000000000000E+09   9.0964365846560160E+15   2.5520913193160207E-23
   8.6000000000000000E+09   9.2142999788103100E+15   2.4901507191080202E-23
   8.7000000000000000E+09   9.3352578021989200E+15   2.4296340407438820E-23
   8.8000000000000000E+09   9.4116060858566160E+15   2.3825389990123473E-23
   8.9000000000000000E+09   9.5268177376759640E+15   2.3272796338554322E-23
   9.0000000000000000E+09   9.6448850610804880E+15   2.2732482545908927E-23
   9.1000000000000000E+09   9.7303202396552920E+15   2.2285270303316374E-23
   9.2000000000000000E+09   9.8440634177070560E+15   2.1788342927061057E-23
   9.3000000000000000E+09   9.9604972642722500E+15   2.1302102161047789E-23
   9.4000000000000000E+09   1.0051178710261884E+16   2.0885341640410222E-23
   9.5000000000000000E+09   1.0164449468019430E+16   2.0435203448246596E-23
   9.6000000000000000E+09   1.0280302311387808E+16   1.9994443135086381E-23
   9.7000000000000000E+09   1.0398826548945424E+16   1.9562770663434623E-23
   9.8000000000000000E+09   1.0520115655955324E+16   1.9139907834061468E-23
   9.9000000000000000E+09   1.0584548357832022E+16   1.8831239471663396E-23
   1.0000000000000000E+10   1.0699422823906044E+16   1.8442767093621664E-23
   1.1000000000000000E+10   1.1787478020081462E+16   1.5218535130038189E-23
   1.2000000000000000E+10   1.2855312338062570E+16   1.2791531754102457E-23
   1.3000000000000000E+10   1.3918918505632624E+16   1.0905299259677279E-23
   1.4000000000000000E+10   1.4988178238007150E+16   9.4039334602813652E-24
   1.5000000000000000E+10   1.6128133329364972E+16   8.1566357431747298E-24
   1.6000000000000000E+10   1.7112324894415448E+16   7.2070482968782638E-24
   1.7000000000000000E+10   1.8198792438626436E+16   6.3781530897446328E-24
   1.8000000000000000E+10   1.9295564621544648E+16   5.6814139831778194E-24
   1.9000000000000000E+10   2.0335666288454240E+16   5.1071007429033598E-24
   2.0000000000000000E+10   2.1404868207694264E+16   4.6093944906081500E-24
   2.1000000000000000E+10   2.2482885062076664E+16   4.1794111521390775E-24
   2.2000000000000000E+10   2.3580112248803116E+16   3.8038018320347082E-24
   2.3000000000000000E+10   2.4658937532365756E+16   3.4792387832479400E-24
   2.4000000000000000E+10   2.5716706809424924E+16   3.1971266227790713E-24
   2.5000000000000000E+10   2.6778665772164544E+16   2.9475249417779914E-24
   2.6000000000000000E+10   2.7845975754973472E+16   2.7255279723475513E-24
   2.7000000000000000E+10   2.8915159241079144E+16   2.5275344267263928E-24
   2.8000000000000000E+10   2.9985123108707456E+16   2.3502960172960942E-24
   2.9000000000000000E+10   3.1059470807138472E+16   2.1907578795704585E-24
   3.0000000000000000E+10   3.2267495308857800E+16   2.0384493361787773E-24
   3.1000000000000000E+10   3.3244607210814764E+16   1.9147123226892028E-24
   3.2000000000000000E+10   3.4235499799317252E+16   1.8011910547364619E-24
   3.3000000000000000E+10   3.5415207245072160E+16   1.6884286186421004E-24
   3.4000000000000000E+10   3.6408827047051360E+16   1.5940459173821008E-24
   3.5000000000000000E+10   3.7443317212568544E+16   1.5057194857056594E-24
   3.6000000000000000E+10   3.8602562609613224E+16   1.4199328133056991E-24
   3.7000000000000000E+10   3.9633041853351008E+16   1.3456350856672810E-24
   3.8000000000000000E+10   4.0683329024442624E+16   1.2763986981842413E-24
   3.9000000000000000E+10   4.1862251345437008E+16   1.2086463484126410E-24
   4.0000000000000000E+10   4.2824215875051608E+16   1.1519589976452849E-24
   4.1000000000000000E+10   4.4018044387722728E+16   1.0933817772623927E-24
   4.2000000000000000E+10   4.4981561598581976E+16   1.0444859762679570E-24
   4.3000000000000000E+10   4.6019962501851736E+16   9.9717576768508916E-25
   4.4000000000000000E+10   4.7177727979539304E+16   9.5059764440628773E-25
   4.5000000000000000E+10   4.8162737742644928E+16   9.1046394613143697E-25
   4.6000000000000000E+10   4.9332942554752176E+16   8.6954403460807499E-25
   4.7000000000000000E+10   5.0291034494857056E+16   8.3482991893556943E-25
   4.8000000000000000E+10   5.1449725042493288E+16   7.9902825450193911E-25
   4.9000000000000000E+10   5.2427293086047488E+16   7.6812679887239308E-25
   5.0000000000000000E+10   5.3576600612061968E+16   7.3661621276156060E-25
   5.1000000000000000E+10   5.4566163048273792E+16   7.0907608755849352E-25
   5.2000000000000000E+10   5.5709483786189208E+16   6.8116755603744108E-25
   5.3000000000000000E+10   5.6707247092048920E+16   6.5655633795591399E-25
   5.4000000000000000E+10   5.7847407111760232E+16   6.3169694274201556E-25
   5.5000000000000000E+10   5.8851220861840432E+16   6.0963271692968161E-25
   5.6000000000000000E+10   5.9991212067754816E+16   5.8736865777052560E-25
   5.7000000000000000E+10   6.0997736741938320E+16   5.6754180267694108E-25
   5.8000000000000000E+10   6.2139729301147056E+16   5.4750625060070222E-25
   5.9000000000000000E+10   6.3325298196197728E+16   5.2814986978128510E-25
   6.0000000000000000E+10   6.4556986128752896E+16   5.0943870165584849E-25
   6.1000000000000000E+10   6.5320532213394624E+16   4.9522992835440934E-25
   6.2000000000000000E+10   6.6509358709693640E+16   4.7853309913385091E-25
   6.3000000000000000E+10   6.7742260392283104E+16   4.6236632798378631E-25
   6.4000000000000000E+10   6.8493860728656192E+16   4.5014746823260297E-25
   6.5000000000000000E+10   6.9654633827308824E+16   4.3583596190113916E-25
   6.6000000000000000E+10   7.0855428681504864E+16   4.2195813757971985E-25
   6.7000000000000000E+10   7.1693830766659904E+16   4.1079944025774601E-25
   6.8000000000000000E+10   7.2839641367791280E+16   3.9839118521996574E-25
   6.9000000000000000E+10   7.4022671494873472E+16   3.8634258974849801E-25
   7.0000000000000000E+10   7.4911750238732912E+16   3.7630366502418124E-25
   7.1000000000000000E+10   7.6054601660221072E+16   3.6542864492489209E-25
   7.2000000000000000E+10   7.7232863922660880E+16   3.5485570871724990E-25
   7.3000000000000000E+10   7.8142610731107328E+16   3.4591998646225611E-25
   7.4000000000000000E+10   7.9290993951389840E+16   3.3630308444792864E-25
   7.5000000000000000E+10   8.0261767615017232E+16   3.2780566063778620E-25
   7.6000000000000000E+10   8.1391867254446672E+16   3.1900084097015692E-25
   7.7000000000000000E+10   8.2554245379284304E+16   3.1042471791727135E-25
   7.8000000000000000E+10   8.3750304957656288E+16   3.0206849545548525E-25
   7.9000000000000000E+10   8.4981531458715456E+16   2.9392382292944067E-25
   8.0000000000000000E+10   8.5677288309983680E+16   2.8789275295388458E-25
   8.1000000000000000E+10   8.6855692997647472E+16   2.8048079104453119E-25
   8.2000000000000000E+10   8.8066965281861168E+16   2.7324960869394250E-25
   8.3000000000000000E+10   8.8844139928071776E+16   2.6759595998337064E-25
   8.4000000000000000E+10   8.9991132416319632E+16   2.6104022151315864E-25
   8.5000000000000000E+10   9.1168127973230592E+16   2.5463873571283399E-25
   8.6000000000000000E+10   9.2068778938461344E+16   2.4921581433862518E-25
   8.7000000000000000E+10   9.3212610459666320E+16   2.4332823663550047E-25
   8.8000000000000000E+10   9.4385220673321888E+16   2.3757446751653758E-25
   8.9000000000000000E+10   9.5587709520386688E+16   2.3194999658002333E-25
   9.0000000000000000E+10   9.6356709287869056E+16   2.2754220534170213E-25
   9.1000000000000000E+10   9.7513569829585136E+16   2.2237193967721943E-25
   9.2000000000000000E+10   9.8698546514984336E+16   2.1731407109239946E-25
   9.3000000000000000E+10   9.9912676947969968E+16   2.1236497387499492E-25
   9.4000000000000000E+10   1.0061611816288294E+17   2.0863685171475550E-25
   9.5000000000000000E+10   1.0176245514594107E+17   2.0411515476951797E-25
   9.6000000000000000E+10   1.0293521399226542E+17   1.9968765984397292E-25
   9.7000000000000000E+10   1.0381250879718966E+17   1.9595890832701052E-25
   9.8000000000000000E+10   1.0493707261361648E+17   1.9188075200081827E-25
   9.9000000000000000E+10   1.0608626724288998E+17   1.8788498267111478E-25
   1.0000000000000000E+11   1.0701482155278506E+17   1.8439218074119523E-25
