   1.0000000000000000E+00   0.0000000000000000E+00   1.0000000000000000E+30   0.0000000000000000E+00
   2.0000000000000000E+00   0.0000000000000000E+00   1.0000000000000000E+30   0.0000000000000000E+00
   3.0000000000000000E+00   0.0000000000000000E+00   1.0000000000000000E+30   0.0000000000000000E+00
   4.0000000000000000E+00   0.0000000000000000E+00   1.0000000000000000E+30   0.0000000000000000E+00
   5.0000000000000000E+00   0.0000000000000000E+00   1.0000000000000000E+30   0.0000000000000000E+00
   6.0000000000000000E+00   0.0000000000000000E+00   1.0000000000000000E+30   0.0000000000000000E+00
   7.0000000000000000E+00   0.0000000000000000E+00   1.0000000000000000E+30   0.0000000000000000E+00
   8.0000000000000000E+00   0.0000000000000000E+00   1.0000000000000000E+30   0.0000000000000000E+00
   8.1490000000000009E+00   0.0000000000000000E+00   1.0000000000000000E+30   0.0000000000000000E+00
   8.1509999999999998E+00   1.2031363840168184E-04   8.3116096669055714E+03   0.0000000000000000E+00
   9.0000000000000000E+00   1.0855396865138080E-01   9.2120077453039322E+00   0.0000000000000000E+00
   1.0000000000000000E+01   2.4174193329894197E-01   4.1366426848393898E+00   0.0000000000000000E+00
   1.1000000000000000E+01   3.7091666362226244E-01   2.6960233876642152E+00   0.0000000000000000E+00
   1.2000000000000000E+01   4.9171713957472535E-01   2.0336895331020526E+00   0.0000000000000000E+00
   1.3000000000000000E+01   6.0270764122139020E-01   1.6591792298725381E+00   0.0000000000000000E+00
   1.3459000000000000E+01   6.5031014148677901E-01   1.5377278258551199E+00   0.0000000000000000E+00
   1.3460999999999999E+01   6.5051301988406418E-01   1.5372482478186560E+00   0.0000000000000000E+00
   1.4000000000000000E+01   7.0377742864848114E-01   1.4209037677158507E+00   0.0000000000000000E+00
   1.5000000000000000E+01   7.9540116649171488E-01   1.2572272233528543E+00   0.0000000000000000E+00
   1.6000000000000000E+01   8.7828771741357559E-01   1.1385790557846451E+00   0.0000000000000000E+00
   1.7000000000000000E+01   9.5321180997763322E-01   1.0490847779398209E+00   0.0000000000000000E+00
   1.8000000000000000E+01   1.0209345629637656E+00   9.7949470639627234E-01   0.0000000000000000E+00
   1.9000000000000000E+01   1.0821680650371912E+00   9.2407088354213529E-01   0.0000000000000000E+00
   2.0000000000000000E+01   1.1375619638350136E+00   8.7907299276141693E-01   0.0000000000000000E+00
   2.1000000000000000E+01   1.1877009502548155E+00   8.4196278514844580E-01   0.0000000000000000E+00
   2.2000000000000000E+01   1.2331074444259660E+00   8.1095934058326802E-01   0.0000000000000000E+00
   2.3000000000000000E+01   1.2742465471304645E+00   7.8477748458643815E-01   0.0000000000000000E+00
   2.4000000000000000E+01   1.3115317505315236E+00   7.6246724457469739E-01   0.0000000000000000E+00
   2.5000000000000000E+01   1.3453306539066203E+00   7.4331168854003560E-01   0.0000000000000000E+00
   2.6000000000000000E+01   1.3759703276354969E+00   7.2675985805480714E-01   0.0000000000000000E+00
   2.7000000000000000E+01   1.4037421783493724E+00   7.1238152947422062E-01   0.0000000000000000E+00
   2.8000000000000000E+01   1.4289062769736751E+00   6.9983596273223125E-01   0.0000000000000000E+00
   2.9000000000000000E+01   1.4516951657086434E+00   6.8884985196726978E-01   0.0000000000000000E+00
   3.0000000000000000E+01   1.4723171850101073E+00   6.7920147246881124E-01   0.0000000000000000E+00
   3.1000000000000000E+01   1.4909593708974018E+00   6.7070908806730567E-01   0.0000000000000000E+00
   3.2000000000000000E+01   1.5077899741794867E+00   6.6322234337987485E-01   0.0000000000000000E+00
   3.3000000000000000E+01   1.5229606503081261E+00   6.5661578307862367E-01   0.0000000000000000E+00
   3.4000000000000000E+01   1.5366083640653301E+00   6.5078391045220441E-01   0.0000000000000000E+00
   3.5000000000000000E+01   1.5488570481573507E+00   6.4563737576019908E-01   0.0000000000000000E+00
   3.6000000000000000E+01   1.5598190497818585E+00   6.4110000460620775E-01   0.0000000000000000E+00
   3.7000000000000000E+01   1.5695963945844971E+00   6.3710645835467772E-01   0.0000000000000000E+00
   3.8000000000000000E+01   1.5782818932630152E+00   6.3360037536295399E-01   0.0000000000000000E+00
   3.9000000000000000E+01   1.5859601124542098E+00   6.3053288172080202E-01   0.0000000000000000E+00
   4.0000000000000000E+01   1.5927082283675071E+00   6.2786138866437535E-01   0.0000000000000000E+00
   4.1000000000000000E+01   1.5985967789725499E+00   6.2554861435584785E-01   0.0000000000000000E+00
   4.2000000000000000E+01   1.6036903282254664E+00   6.2356178272056517E-01   0.0000000000000000E+00
   4.3000000000000000E+01   1.6080480538994175E+00   6.2187196307663928E-01   0.0000000000000000E+00
   4.4000000000000000E+01   1.6117242688684572E+00   6.2045352255077091E-01   0.0000000000000000E+00
   4.5000000000000000E+01   1.6147688843851729E+00   6.1928366942787139E-01   0.0000000000000000E+00
   4.6000000000000000E+01   1.6172278225859746E+00   6.1834207032190625E-01   0.0000000000000000E+00
   4.7000000000000000E+01   1.6191433845519543E+00   6.1761052760421087E-01   0.0000000000000000E+00
   4.8000000000000000E+01   1.6205545793292930E+00   6.1707270631630018E-01   0.0000000000000000E+00
   4.9000000000000000E+01   1.6214974185827469E+00   6.1671390194012143E-01   0.0000000000000000E+00
   5.0000000000000000E+01   1.6220051809579543E+00   6.1652084206623881E-01   0.0000000000000000E+00
   5.1000000000000000E+01   1.6221086496914212E+00   6.1648151632150738E-01   0.0000000000000000E+00
   5.2000000000000000E+01   1.6218363265056002E+00   6.1658502997931652E-01   0.0000000000000000E+00
   5.3000000000000000E+01   1.6212146245101415E+00   6.1682147747844018E-01   0.0000000000000000E+00
   5.4000000000000000E+01   1.6202680423934352E+00   6.1718183278046723E-01   0.0000000000000000E+00
   5.5000000000000000E+01   1.6190193220155682E+00   6.1765785398723261E-01   0.0000000000000000E+00
   5.6000000000000000E+01   1.6174895911519653E+00   6.1824200011562780E-01   0.0000000000000000E+00
   5.7000000000000000E+01   1.6156984929972302E+00   6.1892735825044454E-01   0.0000000000000000E+00
   5.8000000000000000E+01   1.6136643038027243E+00   6.1970757960216571E-01   0.0000000000000000E+00
   5.9000000000000000E+01   1.6114040398889831E+00   6.2057682322112995E-01   0.0000000000000000E+00
   6.0000000000000000E+01   1.6089335551219708E+00   6.2152970631791671E-01   0.0000000000000000E+00
   6.1000000000000000E+01   1.6062676297938385E+00   6.2256126031024372E-01   0.0000000000000000E+00
   6.2000000000000000E+01   1.6034200518020707E+00   6.2366689182669777E-01   0.0000000000000000E+00
   6.3000000000000000E+01   1.6004036908328216E+00   6.2484234804508476E-01   0.0000000000000000E+00
   6.4000000000000000E+01   1.5972305662758373E+00   6.2608368579599483E-01   0.0000000000000000E+00
   6.5000000000000000E+01   1.5939119094386489E+00   6.2738724397396883E-01   0.0000000000000000E+00
   6.6000000000000000E+01   1.5904582206073061E+00   6.2874961884767810E-01   0.0000000000000000E+00
   6.7000000000000000E+01   1.5868793214492578E+00   6.3016764191414676E-01   0.0000000000000000E+00
   6.8000000000000000E+01   1.5831844031573434E+00   6.3163836000765350E-01   0.0000000000000000E+00
   6.9000000000000000E+01   1.5793820707620849E+00   6.3315901738550140E-01   0.0000000000000000E+00
   7.0000000000000000E+01   1.5754803839147886E+00   6.3472703958089149E-01   0.0000000000000000E+00
   7.1000000000000000E+01   1.5714868945025735E+00   6.3634001880526825E-01   0.0000000000000000E+00
   7.2000000000000000E+01   1.5674086813237982E+00   6.3799570074820733E-01   0.0000000000000000E+00
   7.3000000000000000E+01   1.5632523821252442E+00   6.3969197260425636E-01   0.0000000000000000E+00
   7.4000000000000000E+01   1.5590242231983937E+00   6.4142685220660944E-01   0.0000000000000000E+00
   7.5000000000000000E+01   1.5547300467560301E+00   6.4319847814513953E-01   0.0000000000000000E+00
   7.6000000000000000E+01   1.5503753362719683E+00   6.4500510076779183E-01   0.0000000000000000E+00
   7.7000000000000000E+01   1.5459652399502213E+00   6.4684507397604829E-01   0.0000000000000000E+00
   7.8000000000000000E+01   1.5415045924956292E+00   6.4871684772670279E-01   0.0000000000000000E+00
   7.9000000000000000E+01   1.5369979352885452E+00   6.5061896118439944E-01   0.0000000000000000E+00
   8.0000000000000000E+01   1.5324495351436260E+00   6.5255003643971676E-01   0.0000000000000000E+00
   8.1000000000000000E+01   1.5278634017110968E+00   6.5450877276075348E-01   0.0000000000000000E+00
   8.2000000000000000E+01   1.5232433036690642E+00   6.5649394131015160E-01   0.0000000000000000E+00
   8.3000000000000000E+01   1.5185927837878586E+00   6.5850438028928249E-01   0.0000000000000000E+00
   8.4000000000000000E+01   1.5139151729491440E+00   6.6053899047195330E-01   0.0000000000000000E+00
   8.5000000000000000E+01   1.5092136032000509E+00   6.6259673109204476E-01   0.0000000000000000E+00
   8.6000000000000000E+01   1.5044910199337229E+00   6.6467661604524098E-01   0.0000000000000000E+00
   8.7000000000000000E+01   1.4997501932385182E+00   6.6677771038697342E-01   0.0000000000000000E+00
   8.8000000000000000E+01   1.4949937284922343E+00   6.6889912709436128E-01   0.0000000000000000E+00
   8.9000000000000000E+01   1.4902240762555417E+00   6.7104002406985774E-01   0.0000000000000000E+00
   9.0000000000000000E+01   1.4854435415099740E+00   6.7319960136854895E-01   0.0000000000000000E+00
   9.1000000000000000E+01   1.4806542923023573E+00   6.7537709862377171E-01   0.0000000000000000E+00
   9.2000000000000000E+01   1.4758583678123010E+00   6.7757179266620504E-01   0.0000000000000000E+00
   9.3000000000000000E+01   1.4710576859301203E+00   6.7978299529954878E-01   0.0000000000000000E+00
   9.4000000000000000E+01   1.4662540503136279E+00   6.8201005125005643E-01   0.0000000000000000E+00
   9.5000000000000000E+01   1.4614491570319037E+00   6.8425233624338122E-01   0.0000000000000000E+00
   9.6000000000000000E+01   1.4566446007705358E+00   6.8650925522328521E-01   0.0000000000000000E+00
   9.7000000000000000E+01   1.4518418806588567E+00   6.8878024068722465E-01   0.0000000000000000E+00
   9.8000000000000000E+01   1.4470424057290479E+00   6.9106475113711741E-01   0.0000000000000000E+00
   9.9000000000000000E+01   1.4422475000484354E+00   6.9336226962876824E-01   0.0000000000000000E+00
   1.0000000000000000E+02   1.4374584075262760E+00   6.9567230242223244E-01   0.0000000000000000E+00
   1.0399900000000000E+02   1.4183872369237580E+00   7.0502608453304405E-01   0.0000000000000000E+00
   1.0400100000000000E+02   1.4183777379081361E+00   7.0503080616227709E-01   0.0000000000000000E+00
   1.1000000000000000E+02   1.3901118432513524E+00   7.1936657820358241E-01   0.0000000000000000E+00
   1.2000000000000000E+02   1.3442639707596320E+00   7.4390151172087782E-01   0.0000000000000000E+00
   1.3000000000000000E+02   1.3003472132761187E+00   7.6902537244693425E-01   0.0000000000000000E+00
   1.4000000000000000E+02   1.2585486468606371E+00   7.9456602849197078E-01   0.0000000000000000E+00
   1.5000000000000000E+02   1.2189139314258923E+00   8.2040246995142196E-01   0.0000000000000000E+00
   1.5399900000000000E+02   1.2036636158636493E+00   8.3079689941652257E-01   0.0000000000000000E+00
   1.5400100000000000E+02   1.2036560733631732E+00   8.3080210546013267E-01   0.0000000000000000E+00
   1.6000000000000000E+02   1.1814079465997320E+00   8.4644766685220718E-01   0.0000000000000000E+00
   1.7000000000000000E+02   1.1459507695135038E+00   8.7263783628727365E-01   0.0000000000000000E+00
   1.8000000000000000E+02   1.1124392464382575E+00   8.9892549476453776E-01   0.0000000000000000E+00
   1.9000000000000000E+02   1.0807599721786614E+00   9.2527483043634529E-01   0.0000000000000000E+00
   2.0000000000000000E+02   1.0507970606242463E+00   9.5165854328325861E-01   0.0000000000000000E+00
   2.1000000000000000E+02   1.0224367190636947E+00   9.7805564036839254E-01   0.0000000000000000E+00
   2.2000000000000000E+02   9.9556984574307306E-01   1.0044498678579608E+00   0.0000000000000000E+00
   2.3000000000000000E+02   9.7009340102384178E-01   1.0308285768613565E+00   0.0000000000000000E+00
   2.4000000000000000E+02   9.4591101956853019E-01   1.0571818905927770E+00   0.0000000000000000E+00
   2.5000000000000000E+02   9.2293315752731642E-01   1.0835020844620622E+00   0.0000000000000000E+00
   2.6000000000000000E+02   9.0107696077163446E-01   1.1097831190175511E+00   0.0000000000000000E+00
   2.7000000000000000E+02   8.8026597232796588E-01   1.1360202841368316E+00   0.0000000000000000E+00
   2.8000000000000000E+02   8.6042975391301635E-01   1.1622099252754263E+00   0.0000000000000000E+00
   2.9000000000000000E+02   8.4150346883610505E-01   1.1883492309106150E+00   0.0000000000000000E+00
   3.0000000000000000E+02   8.2342745564703512E-01   1.2144360661549929E+00   0.0000000000000000E+00
   3.1000000000000000E+02   8.0614681041441416E-01   1.2404688415078293E+00   0.0000000000000000E+00
   3.2000000000000000E+02   7.8961098802625662E-01   1.2664464086291913E+00   0.0000000000000000E+00
   3.3000000000000000E+02   7.7377342813105532E-01   1.2923679770386589E+00   0.0000000000000000E+00
   3.4000000000000000E+02   7.5859120824634541E-01   1.3182330471661088E+00   0.0000000000000000E+00
   3.5000000000000000E+02   7.4402472464500891E-01   1.3440413562561686E+00   0.0000000000000000E+00
   3.6000000000000000E+02   7.3003740043386467E-01   1.3697928344571051E+00   0.0000000000000000E+00
   3.7000000000000000E+02   7.1659541955257688E-01   1.3954875690168012E+00   0.0000000000000000E+00
   3.8000000000000000E+02   7.0366748503807819E-01   1.4211257749757846E+00   0.0000000000000000E+00
   3.9000000000000000E+02   6.9122459972550210E-01   1.4467077711023573E+00   0.0000000000000000E+00
   4.0000000000000000E+02   6.7923986752809151E-01   1.4722339600577743E+00   0.0000000000000000E+00
   4.1000000000000000E+02   6.6768831346408675E-01   1.4977048120129897E+00   0.0000000000000000E+00
   4.2000000000000000E+02   6.5654672069704223E-01   1.5231208510771641E+00   0.0000000000000000E+00
   4.3000000000000000E+02   6.4579348296171502E-01   1.5484826440394472E+00   0.0000000000000000E+00
   4.4000000000000000E+02   6.3540847088034436E-01   1.5737907910080617E+00   0.0000000000000000E+00
   4.5000000000000000E+02   6.2537291079761259E-01   1.5990459176183072E+00   0.0000000000000000E+00
   4.6000000000000000E+02   6.1566927488688838E-01   1.6242486685464717E+00   0.0000000000000000E+00
   4.7000000000000000E+02   6.0628118140740928E-01   1.6493997020963438E+00   0.0000000000000000E+00
   4.8000000000000000E+02   5.9719330409043003E-01   1.6744996856973720E+00   0.0000000000000000E+00
   4.9000000000000000E+02   5.8839128975011712E-01   1.6995492921465383E+00   0.0000000000000000E+00
   5.0000000000000000E+02   5.7986168329610033E-01   1.7245491964837425E+00   0.0000000000000000E+00
   5.1000000000000000E+02   5.7159185941511048E-01   1.7495000733972392E+00   0.0000000000000000E+00
   5.2000000000000000E+02   5.6356996026571560E-01   1.7744025950718056E+00   0.0000000000000000E+00
   5.3000000000000000E+02   5.5578483859692862E-01   1.7992574294118688E+00   0.0000000000000000E+00
   5.4000000000000000E+02   5.4822600576415159E-01   1.8240652385800959E+00   0.0000000000000000E+00
   5.5000000000000000E+02   5.4088358417061611E-01   1.8488266778023728E+00   0.0000000000000000E+00
   5.6000000000000000E+02   5.3374826371174267E-01   1.8735423943974880E+00   0.0000000000000000E+00
   5.7000000000000000E+02   5.2681126184329274E-01   1.8982130269976347E+00   0.0000000000000000E+00
   5.8000000000000000E+02   5.2006428693380546E-01   1.9228392049294507E+00   0.0000000000000000E+00
   5.9000000000000000E+02   5.1349950459624294E-01   1.9474215477311618E+00   0.0000000000000000E+00
   6.0000000000000000E+02   5.0710950672485600E-01   1.9719606647851178E+00   0.0000000000000000E+00
   6.1000000000000000E+02   5.0088728299080110E-01   1.9964571550489243E+00   0.0000000000000000E+00
   6.2000000000000000E+02   4.9482619457631688E-01   2.0209116068647623E+00   0.0000000000000000E+00
   6.3000000000000000E+02   4.8891994994527388E-01   2.0453245978445609E+00   0.0000000000000000E+00
   6.4000000000000000E+02   4.8316258247391791E-01   2.0696966948055877E+00   0.0000000000000000E+00
   6.5000000000000000E+02   4.7754842977527612E-01   2.0940284537645288E+00   0.0000000000000000E+00
   6.6000000000000000E+02   4.7207211457518061E-01   2.1183204199635974E+00   0.0000000000000000E+00
   6.7000000000000000E+02   4.6672852700360945E-01   2.1425731279379598E+00   0.0000000000000000E+00
   6.8000000000000000E+02   4.6151280818422730E-01   2.1667871016069804E+00   0.0000000000000000E+00
   6.9000000000000000E+02   4.5642033501176521E-01   2.1909628543921538E+00   0.0000000000000000E+00
   7.0000000000000000E+02   4.5144670601970072E-01   2.2151008893536175E+00   0.0000000000000000E+00
   7.1000000000000000E+02   4.4658772824890980E-01   2.2392016993414581E+00   0.0000000000000000E+00
   7.2000000000000000E+02   4.4183940503584940E-01   2.2632657671600462E+00   0.0000000000000000E+00
   7.3000000000000000E+02   4.3719792464641821E-01   2.2872935657431253E+00   0.0000000000000000E+00
   7.4000000000000000E+02   4.3265964968848769E-01   2.3112855583366603E+00   0.0000000000000000E+00
   7.5000000000000000E+02   4.2822110724238183E-01   2.3352421986849423E+00   0.0000000000000000E+00
   7.6000000000000000E+02   4.2387897965217602E-01   2.3591639312253085E+00   0.0000000000000000E+00
   7.7000000000000000E+02   4.1963009592859113E-01   2.3830511912810257E+00   0.0000000000000000E+00
   7.8000000000000000E+02   4.1547142371555662E-01   2.4069044052585147E+00   0.0000000000000000E+00
   7.9000000000000000E+02   4.1140006177836980E-01   2.4307239908454901E+00   0.0000000000000000E+00
   8.0000000000000000E+02   4.0741323297499998E-01   2.4545103572062001E+00   0.0000000000000000E+00
   8.1000000000000000E+02   4.0350827767419079E-01   2.4782639051767887E+00   0.0000000000000000E+00
   8.2000000000000000E+02   3.9968264758740635E-01   2.5019850274618460E+00   0.0000000000000000E+00
   8.3000000000000000E+02   3.9593389998579703E-01   2.5256741088244077E+00   0.0000000000000000E+00
   8.4000000000000000E+02   3.9225969227341168E-01   2.5493315262761773E+00   0.0000000000000000E+00
   8.5000000000000000E+02   3.8865777689214509E-01   2.5729576492624933E+00   0.0000000000000000E+00
   8.6000000000000000E+02   3.8512599653397822E-01   2.5965528398490592E+00   0.0000000000000000E+00
   8.7000000000000000E+02   3.8166227964072913E-01   2.6201174528992803E+00   0.0000000000000000E+00
   8.8000000000000000E+02   3.7826463616987172E-01   2.6436518362528569E+00   0.0000000000000000E+00
   8.9000000000000000E+02   3.7493115360966961E-01   2.6671563308955446E+00   0.0000000000000000E+00
   9.0000000000000000E+02   3.7165999322486976E-01   2.6906312711332334E+00   0.0000000000000000E+00
   9.1000000000000000E+02   3.6844938652001363E-01   2.7140769847521016E+00   0.0000000000000000E+00
   9.2000000000000000E+02   3.6529763190319575E-01   2.7374937931845151E+00   0.0000000000000000E+00
   9.3000000000000000E+02   3.6220309153931657E-01   2.7608820116640329E+00   0.0000000000000000E+00
   9.4000000000000000E+02   3.5916418837921754E-01   2.7842419493787802E+00   0.0000000000000000E+00
   9.5000000000000000E+02   3.5617940335326154E-01   2.8075739096238315E+00   0.0000000000000000E+00
   9.6000000000000000E+02   3.5324727271971296E-01   2.8308781899455981E+00   0.0000000000000000E+00
   9.7000000000000000E+02   3.5036638555731558E-01   2.8541550822843207E+00   0.0000000000000000E+00
   9.8000000000000000E+02   3.4753538139335383E-01   2.8774048731117881E+00   0.0000000000000000E+00
   9.9000000000000000E+02   3.4475294795831929E-01   2.9006278435678539E+00   0.0000000000000000E+00
   1.0000000000000000E+03   3.4201781905999190E-01   2.9238242695904519E+00   0.0000000000000000E+00
   1.1000000000000000E+03   3.1701892460903702E-01   3.1543858185540445E+00   0.0000000000000000E+00
   1.2000000000000000E+03   2.9563387260713259E-01   3.3825623267767382E+00   0.0000000000000000E+00
   1.3000000000000000E+03   2.7711877839784915E-01   3.6085609419233844E+00   0.0000000000000000E+00
   1.4000000000000000E+03   2.6092235990258600E-01   3.8325577017368118E+00   0.0000000000000000E+00
   1.5000000000000000E+03   2.4662714529789279E-01   4.0547037058395707E+00   0.0000000000000000E+00
   1.6000000000000000E+03   2.3391102485545073E-01   4.2751298303188872E+00   0.0000000000000000E+00
   1.7000000000000000E+03   2.2252137159745675E-01   4.4939503689965097E+00   0.0000000000000000E+00
   1.8000000000000000E+03   2.1225717796852397E-01   4.7112658783595629E+00   0.0000000000000000E+00
   1.8439990000000000E+03   2.0805466724123828E-01   4.8064290662631732E+00   0.0000000000000000E+00
   1.8440010000000000E+03   2.0805448026097720E-01   4.8064333858402408E+00   0.0000000000000000E+00
   1.9000000000000000E+03   2.0295644931964918E-01   4.9271654256477246E+00   0.0000000000000000E+00
   2.0000000000000000E+03   1.9448713062914769E-01   5.1417283846241837E+00   0.0000000000000000E+00
   2.1000000000000000E+03   1.8674046055665386E-01   5.3550258846909999E+00   0.0000000000000000E+00
   2.2000000000000000E+03   1.7962602607607342E-01   5.5671219914228365E+00   0.0000000000000000E+00
   2.3000000000000000E+03   1.7306802973894556E-01   5.7780746768099931E+00   0.0000000000000000E+00
   2.4000000000000000E+03   1.6700243555011551E-01   5.9879366232351243E+00   0.0000000000000000E+00
   2.5000000000000000E+03   1.6137476075920165E-01   6.1967558947595824E+00   0.0000000000000000E+00
   2.6000000000000000E+03   1.5613834884339797E-01   6.4045765015932750E+00   0.0000000000000000E+00
   2.7000000000000000E+03   1.5125300535505337E-01   6.6114388778760889E+00   0.0000000000000000E+00
   2.8000000000000000E+03   1.4668391048637139E-01   6.8173802885689474E+00   0.0000000000000000E+00
   2.9000000000000000E+03   1.4240074484975834E-01   7.0224351779554421E+00   0.0000000000000000E+00
   3.0000000000000000E+03   1.3837698112604760E-01   7.2266354697324990E+00   0.0000000000000000E+00
   3.1000000000000000E+03   1.3458930590043980E-01   7.4300108267125884E+00   0.0000000000000000E+00
   3.2000000000000000E+03   1.3101714453173832E-01   7.6325888766241174E+00   0.0000000000000000E+00
   3.3000000000000000E+03   1.2764226819751165E-01   7.8343954093060759E+00   0.0000000000000000E+00
   3.4000000000000000E+03   1.2444846695638859E-01   8.0354545496364977E+00   0.0000000000000000E+00
   3.5000000000000000E+03   1.2142127620754535E-01   8.2357889097681731E+00   0.0000000000000000E+00
   3.6000000000000000E+03   1.1854774661615276E-01   8.4354197236486712E+00   0.0000000000000000E+00
   3.7000000000000000E+03   1.1581624963392577E-01   8.6343669663006644E+00   0.0000000000000000E+00
   3.8000000000000000E+03   1.1321631233485902E-01   8.8326494599321332E+00   0.0000000000000000E+00
   3.9000000000000000E+03   1.1073847652356669E-01   9.0302849686322553E+00   0.0000000000000000E+00
   4.0000000000000000E+03   1.0837417804317721E-01   9.2272902831299124E+00   0.0000000000000000E+00
   4.1000000000000000E+03   1.0611564297405664E-01   9.4236812968704537E+00   0.0000000000000000E+00
   4.2000000000000000E+03   1.0395579802107101E-01   9.6194730744821761E+00   0.0000000000000000E+00
   4.3000000000000000E+03   1.0188819287103704E-01   9.8146799135571126E+00   0.0000000000000000E+00
   4.4000000000000000E+03   9.9906932690659353E-02   1.0009315400526690E+01   0.0000000000000000E+00
   4.5000000000000000E+03   9.8006619248544147E-02   1.0203392461319440E+01   0.0000000000000000E+00
   4.6000000000000000E+03   9.6182299399186266E-02   1.0396923407390076E+01   0.0000000000000000E+00
   4.7000000000000000E+03   9.4429419874048251E-02   1.0589919977627938E+01   0.0000000000000000E+00
   4.8000000000000000E+03   9.2743787494403804E-02   1.0782393376595069E+01   0.0000000000000000E+00
   4.9000000000000000E+03   9.1121534060177894E-02   1.0974354309482834E+01   0.0000000000000000E+00
   5.0000000000000000E+03   8.9559085284252521E-02   1.1165813014124582E+01   0.0000000000000000E+00
   5.1000000000000000E+03   8.8053133237153206E-02   1.1356779290371231E+01   0.0000000000000000E+00
   5.2000000000000000E+03   8.6600611846685230E-02   1.1547262527086598E+01   0.0000000000000000E+00
   5.3000000000000000E+03   8.5198675063417745E-02   1.1737271727003371E+01   0.0000000000000000E+00
   5.4000000000000000E+03   8.3844677358772324E-02   1.1926815529636889E+01   0.0000000000000000E+00
   5.5000000000000000E+03   8.2536156269196359E-02   1.2115902232452447E+01   0.0000000000000000E+00
   5.6000000000000000E+03   8.1270816739677662E-02   1.2304539810435852E+01   0.0000000000000000E+00
   5.7000000000000000E+03   8.0046517053208421E-02   1.2492735934222864E+01   0.0000000000000000E+00
   5.8000000000000000E+03   7.8861256161409252E-02   1.2680497986910714E+01   0.0000000000000000E+00
   5.9000000000000000E+03   7.7713162255704432E-02   1.2867833079673662E+01   0.0000000000000000E+00
   6.0000000000000000E+03   7.6600482439269910E-02   1.3054748066277732E+01   0.0000000000000000E+00
   6.1000000000000000E+03   7.5521573377602708E-02   1.3241249556601112E+01   0.0000000000000000E+00
   6.2000000000000000E+03   7.4474892820987640E-02   1.3427343929230764E+01   0.0000000000000000E+00
   6.3000000000000000E+03   7.3458991905144877E-02   1.3613037343219554E+01   0.0000000000000000E+00
   6.4000000000000000E+03   7.2472508147747958E-02   1.3798335749072246E+01   0.0000000000000000E+00
   6.5000000000000000E+03   7.1514159068352165E-02   1.3983244899016643E+01   0.0000000000000000E+00
   6.6000000000000000E+03   7.0582736367729687E-02   1.4167770356622198E+01   0.0000000000000000E+00
   6.7000000000000000E+03   6.9677100610068057E-02   1.4351917505814017E+01   0.0000000000000000E+00
   6.8000000000000000E+03   6.8796176357928535E-02   1.4535691559328260E+01   0.0000000000000000E+00
   6.9000000000000000E+03   6.7938947715488376E-02   1.4719097566652851E+01   0.0000000000000000E+00
   7.0000000000000000E+03   6.7104454240542441E-02   1.4902140421489801E+01   0.0000000000000000E+00
   7.1000000000000000E+03   6.6291787190040669E-02   1.5084824868777032E+01   0.0000000000000000E+00
   7.2000000000000000E+03   6.5500086067772675E-02   1.5267155511296645E+01   0.0000000000000000E+00
   7.3000000000000000E+03   6.4728535446101118E-02   1.5449136815905428E+01   0.0000000000000000E+00
   7.4000000000000000E+03   6.3976362036639520E-02   1.5630773119410826E+01   0.0000000000000000E+00
   7.5000000000000000E+03   6.3242831987368714E-02   1.5812068634113775E+01   0.0000000000000000E+00
   7.6000000000000000E+03   6.2527248385938289E-02   1.5993027453050205E+01   0.0000000000000000E+00
   7.7000000000000000E+03   6.1828948951021631E-02   1.6173653554941705E+01   0.0000000000000000E+00
   7.8000000000000000E+03   6.1147303895335209E-02   1.6353950808880846E+01   0.0000000000000000E+00
   7.9000000000000000E+03   6.0481713945579121E-02   1.6533922978766618E+01   0.0000000000000000E+00
   8.0000000000000000E+03   5.9831608505972370E-02   1.6713573727508603E+01   0.0000000000000000E+00
   8.1000000000000000E+03   5.9196443953365381E-02   1.6892906621009100E+01   0.0000000000000000E+00
   8.2000000000000000E+03   5.8575702053006808E-02   1.7071925131944163E+01   0.0000000000000000E+00
   8.3000000000000000E+03   5.7968888485103322E-02   1.7250632643352773E+01   0.0000000000000000E+00
   8.4000000000000000E+03   5.7375531473220984E-02   1.7429032452043298E+01   0.0000000000000000E+00
   8.5000000000000000E+03   5.6795180506361474E-02   1.7607127771836076E+01   0.0000000000000000E+00
   8.6000000000000000E+03   5.6227405147341411E-02   1.7784921736643273E+01   0.0000000000000000E+00
   8.7000000000000000E+03   5.5671793920709679E-02   1.7962417403402629E+01   0.0000000000000000E+00
   8.8000000000000000E+03   5.5127953274074271E-02   1.8139617754869253E+01   0.0000000000000000E+00
   8.9000000000000000E+03   5.4595506607219492E-02   1.8316525702277559E+01   0.0000000000000000E+00
   9.0000000000000000E+03   5.4074093363907789E-02   1.8493144087875887E+01   0.0000000000000000E+00
   9.1000000000000000E+03   5.3563368181661804E-02   1.8669475687347919E+01   0.0000000000000000E+00
   9.2000000000000000E+03   5.3063000095265045E-02   1.8845523212119190E+01   0.0000000000000000E+00
   9.3000000000000000E+03   5.2572671790031472E-02   1.9021289311562331E+01   0.0000000000000000E+00
   9.4000000000000000E+03   5.2092078901251247E-02   1.9196776575103826E+01   0.0000000000000000E+00
   9.5000000000000000E+03   5.1620929356513461E-02   1.9371987534234918E+01   0.0000000000000000E+00
   9.6000000000000000E+03   5.1158942757852904E-02   1.9546924664437089E+01   0.0000000000000000E+00
   9.7000000000000000E+03   5.0705849800936578E-02   1.9721590387023340E+01   0.0000000000000000E+00
   9.8000000000000000E+03   5.0261391728717887E-02   1.9895987070899778E+01   0.0000000000000000E+00
   9.9000000000000000E+03   4.9825319817184077E-02   2.0070117034253609E+01   0.0000000000000000E+00
   1.0000000000000000E+04   4.9397394891019401E-02   2.0243982546168709E+01   0.0000000000000000E+00
   1.1000000000000000E+04   4.5519597414199683E-02   2.1968559846885938E+01   0.0000000000000000E+00
   1.2000000000000000E+04   4.2249577360596972E-02   2.3668875820107623E+01   0.0000000000000000E+00
   1.3000000000000000E+04   3.9453049628353720E-02   2.5346583075832250E+01   0.0000000000000000E+00
   1.4000000000000000E+04   3.7032824745486401E-02   2.7003071109823487E+01   0.0000000000000000E+00
   1.5000000000000000E+04   3.4916779703149069E-02   2.8639525423067933E+01   0.0000000000000000E+00
   1.6000000000000000E+04   3.3050235750382927E-02   3.0256970254392634E+01   0.0000000000000000E+00
   1.7000000000000000E+04   3.1390964843089300E-02   3.1856300212452677E+01   0.0000000000000000E+00
   1.8000000000000000E+04   2.9905822816707974E-02   3.3438304176714169E+01   0.0000000000000000E+00
   1.9000000000000000E+04   2.8568421799378661E-02   3.5003683683421016E+01   0.0000000000000000E+00
   2.0000000000000000E+04   2.7357485268207766E-02   3.6553067293875280E+01   0.0000000000000000E+00
   2.1000000000000000E+04   2.6255662637419505E-02   3.8087021981109807E+01   0.0000000000000000E+00
   2.2000000000000000E+04   2.5248659996946525E-02   3.9606062267103930E+01   0.0000000000000000E+00
   2.3000000000000000E+04   2.4324592635143669E-02   4.1110657637703696E+01   0.0000000000000000E+00
   2.4000000000000000E+04   2.3473495897401324E-02   4.2601238621244612E+01   0.0000000000000000E+00
   2.5000000000000000E+04   2.2686950890892517E-02   4.4078201817831840E+01   0.0000000000000000E+00
   2.6000000000000000E+04   2.1957794700982351E-02   4.5541914095556329E+01   0.0000000000000000E+00
   2.7000000000000000E+04   2.1279893621679941E-02   4.6992716118712210E+01   0.0000000000000000E+00
   2.8000000000000000E+04   2.0647963941920824E-02   4.8430925335438808E+01   0.0000000000000000E+00
   2.9000000000000000E+04   2.0057429022789421E-02   4.9856838524209245E+01   0.0000000000000000E+00
   3.0000000000000000E+04   1.9504304354980916E-02   5.1270733977478407E+01   0.0000000000000000E+00
   3.1000000000000000E+04   1.8985104395115356E-02   5.2672873384740953E+01   0.0000000000000000E+00
   3.2000000000000000E+04   1.8496766504397341E-02   5.4063503464903690E+01   0.0000000000000000E+00
   3.3000000000000000E+04   1.8036588428281260E-02   5.5442857388263420E+01   0.0000000000000000E+00
   3.4000000000000000E+04   1.7602176580111366E-02   5.6811156020892128E+01   0.0000000000000000E+00
   3.5000000000000000E+04   1.7191403007174085E-02   5.8168609018280456E+01   0.0000000000000000E+00
   3.6000000000000000E+04   1.6802369381439319E-02   5.9515415790385305E+01   0.0000000000000000E+00
   3.7000000000000000E+04   1.6433376709931551E-02   6.0851766356432869E+01   0.0000000000000000E+00
   3.8000000000000000E+04   1.6082899730013509E-02   6.2177842104793143E+01   0.0000000000000000E+00
   3.9000000000000000E+04   1.5749565163730189E-02   6.3493816470749870E+01   0.0000000000000000E+00
   4.0000000000000000E+04   1.5432133167900411E-02   6.4799855542981504E+01   0.0000000000000000E+00
   4.1000000000000000E+04   1.5129481444020992E-02   6.6096118607897779E+01   0.0000000000000000E+00
   4.2000000000000000E+04   1.4840591572517140E-02   6.7382758639613201E+01   0.0000000000000000E+00
   4.3000000000000000E+04   1.4564537215615703E-02   6.8659922742195135E+01   0.0000000000000000E+00
   4.4000000000000000E+04   1.4300473896779462E-02   6.9927752549879145E+01   0.0000000000000000E+00
   4.5000000000000000E+04   1.4047630115750359E-02   7.1186384590151548E+01   0.0000000000000000E+00
   4.6000000000000000E+04   1.3805299599503086E-02   7.2435950613921818E+01   0.0000000000000000E+00
   4.7000000000000000E+04   1.3572834522870347E-02   7.3676577896458639E+01   0.0000000000000000E+00
   4.8000000000000000E+04   1.3349639559881801E-02   7.4908389512267419E+01   0.0000000000000000E+00
   4.9000000000000000E+04   1.3135166649192733E-02   7.6131504586693509E+01   0.0000000000000000E+00
   5.0000000000000000E+04   1.2928910375352494E-02   7.7346038526679493E+01   0.0000000000000000E+00
   5.1000000000000000E+04   1.2730403882837232E-02   7.8552103232810367E+01   0.0000000000000000E+00
   5.2000000000000000E+04   1.2539215252357036E-02   7.9749807294521645E+01   0.0000000000000000E+00
   5.3000000000000000E+04   1.2354944279424775E-02   8.0939256170126441E+01   0.0000000000000000E+00
   5.4000000000000000E+04   1.2177219603929659E-02   8.2120552353124552E+01   0.0000000000000000E+00
   5.5000000000000000E+04   1.2005696146800925E-02   8.3293795526089767E+01   0.0000000000000000E+00
   5.6000000000000000E+04   1.1840052816025142E-02   8.4459082703290932E+01   0.0000000000000000E+00
   5.7000000000000000E+04   1.1679990449497763E-02   8.5616508363069755E+01   0.0000000000000000E+00
   5.8000000000000000E+04   1.1525229966606571E-02   8.6766164570895327E+01   0.0000000000000000E+00
   5.9000000000000000E+04   1.1375510704198646E-02   8.7908141093911937E+01   0.0000000000000000E+00
   6.0000000000000000E+04   1.1230588915779927E-02   8.9042525507715411E+01   0.0000000000000000E+00
   6.1000000000000000E+04   1.1090236415528506E-02   9.0169403296020278E+01   0.0000000000000000E+00
   6.2000000000000000E+04   1.0954239351044953E-02   9.1288857943806718E+01   0.0000000000000000E+00
   6.3000000000000000E+04   1.0822397090773369E-02   9.2400971024483084E+01   0.0000000000000000E+00
   6.4000000000000000E+04   1.0694521213758627E-02   9.3505822281551829E+01   0.0000000000000000E+00
   6.5000000000000000E+04   1.0570434590902350E-02   9.4603489705207551E+01   0.0000000000000000E+00
   6.6000000000000000E+04   1.0449970548172838E-02   9.5694049604268855E+01   0.0000000000000000E+00
   6.7000000000000000E+04   1.0332972103347909E-02   9.6777576673801107E+01   0.0000000000000000E+00
   6.8000000000000000E+04   1.0219291268845665E-02   9.7854144058754940E+01   0.0000000000000000E+00
   6.9000000000000000E+04   1.0108788414048444E-02   9.8923823413919166E+01   0.0000000000000000E+00
   7.0000000000000000E+04   1.0001331681268025E-02   9.9986684960458646E+01   0.0000000000000000E+00
   7.1000000000000000E+04   9.8967964501499237E-03   1.0104279753928368E+02   0.0000000000000000E+00
   7.2000000000000000E+04   9.7950648458843669E-03   1.0209222866147479E+02   0.0000000000000000E+00
   7.3000000000000000E+04   9.6960252870911586E-03   1.0313504455597430E+02   0.0000000000000000E+00
   7.4000000000000000E+04   9.5995720696869461E-03   1.0417131021472829E+02   0.0000000000000000E+00
   7.5000000000000000E+04   9.5056049834305271E-03   1.0520108943545695E+02   0.0000000000000000E+00
   7.6000000000000000E+04   9.4140289581850882E-03   1.0622444486221212E+02   0.0000000000000000E+00
   7.7000000000000000E+04   9.3247537372396702E-03   1.0724143802386591E+02   0.0000000000000000E+00
   7.8000000000000000E+04   9.2376935753001894E-03   1.0825212937066968E+02   0.0000000000000000E+00
   7.9000000000000000E+04   9.1527669589994611E-03   1.0925657830900522E+02   0.0000000000000000E+00
   8.0000000000000000E+04   9.0698963479872875E-03   1.1025484323444462E+02   0.0000000000000000E+00
   8.1000000000000000E+04   8.9890079348505635E-03   1.1124698156322459E+02   0.0000000000000000E+00
   8.2000000000000000E+04   8.9100314222818160E-03   1.1223304976223137E+02   0.0000000000000000E+00
   8.3000000000000000E+04   8.8328998160642457E-03   1.1321310337759262E+02   0.0000000000000000E+00
   8.4000000000000000E+04   8.7575492325766870E-03   1.1418719706195424E+02   0.0000000000000000E+00
   8.5000000000000000E+04   8.6839187196413661E-03   1.1515538460052501E+02   0.0000000000000000E+00
   8.6000000000000000E+04   8.6119500896458447E-03   1.1611771893595866E+02   0.0000000000000000E+00
   8.7000000000000000E+04   8.5415877639670162E-03   1.1707425219214335E+02   0.0000000000000000E+00
   8.8000000000000000E+04   8.4727786278125401E-03   1.1802503569695827E+02   0.0000000000000000E+00
   8.9000000000000000E+04   8.4054718946730035E-03   1.1897012000405992E+02   0.0000000000000000E+00
   9.0000000000000000E+04   8.3396189796493287E-03   1.1990955491374848E+02   0.0000000000000000E+00
   9.1000000000000000E+04   8.2751733809833337E-03   1.2084338949296684E+02   0.0000000000000000E+00
   9.2000000000000000E+04   8.2120905691770926E-03   1.2177167209447947E+02   0.0000000000000000E+00
   9.3000000000000000E+04   8.1503278831387208E-03   1.2269445037527700E+02   0.0000000000000000E+00
   9.4000000000000000E+04   8.0898444328397559E-03   1.2361177131424429E+02   0.0000000000000000E+00
   9.5000000000000000E+04   8.0306010080116140E-03   1.2452368122913397E+02   0.0000000000000000E+00
   9.6000000000000000E+04   7.9725599924477288E-03   1.2543022579287999E+02   0.0000000000000000E+00
   9.7000000000000000E+04   7.9156852835130832E-03   1.2633145004928585E+02   0.0000000000000000E+00
   9.8000000000000000E+04   7.8599422164949851E-03   1.2722739842811900E+02   0.0000000000000000E+00
   9.9000000000000000E+04   7.8052974934580133E-03   1.2811811475964205E+02   0.0000000000000000E+00
   1.0000000000000000E+05   7.7517191162928363E-03   1.2900364228860730E+02   0.0000000000000000E+00
   1.1000000000000000E+05   7.2683581034699305E-03   1.3758265426170979E+02   0.0000000000000000E+00
   1.2000000000000000E+05   6.8640553131401969E-03   1.4568647168178427E+02   0.0000000000000000E+00
   1.3000000000000000E+05   6.5210126687710928E-03   1.5335041515698413E+02   0.0000000000000000E+00
   1.4000000000000000E+05   6.2264157158590933E-03   1.6060604457439837E+02   0.0000000000000000E+00
   1.5000000000000000E+05   5.9707995293626793E-03   1.6748175769129193E+02   0.0000000000000000E+00
   1.6000000000000000E+05   5.7470190239408154E-03   1.7400325209194895E+02   0.0000000000000000E+00
   1.7000000000000000E+05   5.5495777107039436E-03   1.8019389080203615E+02   0.0000000000000000E+00
   1.8000000000000000E+05   5.3741771422292249E-03   1.8607499781542316E+02   0.0000000000000000E+00
   1.9000000000000000E+05   5.2174066961680416E-03   1.9166610123271715E+02   0.0000000000000000E+00
   2.0000000000000000E+05   5.0765251569570829E-03   1.9698513630520637E+02   0.0000000000000000E+00
   2.1000000000000000E+05   4.9493038561262007E-03   2.0204861715293754E+02   0.0000000000000000E+00
   2.2000000000000000E+05   4.8339120144097010E-03   2.0687178356143835E+02   0.0000000000000000E+00
   2.3000000000000000E+05   4.7288315921782884E-03   2.1146872763539466E+02   0.0000000000000000E+00
   2.4000000000000000E+05   4.6327931422238833E-03   2.1585250394321932E+02   0.0000000000000000E+00
   2.5000000000000000E+05   4.5447268527923825E-03   2.2003522596425739E+02   0.0000000000000000E+00
   2.6000000000000000E+05   4.4637247387007140E-03   2.2402815104837239E+02   0.0000000000000000E+00
   2.7000000000000000E+05   4.3890111237550305E-03   2.2784175564915120E+02   0.0000000000000000E+00
   2.8000000000000000E+05   4.3199193655491025E-03   2.3148580225244339E+02   0.0000000000000000E+00
   2.9000000000000000E+05   4.2558733331663256E-03   2.3496939916113777E+02   0.0000000000000000E+00
   3.0000000000000000E+05   4.1963725414558960E-03   2.3830105409398629E+02   0.0000000000000000E+00
   3.1000000000000000E+05   4.1409801256037052E-03   2.4148872239617722E+02   0.0000000000000000E+00
   3.2000000000000000E+05   4.0893130417226295E-03   2.4453985053165522E+02   0.0000000000000000E+00
   3.3000000000000000E+05   4.0410340265997768E-03   2.4746141542426562E+02   0.0000000000000000E+00
   3.4000000000000000E+05   3.9958449584840041E-03   2.5025996013103403E+02   0.0000000000000000E+00
   3.5000000000000000E+05   3.9534813418326603E-03   2.5294162626209439E+02   0.0000000000000000E+00
   3.6000000000000000E+05   3.9137076998958511E-03   2.5551218350481605E+02   0.0000000000000000E+00
   3.7000000000000000E+05   3.8763137052813135E-03   2.5797705656215140E+02   0.0000000000000000E+00
   3.8000000000000000E+05   3.8411109140485174E-03   2.6034134977529288E+02   0.0000000000000000E+00
   3.9000000000000000E+05   3.8079299961886791E-03   2.6260986966695572E+02   0.0000000000000000E+00
   4.0000000000000000E+05   3.7766183765658950E-03   2.6478714561287154E+02   0.0000000000000000E+00
   4.1000000000000000E+05   3.7470382169965369E-03   2.6687744882451631E+02   0.0000000000000000E+00
   4.2000000000000000E+05   3.7190646832201925E-03   2.6888480980495859E+02   0.0000000000000000E+00
   4.3000000000000000E+05   3.6925844508785676E-03   2.7081303442148021E+02   0.0000000000000000E+00
   4.4000000000000000E+05   3.6674944128809038E-03   2.7266571872279320E+02   0.0000000000000000E+00
   4.5000000000000000E+05   3.6437005571586210E-03   2.7444626261489663E+02   0.0000000000000000E+00
   4.6000000000000000E+05   3.6211169891512641E-03   2.7615788249757298E+02   0.0000000000000000E+00
   4.7000000000000000E+05   3.5996650776917382E-03   2.7780362295295640E+02   0.0000000000000000E+00
   4.8000000000000000E+05   3.5792727064804923E-03   2.7938636756831602E+02   0.0000000000000000E+00
   4.9000000000000000E+05   3.5598736162188540E-03   2.8090884896699157E+02   0.0000000000000000E+00
   5.0000000000000000E+05   3.5414068248381370E-03   2.8237365811416089E+02   0.0000000000000000E+00
   5.1000000000000000E+05   3.5238161152135036E-03   2.8378325295768485E+02   0.0000000000000000E+00
   5.2000000000000000E+05   3.5070495813690180E-03   2.8513996645854047E+02   0.0000000000000000E+00
   5.3000000000000000E+05   3.4910592255252277E-03   2.8644601406026010E+02   0.0000000000000000E+00
   5.4000000000000000E+05   3.4758005994635064E-03   2.8770350064222646E+02   0.0000000000000000E+00
   5.5000000000000000E+05   3.4612324846218638E-03   2.8891442699759858E+02   0.0000000000000000E+00
   5.6000000000000000E+05   3.4473166061276639E-03   2.9008069587298223E+02   0.0000000000000000E+00
   5.7000000000000000E+05   3.4340173766395387E-03   2.9120411760367392E+02   0.0000000000000000E+00
   5.8000000000000000E+05   3.4213016664350307E-03   2.9228641537534810E+02   0.0000000000000000E+00
   5.9000000000000000E+05   3.4091385966594136E-03   2.9332923014039142E+02   0.0000000000000000E+00
   6.0000000000000000E+05   3.3974993530587424E-03   2.9433412521468409E+02   0.0000000000000000E+00
   6.1000000000000000E+05   3.3863570178682230E-03   2.9530259057844984E+02   0.0000000000000000E+00
   6.2000000000000000E+05   3.3756864178248365E-03   2.9623604690282872E+02   0.0000000000000000E+00
   6.3000000000000000E+05   3.3654639865288490E-03   2.9713584932204355E+02   0.0000000000000000E+00
   6.4000000000000000E+05   3.3556676395988718E-03   2.9800329096940533E+02   0.0000000000000000E+00
   6.5000000000000000E+05   3.3462766612548760E-03   2.9883960629393789E+02   0.0000000000000000E+00
   6.6000000000000000E+05   3.3372716011277359E-03   2.9964597417305760E+02   0.0000000000000000E+00
   6.7000000000000000E+05   3.3286341802361099E-03   3.0042352083552396E+02   0.0000000000000000E+00
   6.8000000000000000E+05   3.3203472051950038E-03   3.0117332260776931E+02   0.0000000000000000E+00
   6.9000000000000000E+05   3.3123944898279887E-03   3.0189640849569514E+02   0.0000000000000000E+00
   7.0000000000000000E+05   3.3047607834488868E-03   3.0259376261309558E+02   0.0000000000000000E+00
   7.1000000000000000E+05   3.2974317051607527E-03   3.0326632646702512E+02   0.0000000000000000E+00
   7.2000000000000000E+05   3.2903936835918892E-03   3.0391500110964569E+02   0.0000000000000000E+00
   7.3000000000000000E+05   3.2836339015517332E-03   3.0454064916537567E+02   0.0000000000000000E+00
   7.4000000000000000E+05   3.2771402451448454E-03   3.0514409674151784E+02   0.0000000000000000E+00
   7.5000000000000000E+05   3.2709012569301769E-03   3.0572613522993515E+02   0.0000000000000000E+00
   7.6000000000000000E+05   3.2649060927558396E-03   3.0628752300680134E+02   0.0000000000000000E+00
   7.7000000000000000E+05   3.2591444819377821E-03   3.0682898703693934E+02   0.0000000000000000E+00
   7.8000000000000000E+05   3.2536066904844873E-03   3.0735122438880046E+02   0.0000000000000000E+00
   7.9000000000000000E+05   3.2482834870997202E-03   3.0785490366570974E+02   0.0000000000000000E+00
   8.0000000000000000E+05   3.2431661117220383E-03   3.0834066635859909E+02   0.0000000000000000E+00
   8.1000000000000000E+05   3.2382462463833262E-03   3.0880912812509609E+02   0.0000000000000000E+00
   8.2000000000000000E+05   3.2335159881897585E-03   3.0926087999949459E+02   0.0000000000000000E+00
   8.3000000000000000E+05   3.2289678242474113E-03   3.0969648953782132E+02   0.0000000000000000E+00
   8.4000000000000000E+05   3.2245946083715228E-03   3.1011650190192989E+02   0.0000000000000000E+00
   8.5000000000000000E+05   3.2203895394334547E-03   3.1052144088628626E+02   0.0000000000000000E+00
   8.6000000000000000E+05   3.2163461412129174E-03   3.1091180989086263E+02   0.0000000000000000E+00
   8.7000000000000000E+05   3.2124582436350618E-03   3.1128809284333255E+02   0.0000000000000000E+00
   8.8000000000000000E+05   3.2087199652829630E-03   3.1165075507354675E+02   0.0000000000000000E+00
   8.9000000000000000E+05   3.2051256970857625E-03   3.1200024414307461E+02   0.0000000000000000E+00
   9.0000000000000000E+05   3.2016700870915456E-03   3.1233699063241647E+02   0.0000000000000000E+00
   9.1000000000000000E+05   3.1983480262419866E-03   3.1266140888832098E+02   0.0000000000000000E+00
   9.2000000000000000E+05   3.1951546350729451E-03   3.1297389773348800E+02   0.0000000000000000E+00
   9.3000000000000000E+05   3.1920852512716770E-03   3.1327484114079215E+02   0.0000000000000000E+00
   9.4000000000000000E+05   3.1891354180272088E-03   3.1356460887402443E+02   0.0000000000000000E+00
   9.5000000000000000E+05   3.1863008731156891E-03   3.1384355709702993E+02   0.0000000000000000E+00
   9.6000000000000000E+05   3.1835775386674253E-03   3.1411202895299289E+02   0.0000000000000000E+00
   9.7000000000000000E+05   3.1809615115665837E-03   3.1437035511552375E+02   0.0000000000000000E+00
   9.8000000000000000E+05   3.1784490544385932E-03   3.1461885431309179E+02   0.0000000000000000E+00
   9.9000000000000000E+05   3.1760365871838698E-03   3.1485783382825599E+02   0.0000000000000000E+00
   1.0000000000000000E+06   3.1737206790197615E-03   3.1508758997306001E+02   0.0000000000000000E+00
   1.1000000000000000E+06   3.1552105797187655E-03   3.1693605695539139E+02   0.0000000000000000E+00
   1.2000000000000000E+06   3.1434510358420431E-03   3.1812170401188638E+02   0.0000000000000000E+00
   1.3000000000000000E+06   3.1366194990841497E-03   3.1881457100294972E+02   0.0000000000000000E+00
   1.4000000000000000E+06   3.1334447378110787E-03   3.1913758935431781E+02   0.0000000000000000E+00
   1.5000000000000000E+06   3.1330186828077010E-03   3.1918098844652769E+02   0.0000000000000000E+00
   1.6000000000000000E+06   3.1346795059731323E-03   3.1901187923502226E+02   0.0000000000000000E+00
   1.7000000000000000E+06   3.1379365122220998E-03   3.1868076237522718E+02   0.0000000000000000E+00
   1.8000000000000000E+06   3.1424204982837592E-03   3.1822603007654533E+02   0.0000000000000000E+00
   1.9000000000000000E+06   3.1478501234600896E-03   3.1767713225838361E+02   0.0000000000000000E+00
   2.0000000000000000E+06   3.1540086301266364E-03   3.1705683695603875E+02   0.0000000000000000E+00
   2.1000000000000000E+06   3.1607274186333449E-03   3.1638286620501628E+02   0.0000000000000000E+00
   2.2000000000000000E+06   3.1678742604541294E-03   3.1566909472494200E+02   0.0000000000000000E+00
   2.3000000000000000E+06   3.1753447107442504E-03   3.1492643825923892E+02   0.0000000000000000E+00
   2.4000000000000000E+06   3.1830557661145834E-03   3.1416351879397206E+02   0.0000000000000000E+00
   2.5000000000000000E+06   3.1909411226541183E-03   3.1338716747247082E+02   0.0000000000000000E+00
   2.6000000000000000E+06   3.1989475906656836E-03   3.1260280816038801E+02   0.0000000000000000E+00
   2.7000000000000000E+06   3.2070323562891643E-03   3.1181475236411194E+02   0.0000000000000000E+00
   2.8000000000000000E+06   3.2151608704732220E-03   3.1102642769250161E+02   0.0000000000000000E+00
   2.9000000000000000E+06   3.2233052076837162E-03   3.1024055606530828E+02   0.0000000000000000E+00
   3.0000000000000000E+06   3.2314427798263894E-03   3.0945929361426772E+02   0.0000000000000000E+00
   3.1000000000000000E+06   3.2395553212422453E-03   3.0868434116338489E+02   0.0000000000000000E+00
   3.2000000000000000E+06   3.2476280823176104E-03   3.0791703195470842E+02   0.0000000000000000E+00
   3.3000000000000000E+06   3.2556491849029534E-03   3.0715840165985475E+02   0.0000000000000000E+00
   3.4000000000000000E+06   3.2636091041523142E-03   3.0640924451635237E+02   0.0000000000000000E+00
   3.5000000000000000E+06   3.2715002498059525E-03   3.0567015853332572E+02   0.0000000000000000E+00
   3.6000000000000000E+06   3.2793166261914967E-03   3.0494158203972245E+02   0.0000000000000000E+00
   3.7000000000000000E+06   3.2870535549069562E-03   3.0422382334087229E+02   0.0000000000000000E+00
   3.8000000000000000E+06   3.2947074476924638E-03   3.0351708486299043E+02   0.0000000000000000E+00
   3.9000000000000000E+06   3.3022756196960188E-03   3.0282148286945602E+02   0.0000000000000000E+00
   4.0000000000000000E+06   3.3097561354080082E-03   3.0213706360475578E+02   0.0000000000000000E+00
   4.1000000000000000E+06   3.3171476811373127E-03   3.0146381654528614E+02   0.0000000000000000E+00
   4.2000000000000000E+06   3.3244494591431486E-03   3.0080168529851630E+02   0.0000000000000000E+00
   4.3000000000000000E+06   3.3316610995073616E-03   3.0015057658411467E+02   0.0000000000000000E+00
   4.4000000000000000E+06   3.3387825865944603E-03   2.9951036764570961E+02   0.0000000000000000E+00
   4.5000000000000000E+06   3.3458141975496124E-03   2.9888091237474401E+02   0.0000000000000000E+00
   4.6000000000000000E+06   3.3527564507634194E-03   2.9826204637449916E+02   0.0000000000000000E+00
   4.7000000000000000E+06   3.3596100626144933E-03   2.9765359114973802E+02   0.0000000000000000E+00
   4.8000000000000000E+06   3.3663759111071507E-03   2.9705535757327681E+02   0.0000000000000000E+00
   4.9000000000000000E+06   3.3730550052681880E-03   2.9646714875332759E+02   0.0000000000000000E+00
   5.0000000000000000E+06   3.3796484593662480E-03   2.9588876240327085E+02   0.0000000000000000E+00
   5.1000000000000000E+06   3.3861574711791255E-03   2.9531999279755314E+02   0.0000000000000000E+00
   5.2000000000000000E+06   3.3925833036663952E-03   2.9476063238278959E+02   0.0000000000000000E+00
   5.3000000000000000E+06   3.3989272695125520E-03   2.9421047310124186E+02   0.0000000000000000E+00
   5.4000000000000000E+06   3.4051907180945497E-03   2.9366930747408253E+02   0.0000000000000000E+00
   5.5000000000000000E+06   3.4113750245003105E-03   2.9313692948387506E+02   0.0000000000000000E+00
   5.6000000000000000E+06   3.4174815802852504E-03   2.9261313528909557E+02   0.0000000000000000E+00
   5.7000000000000000E+06   3.4235117857035341E-03   2.9209772379810852E+02   0.0000000000000000E+00
   5.8000000000000000E+06   3.4294670431922539E-03   2.9159049712551524E+02   0.0000000000000000E+00
   5.9000000000000000E+06   3.4353487519213737E-03   2.9109126095005786E+02   0.0000000000000000E+00
   6.0000000000000000E+06   3.4411583032508911E-03   2.9059982479018527E+02   0.0000000000000000E+00
   6.1000000000000000E+06   3.4468970769609831E-03   2.9011600221079635E+02   0.0000000000000000E+00
   6.2000000000000000E+06   3.4525664381410913E-03   2.8963961097253025E+02   0.0000000000000000E+00
   6.3000000000000000E+06   3.4581677346409113E-03   2.8917047313317727E+02   0.0000000000000000E+00
   6.4000000000000000E+06   3.4637022950006978E-03   2.8870841510927215E+02   0.0000000000000000E+00
   6.5000000000000000E+06   3.4691714267903839E-03   2.8825326770466990E+02   0.0000000000000000E+00
   6.6000000000000000E+06   3.4745764152972493E-03   2.8780486611184529E+02   0.0000000000000000E+00
   6.7000000000000000E+06   3.4799185225107207E-03   2.8736304989075200E+02   0.0000000000000000E+00
   6.8000000000000000E+06   3.4851989863601321E-03   2.8692766292933504E+02   0.0000000000000000E+00
   6.9000000000000000E+06   3.4904190201676512E-03   2.8649855338914819E+02   0.0000000000000000E+00
   7.0000000000000000E+06   3.4955798122840095E-03   2.8607557363898400E+02   0.0000000000000000E+00
   7.1000000000000000E+06   3.5006825258791338E-03   2.8565858017898040E+02   0.0000000000000000E+00
   7.2000000000000000E+06   3.5057282988637927E-03   2.8524743355727264E+02   0.0000000000000000E+00
   7.3000000000000000E+06   3.5107182439217070E-03   2.8484199828093676E+02   0.0000000000000000E+00
   7.4000000000000000E+06   3.5156534486344474E-03   2.8444214272269096E+02   0.0000000000000000E+00
   7.5000000000000000E+06   3.5205349756839018E-03   2.8404773902458942E+02   0.0000000000000000E+00
   7.6000000000000000E+06   3.5253638631192906E-03   2.8365866299973538E+02   0.0000000000000000E+00
   7.7000000000000000E+06   3.5301411246774022E-03   2.8327479403288271E+02   0.0000000000000000E+00
   7.8000000000000000E+06   3.5348677501464607E-03   2.8289601498063598E+02   0.0000000000000000E+00
   7.9000000000000000E+06   3.5395447057652513E-03   2.8252221207184886E+02   0.0000000000000000E+00
   8.0000000000000000E+06   3.5441729346504074E-03   2.8215327480870764E+02   0.0000000000000000E+00
   8.1000000000000000E+06   3.5487533572457217E-03   2.8178909586890131E+02   0.0000000000000000E+00
   8.2000000000000000E+06   3.5532868717881609E-03   2.8142957100921006E+02   0.0000000000000000E+00
   8.3000000000000000E+06   3.5577743547862261E-03   2.8107459897076205E+02   0.0000000000000000E+00
   8.4000000000000000E+06   3.5622166615066741E-03   2.8072408138617834E+02   0.0000000000000000E+00
   8.5000000000000000E+06   3.5666146264663875E-03   2.8037792268876188E+02   0.0000000000000000E+00
   8.6000000000000000E+06   3.5709690639266168E-03   2.8003603002385182E+02   0.0000000000000000E+00
   8.7000000000000000E+06   3.5752807683871687E-03   2.7969831316243909E+02   0.0000000000000000E+00
   8.8000000000000000E+06   3.5795505150786303E-03   2.7936468441709741E+02   0.0000000000000000E+00
   8.9000000000000000E+06   3.5837790604508592E-03   2.7903505856027704E+02   0.0000000000000000E+00
   9.0000000000000000E+06   3.5879671426563998E-03   2.7870935274497430E+02   0.0000000000000000E+00
   9.1000000000000000E+06   3.5921154820275957E-03   2.7838748642778677E+02   0.0000000000000000E+00
   9.2000000000000000E+06   3.5962247815465483E-03   2.7806938129433399E+02   0.0000000000000000E+00
   9.3000000000000000E+06   3.6002957273069671E-03   2.7775496118703654E+02   0.0000000000000000E+00
   9.4000000000000000E+06   3.6043289889674647E-03   2.7744415203520890E+02   0.0000000000000000E+00
   9.5000000000000000E+06   3.6083252201956745E-03   2.7713688178743809E+02   0.0000000000000000E+00
   9.6000000000000000E+06   3.6122850591028418E-03   2.7683308034620148E+02   0.0000000000000000E+00
   9.7000000000000000E+06   3.6162091286685905E-03   2.7653267950467739E+02   0.0000000000000000E+00
   9.8000000000000000E+06   3.6200980371557888E-03   2.7623561288568652E+02   0.0000000000000000E+00
   9.9000000000000000E+06   3.6239523785151126E-03   2.7594181588273040E+02   0.0000000000000000E+00
   1.0000000000000000E+07   3.6277727327795567E-03   2.7565122560304707E+02   0.0000000000000000E+00
   1.1000000000000000E+07   3.6642253802894429E-03   2.7290897699120478E+02   0.0000000000000000E+00
   1.2000000000000000E+07   3.6978275400413626E-03   2.7042905305119081E+02   0.0000000000000000E+00
   1.3000000000000000E+07   3.7289807737827421E-03   2.6816979240833763E+02   0.0000000000000000E+00
   1.4000000000000000E+07   3.7580098312833886E-03   2.6609829268554432E+02   0.0000000000000000E+00
   1.5000000000000000E+07   3.7851804004978848E-03   2.6418820087636107E+02   0.0000000000000000E+00
   1.6000000000000000E+07   3.8107122311215364E-03   2.6241813586267273E+02   0.0000000000000000E+00
   1.7000000000000000E+07   3.8347889209765784E-03   2.6077054581281550E+02   0.0000000000000000E+00
   1.8000000000000000E+07   3.8575652926665996E-03   2.5923086821136735E+02   0.0000000000000000E+00
   1.9000000000000000E+07   3.8791730176204980E-03   2.5778690340896537E+02   0.0000000000000000E+00
   2.0000000000000000E+07   3.8997249528406781E-03   2.5642834099660536E+02   0.0000000000000000E+00
   2.1000000000000000E+07   3.9193185218007612E-03   2.5514639711919676E+02   0.0000000000000000E+00
   2.2000000000000000E+07   3.9380383776961231E-03   2.5393353342204648E+02   0.0000000000000000E+00
   2.3000000000000000E+07   3.9559585219994236E-03   2.5278323684106260E+02   0.0000000000000000E+00
   2.4000000000000000E+07   3.9731440052427746E-03   2.5168984529139823E+02   0.0000000000000000E+00
   2.5000000000000000E+07   3.9896523041643480E-03   2.5064840837288327E+02   0.0000000000000000E+00
   2.6000000000000000E+07   4.0055344457708359E-03   2.4965457507320411E+02   0.0000000000000000E+00
   2.7000000000000000E+07   4.0208359317196003E-03   2.4870450249193030E+02   0.0000000000000000E+00
   2.8000000000000000E+07   4.0355975038319121E-03   2.4779478108272008E+02   0.0000000000000000E+00
   2.9000000000000000E+07   4.0498557822085555E-03   2.4692237298747918E+02   0.0000000000000000E+00
   3.0000000000000000E+07   4.0636438004258970E-03   2.4608456083064996E+02   0.0000000000000000E+00
   3.1000000000000000E+07   4.0769914570058614E-03   2.4527890493408080E+02   0.0000000000000000E+00
   3.2000000000000000E+07   4.0899258983254552E-03   2.4450320735870343E+02   0.0000000000000000E+00
   3.3000000000000000E+07   4.1024718450372831E-03   2.4375548151773171E+02   0.0000000000000000E+00
   3.4000000000000000E+07   4.1146518716724586E-03   2.4303392636557027E+02   0.0000000000000000E+00
   3.5000000000000000E+07   4.1264866472296279E-03   2.4233690436666350E+02   0.0000000000000000E+00
   3.6000000000000000E+07   4.1379951430823552E-03   2.4166292260437726E+02   0.0000000000000000E+00
   3.7000000000000000E+07   4.1491948133718952E-03   2.4101061651220414E+02   0.0000000000000000E+00
   3.8000000000000000E+07   4.1601017521310062E-03   2.4037873580562101E+02   0.0000000000000000E+00
   3.9000000000000000E+07   4.1707308306374521E-03   2.3976613226971560E+02   0.0000000000000000E+00
   4.0000000000000000E+07   4.1810958179019329E-03   2.3917174911858359E+02   0.0000000000000000E+00
   4.1000000000000000E+07   4.1912094867093833E-03   2.3859461169170135E+02   0.0000000000000000E+00
   4.2000000000000000E+07   4.2010837072380151E-03   2.3803381929217642E+02   0.0000000000000000E+00
   4.3000000000000000E+07   4.2107295299581684E-03   2.3748853800399161E+02   0.0000000000000000E+00
   4.4000000000000000E+07   4.2201572592489682E-03   2.3695799435160461E+02   0.0000000000000000E+00
   4.5000000000000000E+07   4.2293765189488622E-03   2.3644146968701023E+02   0.0000000000000000E+00
   4.6000000000000000E+07   4.2383963108751426E-03   2.3593829520711350E+02   0.0000000000000000E+00
   4.7000000000000000E+07   4.2472250671991727E-03   2.3544784751881514E+02   0.0000000000000000E+00
   4.8000000000000000E+07   4.2558706974316291E-03   2.3496954468177080E+02   0.0000000000000000E+00
   4.9000000000000000E+07   4.2643406306691551E-03   2.3450284266880467E+02   0.0000000000000000E+00
   5.0000000000000000E+07   4.2726418536654072E-03   2.3404723219244829E+02   0.0000000000000000E+00
   5.1000000000000000E+07   4.2807809452096402E-03   2.3360223585349280E+02   0.0000000000000000E+00
   5.2000000000000000E+07   4.2887641072332653E-03   2.3316740557342348E+02   0.0000000000000000E+00
   5.3000000000000000E+07   4.2965971930129174E-03   2.3274232027758850E+02   0.0000000000000000E+00
   5.4000000000000000E+07   4.3042857327863599E-03   2.3232658380061929E+02   0.0000000000000000E+00
   5.5000000000000000E+07   4.3118349570621280E-03   2.3191982298908559E+02   0.0000000000000000E+00
   5.6000000000000000E+07   4.3192498178657984E-03   2.3152168597974594E+02   0.0000000000000000E+00
   5.7000000000000000E+07   4.3265350081404330E-03   2.3113184063424586E+02   0.0000000000000000E+00
   5.8000000000000000E+07   4.3336949794867477E-03   2.3074997311380534E+02   0.0000000000000000E+00
   5.9000000000000000E+07   4.3407339584144852E-03   2.3037578657902003E+02   0.0000000000000000E+00
   6.0000000000000000E+07   4.3476559612470080E-03   2.3000900000219363E+02   0.0000000000000000E+00
   6.1000000000000000E+07   4.3544648078170985E-03   2.2964934708045146E+02   0.0000000000000000E+00
   6.2000000000000000E+07   4.3611641340639265E-03   2.2929657523991324E+02   0.0000000000000000E+00
   6.3000000000000000E+07   4.3677574036375131E-03   2.2895044472185884E+02   0.0000000000000000E+00
   6.4000000000000000E+07   4.3742479186057994E-03   2.2861072774282292E+02   0.0000000000000000E+00
   6.5000000000000000E+07   4.3806388293391070E-03   2.2827720772197671E+02   0.0000000000000000E+00
   6.6000000000000000E+07   4.3869331436546229E-03   2.2794967856905384E+02   0.0000000000000000E+00
   6.7000000000000000E+07   4.3931337352808662E-03   2.2762794402753761E+02   0.0000000000000000E+00
   6.8000000000000000E+07   4.3992433517042453E-03   2.2731181706795218E+02   0.0000000000000000E+00
   6.9000000000000000E+07   4.4052646214497032E-03   2.2700111932683762E+02   0.0000000000000000E+00
   7.0000000000000000E+07   4.4112000608450934E-03   2.2669568058729604E+02   0.0000000000000000E+00
   7.1000000000000000E+07   4.4170520803118989E-03   2.2639533829752529E+02   0.0000000000000000E+00
   7.2000000000000000E+07   4.4228229902224031E-03   2.2609993712403011E+02   0.0000000000000000E+00
   7.3000000000000000E+07   4.4285150063535931E-03   2.2580932853683450E+02   0.0000000000000000E+00
   7.4000000000000000E+07   4.4341302549822615E-03   2.2552337042340687E+02   0.0000000000000000E+00
   7.5000000000000000E+07   4.4396707776330705E-03   2.2524192672978603E+02   0.0000000000000000E+00
   7.6000000000000000E+07   4.4451385355242018E-03   2.2496486712580563E+02   0.0000000000000000E+00
   7.7000000000000000E+07   4.4505354137193125E-03   2.2469206669322966E+02   0.0000000000000000E+00
   7.8000000000000000E+07   4.4558632250177397E-03   2.2442340563449835E+02   0.0000000000000000E+00
   7.9000000000000000E+07   4.4611237135999612E-03   2.2415876900061068E+02   0.0000000000000000E+00
   8.0000000000000000E+07   4.4663185584449729E-03   2.2389804643674313E+02   0.0000000000000000E+00
   8.1000000000000000E+07   4.4714493765371979E-03   2.2364113194420759E+02   0.0000000000000000E+00
   8.2000000000000000E+07   4.4765177258802484E-03   2.2338792365741460E+02   0.0000000000000000E+00
   8.3000000000000000E+07   4.4815251083302112E-03   2.2313832363478468E+02   0.0000000000000000E+00
   8.4000000000000000E+07   4.4864729722578255E-03   2.2289223766275103E+02   0.0000000000000000E+00
   8.5000000000000000E+07   4.4913627150590307E-03   2.2264957507152860E+02   0.0000000000000000E+00
   8.6000000000000000E+07   4.4961956855151869E-03   2.2241024856226144E+02   0.0000000000000000E+00
   8.7000000000000000E+07   4.5009731860237946E-03   2.2217417404421604E+02   0.0000000000000000E+00
   8.8000000000000000E+07   4.5056964746999573E-03   2.2194127048173880E+02   0.0000000000000000E+00
   8.9000000000000000E+07   4.5103667673568083E-03   2.2171145975031783E+02   0.0000000000000000E+00
   9.0000000000000000E+07   4.5149852393839935E-03   2.2148466650057890E+02   0.0000000000000000E+00
   9.1000000000000000E+07   4.5195530275167753E-03   2.2126081803037070E+02   0.0000000000000000E+00
   9.2000000000000000E+07   4.5240712315140694E-03   2.2103984416384409E+02   0.0000000000000000E+00
   9.3000000000000000E+07   4.5285409157397412E-03   2.2082167713762377E+02   0.0000000000000000E+00
   9.4000000000000000E+07   4.5329631106698527E-03   2.2060625149279596E+02   0.0000000000000000E+00
   9.5000000000000000E+07   4.5373388143124197E-03   2.2039350397321792E+02   0.0000000000000000E+00
   9.6000000000000000E+07   4.5416689935566740E-03   2.2018337342917624E+02   0.0000000000000000E+00
   9.7000000000000000E+07   4.5459545854537528E-03   2.1997580072617149E+02   0.0000000000000000E+00
   9.8000000000000000E+07   4.5501964984307752E-03   2.1977072865861285E+02   0.0000000000000000E+00
   9.9000000000000000E+07   4.5543956134462358E-03   2.1956810186792640E+02   0.0000000000000000E+00
   1.0000000000000000E+08   4.5585527850827371E-03   2.1936786676516468E+02   0.0000000000000000E+00
   1.1000000000000000E+08   4.5979887090356573E-03   2.1748639748394066E+02   0.0000000000000000E+00
   1.2000000000000000E+08   4.6340089503793336E-03   2.1579587150304093E+02   0.0000000000000000E+00
   1.3000000000000000E+08   4.6671581559719197E-03   2.1426314827588129E+02   0.0000000000000000E+00
   1.4000000000000000E+08   4.6978602981067900E-03   2.1286286448385752E+02   0.0000000000000000E+00
   1.5000000000000000E+08   4.7264518781562140E-03   2.1157519970140891E+02   0.0000000000000000E+00
   1.6000000000000000E+08   4.7532044435640202E-03   2.1038438633836375E+02   0.0000000000000000E+00
   1.7000000000000000E+08   4.7783402965095216E-03   2.0927768596357180E+02   0.0000000000000000E+00
   1.8000000000000000E+08   4.8020437240064544E-03   2.0824466778608951E+02   0.0000000000000000E+00
   1.9000000000000000E+08   4.8244691991191080E-03   2.0727668863189936E+02   0.0000000000000000E+00
   2.0000000000000000E+08   4.8457474835370646E-03   2.0636651071839768E+02   0.0000000000000000E+00
   2.1000000000000000E+08   4.8659902446431457E-03   2.0550801578381228E+02   0.0000000000000000E+00
   2.2000000000000000E+08   4.8852936008437226E-03   2.0469598793965906E+02   0.0000000000000000E+00
   2.3000000000000000E+08   4.9037408805162044E-03   2.0392594640823125E+02   0.0000000000000000E+00
   2.4000000000000000E+08   4.9214047949952058E-03   2.0319401505377985E+02   0.0000000000000000E+00
   2.5000000000000000E+08   4.9383491688143790E-03   2.0249681944626136E+02   0.0000000000000000E+00
   2.6000000000000000E+08   4.9546303313200432E-03   2.0183140479293317E+02   0.0000000000000000E+00
   2.7000000000000000E+08   4.9702982460822481E-03   2.0119516988507340E+02   0.0000000000000000E+00
   2.8000000000000000E+08   4.9853974353178962E-03   2.0058581346308145E+02   0.0000000000000000E+00
   2.9000000000000000E+08   4.9999677423906725E-03   2.0000129031269762E+02   0.0000000000000000E+00
   3.0000000000000000E+08   5.0140449652213729E-03   1.9943977505910732E+02   0.0000000000000000E+00
   3.1000000000000000E+08   5.0276613860589991E-03   1.9889963209790940E+02   0.0000000000000000E+00
   3.2000000000000000E+08   5.0408462172723181E-03   1.9837939046296000E+02   0.0000000000000000E+00
   3.3000000000000000E+08   5.0536259786197755E-03   1.9787772269468900E+02   0.0000000000000000E+00
   3.4000000000000000E+08   5.0660248183288419E-03   1.9739342696901272E+02   0.0000000000000000E+00
   3.5000000000000000E+08   5.0780647876885708E-03   1.9692541190581764E+02   0.0000000000000000E+00
   3.6000000000000000E+08   5.0897660769929709E-03   1.9647268359154126E+02   0.0000000000000000E+00
   3.7000000000000000E+08   5.1011472192482830E-03   1.9603433443886422E+02   0.0000000000000000E+00
   3.8000000000000000E+08   5.1122252666950963E-03   1.9560953358506262E+02   0.0000000000000000E+00
   3.9000000000000000E+08   5.1230159445170183E-03   1.9519751857697509E+02   0.0000000000000000E+00
   4.0000000000000000E+08   5.1335337849995506E-03   1.9479758814913257E+02   0.0000000000000000E+00
   4.1000000000000000E+08   5.1437922452910057E-03   1.9440909591857476E+02   0.0000000000000000E+00
   4.2000000000000000E+08   5.1538038108187700E-03   1.9403144487200282E+02   0.0000000000000000E+00
   4.3000000000000000E+08   5.1635800867116137E-03   1.9366408251776386E+02   0.0000000000000000E+00
   4.4000000000000000E+08   5.1731318786593537E-03   1.9330649661673729E+02   0.0000000000000000E+00
   4.5000000000000000E+08   5.1824692646446902E-03   1.9295821141132424E+02   0.0000000000000000E+00
   4.6000000000000000E+08   5.1916016588748502E-03   1.9261878428028803E+02   0.0000000000000000E+00
   4.7000000000000000E+08   5.2005378688390743E-03   1.9228780276591505E+02   0.0000000000000000E+00
   4.8000000000000000E+08   5.2092861463146007E-03   1.9196488192676216E+02   0.0000000000000000E+00
   4.9000000000000000E+08   5.2178542332256732E-03   1.9164966196876699E+02   0.0000000000000000E+00
   5.0000000000000000E+08   5.2262494026916601E-03   1.9134180613060164E+02   0.0000000000000000E+00
   5.1000000000000000E+08   5.2344784962181845E-03   1.9104099877809833E+02   0.0000000000000000E+00
   5.2000000000000000E+08   5.2425479571218776E-03   1.9074694369586524E+02   0.0000000000000000E+00
   5.3000000000000000E+08   5.2504638609404122E-03   1.9045936254113934E+02   0.0000000000000000E+00
   5.4000000000000000E+08   5.2582319427570776E-03   1.9017799345604078E+02   0.0000000000000000E+00
   5.5000000000000000E+08   5.2658576223098795E-03   1.8990258980100342E+02   0.0000000000000000E+00
   5.6000000000000000E+08   5.2733460265968592E-03   1.8963291901505423E+02   0.0000000000000000E+00
   5.7000000000000000E+08   5.2807020106554001E-03   1.8936876157416197E+02   0.0000000000000000E+00
   5.8000000000000000E+08   5.2879301764276717E-03   1.8910991004717897E+02   0.0000000000000000E+00
   5.9000000000000000E+08   5.2950348899932862E-03   1.8885616823598835E+02   0.0000000000000000E+00
   6.0000000000000000E+08   5.3020202976276918E-03   1.8860735038065300E+02   0.0000000000000000E+00
   6.1000000000000000E+08   5.3088903399741158E-03   1.8836328045247885E+02   0.0000000000000000E+00
   6.2000000000000000E+08   5.3156487657736720E-03   1.8812379148125564E+02   0.0000000000000000E+00
   6.3000000000000000E+08   5.3222991438856612E-03   1.8788872495992931E+02   0.0000000000000000E+00
   6.4000000000000000E+08   5.3288448747285206E-03   1.8765793028474025E+02   0.0000000000000000E+00
   6.5000000000000000E+08   5.3352892006403984E-03   1.8743126424711326E+02   0.0000000000000000E+00
   6.6000000000000000E+08   5.3416352155722518E-03   1.8720859056132116E+02   0.0000000000000000E+00
   6.7000000000000000E+08   5.3478858740780653E-03   1.8698977942800482E+02   0.0000000000000000E+00
   6.8000000000000000E+08   5.3540439993812533E-03   1.8677470714016664E+02   0.0000000000000000E+00
   6.9000000000000000E+08   5.3601122912480684E-03   1.8656325570506965E+02   0.0000000000000000E+00
   7.0000000000000000E+08   5.3660933329736640E-03   1.8635531250550241E+02   0.0000000000000000E+00
   7.1000000000000000E+08   5.3719895979196103E-03   1.8615076998422825E+02   0.0000000000000000E+00
   7.2000000000000000E+08   5.3778034558188328E-03   1.8594952534347289E+02   0.0000000000000000E+00
   7.3000000000000000E+08   5.3835371784588613E-03   1.8575148027235673E+02   0.0000000000000000E+00
   7.4000000000000000E+08   5.3891929447831789E-03   1.8555654070022032E+02   0.0000000000000000E+00
   7.5000000000000000E+08   5.3947728462833263E-03   1.8536461654524342E+02   0.0000000000000000E+00
   7.6000000000000000E+08   5.4002788912457860E-03   1.8517562150744976E+02   0.0000000000000000E+00
   7.7000000000000000E+08   5.4057130093393205E-03   1.8498947285442719E+02   0.0000000000000000E+00
   7.8000000000000000E+08   5.4110770554327186E-03   1.8480609123760317E+02   0.0000000000000000E+00
   7.9000000000000000E+08   5.4163728137375244E-03   1.8462540050118119E+02   0.0000000000000000E+00
   8.0000000000000000E+08   5.4216020011264056E-03   1.8444732752279450E+02   0.0000000000000000E+00
   8.1000000000000000E+08   5.4267662704416868E-03   1.8427180205765703E+02   0.0000000000000000E+00
   8.2000000000000000E+08   5.4318672137710607E-03   1.8409875658682617E+02   0.0000000000000000E+00
   8.3000000000000000E+08   5.4369063654020463E-03   1.8392812617916999E+02   0.0000000000000000E+00
   8.4000000000000000E+08   5.4418852044646158E-03   1.8375984836644164E+02   0.0000000000000000E+00
   8.5000000000000000E+08   5.4468051576375374E-03   1.8359386301854312E+02   0.0000000000000000E+00
   8.6000000000000000E+08   5.4516676015544116E-03   1.8343011223114084E+02   0.0000000000000000E+00
   8.7000000000000000E+08   5.4564738651084101E-03   1.8326854021871725E+02   0.0000000000000000E+00
   8.8000000000000000E+08   5.4612252317202794E-03   1.8310909321075582E+02   0.0000000000000000E+00
   8.9000000000000000E+08   5.4659229413218944E-03   1.8295171935924830E+02   0.0000000000000000E+00
   9.0000000000000000E+08   5.4705681922166205E-03   1.8279636865193888E+02   0.0000000000000000E+00
   9.1000000000000000E+08   5.4751621430330659E-03   1.8264299282395899E+02   0.0000000000000000E+00
   9.2000000000000000E+08   5.4797059145985563E-03   1.8249154527360437E+02   0.0000000000000000E+00
   9.3000000000000000E+08   5.4842005911604043E-03   1.8234198100117445E+02   0.0000000000000000E+00
   9.4000000000000000E+08   5.4886472223354289E-03   1.8219425652474317E+02   0.0000000000000000E+00
   9.5000000000000000E+08   5.4930468244750461E-03   1.8204832981658902E+02   0.0000000000000000E+00
   9.6000000000000000E+08   5.4974003818677956E-03   1.8190416024605440E+02   0.0000000000000000E+00
   9.7000000000000000E+08   5.5017088484617203E-03   1.8176170850618541E+02   0.0000000000000000E+00
   9.8000000000000000E+08   5.5059731485353315E-03   1.8162093657612817E+02   0.0000000000000000E+00
   9.9000000000000000E+08   5.5101941785664207E-03   1.8148180764478408E+02   0.0000000000000000E+00
   1.0000000000000000E+09   5.5143728077184928E-03   1.8134428608096565E+02   0.0000000000000000E+00
   1.1000000000000000E+09   5.5540009930515020E-03   1.8005038192306409E+02   0.0000000000000000E+00
   1.2000000000000000E+09   5.5901802639337032E-03   1.7888510795469756E+02   0.0000000000000000E+00
   1.3000000000000000E+09   5.6234631787567156E-03   1.7782636219218367E+02   0.0000000000000000E+00
   1.4000000000000000E+09   5.6542792989422736E-03   1.7685719914597544E+02   0.0000000000000000E+00
   1.5000000000000000E+09   5.6829691847024664E-03   1.7596435375574811E+02   0.0000000000000000E+00
   1.6000000000000000E+09   5.7098074025866662E-03   1.7513725586382802E+02   0.0000000000000000E+00
   1.7000000000000000E+09   5.7350185456350265E-03   1.7436735244057911E+02   0.0000000000000000E+00
   1.8000000000000000E+09   5.7587886716219680E-03   1.7364762921893248E+02   0.0000000000000000E+00
   1.9000000000000000E+09   5.7812736422888332E-03   1.7297226560687335E+02   0.0000000000000000E+00
   2.0000000000000000E+09   5.8026053248094230E-03   1.7233638064688529E+02   0.0000000000000000E+00
   2.1000000000000000E+09   5.8228962771761546E-03   1.7173584285189355E+02   0.0000000000000000E+00
   2.2000000000000000E+09   5.8422433427731419E-03   1.7116712559345902E+02   0.0000000000000000E+00
   2.3000000000000000E+09   5.8607304471716528E-03   1.7062719553713532E+02   0.0000000000000000E+00
   2.4000000000000000E+09   5.8784307962468788E-03   1.7011342561665546E+02   0.0000000000000000E+00
   2.5000000000000000E+09   5.8954086294516154E-03   1.6962352618007060E+02   0.0000000000000000E+00
   2.6000000000000000E+09   5.9117206265759340E-03   1.6915549011307047E+02   0.0000000000000000E+00
   2.7000000000000000E+09   5.9274170476973911E-03   1.6870754865957468E+02   0.0000000000000000E+00
   2.8000000000000000E+09   5.9425426679525798E-03   1.6827813545081978E+02   0.0000000000000000E+00
   2.9000000000000000E+09   5.9571375505679284E-03   1.6786585696760758E+02   0.0000000000000000E+00
   3.0000000000000000E+09   5.9712376818904225E-03   1.6746946835373870E+02   0.0000000000000000E+00
   3.1000000000000000E+09   5.9848755071947313E-03   1.6708785317219179E+02   0.0000000000000000E+00
   3.2000000000000000E+09   5.9980803829168435E-03   1.6672000642874079E+02   0.0000000000000000E+00
   3.3000000000000000E+09   6.0108789538111827E-03   1.6636502043781013E+02   0.0000000000000000E+00
   3.4000000000000000E+09   6.0232954783879114E-03   1.6602207273212545E+02   0.0000000000000000E+00
   3.5000000000000000E+09   6.0353521069828296E-03   1.6569041578253771E+02   0.0000000000000000E+00
   3.6000000000000000E+09   6.0470691165378466E-03   1.6536936832177872E+02   0.0000000000000000E+00
   3.7000000000000000E+09   6.0584651158208744E-03   1.6505830781935731E+02   0.0000000000000000E+00
   3.8000000000000000E+09   6.0695572267117411E-03   1.6475666389618385E+02   0.0000000000000000E+00
   3.9000000000000000E+09   6.0803612376560097E-03   1.6446391273711592E+02   0.0000000000000000E+00
   4.0000000000000000E+09   6.0908917349779407E-03   1.6417957230422218E+02   0.0000000000000000E+00
   4.1000000000000000E+09   6.1011622263735773E-03   1.6390319793125423E+02   0.0000000000000000E+00
   4.2000000000000000E+09   6.1111852422746638E-03   1.6363437866069120E+02   0.0000000000000000E+00
   4.3000000000000000E+09   6.1209724285011752E-03   1.6337273393745170E+02   0.0000000000000000E+00
   4.4000000000000000E+09   6.1305346284345743E-03   1.6311791068951993E+02   0.0000000000000000E+00
   4.5000000000000000E+09   6.1398819554905597E-03   1.6286958075891914E+02   0.0000000000000000E+00
   4.6000000000000000E+09   6.1490238526612844E-03   1.6262743875472239E+02   0.0000000000000000E+00
   4.7000000000000000E+09   6.1579691557544875E-03   1.6239119987561517E+02   0.0000000000000000E+00
   4.8000000000000000E+09   6.1667261422096416E-03   1.6216059817465535E+02   0.0000000000000000E+00
   4.9000000000000000E+09   6.1753025793717083E-03   1.6193538488955190E+02   0.0000000000000000E+00
   5.0000000000000000E+09   6.1837057623729879E-03   1.6171532709154189E+02   0.0000000000000000E+00
   5.1000000000000000E+09   6.1919425501254051E-03   1.6150020642225550E+02   0.0000000000000000E+00
   5.2000000000000000E+09   6.2000194067957362E-03   1.6128981772281503E+02   0.0000000000000000E+00
   5.3000000000000000E+09   6.2079424234595263E-03   1.6108396821160045E+02   0.0000000000000000E+00
   5.4000000000000000E+09   6.2157173529288580E-03   1.6088247634503495E+02   0.0000000000000000E+00
   5.5000000000000000E+09   6.2233496285565588E-03   1.6068517111932530E+02   0.0000000000000000E+00
   5.6000000000000000E+09   6.2308443907942461E-03   1.6049189119173784E+02   0.0000000000000000E+00
   5.7000000000000000E+09   6.2382065054011927E-03   1.6030248423712416E+02   0.0000000000000000E+00
   5.8000000000000000E+09   6.2454405918550889E-03   1.6011680605914933E+02   0.0000000000000000E+00
   5.9000000000000000E+09   6.2525510192635806E-03   1.5993472055151327E+02   0.0000000000000000E+00
   6.0000000000000000E+09   6.2595419525321829E-03   1.5975609838280076E+02   0.0000000000000000E+00
   6.1000000000000000E+09   6.2664173355604135E-03   1.5958081730772068E+02   0.0000000000000000E+00
   6.2000000000000000E+09   6.2731809281655806E-03   1.5940876111354606E+02   0.0000000000000000E+00
   6.3000000000000000E+09   6.2798363050847062E-03   1.5923981954598281E+02   0.0000000000000000E+00
   6.4000000000000000E+09   6.2863868809710562E-03   1.5907388758191263E+02   0.0000000000000000E+00
   6.5000000000000000E+09   6.2928359015137682E-03   1.5891086557007563E+02   0.0000000000000000E+00
   6.6000000000000000E+09   6.2991864638417992E-03   1.5875065863506953E+02   0.0000000000000000E+00
   6.7000000000000000E+09   6.3054415353300764E-03   1.5859317613158271E+02   0.0000000000000000E+00
   6.8000000000000000E+09   6.3116039437890329E-03   1.5843833182594662E+02   0.0000000000000000E+00
   6.9000000000000000E+09   6.3176763901682254E-03   1.5828604351375654E+02   0.0000000000000000E+00
   7.0000000000000000E+09   6.3236614701122004E-03   1.5813623242267857E+02   0.0000000000000000E+00
   7.1000000000000000E+09   6.3295616556495156E-03   1.5798882361900050E+02   0.0000000000000000E+00
   7.2000000000000000E+09   6.3353793284198195E-03   1.5784374512732165E+02   0.0000000000000000E+00
   7.3000000000000000E+09   6.3411167562897773E-03   1.5770092846943663E+02   0.0000000000000000E+00
   7.4000000000000000E+09   6.3467761315513993E-03   1.5756030767002352E+02   0.0000000000000000E+00
   7.5000000000000000E+09   6.3523595380084634E-03   1.5742182003657675E+02   0.0000000000000000E+00
   7.6000000000000000E+09   6.3578690006014186E-03   1.5728540489044454E+02   0.0000000000000000E+00
   7.7000000000000000E+09   6.3633064442666270E-03   1.5715100455377336E+02   0.0000000000000000E+00
   7.8000000000000000E+09   6.3686737320896320E-03   1.5701856337235998E+02   0.0000000000000000E+00
   7.9000000000000000E+09   6.3739726484649487E-03   1.5688802810298085E+02   0.0000000000000000E+00
   8.0000000000000000E+09   6.3792049124041959E-03   1.5675934755686035E+02   0.0000000000000000E+00
   8.1000000000000000E+09   6.3843721856337368E-03   1.5663247237531414E+02   0.0000000000000000E+00
   8.2000000000000000E+09   6.3894760560846515E-03   1.5650735541104461E+02   0.0000000000000000E+00
   8.3000000000000000E+09   6.3945180651695643E-03   1.5638395103564119E+02   0.0000000000000000E+00
   8.4000000000000000E+09   6.3994996926728664E-03   1.5626221548927555E+02   0.0000000000000000E+00
   8.5000000000000000E+09   6.4044223680241675E-03   1.5614210658447107E+02   0.0000000000000000E+00
   8.6000000000000000E+09   6.4092874731014578E-03   1.5602358361936598E+02   0.0000000000000000E+00
   8.7000000000000000E+09   6.4140963347296531E-03   1.5590660754273642E+02   0.0000000000000000E+00
   8.8000000000000000E+09   6.4188502391861095E-03   1.5579114058389328E+02   0.0000000000000000E+00
   8.9000000000000000E+09   6.4235504231181604E-03   1.5567714645798230E+02   0.0000000000000000E+00
   9.0000000000000000E+09   6.4281981011842602E-03   1.5556458968116917E+02   0.0000000000000000E+00
   9.1000000000000000E+09   6.4327944262796248E-03   1.5545343652126394E+02   0.0000000000000000E+00
   9.2000000000000000E+09   6.4373405135534547E-03   1.5534365440115479E+02   0.0000000000000000E+00
   9.3000000000000000E+09   6.4418374619625617E-03   1.5523521136705946E+02   0.0000000000000000E+00
   9.4000000000000000E+09   6.4462863099506492E-03   1.5512807714674028E+02   0.0000000000000000E+00
   9.5000000000000000E+09   6.4506880905560024E-03   1.5502222180979879E+02   0.0000000000000000E+00
   9.6000000000000000E+09   6.4550437729862754E-03   1.5491761716394581E+02   0.0000000000000000E+00
   9.7000000000000000E+09   6.4593543227636037E-03   1.5481423529839046E+02   0.0000000000000000E+00
   9.8000000000000000E+09   6.4636206605320342E-03   1.5471204956475401E+02   0.0000000000000000E+00
   9.9000000000000000E+09   6.4678436947513390E-03   1.5461103378418082E+02   0.0000000000000000E+00
   1.0000000000000000E+10   6.4720242800597166E-03   1.5451116323543417E+02   0.0000000000000000E+00
   1.1000000000000000E+10   6.5116700826267464E-03   1.5357043389959486E+02   0.0000000000000000E+00
   1.2000000000000000E+10   6.5478640214541462E-03   1.5272155877450868E+02   0.0000000000000000E+00
   1.3000000000000000E+10   6.5811593459912093E-03   1.5194891164717529E+02   0.0000000000000000E+00
   1.4000000000000000E+10   6.6119860857469332E-03   1.5124048765856313E+02   0.0000000000000000E+00
   1.5000000000000000E+10   6.6406851742591092E-03   1.5058687074584418E+02   0.0000000000000000E+00
   1.6000000000000000E+10   6.6675314413765551E-03   1.4998054509264432E+02   0.0000000000000000E+00
   1.7000000000000000E+10   6.6927496610938147E-03   1.4941541976583767E+02   0.0000000000000000E+00
   1.8000000000000000E+10   6.7165261016585683E-03   1.4888649055544676E+02   0.0000000000000000E+00
   1.9000000000000000E+10   6.7390167079420171E-03   1.4838960093710517E+02   0.0000000000000000E+00
   2.0000000000000000E+10   6.7603534498326956E-03   1.4792125994902648E+02   0.0000000000000000E+00
   2.1000000000000000E+10   6.7806490198922100E-03   1.4747850789302422E+02   0.0000000000000000E+00
   2.2000000000000000E+10   6.8000002521074899E-03   1.4705881807726038E+02   0.0000000000000000E+00
   2.3000000000000000E+10   6.8184911654100957E-03   1.4666001256597002E+02   0.0000000000000000E+00
   2.4000000000000000E+10   6.8361949833517519E-03   1.4628020447563438E+02   0.0000000000000000E+00
   2.5000000000000000E+10   6.8531760417956588E-03   1.4591774585991544E+02   0.0000000000000000E+00
   2.6000000000000000E+10   6.8694909995582034E-03   1.4557119298421281E+02   0.0000000000000000E+00
   2.7000000000000000E+10   6.8851901348125763E-03   1.4523927159888393E+02   0.0000000000000000E+00
   2.8000000000000000E+10   6.9003183086701527E-03   1.4492085078792877E+02   0.0000000000000000E+00
   2.9000000000000000E+10   6.9149155692704188E-03   1.4461492551607662E+02   0.0000000000000000E+00
   3.0000000000000000E+10   6.9290178665798712E-03   1.4432059770306165E+02   0.0000000000000000E+00
   3.1000000000000000E+10   6.9426577979499592E-03   1.4403705743573909E+02   0.0000000000000000E+00
   3.2000000000000000E+10   6.9558646471598855E-03   1.4376357947222351E+02   0.0000000000000000E+00
   3.3000000000000000E+10   6.9686649909251278E-03   1.4349950834230657E+02   0.0000000000000000E+00
   3.4000000000000000E+10   6.9810832676411964E-03   1.4324424471990079E+02   0.0000000000000000E+00
   3.5000000000000000E+10   6.9931415153415338E-03   1.4299724920569719E+02   0.0000000000000000E+00
   3.6000000000000000E+10   7.0048599594175953E-03   1.4275802882476799E+02   0.0000000000000000E+00
   3.7000000000000000E+10   7.0162574358689318E-03   1.4252612723241029E+02   0.0000000000000000E+00
   3.8000000000000000E+10   7.0273508752065859E-03   1.4230113420522818E+02   0.0000000000000000E+00
   3.9000000000000000E+10   7.0381561715007323E-03   1.4208266705550696E+02   0.0000000000000000E+00
   4.0000000000000000E+10   7.0486879267194717E-03   1.4187037508204878E+02   0.0000000000000000E+00
   4.1000000000000000E+10   7.0589595992369813E-03   1.4166393587350922E+02   0.0000000000000000E+00
   4.2000000000000000E+10   7.0689836905876687E-03   1.4146305095193489E+02   0.0000000000000000E+00
   4.3000000000000000E+10   7.0787720827634988E-03   1.4126743852015755E+02   0.0000000000000000E+00
   4.4000000000000000E+10   7.0883351487625581E-03   1.4107685077145013E+02   0.0000000000000000E+00
   4.5000000000000000E+10   7.0976834808079295E-03   1.4089103898532400E+02   0.0000000000000000E+00
   4.6000000000000000E+10   7.1068263531679924E-03   1.4070978384806497E+02   0.0000000000000000E+00
   4.7000000000000000E+10   7.1157726121760505E-03   1.4053287738408963E+02   0.0000000000000000E+00
   4.8000000000000000E+10   7.1245303201562362E-03   1.4036012972965645E+02   0.0000000000000000E+00
   4.9000000000000000E+10   7.1331076834507279E-03   1.4019135058343014E+02   0.0000000000000000E+00
   5.0000000000000000E+10   7.1415116607178742E-03   1.4002637641838967E+02   0.0000000000000000E+00
   5.1000000000000000E+10   7.1497490520033629E-03   1.3986504879074039E+02   0.0000000000000000E+00
   5.2000000000000000E+10   7.1578267541281574E-03   1.3970720923404116E+02   0.0000000000000000E+00
   5.3000000000000000E+10   7.1657503906910735E-03   1.3955272588047251E+02   0.0000000000000000E+00
   5.4000000000000000E+10   7.1735260220948420E-03   1.3940145988457377E+02   0.0000000000000000E+00
   5.5000000000000000E+10   7.1811588427717751E-03   1.3925329071456960E+02   0.0000000000000000E+00
   5.6000000000000000E+10   7.1886543847171289E-03   1.3910809262523054E+02   0.0000000000000000E+00
   5.7000000000000000E+10   7.1960171656866405E-03   1.3896576077783448E+02   0.0000000000000000E+00
   5.8000000000000000E+10   7.2032517451026835E-03   1.3882619064089712E+02   0.0000000000000000E+00
   5.9000000000000000E+10   7.2103628228773311E-03   1.3868927605517430E+02   0.0000000000000000E+00
   6.0000000000000000E+10   7.2173541052208802E-03   1.3855493099287196E+02   0.0000000000000000E+00
   6.1000000000000000E+10   7.2242302486395116E-03   1.3842305208756642E+02   0.0000000000000000E+00
   6.2000000000000000E+10   7.2309941338781812E-03   1.3829357090954693E+02   0.0000000000000000E+00
   6.3000000000000000E+10   7.2376499182311045E-03   1.3816639534900330E+02   0.0000000000000000E+00
   6.4000000000000000E+10   7.2442009358631553E-03   1.3804144982359588E+02   0.0000000000000000E+00
   6.5000000000000000E+10   7.2506505466643596E-03   1.3791865896227026E+02   0.0000000000000000E+00
   6.6000000000000000E+10   7.2570016333631483E-03   1.3779795713461417E+02   0.0000000000000000E+00
   6.7000000000000000E+10   7.2632572076870979E-03   1.3767927685964997E+02   0.0000000000000000E+00
   6.8000000000000000E+10   7.2694199190845021E-03   1.3756255810380236E+02   0.0000000000000000E+00
   6.9000000000000000E+10   7.2754927453102637E-03   1.3744773515781370E+02   0.0000000000000000E+00
   7.0000000000000000E+10   7.2814780860228261E-03   1.3733475376648482E+02   0.0000000000000000E+00
   7.1000000000000000E+10   7.2873789299495598E-03   1.3722354904452891E+02   0.0000000000000000E+00
   7.2000000000000000E+10   7.2931970294682997E-03   1.3711407986915495E+02   0.0000000000000000E+00
   7.3000000000000000E+10   7.2989345345293045E-03   1.3700629801093132E+02   0.0000000000000000E+00
   7.4000000000000000E+10   7.3045944721058615E-03   1.3690013919577760E+02   0.0000000000000000E+00
   7.5000000000000000E+10   7.3101783170035316E-03   1.3679556867634710E+02   0.0000000000000000E+00
   7.6000000000000000E+10   7.3156877589464703E-03   1.3669254798047993E+02   0.0000000000000000E+00
   7.7000000000000000E+10   7.3211257321618662E-03   1.3659101572412260E+02   0.0000000000000000E+00
   7.8000000000000000E+10   7.3264933022009942E-03   1.3649094577068465E+02   0.0000000000000000E+00
   7.9000000000000000E+10   7.3317926784080443E-03   1.3639229092565267E+02   0.0000000000000000E+00
   8.0000000000000000E+10   7.3370250592337625E-03   1.3629502310905755E+02   0.0000000000000000E+00
   8.1000000000000000E+10   7.3421927800530360E-03   1.3619909337122809E+02   0.0000000000000000E+00
   8.2000000000000000E+10   7.3472970416704085E-03   1.3610447411183611E+02   0.0000000000000000E+00
   8.3000000000000000E+10   7.3523389464646028E-03   1.3601113975857351E+02   0.0000000000000000E+00
   8.4000000000000000E+10   7.3573213276184072E-03   1.3591903295648279E+02   0.0000000000000000E+00
   8.5000000000000000E+10   7.3622438161685191E-03   1.3582815578640034E+02   0.0000000000000000E+00
   8.6000000000000000E+10   7.3671096145915410E-03   1.3573844456167274E+02   0.0000000000000000E+00
   8.7000000000000000E+10   7.3719185380409060E-03   1.3564989830527225E+02   0.0000000000000000E+00
   8.8000000000000000E+10   7.3766727441230322E-03   1.3556247303998899E+02   0.0000000000000000E+00
   8.9000000000000000E+10   7.3813727844756006E-03   1.3547615453092763E+02   0.0000000000000000E+00
   9.0000000000000000E+10   7.3860209738808250E-03   1.3539089633461626E+02   0.0000000000000000E+00
   9.1000000000000000E+10   7.3906171758780304E-03   1.3530669715431401E+02   0.0000000000000000E+00
   9.2000000000000000E+10   7.3951637416519844E-03   1.3522351024733538E+02   0.0000000000000000E+00
   9.3000000000000000E+10   7.3996611819915218E-03   1.3514132274511294E+02   0.0000000000000000E+00
   9.4000000000000000E+10   7.4041102844756724E-03   1.3506011682412640E+02   0.0000000000000000E+00
   9.5000000000000000E+10   7.4085121290998548E-03   1.3497986944937372E+02   0.0000000000000000E+00
   9.6000000000000000E+10   7.4128681038235092E-03   1.3490055212019848E+02   0.0000000000000000E+00
   9.7000000000000000E+10   7.4171790879601386E-03   1.3482214574314918E+02   0.0000000000000000E+00
   9.8000000000000000E+10   7.4214453813599849E-03   1.3474464186068690E+02   0.0000000000000000E+00
   9.9000000000000000E+10   7.4256683643809749E-03   1.3466801248447123E+02   0.0000000000000000E+00
   1.0000000000000000E+11   7.4298497132751860E-03   1.3459222441784567E+02   0.0000000000000000E+00
