   1.0000000000000000E+00   0.0000000000000000E+00   1.0000000000000000E+30   0.0000000000000000E+00
   2.0000000000000000E+00   0.0000000000000000E+00   1.0000000000000000E+30   0.0000000000000000E+00
   3.0000000000000000E+00   0.0000000000000000E+00   1.0000000000000000E+30   0.0000000000000000E+00
   4.0000000000000000E+00   0.0000000000000000E+00   1.0000000000000000E+30   0.0000000000000000E+00
   5.0000000000000000E+00   0.0000000000000000E+00   1.0000000000000000E+30   0.0000000000000000E+00
   6.0000000000000000E+00   0.0000000000000000E+00   1.0000000000000000E+30   0.0000000000000000E+00
   7.0000000000000000E+00   0.0000000000000000E+00   1.0000000000000000E+30   0.0000000000000000E+00
   8.0000000000000000E+00   0.0000000000000000E+00   1.0000000000000000E+30   0.0000000000000000E+00
   8.1490000000000009E+00   0.0000000000000000E+00   1.0000000000000000E+30   0.0000000000000000E+00
   8.1509999999999998E+00   0.0000000000000000E+00   1.0000000000000000E+30   0.0000000000000000E+00
   9.0000000000000000E+00   0.0000000000000000E+00   1.0000000000000000E+30   0.0000000000000000E+00
   1.0000000000000000E+01   0.0000000000000000E+00   1.0000000000000000E+30   0.0000000000000000E+00
   1.1000000000000000E+01   0.0000000000000000E+00   1.0000000000000000E+30   0.0000000000000000E+00
   1.2000000000000000E+01   0.0000000000000000E+00   1.0000000000000000E+30   0.0000000000000000E+00
   1.3000000000000000E+01   0.0000000000000000E+00   1.0000000000000000E+30   0.0000000000000000E+00
   1.3459000000000000E+01   0.0000000000000000E+00   1.0000000000000000E+30   0.0000000000000000E+00
   1.3460999999999999E+01   0.0000000000000000E+00   1.0000000000000000E+30   0.0000000000000000E+00
   1.4000000000000000E+01   0.0000000000000000E+00   1.0000000000000000E+30   0.0000000000000000E+00
   1.5000000000000000E+01   0.0000000000000000E+00   1.0000000000000000E+30   0.0000000000000000E+00
   1.6000000000000000E+01   0.0000000000000000E+00   1.0000000000000000E+30   0.0000000000000000E+00
   1.7000000000000000E+01   0.0000000000000000E+00   1.0000000000000000E+30   0.0000000000000000E+00
   1.8000000000000000E+01   0.0000000000000000E+00   1.0000000000000000E+30   0.0000000000000000E+00
   1.9000000000000000E+01   0.0000000000000000E+00   1.0000000000000000E+30   0.0000000000000000E+00
   2.0000000000000000E+01   0.0000000000000000E+00   1.0000000000000000E+30   0.0000000000000000E+00
   2.1000000000000000E+01   0.0000000000000000E+00   1.0000000000000000E+30   0.0000000000000000E+00
   2.2000000000000000E+01   0.0000000000000000E+00   1.0000000000000000E+30   0.0000000000000000E+00
   2.3000000000000000E+01   0.0000000000000000E+00   1.0000000000000000E+30   0.0000000000000000E+00
   2.4000000000000000E+01   0.0000000000000000E+00   1.0000000000000000E+30   0.0000000000000000E+00
   2.5000000000000000E+01   0.0000000000000000E+00   1.0000000000000000E+30   0.0000000000000000E+00
   2.6000000000000000E+01   0.0000000000000000E+00   1.0000000000000000E+30   0.0000000000000000E+00
   2.7000000000000000E+01   0.0000000000000000E+00   1.0000000000000000E+30   0.0000000000000000E+00
   2.8000000000000000E+01   0.0000000000000000E+00   1.0000000000000000E+30   0.0000000000000000E+00
   2.9000000000000000E+01   0.0000000000000000E+00   1.0000000000000000E+30   0.0000000000000000E+00
   3.0000000000000000E+01   0.0000000000000000E+00   1.0000000000000000E+30   0.0000000000000000E+00
   3.1000000000000000E+01   0.0000000000000000E+00   1.0000000000000000E+30   0.0000000000000000E+00
   3.2000000000000000E+01   0.0000000000000000E+00   1.0000000000000000E+30   0.0000000000000000E+00
   3.3000000000000000E+01   0.0000000000000000E+00   1.0000000000000000E+30   0.0000000000000000E+00
   3.4000000000000000E+01   0.0000000000000000E+00   1.0000000000000000E+30   0.0000000000000000E+00
   3.5000000000000000E+01   0.0000000000000000E+00   1.0000000000000000E+30   0.0000000000000000E+00
   3.6000000000000000E+01   0.0000000000000000E+00   1.0000000000000000E+30   0.0000000000000000E+00
   3.7000000000000000E+01   0.0000000000000000E+00   1.0000000000000000E+30   0.0000000000000000E+00
   3.8000000000000000E+01   0.0000000000000000E+00   1.0000000000000000E+30   0.0000000000000000E+00
   3.9000000000000000E+01   0.0000000000000000E+00   1.0000000000000000E+30   0.0000000000000000E+00
   4.0000000000000000E+01   0.0000000000000000E+00   1.0000000000000000E+30   0.0000000000000000E+00
   4.1000000000000000E+01   0.0000000000000000E+00   1.0000000000000000E+30   0.0000000000000000E+00
   4.2000000000000000E+01   0.0000000000000000E+00   1.0000000000000000E+30   0.0000000000000000E+00
   4.3000000000000000E+01   0.0000000000000000E+00   1.0000000000000000E+30   0.0000000000000000E+00
   4.4000000000000000E+01   0.0000000000000000E+00   1.0000000000000000E+30   0.0000000000000000E+00
   4.5000000000000000E+01   0.0000000000000000E+00   1.0000000000000000E+30   0.0000000000000000E+00
   4.6000000000000000E+01   0.0000000000000000E+00   1.0000000000000000E+30   0.0000000000000000E+00
   4.7000000000000000E+01   0.0000000000000000E+00   1.0000000000000000E+30   0.0000000000000000E+00
   4.8000000000000000E+01   0.0000000000000000E+00   1.0000000000000000E+30   0.0000000000000000E+00
   4.9000000000000000E+01   0.0000000000000000E+00   1.0000000000000000E+30   0.0000000000000000E+00
   5.0000000000000000E+01   0.0000000000000000E+00   1.0000000000000000E+30   0.0000000000000000E+00
   5.1000000000000000E+01   0.0000000000000000E+00   1.0000000000000000E+30   0.0000000000000000E+00
   5.2000000000000000E+01   0.0000000000000000E+00   1.0000000000000000E+30   0.0000000000000000E+00
   5.3000000000000000E+01   0.0000000000000000E+00   1.0000000000000000E+30   0.0000000000000000E+00
   5.4000000000000000E+01   0.0000000000000000E+00   1.0000000000000000E+30   0.0000000000000000E+00
   5.5000000000000000E+01   0.0000000000000000E+00   1.0000000000000000E+30   0.0000000000000000E+00
   5.6000000000000000E+01   0.0000000000000000E+00   1.0000000000000000E+30   0.0000000000000000E+00
   5.7000000000000000E+01   0.0000000000000000E+00   1.0000000000000000E+30   0.0000000000000000E+00
   5.8000000000000000E+01   0.0000000000000000E+00   1.0000000000000000E+30   0.0000000000000000E+00
   5.9000000000000000E+01   0.0000000000000000E+00   1.0000000000000000E+30   0.0000000000000000E+00
   6.0000000000000000E+01   0.0000000000000000E+00   1.0000000000000000E+30   0.0000000000000000E+00
   6.1000000000000000E+01   0.0000000000000000E+00   1.0000000000000000E+30   0.0000000000000000E+00
   6.2000000000000000E+01   0.0000000000000000E+00   1.0000000000000000E+30   0.0000000000000000E+00
   6.3000000000000000E+01   0.0000000000000000E+00   1.0000000000000000E+30   0.0000000000000000E+00
   6.4000000000000000E+01   0.0000000000000000E+00   1.0000000000000000E+30   0.0000000000000000E+00
   6.5000000000000000E+01   0.0000000000000000E+00   1.0000000000000000E+30   0.0000000000000000E+00
   6.6000000000000000E+01   0.0000000000000000E+00   1.0000000000000000E+30   0.0000000000000000E+00
   6.7000000000000000E+01   0.0000000000000000E+00   1.0000000000000000E+30   0.0000000000000000E+00
   6.8000000000000000E+01   0.0000000000000000E+00   1.0000000000000000E+30   0.0000000000000000E+00
   6.9000000000000000E+01   0.0000000000000000E+00   1.0000000000000000E+30   0.0000000000000000E+00
   7.0000000000000000E+01   0.0000000000000000E+00   1.0000000000000000E+30   0.0000000000000000E+00
   7.1000000000000000E+01   0.0000000000000000E+00   1.0000000000000000E+30   0.0000000000000000E+00
   7.2000000000000000E+01   0.0000000000000000E+00   1.0000000000000000E+30   0.0000000000000000E+00
   7.3000000000000000E+01   0.0000000000000000E+00   1.0000000000000000E+30   0.0000000000000000E+00
   7.4000000000000000E+01   0.0000000000000000E+00   1.0000000000000000E+30   0.0000000000000000E+00
   7.5000000000000000E+01   0.0000000000000000E+00   1.0000000000000000E+30   0.0000000000000000E+00
   7.6000000000000000E+01   0.0000000000000000E+00   1.0000000000000000E+30   0.0000000000000000E+00
   7.7000000000000000E+01   0.0000000000000000E+00   1.0000000000000000E+30   0.0000000000000000E+00
   7.8000000000000000E+01   0.0000000000000000E+00   1.0000000000000000E+30   0.0000000000000000E+00
   7.9000000000000000E+01   0.0000000000000000E+00   1.0000000000000000E+30   0.0000000000000000E+00
   8.0000000000000000E+01   0.0000000000000000E+00   1.0000000000000000E+30   0.0000000000000000E+00
   8.1000000000000000E+01   0.0000000000000000E+00   1.0000000000000000E+30   0.0000000000000000E+00
   8.2000000000000000E+01   0.0000000000000000E+00   1.0000000000000000E+30   0.0000000000000000E+00
   8.3000000000000000E+01   0.0000000000000000E+00   1.0000000000000000E+30   0.0000000000000000E+00
   8.4000000000000000E+01   0.0000000000000000E+00   1.0000000000000000E+30   0.0000000000000000E+00
   8.5000000000000000E+01   0.0000000000000000E+00   1.0000000000000000E+30   0.0000000000000000E+00
   8.6000000000000000E+01   0.0000000000000000E+00   1.0000000000000000E+30   0.0000000000000000E+00
   8.7000000000000000E+01   0.0000000000000000E+00   1.0000000000000000E+30   0.0000000000000000E+00
   8.8000000000000000E+01   0.0000000000000000E+00   1.0000000000000000E+30   0.0000000000000000E+00
   8.9000000000000000E+01   0.0000000000000000E+00   1.0000000000000000E+30   0.0000000000000000E+00
   9.0000000000000000E+01   0.0000000000000000E+00   1.0000000000000000E+30   0.0000000000000000E+00
   9.1000000000000000E+01   0.0000000000000000E+00   1.0000000000000000E+30   0.0000000000000000E+00
   9.2000000000000000E+01   0.0000000000000000E+00   1.0000000000000000E+30   0.0000000000000000E+00
   9.3000000000000000E+01   0.0000000000000000E+00   1.0000000000000000E+30   0.0000000000000000E+00
   9.4000000000000000E+01   0.0000000000000000E+00   1.0000000000000000E+30   0.0000000000000000E+00
   9.5000000000000000E+01   0.0000000000000000E+00   1.0000000000000000E+30   0.0000000000000000E+00
   9.6000000000000000E+01   0.0000000000000000E+00   1.0000000000000000E+30   0.0000000000000000E+00
   9.7000000000000000E+01   0.0000000000000000E+00   1.0000000000000000E+30   0.0000000000000000E+00
   9.8000000000000000E+01   0.0000000000000000E+00   1.0000000000000000E+30   0.0000000000000000E+00
   9.9000000000000000E+01   0.0000000000000000E+00   1.0000000000000000E+30   0.0000000000000000E+00
   1.0000000000000000E+02   0.0000000000000000E+00   1.0000000000000000E+30   0.0000000000000000E+00
   1.0399900000000000E+02   0.0000000000000000E+00   1.0000000000000000E+30   0.0000000000000000E+00
   1.0400100000000000E+02   0.0000000000000000E+00   1.0000000000000000E+30   0.0000000000000000E+00
   1.1000000000000000E+02   0.0000000000000000E+00   1.0000000000000000E+30   0.0000000000000000E+00
   1.2000000000000000E+02   0.0000000000000000E+00   1.0000000000000000E+30   0.0000000000000000E+00
   1.3000000000000000E+02   0.0000000000000000E+00   1.0000000000000000E+30   0.0000000000000000E+00
   1.4000000000000000E+02   0.0000000000000000E+00   1.0000000000000000E+30   0.0000000000000000E+00
   1.5000000000000000E+02   0.0000000000000000E+00   1.0000000000000000E+30   0.0000000000000000E+00
   1.5399900000000000E+02   0.0000000000000000E+00   1.0000000000000000E+30   0.0000000000000000E+00
   1.5400100000000000E+02   0.0000000000000000E+00   1.0000000000000000E+30   0.0000000000000000E+00
   1.6000000000000000E+02   0.0000000000000000E+00   1.0000000000000000E+30   0.0000000000000000E+00
   1.7000000000000000E+02   1.9493652580807912E-04   5.1298749470098301E+03   3.0328504098017298E-02
   1.8000000000000000E+02   3.8392649553684808E-04   2.6046652461474182E+03   6.0352859383381287E-02
   1.9000000000000000E+02   7.2608920186703824E-04   1.3772412500125854E+03   1.1637252135531856E-01
   2.0000000000000000E+02   1.0004261644639379E-03   9.9957401707484723E+02   1.6196991456574919E-01
   2.1000000000000000E+02   1.4292736395783445E-03   6.9965608565691730E+02   2.3572259790389841E-01
   2.2000000000000000E+02   1.7552898869261791E-03   5.6970646697633276E+02   2.9237828619010525E-01
   2.3000000000000000E+02   2.0924584083311360E-03   4.7790675122549345E+02   3.5198471072664450E-01
   2.4000000000000000E+02   2.5956045826264003E-03   3.8526669535624552E+02   4.4447480843404119E-01
   2.5000000000000000E+02   2.9560843738815046E-03   3.3828533746719279E+02   5.1111714209504044E-01
   2.6000000000000000E+02   3.4848192300942758E-03   2.8695893071416128E+02   6.1305652467435490E-01
   2.7000000000000000E+02   3.8551309937046212E-03   2.5939455796261842E+02   6.8464420118723557E-01
   2.8000000000000000E+02   4.3950408146027726E-03   2.2752917257956818E+02   7.9375389205204627E-01
   2.9000000000000000E+02   4.7645064282750837E-03   2.0988532916347324E+02   8.6843353807005319E-01
   3.0000000000000000E+02   5.1273195021516388E-03   1.9503368174742340E+02   9.4306822980466654E-01
   3.1000000000000000E+02   5.6634387823463733E-03   1.7657116787721299E+02   1.0585924169606205E+00
   3.2000000000000000E+02   6.0136874114536804E-03   1.6628732615789079E+02   1.1339197418896292E+00
   3.3000000000000000E+02   6.5344980436402040E-03   1.5303394282492206E+02   1.2513786541517551E+00
   3.4000000000000000E+02   6.8658080719653704E-03   1.4564927966501477E+02   1.3258706809317997E+00
   3.5000000000000000E+02   7.3634895243980848E-03   1.3580517724464929E+02   1.4432812816259168E+00
   3.6000000000000000E+02   7.6710942834084493E-03   1.3035949801358410E+02   1.5155959683820304E+00
   3.7000000000000000E+02   7.9652399051841887E-03   1.2554549667099778E+02   1.5860050815462050E+00
   3.8000000000000000E+02   8.4202951488740671E-03   1.1876068265062143E+02   1.7001961481302224E+00
   3.9000000000000000E+02   8.6869952515632072E-03   1.1511460188953738E+02   1.7670087978445796E+00
   4.0000000000000000E+02   9.1075047814890321E-03   1.0979955805595581E+02   1.8773172008098842E+00
   4.1000000000000000E+02   9.3455952476723114E-03   1.0700228005798434E+02   1.9398163238515074E+00
   4.2000000000000000E+02   9.7298557853749724E-03   1.0277644623501085E+02   2.0451995930886873E+00
   4.3000000000000000E+02   9.9393289382796075E-03   1.0061041406413999E+02   2.1029270874189741E+00
   4.4000000000000000E+02   1.0135855155241656E-02   9.8659657688859156E+01   2.1582152950580320E+00
   4.5000000000000000E+02   1.0468770666140079E-02   9.5522199491328450E+01   2.2553884851317267E+00
   4.6000000000000000E+02   1.0638400812101632E-02   9.3999090433071274E+01   2.3057065337993969E+00
   4.7000000000000000E+02   1.0936200369524838E-02   9.1439436569453477E+01   2.3967193205175015E+00
   4.8000000000000000E+02   1.1080573301313509E-02   9.0248037967625606E+01   2.4420786932547709E+00
   4.9000000000000000E+02   1.1345061601494800E-02   8.8144078465668471E+01   2.5268178156798595E+00
   5.0000000000000000E+02   1.1466110489556095E-02   8.7213532514870664E+01   2.5673505562164718E+00
   5.1000000000000000E+02   1.1577664293703310E-02   8.6373207464986308E+01   2.6057851332636610E+00
   5.2000000000000000E+02   1.1799283674258434E-02   8.4750907564127914E+01   2.6817883045920876E+00
   5.3000000000000000E+02   1.1890598786596823E-02   8.4100053996204807E+01   2.7157620568305907E+00
   5.4000000000000000E+02   1.2084579282020244E-02   8.2750088080255026E+01   2.7858286483439207E+00
   5.5000000000000000E+02   1.2157687648309800E-02   8.2252483278678682E+01   2.8156168533275081E+00
   5.6000000000000000E+02   1.2223746878229068E-02   8.1807976716291137E+01   2.8437017111243836E+00
   5.7000000000000000E+02   1.2389304308425841E-02   8.0714782291682852E+01   2.9080503488781249E+00
   5.8000000000000000E+02   1.2445705094203771E-02   8.0349003325309496E+01   2.9344908916206349E+00
   5.9000000000000000E+02   1.2497978666559844E-02   8.0012938626279251E+01   2.9601113386649911E+00
   6.0000000000000000E+02   1.2647398079754315E-02   7.9067646459296540E+01   3.0225519059791215E+00
   6.1000000000000000E+02   1.2691148483255777E-02   7.8795075269930251E+01   3.0467058499177355E+00
   6.2000000000000000E+02   1.2731383961141672E-02   7.8546056190919117E+01   3.0701526868952542E+00
   6.3000000000000000E+02   1.2768295780451291E-02   7.8318987685970995E+01   3.0929302679909099E+00
   6.4000000000000000E+02   1.2898200445734030E-02   7.7530195332849061E+01   3.1528171228607977E+00
   6.5000000000000000E+02   1.2927805220347687E-02   7.7352650581867721E+01   3.1743094779673906E+00
   6.6000000000000000E+02   1.2954540950587382E-02   7.7193009294139316E+01   3.1952122690166105E+00
   6.7000000000000000E+02   1.2978548949174828E-02   7.7050216007667004E+01   3.2155525299198859E+00
   6.8000000000000000E+02   1.2999961289020479E-02   7.6923305982809438E+01   3.2353554984946378E+00
   6.9000000000000000E+02   1.3018900497032465E-02   7.6811402024920667E+01   3.2546441577762089E+00
   7.0000000000000000E+02   1.3035481044629900E-02   7.6713701364474034E+01   3.2734398380976524E+00
   7.1000000000000000E+02   1.3049808428344417E-02   7.6629477397383269E+01   3.2917618061227230E+00
   7.2000000000000000E+02   1.3061981523438999E-02   7.6558062664960573E+01   3.3096280103021276E+00
   7.3000000000000000E+02   1.3072095404599957E-02   7.6498829686333906E+01   3.3270556628872092E+00
   7.4000000000000000E+02   1.3080234881323151E-02   7.6451226531709167E+01   3.3440594533354968E+00
   7.5000000000000000E+02   1.3086483220310877E-02   7.6414723739373315E+01   3.3606539912724007E+00
   7.6000000000000000E+02   1.3090918161164171E-02   7.6388835961607640E+01   3.3768527937219210E+00
   7.7000000000000000E+02   1.3014318982565413E-02   7.6838442437106906E+01   3.3564727489449018E+00
   7.8000000000000000E+02   1.3016699615299826E-02   7.6824389403946938E+01   3.3720974467588212E+00
   7.9000000000000000E+02   1.3017471767585715E-02   7.6819832441661987E+01   3.3873669200088510E+00
   8.0000000000000000E+02   1.3016697562190928E-02   7.6824401521370476E+01   3.4022913159250785E+00
   8.1000000000000000E+02   1.3014434160280253E-02   7.6837762417053568E+01   3.4168795698457424E+00
   8.2000000000000000E+02   1.3010735955658227E-02   7.6859602977732479E+01   3.4311401798312655E+00
   8.3000000000000000E+02   1.3005655161024150E-02   7.6889628982078406E+01   3.4450808200000869E+00
   8.4000000000000000E+02   1.2928521141090905E-02   7.7348367155597231E+01   3.4239156154834194E+00
   8.5000000000000000E+02   1.2922146371880876E-02   7.7386524747625629E+01   3.4374499299780674E+00
   8.6000000000000000E+02   1.2914524298264006E-02   7.7432197803400470E+01   3.4506897693558276E+00
   8.7000000000000000E+02   1.2905698263240966E-02   7.7485152651389626E+01   3.4636413970966706E+00
   8.8000000000000000E+02   1.2829371381646689E-02   7.7946141728391297E+01   3.4423856130023331E+00
   8.9000000000000000E+02   1.2819543431312386E-02   7.8005898209873010E+01   3.4549962811030377E+00
   9.0000000000000000E+02   1.2808621642819011E-02   7.8072413089088101E+01   3.4673388787709629E+00
   9.1000000000000000E+02   1.2796641614993422E-02   7.8145503334900908E+01   3.4794177011808016E+00
   9.2000000000000000E+02   1.2721527713837508E-02   7.8606911252669477E+01   3.4581955326177427E+00
   9.3000000000000000E+02   1.2708773379608157E-02   7.8685799969062998E+01   3.4699841798969153E+00
   9.4000000000000000E+02   1.2695051791708423E-02   7.8770848390956132E+01   3.4815252182329690E+00
   9.5000000000000000E+02   1.2621136331625954E-02   7.9232168461266610E+01   3.4604437736223259E+00
   9.6000000000000000E+02   1.2606771985811236E-02   7.9322446786971923E+01   3.4717246910438031E+00
   9.7000000000000000E+02   1.2591519165421314E-02   7.9418534559847927E+01   3.4827711342329941E+00
   9.8000000000000000E+02   1.2518908086986686E-02   7.9879171014882118E+01   3.4618682215243748E+00
   9.9000000000000000E+02   1.2503124012899042E-02   7.9980011313039412E+01   3.4726800425837054E+00
   1.0000000000000000E+03   1.2431547709368093E-02   8.0440506956863146E+01   3.4519818613788416E+00
   1.1000000000000000E+03   1.2052290068492785E-02   8.2971783313962050E+01   3.4319670105214737E+00
   1.2000000000000000E+03   1.1679084970848116E-02   8.5623146205038850E+01   3.4094376651350582E+00
   1.3000000000000000E+03   1.1280995650219328E-02   8.8644657883593624E+01   3.3600416368061023E+00
   1.4000000000000000E+03   1.0873942445621431E-02   9.1962966054015325E+01   3.2892429039083497E+00
   1.5000000000000000E+03   1.0495458598840711E-02   9.5279304909121024E+01   3.2237539523898171E+00
   1.6000000000000000E+03   1.0142786690498617E-02   9.8592234118140595E+01   3.1630344811009019E+00
   1.7000000000000000E+03   9.7916143047166258E-03   1.0212820571560908E+02   3.0865927513950266E+00
   1.8000000000000000E+03   9.4660226609632192E-03   1.0564098944363236E+02   3.0160808428673263E+00
   1.8439990000000000E+03   9.3429550664407088E-03   1.0703251732333976E+02   2.9993401963330317E+00
   1.8440010000000000E+03   9.3429478345626732E-03   1.0703260017150770E+02   2.9993377619320061E+00
   1.9000000000000000E+03   9.1632140439340311E-03   1.0913201363685175E+02   2.9508184670981414E+00
   2.0000000000000000E+03   8.8807631953818876E-03   1.1260293490541592E+02   2.8902143788086758E+00
   2.1000000000000000E+03   8.6165743317688729E-03   1.1605540223950148E+02   2.8337603038941372E+00
   2.2000000000000000E+03   8.3688264406860512E-03   1.1949106688822945E+02   2.7810146301278484E+00
   2.3000000000000000E+03   8.1236930382966536E-03   1.2309672402512103E+02   2.7167181615665030E+00
   2.4000000000000000E+03   7.8940408293746225E-03   1.2667783478885575E+02   2.6566658262703018E+00
   2.5000000000000000E+03   7.6888117646659202E-03   1.3005910804001198E+02   2.6140039435011571E+00
   2.6000000000000000E+03   7.4846446162090503E-03   1.3360687798514300E+02   2.5601060511664930E+00
   2.7000000000000000E+03   7.2918419198332541E-03   1.3713956103190833E+02   2.5090298958865342E+00
   2.8000000000000000E+03   7.1094811139055880E-03   1.4065724122173677E+02   2.4605976572090253E+00
   2.9000000000000000E+03   6.9367155382742034E-03   1.4416044516779937E+02   2.4146193918637184E+00
   3.0000000000000000E+03   6.7728049607130884E-03   1.4764931306905862E+02   2.3709424208956311E+00
   3.1000000000000000E+03   6.6105390413202210E-03   1.5127359414252632E+02   2.3189441619756845E+00
   3.2000000000000000E+03   6.4628118613721235E-03   1.5473141125721855E+02   2.2797741064559358E+00
   3.3000000000000000E+03   6.3220480526161443E-03   1.5817658956043326E+02   2.2424304398652906E+00
   3.4000000000000000E+03   6.1823774761090499E-03   1.6175007169399848E+02   2.1973770051507833E+00
   3.5000000000000000E+03   6.0544624168068781E-03   1.6516743042686190E+02   2.1636472977880699E+00
   3.6000000000000000E+03   5.9273416569613760E-03   1.6870969447586145E+02   2.1225450973610145E+00
   3.7000000000000000E+03   5.8102314293962841E-03   1.7211018393184827E+02   1.5805444631491778E+00
   3.8000000000000000E+03   5.6986655106838566E-03   1.7547967995756207E+02   1.5523292950795315E+00
   3.9000000000000000E+03   5.5917206401775400E-03   1.7883582967554145E+02   1.5252240687303982E+00
   4.0000000000000000E+03   5.4891106272884531E-03   1.8217887521315757E+02   1.4991631442735751E+00
   4.1000000000000000E+03   5.3905724066181434E-03   1.8550905628728307E+02   1.4740859447052972E+00
   4.2000000000000000E+03   5.2958637771413023E-03   1.8882660923347964E+02   1.4499364859623232E+00
   4.3000000000000000E+03   5.2047613955222205E-03   1.9213176628237443E+02   1.4266629565455944E+00
   4.4000000000000000E+03   5.1170589920607875E-03   1.9542475503048115E+02   1.4042173410522683E+00
   4.5000000000000000E+03   5.0325657818817903E-03   1.9870579806431809E+02   1.3825550826423629E+00
   4.6000000000000000E+03   4.9511050475724572E-03   2.0197511270545621E+02   1.3616347800381052E+00
   4.7000000000000000E+03   4.8725128725990658E-03   2.0523291085049229E+02   1.3414179151700367E+00
   4.8000000000000000E+03   4.7966370075134355E-03   2.0847939888584517E+02   1.3218686080391766E+00
   4.9000000000000000E+03   4.7233358532989388E-03   2.1171477766112397E+02   1.3029533957721420E+00
   5.0000000000000000E+03   4.6524775482222535E-03   2.1493924250792091E+02   1.2846410332057867E+00
   5.1000000000000000E+03   4.5839391462830590E-03   2.1815298329404351E+02   1.2669023126505372E+00
   5.2000000000000000E+03   4.5176058768695588E-03   2.2135618450473211E+02   1.2497099007614232E+00
   5.3000000000000000E+03   4.4533704765205382E-03   2.2454902534435220E+02   1.2330381906878205E+00
   5.4000000000000000E+03   4.3911325848242288E-03   2.2773167985316684E+02   1.2168631678869510E+00
   5.5000000000000000E+03   4.3307981974509508E-03   2.3090431703527230E+02   1.2011622881715693E+00
   5.6000000000000000E+03   4.2722791701768556E-03   2.3406710099391844E+02   1.1859143667293623E+00
   5.7000000000000000E+03   4.2154927684764677E-03   2.3722019107185253E+02   1.1710994769922745E+00
   5.8000000000000000E+03   4.1603612579107687E-03   2.4036374199440931E+02   1.1566988583624036E+00
   5.9000000000000000E+03   4.1068115310910966E-03   2.4349790401370586E+02   1.1426948319113424E+00
   6.0000000000000000E+03   4.0547747674876591E-03   2.4662282305253686E+02   1.1290707232678181E+00
   6.1000000000000000E+03   4.0041861227741232E-03   2.4973864084699301E+02   1.1158107919938651E+00
   6.2000000000000000E+03   3.9549844447728522E-03   2.5284549508700621E+02   1.1029001668260061E+00
   6.3000000000000000E+03   3.9071120133923427E-03   2.5594351955416607E+02   1.0903247862244223E+00
   6.4000000000000000E+03   3.8605143022343155E-03   2.5903284425633109E+02   1.0780713437322786E+00
   6.5000000000000000E+03   3.8151397597986684E-03   2.6211359555875663E+02   1.0661272376992788E+00
   6.6000000000000000E+03   3.7709396084378405E-03   2.6518589631146671E+02   1.0544805249699354E+00
   6.7000000000000000E+03   3.7278676594075617E-03   2.6824986597268895E+02   1.0431198781778888E+00
   6.8000000000000000E+03   3.6858801425334606E-03   2.7130562072825785E+02   1.0320345463240650E+00
   6.9000000000000000E+03   3.6449355491648882E-03   2.7435327360702325E+02   1.0212143183484050E+00
   7.0000000000000000E+03   3.6049944872236289E-03   2.7739293459229276E+02   1.0106494894337588E+00
   7.1000000000000000E+03   3.5660195472809538E-03   2.8042471072893807E+02   1.0003308298073068E+00
   7.2000000000000000E+03   3.5279751786882890E-03   2.8344870622695333E+02   9.9024955582488328E-01
   7.3000000000000000E+03   3.4908275749013858E-03   2.8646502256080339E+02   9.8039730314742535E-01
   7.4000000000000000E+03   3.4545445672055841E-03   2.8947375856520216E+02   9.7076610183415657E-01
   7.5000000000000000E+03   3.4190955261382294E-03   2.9247501052697157E+02   9.6134835319560286E-01
   7.6000000000000000E+03   3.3844512699606221E-03   2.9546887227353551E+02   9.5213680826216351E-01
   7.7000000000000000E+03   3.3505839796014072E-03   2.9845543525787474E+02   9.4312454773883803E-01
   7.8000000000000000E+03   3.3174671195443147E-03   3.0143478864000303E+02   9.3430496332790691E-01
   7.9000000000000000E+03   3.2850753641778933E-03   3.0440701936537010E+02   9.2567174031120969E-01
   8.0000000000000000E+03   3.2533845291737281E-03   3.0737221224014769E+02   9.1721884129435538E-01
   8.1000000000000000E+03   3.2223715074984399E-03   3.1033045000336114E+02   9.0894049102362651E-01
   8.2000000000000000E+03   3.1920142096944510E-03   3.1328181339635171E+02   9.0083116219306913E-01
   8.3000000000000000E+03   3.1622915081036700E-03   3.1622638122937303E+02   8.9288556216783443E-01
   8.4000000000000000E+03   3.1331831847327997E-03   3.1916423044549208E+02   8.8509862055521127E-01
   8.5000000000000000E+03   3.1046698824841626E-03   3.2209543618204674E+02   8.7746547756056636E-01
   8.6000000000000000E+03   3.0767330595018365E-03   3.2502007182966770E+02   8.6998147307102514E-01
   8.7000000000000000E+03   3.0493549464036891E-03   3.2793820908889859E+02   8.6264213641444676E-01
   8.8000000000000000E+03   3.0225185061875585E-03   3.3084991802460331E+02   8.5544317674510162E-01
   8.9000000000000000E+03   2.9962073966180490E-03   3.3375526711827229E+02   8.4838047401177952E-01
   9.0000000000000000E+03   2.9704059349155917E-03   3.3665432331841089E+02   8.4145007046726694E-01
   9.1000000000000000E+03   2.9450990645894641E-03   3.3954715208854833E+02   8.3464816268244812E-01
   9.2000000000000000E+03   2.9202723242549400E-03   3.4243381745403963E+02   8.2797109402873914E-01
   9.3000000000000000E+03   2.8959118183092352E-03   3.4531438204628950E+02   8.2141534759912371E-01
   9.4000000000000000E+03   2.8720041893249347E-03   3.4818890714607573E+02   8.1497753953583985E-01
   9.5000000000000000E+03   2.8485365920566216E-03   3.5105745272452612E+02   8.0865441273983563E-01
   9.6000000000000000E+03   2.8254966689418488E-03   3.5392007748305048E+02   8.0244283093496027E-01
   9.7000000000000000E+03   2.8028725270035932E-03   3.5677683889143850E+02   7.9633977306481551E-01
   9.8000000000000000E+03   2.7806527160567722E-03   3.5962779322478445E+02   7.9034232799995729E-01
   9.9000000000000000E+03   2.7588262081376619E-03   3.6247299559875046E+02   7.8444768953616417E-01
   1.0000000000000000E+04   2.7373823780726717E-03   3.6531250000377270E+02   7.7865315166450844E-01
   1.1000000000000000E+04   2.5419078537652160E-03   3.9340529143050730E+02   7.2568133470416929E-01
   1.2000000000000000E+04   2.3754072396390200E-03   4.2098044634736641E+02   6.8034101764520249E-01
   1.3000000000000000E+04   2.2317563598741640E-03   4.4807758498171569E+02   6.4105403737561673E-01
   1.4000000000000000E+04   2.1064601563422214E-03   4.7473008069445649E+02   6.0665456561960907E-01
   1.5000000000000000E+04   1.9961417947703063E-03   5.0096641562232759E+02   5.7626177686545377E-01
   1.6000000000000000E+04   1.8982133284354175E-03   5.2681117818524626E+02   5.4919715632082666E-01
   1.7000000000000000E+04   1.8106566918545395E-03   5.5228581127423126E+02   5.2492914757727627E-01
   1.8000000000000000E+04   1.7318740835358761E-03   5.7740918321172217E+02   5.0303511431068471E-01
   1.9000000000000000E+04   1.6605833126295787E-03   6.0219803029121920E+02   4.8317459127105661E-01
   2.0000000000000000E+04   1.5957430563732513E-03   6.2666730461780298E+02   4.6507008737067146E-01
   2.1000000000000000E+04   1.5364984820117372E-03   6.5083045099445872E+02   4.4849305689349139E-01
   2.2000000000000000E+04   1.4821410235434933E-03   6.7469962987004203E+02   4.3325347980367246E-01
   2.3000000000000000E+04   1.4320781814496594E-03   6.9828589874033514E+02   4.1919200870405343E-01
   2.4000000000000000E+04   1.3858105395308290E-03   7.2159936114972368E+02   4.0617397133046917E-01
   2.5000000000000000E+04   1.3429140579557628E-03   7.4464929015803136E+02   3.9408473462892807E-01
   2.6000000000000000E+04   1.3030262773485954E-03   7.6744423146615691E+02   3.8282608162769227E-01
   2.7000000000000000E+04   1.2658354588802512E-03   7.8999209019203249E+02   3.7231335108876351E-01
   2.8000000000000000E+04   1.2310719541834979E-03   8.1230020438833333E+02   3.6247315824487814E-01
   2.9000000000000000E+04   1.1985012870058911E-03   8.3437540772126408E+02   3.5324156289665015E-01
   3.0000000000000000E+04   1.1679185619678358E-03   8.5622408322297042E+02   3.4456258529150785E-01
   3.1000000000000000E+04   1.1391439117104361E-03   8.7785220964618077E+02   3.3638699482593348E-01
   3.2000000000000000E+04   1.1120187635098309E-03   8.9926540164100356E+02   3.2867131457817683E-01
   3.3000000000000000E+04   1.0864027577645538E-03   9.2046894473800774E+02   3.2137699792962243E-01
   3.4000000000000000E+04   1.0621711888875581E-03   9.4146782596064236E+02   3.1446974340363371E-01
   3.5000000000000000E+04   1.0392128678104644E-03   9.6226676071372901E+02   3.0791892128856513E-01
   3.6000000000000000E+04   1.0174283269699207E-03   9.8287021649787846E+02   3.0169709124866173E-01
   3.7000000000000000E+04   9.9672830521096165E-04   1.0032824339109604E+03   2.9577959444559188E-01
   3.8000000000000000E+04   9.7703246283280471E-04   1.0235074452906135E+03   2.9014420703256649E-01
   3.9000000000000000E+04   9.5826828682818422E-04   1.0435490913614033E+03   2.8477084446204665E-01
   4.0000000000000000E+04   9.4037015421481100E-04   1.0634110360882080E+03   2.7964130809715115E-01
   4.1000000000000000E+04   9.2327852731162289E-04   1.0830967800277699E+03   2.7473906719351809E-01
   4.2000000000000000E+04   9.0693925974572899E-04   1.1026096723173741E+03   2.7004907060741495E-01
   4.3000000000000000E+04   8.9130299572205479E-04   1.1219529215089069E+03   2.6555758358235315E-01
   4.4000000000000000E+04   8.7632464823680944E-04   1.1411296053489184E+03   2.6125204579203987E-01
   4.5000000000000000E+04   8.6196294433485258E-04   1.1601426796504181E+03   2.5712094746300451E-01
   4.6000000000000000E+04   8.4818002753649384E-04   1.1789949863644649E+03   2.5315372093544797E-01
   4.7000000000000000E+04   8.3494110920975611E-04   1.1976892609186134E+03   2.4934064545744328E-01
   4.8000000000000000E+04   8.2221416195790318E-04   1.2162281389300608E+03   2.4567276335533486E-01
   4.9000000000000000E+04   8.0996964924144328E-04   1.2346141623164831E+03   2.4214180602440583E-01
   5.0000000000000000E+04   7.9818028626905881E-04   1.2528497849455905E+03   2.3874012840937905E-01
   5.1000000000000000E+04   7.8682082806758394E-04   1.2709373777712265E+03   2.3546065086648243E-01
   5.2000000000000000E+04   7.7586788112680852E-04   1.2888792335979679E+03   2.3229680744128270E-01
   5.3000000000000000E+04   7.6529973564557537E-04   1.3066775714438752E+03   2.2924249975504254E-01
   5.4000000000000000E+04   7.5509621576352241E-04   1.3243345405841308E+03   2.2629205579547326E-01
   5.5000000000000000E+04   7.4523854557092715E-04   1.3418522242886675E+03   2.2344019301333842E-01
   5.6000000000000000E+04   7.3570922898181634E-04   1.3592326432875507E+03   2.2068198520648716E-01
   5.7000000000000000E+04   7.2649194183711384E-04   1.3764777589566290E+03   2.1801283274672703E-01
   5.8000000000000000E+04   7.1757143477010682E-04   1.3935894763151725E+03   2.1542843575478235E-01
   5.9000000000000000E+04   7.0893344562393188E-04   1.4105696468021772E+03   2.1292476989150380E-01
   6.0000000000000000E+04   7.0056462034115375E-04   1.4274200708466128E+03   2.1049806447156716E-01
   6.1000000000000000E+04   6.9245244136872431E-04   1.4441425002753506E+03   2.0814478264058650E-01
   6.2000000000000000E+04   6.8458516275159685E-04   1.4607386405814527E+03   2.0586160339061618E-01
   6.3000000000000000E+04   6.7695175122349548E-04   1.4772101530022489E+03   2.0364540522242214E-01
   6.4000000000000000E+04   6.6954183261690051E-04   1.4935586565091919E+03   2.0149325127370682E-01
   6.5000000000000000E+04   6.6234564307507339E-04   1.5097857296339994E+03   1.9940237576793254E-01
   6.6000000000000000E+04   6.5535398453454624E-04   1.5258929122254940E+03   1.9737017164220866E-01
   6.7000000000000000E+04   6.4855818408558448E-04   1.5418817070513430E+03   1.9539417924259886E-01
   6.8000000000000000E+04   6.4195005678116144E-04   1.5577535813520408E+03   1.9347207597356481E-01
   6.9000000000000000E+04   6.3552187159272519E-04   1.5735099682625103E+03   1.9160166681484539E-01
   7.0000000000000000E+04   6.2926632017836599E-04   1.5891522681788363E+03   1.8978087561706250E-01
   7.1000000000000000E+04   6.2317648821222577E-04   1.6046818500306535E+03   1.8800773710516630E-01
   7.2000000000000000E+04   6.1724582901550413E-04   1.6201000525106535E+03   1.8628038952021084E-01
   7.3000000000000000E+04   6.1146813930304121E-04   1.6354081851914841E+03   1.8459706784536548E-01
   7.4000000000000000E+04   6.0583753682036964E-04   1.6506075296164745E+03   1.8295609755745154E-01
   7.5000000000000000E+04   6.0034843970878360E-04   1.6656993403448823E+03   1.8135588885823739E-01
   7.6000000000000000E+04   5.9499554747747716E-04   1.6806848458607230E+03   1.7979493134873789E-01
   7.7000000000000000E+04   5.8977382336305366E-04   1.6955652495692725E+03   1.7827178909402416E-01
   7.8000000000000000E+04   5.8467847805043316E-04   1.7103417306113708E+03   1.7678509606135151E-01
   7.9000000000000000E+04   5.7970495455652595E-04   1.7250154447360205E+03   1.7533355188540484E-01
   8.0000000000000000E+04   5.7484891424843866E-04   1.7395875250236959E+03   1.7391591794539621E-01
   8.1000000000000000E+04   5.7010622381528338E-04   1.7540590827228086E+03   1.7253101371298743E-01
   8.2000000000000000E+04   5.6547294322135250E-04   1.7684312078722280E+03   1.7117771336742812E-01
   8.3000000000000000E+04   5.6094531444636974E-04   1.7827049700681778E+03   1.6985494263620132E-01
   8.4000000000000000E+04   5.5651975105344340E-04   1.7968814190459320E+03   1.6856167586130591E-01
   8.5000000000000000E+04   5.5219282844047211E-04   1.8109615853292505E+03   1.6729693325956219E-01
   8.6000000000000000E+04   5.4796127476526254E-04   1.8249464808044756E+03   1.6605977836944910E-01
   8.7000000000000000E+04   5.4382196247225293E-04   1.8388370992850855E+03   1.6484931566657102E-01
   8.8000000000000000E+04   5.3977190036979335E-04   1.8526344170841578E+03   1.6366468833400033E-01
   8.9000000000000000E+04   5.3580822625454085E-04   1.8663393934622807E+03   1.6250507618249155E-01
   9.0000000000000000E+04   5.3192819996284954E-04   1.8799529712277736E+03   1.6136969369551282E-01
   9.1000000000000000E+04   5.2812919694008415E-04   1.8934760770543983E+03   1.6025778821132805E-01
   9.2000000000000000E+04   5.2440870213200604E-04   1.9069096220838010E+03   1.5916863820446397E-01
   9.3000000000000000E+04   5.2076430431683481E-04   1.9202545022970637E+03   1.5810155168422760E-01
   9.4000000000000000E+04   5.1719369078859678E-04   1.9335115988658702E+03   1.5705586469178140E-01
   9.5000000000000000E+04   5.1369464231116040E-04   1.9466817786942577E+03   1.5603093987904773E-01
   9.6000000000000000E+04   5.1026502844652853E-04   1.9597658946850436E+03   1.5502616518517232E-01
   9.7000000000000000E+04   5.0690280312302907E-04   1.9727647861463745E+03   1.5404095258480821E-01
   9.8000000000000000E+04   5.0360600048169398E-04   1.9856792791259645E+03   1.5307473691288370E-01
   9.9000000000000000E+04   5.0037273094047765E-04   1.9985101868370125E+03   1.5212697475340631E-01
   1.0000000000000000E+05   4.9720117754840703E-04   2.0112583098269938E+03   1.5119714340318660E-01
   1.1000000000000000E+05   4.6852581328121816E-04   2.1343541202067790E+03   1.4278302254494299E-01
   1.2000000000000000E+05   4.4445045632315265E-04   2.2499695652757223E+03   1.3570900460784585E-01
   1.3000000000000000E+05   4.2395549698357165E-04   2.3587381390616815E+03   1.2968042144269554E-01
   1.4000000000000000E+05   4.0630322047512747E-04   2.4612160317868238E+03   1.2448353310818873E-01
   1.5000000000000000E+05   3.9094635424661347E-04   2.5578957039440470E+03   1.1995941969430805E-01
   1.6000000000000000E+05   3.7747013362966216E-04   2.6492162184706913E+03   1.1598739598963799E-01
   1.7000000000000000E+05   3.6555435417639121E-04   2.7355713003420265E+03   1.1247412077577300E-01
   1.8000000000000000E+05   3.5494778980260465E-04   2.8173157538355858E+03   1.0934623844773066E-01
   1.9000000000000000E+05   3.4545050952375188E-04   2.8947706615880497E+03   1.0654528213933229E-01
   2.0000000000000000E+05   3.3690138175333746E-04   2.9682276599629704E+03   1.0402406529859043E-01
   2.1000000000000000E+05   3.2916907040353964E-04   3.0379524989211955E+03   1.0174407709517307E-01
   2.2000000000000000E+05   3.2214543299431784E-04   3.1041880392500821E+03   9.9673569612020910E-02
   2.3000000000000000E+05   3.1574060370294962E-04   3.1671567998292844E+03   9.7786131107537963E-02
   2.4000000000000000E+05   3.0987927925753701E-04   3.2270631401879309E+03   9.6059606807840384E-02
   2.5000000000000000E+05   3.0449787714722961E-04   3.2840951449933559E+03   9.4475272105325886E-02
   2.6000000000000000E+05   2.9954233584737793E-04   3.3384262600847105E+03   9.3017191759330473E-02
   2.7000000000000000E+05   2.9496639351916438E-04   3.3902167228926328E+03   9.1671717916796916E-02
   2.8000000000000000E+05   2.9073022792482518E-04   3.4396148179630381E+03   9.0427093041151985E-02
   2.9000000000000000E+05   2.8679937197553074E-04   3.4867579838540182E+03   8.9273132983431716E-02
   3.0000000000000000E+05   2.8314384163134835E-04   3.5317737946848742E+03   8.8200971878717255E-02
   3.1000000000000000E+05   2.7973742923626834E-04   3.5747808319043093E+03   8.7202855238022306E-02
   3.2000000000000000E+05   2.7655712666396510E-04   3.6158894621980407E+03   8.6271970903973511E-02
   3.3000000000000000E+05   2.7358265120346504E-04   3.6552025342290226E+03   8.5402310004889931E-02
   3.4000000000000000E+05   2.7079605361549276E-04   3.6928160017424580E+03   8.4588551898068562E-02
   3.5000000000000000E+05   2.6818139182745447E-04   3.7288194873840885E+03   8.3825968337276457E-02
   3.6000000000000000E+05   2.6572445807918413E-04   3.7632967895714246E+03   8.3110343265879433E-02
   3.7000000000000000E+05   2.6341254961425583E-04   3.7963263385302293E+03   8.2437905345999693E-02
   3.8000000000000000E+05   2.6123427454269560E-04   3.8279816143978542E+03   8.1805270839777025E-02
   3.9000000000000000E+05   2.5917938727500347E-04   3.8583315228650713E+03   8.1209395128355247E-02
   4.0000000000000000E+05   2.5723864807427455E-04   3.8874407383421731E+03   8.0647531323413443E-02
   4.1000000000000000E+05   2.5540370286465761E-04   3.9153700153279128E+03   8.0117194817249507E-02
   4.2000000000000000E+05   2.5366697972788947E-04   3.9421764751277756E+03   7.9616132757808863E-02
   4.3000000000000000E+05   2.5202159983023063E-04   3.9679138640244742E+03   7.9142297735196654E-02
   4.4000000000000000E+05   2.5046129999857817E-04   3.9926327939912358E+03   7.8693824931172773E-02
   4.5000000000000000E+05   2.4898036555540701E-04   4.0163809614837464E+03   7.8269012272061830E-02
   4.6000000000000000E+05   2.4757357195001568E-04   4.0392033451853940E+03   7.7866303149659241E-02
   4.7000000000000000E+05   2.4623613332595124E-04   4.0611423940623117E+03   7.7484271235007077E-02
   4.8000000000000000E+05   2.4496365776859047E-04   4.0822381944699287E+03   7.7121607215050875E-02
   4.9000000000000000E+05   2.4375210769911598E-04   4.1025286281191275E+03   7.6777107078559698E-02
   5.0000000000000000E+05   2.4259776497239402E-04   4.1220495172896308E+03   7.6449661785153833E-02
   5.1000000000000000E+05   2.4149720027647051E-04   4.1408347544202643E+03   7.6138248171942494E-02
   5.2000000000000000E+05   2.4044724559400780E-04   4.1589164289637474E+03   7.5841920817026440E-02
   5.3000000000000000E+05   2.3944497005063843E-04   4.1763249392481184E+03   7.5559804862386115E-02
   5.4000000000000000E+05   2.3848765813614105E-04   4.1930891007749697E+03   7.5291089572203554E-02
   5.5000000000000000E+05   2.3757279069588607E-04   4.2092362390105836E+03   7.5035022656326986E-02
   5.6000000000000000E+05   2.3669802724258918E-04   4.2247922876649545E+03   7.4790905070840935E-02
   5.7000000000000000E+05   2.3586119084652361E-04   4.2397818666603207E+03   7.4558086486374728E-02
   5.8000000000000000E+05   2.3506025414957716E-04   4.2542283620763237E+03   7.4335961144006257E-02
   5.9000000000000000E+05   2.3429332679431036E-04   4.2681540002968804E+03   7.4123964127548639E-02
   6.0000000000000000E+05   2.3355864396562413E-04   4.2815799193764078E+03   7.3921567980025582E-02
   6.1000000000000000E+05   2.3285455667762891E-04   4.2945262238712867E+03   7.3728279758253606E-02
   6.2000000000000000E+05   2.3217952216080862E-04   4.3070120512497024E+03   7.3543638222980698E-02
   6.3000000000000000E+05   2.3153209569779106E-04   4.3190556237406381E+03   7.3367211387711184E-02
   6.4000000000000000E+05   2.3091092288642925E-04   4.3306743028862174E+03   7.3198594236207726E-02
   6.5000000000000000E+05   2.3031473297696649E-04   4.3418846335809922E+03   7.3037406711955979E-02
   6.6000000000000000E+05   2.2974233250848254E-04   4.3527023908973251E+03   7.2883291835260711E-02
   6.7000000000000000E+05   2.2919259948629930E-04   4.3631426243314554E+03   7.2735913982563974E-02
   6.8000000000000000E+05   2.2866447833207540E-04   4.3732196941746306E+03   7.2594957361721488E-02
   6.9000000000000000E+05   2.2815697512290468E-04   4.3829473083665989E+03   7.2460124592545472E-02
   7.0000000000000000E+05   2.2766915293180541E-04   4.3923385628773958E+03   7.2331135354414947E-02
   7.1000000000000000E+05   2.2720012812930967E-04   4.4014059685338543E+03   7.2207725246641569E-02
   7.2000000000000000E+05   2.2674906685358541E-04   4.4101614788373618E+03   7.2089644718631982E-02
   7.3000000000000000E+05   2.2631518120128625E-04   4.4186165271458012E+03   7.1976657987682796E-02
   7.4000000000000000E+05   2.2589772624304251E-04   4.4267820514674149E+03   7.1868542134215577E-02
   7.5000000000000000E+05   2.2549599756038345E-04   4.4346685121638111E+03   7.1765086318350241E-02
   7.6000000000000000E+05   2.2510932807552844E-04   4.4422859263498895E+03   7.1666090900084800E-02
   7.7000000000000000E+05   2.2473708594369313E-04   4.4496438841008448E+03   7.1571366770344910E-02
   7.8000000000000000E+05   2.2437867231207836E-04   4.4567515695482161E+03   7.1480734681421867E-02
   7.9000000000000000E+05   2.2403351898192661E-04   4.4636177860540274E+03   7.1394024581189514E-02
   8.0000000000000000E+05   2.2370108683338852E-04   4.4702509681805668E+03   7.1311075099778132E-02
   8.1000000000000000E+05   2.2338086367904285E-04   4.4766592067475212E+03   7.1231732953604868E-02
   8.2000000000000000E+05   2.2307236315185290E-04   4.4828502548263514E+03   7.1155852546331527E-02
   8.3000000000000000E+05   2.2277512239312684E-04   4.4888315591869359E+03   7.1083295374384139E-02
   8.4000000000000000E+05   2.2248870128050138E-04   4.4946102622049821E+03   7.1013929715369489E-02
   8.5000000000000000E+05   2.2221268108430767E-04   4.5001932163385372E+03   7.0947630228746464E-02
   8.6000000000000000E+05   2.2194666259638644E-04   4.5055870104184269E+03   7.0884277475480012E-02
   8.7000000000000000E+05   2.2169026578718452E-04   4.5107979660233150E+03   7.0823757715571339E-02
   8.8000000000000000E+05   2.2144312821969066E-04   4.5158321598849252E+03   7.0765962497620530E-02
   8.9000000000000000E+05   2.2120490416049489E-04   4.5206954330201088E+03   7.0710788379246090E-02
   9.0000000000000000E+05   2.2097526377661691E-04   4.5253933988326244E+03   7.0658136670689237E-02
   9.1000000000000000E+05   2.2075389200963764E-04   4.5299314584965159E+03   7.0607913129499558E-02
   9.2000000000000000E+05   2.2054048831184183E-04   4.5343147993125467E+03   7.0560027813067999E-02
   9.3000000000000000E+05   2.2033476505128896E-04   4.5385484209322240E+03   7.0514394704681502E-02
   9.4000000000000000E+05   2.2013644747392755E-04   4.5426371301755371E+03   7.0470931618067764E-02
   9.5000000000000000E+05   2.1994527266572787E-04   4.5465855568525767E+03   7.0429559932494210E-02
   9.6000000000000000E+05   2.1976098916806706E-04   4.5503981565865088E+03   7.0390204447350335E-02
   9.7000000000000000E+05   2.1958335621549664E-04   4.5540792218268643E+03   7.0352793175435649E-02
   9.8000000000000000E+05   2.1941214340626602E-04   4.5576328842856647E+03   7.0317257216436821E-02
   9.9000000000000000E+05   2.1924712974161258E-04   4.5610631308082411E+03   7.0283530524077126E-02
   1.0000000000000000E+06   2.1908810368943300E-04   4.5643737983032797E+03   7.0251549856396131E-02
   1.1000000000000000E+06   2.1778632309033888E-04   4.5916565641507023E+03   7.0015573746393348E-02
   1.2000000000000000E+06   2.1690398894970938E-04   4.6103347607491751E+03   6.9900655118696961E-02
   1.3000000000000000E+06   2.1632856564071846E-04   4.6225980236970381E+03   6.9873253664355858E-02
   1.4000000000000000E+06   2.1598152966018991E-04   4.6300255469684353E+03   6.9910027674848940E-02
   1.5000000000000000E+06   2.1580677153550451E-04   4.6337748944799914E+03   6.9994353528044242E-02
   1.6000000000000000E+06   2.1576338442144943E-04   4.6347066842755194E+03   7.0114160620969923E-02
   1.7000000000000000E+06   2.1582102759807201E-04   4.6334688103807985E+03   7.0260539361437210E-02
   1.8000000000000000E+06   2.1595686035802522E-04   4.6305544465785661E+03   7.0426820790440103E-02
   1.9000000000000000E+06   2.1615346833254661E-04   4.6263426060854390E+03   7.0607953812729246E-02
   2.0000000000000000E+06   2.1639742347987411E-04   4.6211271091820754E+03   7.0800073502112981E-02
   2.1000000000000000E+06   2.1667826995788028E-04   4.6151374579203921E+03   7.1000197065050660E-02
   2.2000000000000000E+06   2.1698779662910510E-04   4.6085541008985374E+03   7.1206005915832885E-02
   2.3000000000000000E+06   2.1731950917612498E-04   4.6015196877219041E+03   7.1415687470975320E-02
   2.4000000000000000E+06   2.1766823300646015E-04   4.5941476447338146E+03   7.1627817211421016E-02
   2.5000000000000000E+06   2.1802982690305380E-04   4.5865284314730325E+03   7.1841272496539169E-02
   2.6000000000000000E+06   2.1840095955175855E-04   4.5787344618465904E+03   7.2055166308934257E-02
   2.7000000000000000E+06   2.1877893771882957E-04   4.5708239121499928E+03   7.2268796560618631E-02
   2.8000000000000000E+06   2.1916158058634554E-04   4.5628435299864013E+03   7.2481608296671426E-02
   2.9000000000000000E+06   2.1954711694597542E-04   4.5548309352022734E+03   7.2693163497665331E-02
   3.0000000000000000E+06   2.1993410606478158E-04   4.5468163982963615E+03   7.2903117737050549E-02
   3.1000000000000000E+06   2.2032137167517612E-04   4.5388243201132509E+03   7.3111201197496201E-02
   3.2000000000000000E+06   2.2070795848643765E-04   4.5308742233753637E+03   7.3317205209095390E-02
   3.3000000000000000E+06   2.2109309024111472E-04   4.5229816947668633E+03   7.3520970278275574E-02
   3.4000000000000000E+06   2.2147613131829469E-04   4.5151592365628285E+03   7.3722375686110994E-02
   3.5000000000000000E+06   2.2185657373249710E-04   4.5074165853013992E+03   7.3921334273087211E-02
   3.6000000000000000E+06   2.2223400399124215E-04   4.4997614318257447E+03   7.4117784283065494E-02
   3.7000000000000000E+06   2.2260809263664676E-04   4.4921996687346646E+03   7.4311685638988101E-02
   3.8000000000000000E+06   2.2297857864618883E-04   4.4847357359235375E+03   7.4503015686219753E-02
   3.9000000000000000E+06   2.2334525781990438E-04   4.4773728789279039E+03   7.4691765926871920E-02
   4.0000000000000000E+06   2.2370797473528643E-04   4.4701133304849764E+03   7.4877939613760755E-02
   4.1000000000000000E+06   2.2406660862327760E-04   4.4629586092468453E+03   7.5061548469979728E-02
   4.2000000000000000E+06   2.2442107651100184E-04   4.4559094695857448E+03   7.5242612583246216E-02
   4.3000000000000000E+06   2.2477132233230383E-04   4.4489661297698449E+03   7.5421157968658850E-02
   4.4000000000000000E+06   2.2511731055748819E-04   4.4421284064009378E+03   7.5597215023186948E-02
   4.5000000000000000E+06   2.2545902769150898E-04   4.4353956913549709E+03   7.5770818439362661E-02
   4.6000000000000000E+06   2.2579647188401996E-04   4.4287671621089312E+03   7.5942005105685911E-02
   4.7000000000000000E+06   2.2612965827512366E-04   4.4222416804050390E+03   7.6110814815777195E-02
   4.8000000000000000E+06   2.2645861460502789E-04   4.4158178824158449E+03   7.6277289318769273E-02
   4.9000000000000000E+06   2.2678336807171982E-04   4.4094944373687576E+03   7.6441469875094745E-02
   5.0000000000000000E+06   2.2710396501536643E-04   4.4032696652052618E+03   7.6603400587416673E-02
   5.1000000000000000E+06   2.2742045320074721E-04   4.3971418837921592E+03   7.6763125211166502E-02
   5.2000000000000000E+06   2.2773288157501302E-04   4.3911094132913331E+03   7.6920687043868535E-02
   5.3000000000000000E+06   2.2804130970595859E-04   4.3851703943001457E+03   7.7076130525491740E-02
   5.4000000000000000E+06   2.2834579242475656E-04   4.3793230844378950E+03   7.7229498513456993E-02
   5.5000000000000000E+06   2.2864639474516295E-04   4.3735655710405872E+03   7.7380834867494225E-02
   5.6000000000000000E+06   2.2894317786854154E-04   4.3678960400130245E+03   7.7530181983838570E-02
   5.7000000000000000E+06   2.2923620078889949E-04   4.3623127436180403E+03   7.7677581067108023E-02
   5.8000000000000000E+06   2.2952554160800555E-04   4.3568135946623615E+03   7.7823075857709992E-02
   5.9000000000000000E+06   2.2981125157933084E-04   4.3513970405178361E+03   7.7966704591765842E-02
   6.0000000000000000E+06   2.3009341201311092E-04   4.3460609812810253E+03   7.8108509965954739E-02
   6.1000000000000000E+06   2.3037207762110069E-04   4.3408038436182687E+03   7.8248529232427172E-02
   6.2000000000000000E+06   2.3064731205153647E-04   4.3356239060638063E+03   7.8386800429724207E-02
   6.3000000000000000E+06   2.3091918293039100E-04   4.3305193934513582E+03   7.8523361529279675E-02
   6.4000000000000000E+06   2.3118776264290992E-04   4.3254884625731211E+03   7.8658250588049636E-02
   6.5000000000000000E+06   2.3145310408792579E-04   4.3205296552001055E+03   7.8791501522530005E-02
   6.6000000000000000E+06   2.3171527134613451E-04   4.3156413221734001E+03   7.8923149493645026E-02
   6.7000000000000000E+06   2.3197432941564212E-04   4.3108218160132756E+03   7.9053229128953018E-02
   6.8000000000000000E+06   2.3223033833680905E-04   4.3060695995269871E+03   7.9181773513361156E-02
   6.9000000000000000E+06   2.3248335515758191E-04   4.3013832079383919E+03   7.9308814552129625E-02
   7.0000000000000000E+06   2.3273344040530882E-04   4.2967611283470260E+03   7.9434384122562596E-02
   7.1000000000000000E+06   2.3298065419007571E-04   4.2922018717663859E+03   7.9558513411129114E-02
   7.2000000000000000E+06   2.3322504966857252E-04   4.2877040927681783E+03   7.9681231788503282E-02
   7.3000000000000000E+06   2.3346667400540427E-04   4.2832665701009309E+03   7.9802566996414845E-02
   7.4000000000000000E+06   2.3370559581643573E-04   4.2788877027379822E+03   7.9922549968569817E-02
   7.5000000000000000E+06   2.3394185484626516E-04   4.2745664330016953E+03   8.0041206042099883E-02
   7.6000000000000000E+06   2.3417550965193154E-04   4.2703013713362143E+03   8.0158563319804851E-02
   7.7000000000000000E+06   2.3440661364070942E-04   4.2660912355176397E+03   8.0274648493856737E-02
   7.8000000000000000E+06   2.3463520767159411E-04   4.2619349837712534E+03   8.0389485567717647E-02
   7.9000000000000000E+06   2.3486134564343100E-04   4.2578313483659022E+03   8.0503100350289347E-02
   8.0000000000000000E+06   2.3508507824833913E-04   4.2537791315858012E+03   8.0615517628474354E-02
   8.1000000000000000E+06   2.3530643995754933E-04   4.2497774399221971E+03   8.0726758904936677E-02
   8.2000000000000000E+06   2.3552547525513125E-04   4.2458252081510818E+03   8.0836847003803072E-02
   8.3000000000000000E+06   2.3574224366764958E-04   4.2419211102860481E+03   8.0945806965154604E-02
   8.4000000000000000E+06   2.3595676776074341E-04   4.2380644958401235E+03   8.1053656958207015E-02
   8.5000000000000000E+06   2.3616910804062982E-04   4.2342540406595563E+03   8.1160421402506441E-02
   8.6000000000000000E+06   2.3637929411354514E-04   4.2304889848755056E+03   8.1266118933676093E-02
   8.7000000000000000E+06   2.3658736688376568E-04   4.2267683738637479E+03   8.1370769800569592E-02
   8.8000000000000000E+06   2.3679335874812914E-04   4.2230914130648143E+03   8.1474392411320401E-02
   8.9000000000000000E+06   2.3699732471638550E-04   4.2194569124216878E+03   8.1577008791032080E-02
   9.0000000000000000E+06   2.3719929143500737E-04   4.2158641956736210E+03   8.1678635672089064E-02
   9.1000000000000000E+06   2.3739929485213894E-04   4.2123124275614937E+03   8.1779291096344242E-02
   9.2000000000000000E+06   2.3759737627501235E-04   4.2088006849138264E+03   8.1878993735563288E-02
   9.3000000000000000E+06   2.3779354991427330E-04   4.2053285312427906E+03   8.1977757221678771E-02
   9.4000000000000000E+06   2.3798787799776786E-04   4.2018946864570107E+03   8.2075603301426284E-02
   9.5000000000000000E+06   2.3818037561627471E-04   4.1984987109562298E+03   8.2172545193578445E-02
   9.6000000000000000E+06   2.3837107051108991E-04   4.1951399465375825E+03   8.2268598060793285E-02
   9.7000000000000000E+06   2.3855999546865421E-04   4.1918176517210568E+03   8.2363777687311304E-02
   9.8000000000000000E+06   2.3874720363064681E-04   4.1885307337339427E+03   8.2458103166563004E-02
   9.9000000000000000E+06   2.3893269293825649E-04   4.1852790746321762E+03   8.2551583686882812E-02
   1.0000000000000000E+07   2.3911651337312623E-04   4.1820616480784965E+03   8.2644237306491966E-02
   1.1000000000000000E+07   2.4086853259828252E-04   4.1516423470216732E+03   8.3528167496971409E-02
   1.2000000000000000E+07   2.4248041539402763E-04   4.1240444032356700E+03   8.4342825467921018E-02
   1.3000000000000000E+07   2.4397220540082993E-04   4.0988275625785627E+03   8.5098066546831691E-02
   1.4000000000000000E+07   2.4536005213294268E-04   4.0756430857708383E+03   8.5801822003843869E-02
   1.5000000000000000E+07   2.4665719074387041E-04   4.0542098001854051E+03   8.6460570026501038E-02
   1.6000000000000000E+07   2.4787453297126611E-04   4.0342990787033427E+03   8.7079655104915110E-02
   1.7000000000000000E+07   2.4902108469757208E-04   4.0157242155396893E+03   8.7663519441624801E-02
   1.8000000000000000E+07   2.5010453868085986E-04   3.9983280802273930E+03   8.8215924616123514E-02
   1.9000000000000000E+07   2.5113138459099613E-04   3.9819793994631345E+03   8.8740059994367654E-02
   2.0000000000000000E+07   2.5210711685001231E-04   3.9665679116664387E+03   8.9238647423819803E-02
   2.1000000000000000E+07   2.5303659432240086E-04   3.9519975467495933E+03   8.9714057202904568E-02
   2.2000000000000000E+07   2.5392387764506451E-04   3.9381881265920292E+03   9.0168321243710117E-02
   2.3000000000000000E+07   2.5477271774685393E-04   3.9250670513065511E+03   9.0603251598555382E-02
   2.4000000000000000E+07   2.5558611380933238E-04   3.9125756289952501E+03   9.1020389577415303E-02
   2.5000000000000000E+07   2.5636703191513245E-04   3.9006575554185902E+03   9.1421152921699819E-02
   2.6000000000000000E+07   2.5711787622985231E-04   3.8892667233531570E+03   9.1806760721499819E-02
   2.7000000000000000E+07   2.5784084739699774E-04   3.8783614392187419E+03   9.2178310485850748E-02
   2.8000000000000000E+07   2.5853792895114895E-04   3.8679044272415108E+03   9.2536787645969648E-02
   2.9000000000000000E+07   2.5921100196609322E-04   3.8578609411448047E+03   9.2883095521215819E-02
   3.0000000000000000E+07   2.5986143134447968E-04   3.8482047713897637E+03   9.3217991225256702E-02
   3.1000000000000000E+07   2.6049087113288018E-04   3.8389061223181434E+03   9.3542233603678276E-02
   3.2000000000000000E+07   2.6110064063222029E-04   3.8299408135446697E+03   9.3856479997672229E-02
   3.3000000000000000E+07   2.6169174753221342E-04   3.8212897786427270E+03   9.4161295361676542E-02
   3.4000000000000000E+07   2.6226555352362567E-04   3.8129292488649953E+03   9.4457273089322072E-02
   3.5000000000000000E+07   2.6282280627437188E-04   3.8048448465163169E+03   9.4744869348097269E-02
   3.6000000000000000E+07   2.6336459079953373E-04   3.7970176513257020E+03   9.5024572801896703E-02
   3.7000000000000000E+07   2.6389155599234796E-04   3.7894353846964209E+03   9.5296772059874094E-02
   3.8000000000000000E+07   2.6440468390424127E-04   3.7820812598091775E+03   9.5561892745924734E-02
   3.9000000000000000E+07   2.6490450418485174E-04   3.7749452508447912E+03   9.5820262164234477E-02
   4.0000000000000000E+07   2.6539168593024090E-04   3.7680155521633542E+03   9.6072214749890153E-02
   4.1000000000000000E+07   2.6586717222766082E-04   3.7612766992673501E+03   9.6318117267072637E-02
   4.2000000000000000E+07   2.6633106180647012E-04   3.7547253903363767E+03   9.6558174557733689E-02
   4.3000000000000000E+07   2.6678426921879043E-04   3.7483469431246626E+03   9.6792721366999235E-02
   4.4000000000000000E+07   2.6722725019980405E-04   3.7421333312837924E+03   9.7022000430206645E-02
   4.5000000000000000E+07   2.6766009247114800E-04   3.7360817997467948E+03   9.7246179387363185E-02
   4.6000000000000000E+07   2.6808356860534105E-04   3.7301801270489245E+03   9.7465535949105758E-02
   4.7000000000000000E+07   2.6849815835275977E-04   3.7244203317259798E+03   9.7680287622621612E-02
   4.8000000000000000E+07   2.6890354255344582E-04   3.7188056003436459E+03   9.7890503881124913E-02
   4.9000000000000000E+07   2.6930115691935349E-04   3.7133149052882313E+03   9.8096553737357095E-02
   5.0000000000000000E+07   2.6969055167104310E-04   3.7079534073546524E+03   9.8298469275533790E-02
   5.1000000000000000E+07   2.7007245537737220E-04   3.7027100694245191E+03   9.8496482362343776E-02
   5.2000000000000000E+07   2.7044663996161151E-04   3.6975870735238009E+03   9.8690651510234803E-02
   5.3000000000000000E+07   2.7081430974352908E-04   3.6925670617148562E+03   9.8881280402359592E-02
   5.4000000000000000E+07   2.7117432344783623E-04   3.6876647732924562E+03   9.9068257145353347E-02
   5.5000000000000000E+07   2.7152855587712514E-04   3.6828538964149698E+03   9.9251992928705068E-02
   5.6000000000000000E+07   2.7187575013319079E-04   3.6781507711154982E+03   9.9432346496215546E-02
   5.7000000000000000E+07   2.7221747981042783E-04   3.6735333847642696E+03   9.9609667835412960E-02
   5.8000000000000000E+07   2.7255270551608025E-04   3.6690151290426338E+03   9.9783845846643612E-02
   5.9000000000000000E+07   2.7288236823256061E-04   3.6645826788917439E+03   9.9955112437574711E-02
   6.0000000000000000E+07   2.7320695537660954E-04   3.6602289228746868E+03   1.0012361681766085E-01
   6.1000000000000000E+07   2.7352568717817270E-04   3.6559637609048659E+03   1.0028928332981181E-01
   6.2000000000000000E+07   2.7383925964118378E-04   3.6517773284601967E+03   1.0045229166717343E-01
   6.3000000000000000E+07   2.7414814804216446E-04   3.6476627952496638E+03   1.0061278016789893E-01
   6.4000000000000000E+07   2.7445197505531860E-04   3.6436247172148787E+03   1.0077073540559044E-01
   6.5000000000000000E+07   2.7475139987041629E-04   3.6396538851909036E+03   1.0092632294095824E-01
   6.6000000000000000E+07   2.7504619185678001E-04   3.6357529375309900E+03   1.0107955035690899E-01
   6.7000000000000000E+07   2.7533603284442075E-04   3.6319256497933652E+03   1.0123040779132909E-01
   6.8000000000000000E+07   2.7562231248188330E-04   3.6281532906220368E+03   1.0137918224868404E-01
   6.9000000000000000E+07   2.7590404790020691E-04   3.6244484544920310E+03   1.0152574365564163E-01
   7.0000000000000000E+07   2.7618118823676609E-04   3.6208114187079059E+03   1.0167012325989863E-01
   7.1000000000000000E+07   2.7645523236320306E-04   3.6172221862171668E+03   1.0181262183195929E-01
   7.2000000000000000E+07   2.7672547278587064E-04   3.6136897334846990E+03   1.0195315243980028E-01
   7.3000000000000000E+07   2.7699145538716529E-04   3.6102196676148310E+03   1.0209167099010498E-01
   7.4000000000000000E+07   2.7725445131901330E-04   3.6067951127298029E+03   1.0222843389022888E-01
   7.5000000000000000E+07   2.7751321259715810E-04   3.6034320335284851E+03   1.0236325535189697E-01
   7.6000000000000000E+07   2.7776873103017060E-04   3.6001172496676108E+03   1.0249634027451851E-01
   7.7000000000000000E+07   2.7802201554812231E-04   3.5968374591792431E+03   1.0262789534319491E-01
   7.8000000000000000E+07   2.7827083177240004E-04   3.5936213423112499E+03   1.0275755851466403E-01
   7.9000000000000000E+07   2.7851615616064141E-04   3.5904559856959404E+03   1.0288552855099839E-01
   8.0000000000000000E+07   2.7875969531643703E-04   3.5873191741899400E+03   1.0301213095265636E-01
   8.1000000000000000E+07   2.7899892177649159E-04   3.5842432423488312E+03   1.0313694927156440E-01
   8.2000000000000000E+07   2.7923571397652403E-04   3.5812038000413959E+03   1.0326033715371002E-01
   8.3000000000000000E+07   2.7947014136443159E-04   3.5781997859155595E+03   1.0338233077822404E-01
   8.4000000000000000E+07   2.7970190366375346E-04   3.5752348729172777E+03   1.0350290077085725E-01
   8.5000000000000000E+07   2.7992959373335230E-04   3.5723268364135624E+03   1.0362182324412429E-01
   8.6000000000000000E+07   2.8015598490077620E-04   3.5694400758712100E+03   1.0373960511858901E-01
   8.7000000000000000E+07   2.8037873028973409E-04   3.5666043532140734E+03   1.0385585653966575E-01
   8.8000000000000000E+07   2.8059976736963667E-04   3.5637948291050825E+03   1.0397093670797743E-01
   8.9000000000000000E+07   2.8081795861396511E-04   3.5610258152139068E+03   1.0408466602539637E-01
   9.0000000000000000E+07   2.8103332840314558E-04   3.5582968243734017E+03   1.0419706758317016E-01
   9.1000000000000000E+07   2.8124705385338848E-04   3.5555928010584284E+03   1.0430836558508784E-01
   9.2000000000000000E+07   2.8145871710471600E-04   3.5529189157355277E+03   1.0441850452425783E-01
   9.3000000000000000E+07   2.8166775364996436E-04   3.5502821570506276E+03   1.0452740266599594E-01
   9.4000000000000000E+07   2.8187386703972390E-04   3.5476860998223447E+03   1.0463502464508305E-01
   9.5000000000000000E+07   2.8207797642506850E-04   3.5451190223127587E+03   1.0474154730842548E-01
   9.6000000000000000E+07   2.8228055879622380E-04   3.5425748208253076E+03   1.0484706962812881E-01
   9.7000000000000000E+07   2.8248046829416407E-04   3.5400677648220244E+03   1.0495140610127576E-01
   9.8000000000000000E+07   2.8267937033515245E-04   3.5375768624868970E+03   1.0505486274138785E-01
   9.9000000000000000E+07   2.8287454735536320E-04   3.5351360147074065E+03   1.0515697810151005E-01
   1.0000000000000000E+08   2.8306911548103765E-04   3.5327061318598303E+03   1.0525831120971908E-01
   1.1000000000000000E+08   2.8490941786216936E-04   3.5098874846031599E+03   1.0621878276404739E-01
   1.2000000000000000E+08   2.8659141074079532E-04   3.4892881032796895E+03   1.0709647780418127E-01
   1.3000000000000000E+08   2.8813752759983128E-04   3.4705649358830196E+03   1.0790407236962989E-01
   1.4000000000000000E+08   2.8957039074591951E-04   3.4533917553657607E+03   1.0865234298798493E-01
   1.5000000000000000E+08   2.9090408258879938E-04   3.4375591813660676E+03   1.0934916937086105E-01
   1.6000000000000000E+08   2.9214799961982168E-04   3.4229226327112324E+03   1.1000056887074455E-01
   1.7000000000000000E+08   2.9332260473966665E-04   3.4092156003030614E+03   1.1061370456474424E-01
   1.8000000000000000E+08   2.9442601553898105E-04   3.3964389939162947E+03   1.1119121811545807E-01
   1.9000000000000000E+08   2.9547090346127936E-04   3.3844280038594306E+03   1.1173781862562911E-01
   2.0000000000000000E+08   2.9646220445948027E-04   3.3731112599099552E+03   1.1225647992496486E-01
   2.1000000000000000E+08   2.9740514697067461E-04   3.3624165895777332E+03   1.1274991960206217E-01
   2.2000000000000000E+08   2.9830422981196985E-04   3.3522823348174793E+03   1.1322047709857432E-01
   2.3000000000000000E+08   2.9916335191043267E-04   3.3426554209066117E+03   1.1367018076390492E-01
   2.4000000000000000E+08   2.9998591438640281E-04   3.3334898474997408E+03   1.1410080066964816E-01
   2.5000000000000000E+08   3.0077490184454752E-04   3.3247454952768635E+03   1.1451389067798461E-01
   2.6000000000000000E+08   3.0153294778984663E-04   3.3163871720477796E+03   1.1491082229135570E-01
   2.7000000000000000E+08   3.0226238750900674E-04   3.3083838457082338E+03   1.1529281209585607E-01
   2.8000000000000000E+08   3.0296530154492069E-04   3.3007080180491562E+03   1.1566094426195997E-01
   2.9000000000000000E+08   3.0364355143286951E-04   3.2933352125578845E+03   1.1601618908647550E-01
   3.0000000000000000E+08   3.0429880937487592E-04   3.2862435513773785E+03   1.1635941839727892E-01
   3.1000000000000000E+08   3.0493258307210704E-04   3.2794134032030661E+03   1.1669141844161202E-01
   3.2000000000000000E+08   3.0554623662424517E-04   3.2728270884572562E+03   1.1701290073401693E-01
   3.3000000000000000E+08   3.0614100830753913E-04   3.2664686300223893E+03   1.1732451125491639E-01
   3.4000000000000000E+08   3.0671802532715681E-04   3.2603235461409977E+03   1.1762683821359719E-01
   3.5000000000000000E+08   3.0727831704748491E-04   3.2543786675499991E+03   1.1792041879591825E-01
   3.6000000000000000E+08   3.0782282567952049E-04   3.2486219882898386E+03   1.1820574484435394E-01
   3.7000000000000000E+08   3.0835241615463378E-04   3.2430425305910894E+03   1.1848326787508273E-01
   3.8000000000000000E+08   3.0886788402111596E-04   3.2376302352355756E+03   1.1875340331159544E-01
   3.9000000000000000E+08   3.0936996299533027E-04   3.2323758593690445E+03   1.1901653428840105E-01
   4.0000000000000000E+08   3.0985933104314022E-04   3.2272708930000722E+03   1.1927301488406580E-01
   4.1000000000000000E+08   3.1033661583468856E-04   3.2223074847625603E+03   1.1952317297745235E-01
   4.2000000000000000E+08   3.1080239963939330E-04   3.2174783758434442E+03   1.1976731277740060E-01
   4.3000000000000000E+08   3.1125722379712651E-04   3.2127768403273667E+03   1.2000571708184939E-01
   4.4000000000000000E+08   3.1170159214018498E-04   3.2081966381174570E+03   1.2023864918397703E-01
   4.5000000000000000E+08   3.1213597457821371E-04   3.2037319676185689E+03   1.2046635466028974E-01
   4.6000000000000000E+08   3.1256081014649316E-04   3.1993774252482685E+03   1.2068906293750871E-01
   4.7000000000000000E+08   3.1297650940945220E-04   3.1951279726611942E+03   1.2090698863572050E-01
   4.8000000000000000E+08   3.1338345703997767E-04   3.1909789031155919E+03   1.2112033284538798E-01
   4.9000000000000000E+08   3.1378201396126690E-04   3.1869258131648035E+03   1.2132928424284815E-01
   5.0000000000000000E+08   3.1417251921951183E-04   3.1829645778194299E+03   1.2153402008404324E-01
   5.1000000000000000E+08   3.1455529163175081E-04   3.1790913286262498E+03   1.2173470709306913E-01
   5.2000000000000000E+08   3.1493063154536000E-04   3.1753024311830663E+03   1.2193150231212871E-01
   5.3000000000000000E+08   3.1529882209049430E-04   3.1715944682882100E+03   1.2212455381119634E-01
   5.4000000000000000E+08   3.1566013054135290E-04   3.1679642224217978E+03   1.2231400137098954E-01
   5.5000000000000000E+08   3.1601480948869232E-04   3.1644086605244438E+03   1.2249997709215202E-01
   5.6000000000000000E+08   3.1636309777101509E-04   3.1609249215400096E+03   1.2268260592590972E-01
   5.7000000000000000E+08   3.1670522164774201E-04   3.1575103018423183E+03   1.2286200621455351E-01
   5.8000000000000000E+08   3.1704139548649880E-04   3.1541622458023312E+03   1.2303829011781414E-01
   5.9000000000000000E+08   3.1737182283135296E-04   3.1508783327982665E+03   1.2321156407977958E-01
   6.0000000000000000E+08   3.1769669669713999E-04   3.1476562721497207E+03   1.2338192913689501E-01
   6.1000000000000000E+08   3.1801620071185969E-04   3.1444938898130399E+03   1.2354948135319307E-01
   6.2000000000000000E+08   3.1833050957678091E-04   3.1413891220464416E+03   1.2371431211704940E-01
   6.3000000000000000E+08   3.1863978950254029E-04   3.1383400094545564E+03   1.2387650841644000E-01
   6.4000000000000000E+08   3.1894419882542611E-04   3.1353446893929854E+03   1.2403615313010379E-01
   6.5000000000000000E+08   3.1924388861645519E-04   3.1324013885866943E+03   1.2419332530325135E-01
   6.6000000000000000E+08   3.1953900302508146E-04   3.1295084184809439E+03   1.2434810036394929E-01
   6.7000000000000000E+08   3.1982967955104162E-04   3.1266641713919180E+03   1.2450055031518406E-01
   6.8000000000000000E+08   3.2011604980777564E-04   3.1238671119441951E+03   1.2465074400228227E-01
   6.9000000000000000E+08   3.2039823942892743E-04   3.1211157769854908E+03   1.2479874722059985E-01
   7.0000000000000000E+08   3.2067636872269630E-04   3.1184087682642635E+03   1.2494462294518500E-01
   7.1000000000000000E+08   3.2095055302067490E-04   3.1157447481811396E+03   1.2508843149881119E-01
   7.2000000000000000E+08   3.2122090247127939E-04   3.1131224409949814E+03   1.2523023061535443E-01
   7.3000000000000000E+08   3.2148752294288666E-04   3.1105406233064091E+03   1.2537007569049757E-01
   7.4000000000000000E+08   3.2175051601473641E-04   3.1079981234721608E+03   1.2550801986651910E-01
   7.5000000000000000E+08   3.2200997892532134E-04   3.1054938214567392E+03   1.2564411410383364E-01
   7.6000000000000000E+08   3.2226600523304418E-04   3.1030266418478050E+03   1.2577840737186011E-01
   7.7000000000000000E+08   3.2251868481403810E-04   3.1005955533292367E+03   1.2591094671898553E-01
   7.8000000000000000E+08   3.2276810396748780E-04   3.0981995671441236E+03   1.2604177735679520E-01
   7.9000000000000000E+08   3.2301434580453236E-04   3.0958377328700326E+03   1.2617094278975646E-01
   8.0000000000000000E+08   3.2325749019548042E-04   3.0935091384743464E+03   1.2629848486373066E-01
   8.1000000000000000E+08   3.2349761427717932E-04   3.0912129050298959E+03   1.2642444390892504E-01
   8.2000000000000000E+08   3.2373479197780105E-04   3.0889481908653538E+03   1.2654885870758981E-01
   8.3000000000000000E+08   3.2396909479210446E-04   3.0867141837764316E+03   1.2667176667744931E-01
   8.4000000000000000E+08   3.2420059162280946E-04   3.0845101022007025E+03   1.2679320388885573E-01
   8.5000000000000000E+08   3.2442934888413306E-04   3.0823351939011563E+03   1.2691320512517332E-01
   8.6000000000000000E+08   3.2465543057956877E-04   3.0801887349144877E+03   1.2703180393617802E-01
   8.7000000000000000E+08   3.2487889853665840E-04   3.0780700270293578E+03   1.2714903271662628E-01
   8.8000000000000000E+08   3.2509981261982134E-04   3.0759783955010198E+03   1.2726492277886339E-01
   8.9000000000000000E+08   3.2531823053344862E-04   3.0739131906632633E+03   1.2737950435172923E-01
   9.0000000000000000E+08   3.2553420795546691E-04   3.0718737864157129E+03   1.2749280663540333E-01
   9.1000000000000000E+08   3.2574779889624027E-04   3.0698595766061585E+03   1.2760485789399545E-01
   9.2000000000000000E+08   3.2595905557202882E-04   3.0678699760161294E+03   1.2771568546151804E-01
   9.3000000000000000E+08   3.2616802835372681E-04   3.0659044206365547E+03   1.2782531575954512E-01
   9.4000000000000000E+08   3.2637476613344340E-04   3.0639623640239838E+03   1.2793377438654246E-01
   9.5000000000000000E+08   3.2657931625312386E-04   3.0620432777957190E+03   1.2804108612924195E-01
   9.6000000000000000E+08   3.2678172430472427E-04   3.0601466533284438E+03   1.2814727495029124E-01
   9.7000000000000000E+08   3.2698203504499817E-04   3.0582719930236640E+03   1.2825236416977490E-01
   9.8000000000000000E+08   3.2718029127065283E-04   3.0564188206947092E+03   1.2835637628872024E-01
   9.9000000000000000E+08   3.2737653469472149E-04   3.0545866732094892E+03   1.2845933316176597E-01
   1.0000000000000000E+09   3.2757080588443173E-04   3.0527751009435319E+03   1.2856125600464027E-01
   1.1000000000000000E+09   3.2941313573217634E-04   3.0357016509901200E+03   1.2952785332199984E-01
   1.2000000000000000E+09   3.3109505334882888E-04   3.0202807015254289E+03   1.3041033822782100E-01
   1.3000000000000000E+09   3.3264226878910601E-04   3.0062325020816779E+03   1.3122218468734323E-01
   1.4000000000000000E+09   3.3407476777478896E-04   2.9933418996616165E+03   1.3197386791989188E-01
   1.5000000000000000E+09   3.3540839305924307E-04   2.9814400017812627E+03   1.3267369291853123E-01
   1.6000000000000000E+09   3.3665591683469225E-04   2.9703918748917426E+03   1.3332835557885431E-01
   1.7000000000000000E+09   3.3782778573689652E-04   2.9600880751082141E+03   1.3394333318624788E-01
   1.8000000000000000E+09   3.3893265360279923E-04   2.9504386472361457E+03   1.3452316334313824E-01
   1.9000000000000000E+09   3.3997776911167668E-04   2.9413687918856772E+03   1.3507164725560764E-01
   2.0000000000000000E+09   3.4096926501460905E-04   2.9328156599603030E+03   1.3559200103286920E-01
   2.1000000000000000E+09   3.4191237601725346E-04   2.9247259536154916E+03   1.3608696992283284E-01
   2.2000000000000000E+09   3.4281160510250190E-04   2.9170541052745184E+03   1.3655891581221752E-01
   2.3000000000000000E+09   3.4367085529426062E-04   2.9097608499381540E+03   1.3700988569396594E-01
   2.4000000000000000E+09   3.4449353023286485E-04   2.9028121350320780E+03   1.3744166500965158E-01
   2.5000000000000000E+09   3.4528261738574721E-04   2.8961782309556797E+03   1.3785582065510857E-01
   2.6000000000000000E+09   3.4604075182909474E-04   2.8898330462935992E+03   1.3825373500624535E-01
   2.7000000000000000E+09   3.4677027040134670E-04   2.8837535548898559E+03   1.3863663394425560E-01
   2.8000000000000000E+09   3.4747325546216986E-04   2.8779193341654814E+03   1.3900560968816292E-01
   2.9000000000000000E+09   3.4815156890786016E-04   2.8723122033801737E+03   1.3936163925911846E-01
   3.0000000000000000E+09   3.4880688446084599E-04   2.8669158911404784E+03   1.3970560052156872E-01
   3.1000000000000000E+09   3.4944071037332442E-04   2.8617157941662031E+03   1.4003828484298364E-01
   3.2000000000000000E+09   3.5005441146863616E-04   2.8566987509300311E+03   1.4036040825865517E-01
   3.3000000000000000E+09   3.5064922656407839E-04   2.8518528610450480E+03   1.4067262070372277E-01
   3.4000000000000000E+09   3.5122628307911749E-04   2.8471673339285358E+03   1.4097551382970180E-01
   3.5000000000000000E+09   3.5178661119753636E-04   2.8426323463415638E+03   1.4126962798045289E-01
   3.6000000000000000E+09   3.5233115311615138E-04   2.8382389441172545E+03   1.4155545767473818E-01
   3.7000000000000000E+09   3.5286077400734219E-04   2.8339789335132855E+03   1.4183345685940224E-01
   3.8000000000000000E+09   3.5337627018761558E-04   2.8298447982063913E+03   1.4210404322878412E-01
   3.9000000000000000E+09   3.5387837535079728E-04   2.8258296342880708E+03   1.4236760183023203E-01
   4.0000000000000000E+09   3.5436776792809510E-04   2.8219270783196921E+03   1.4262448854841142E-01
   4.1000000000000000E+09   3.5484507523240110E-04   2.8181312629041372E+03   1.4287503275563554E-01
   4.2000000000000000E+09   3.5531088012483040E-04   2.8144367536639265E+03   1.4311954017177211E-01
   4.3000000000000000E+09   3.5576572366687953E-04   2.8108385194981515E+03   1.4335829482226745E-01
   4.4000000000000000E+09   3.5621011020889120E-04   2.8073318845823137E+03   1.4359156125094000E-01
   4.5000000000000000E+09   3.5664451013749121E-04   2.8039124999133924E+03   1.4381958617439608E-01
   4.6000000000000000E+09   3.5706936123503690E-04   2.8005763265187052E+03   1.4404259976462463E-01
   4.7000000000000000E+09   3.5748507561610387E-04   2.7973195755838497E+03   1.4426081779527114E-01
   4.8000000000000000E+09   3.5789203738482398E-04   2.7941387221329783E+03   1.4447444206589324E-01
   4.9000000000000000E+09   3.5829060767396680E-04   2.7910304612561008E+03   1.4468366203196403E-01
   5.0000000000000000E+09   3.5868112513366782E-04   2.7879917005037146E+03   1.4488865556304240E-01
   5.1000000000000000E+09   3.5906390945870958E-04   2.7850195289955609E+03   1.4508959016610321E-01
   5.2000000000000000E+09   3.5943926044205282E-04   2.7821112217128425E+03   1.4528662336709314E-01
   5.3000000000000000E+09   3.5980746170854576E-04   2.7792642077279334E+03   1.4547990385944704E-01
   5.4000000000000000E+09   3.6016877962335970E-04   2.7764760761488906E+03   1.4566957176178916E-01
   5.5000000000000000E+09   3.6052346808153969E-04   2.7737445368572508E+03   1.4585575986380056E-01
   5.6000000000000000E+09   3.6087176502654647E-04   2.7710674453193592E+03   1.4603859338789293E-01
   5.7000000000000000E+09   3.6121389755034908E-04   2.7684427614267292E+03   1.4621819121979254E-01
   5.8000000000000000E+09   3.6155007915965369E-04   2.7658685688142778E+03   1.4639466573885054E-01
   5.9000000000000000E+09   3.6188051425002350E-04   2.7633430389929740E+03   1.4656812388327603E-01
   6.0000000000000000E+09   3.6220539558040133E-04   2.7608644492928956E+03   1.4673866696675553E-01
   6.1000000000000000E+09   3.6252490610675183E-04   2.7584311675003441E+03   1.4690639123669039E-01
   6.2000000000000000E+09   3.6283922123414483E-04   2.7560416335330169E+03   1.4707138848600504E-01
   6.3000000000000000E+09   3.6314850787601022E-04   2.7536943655608525E+03   1.4723374608929574E-01
   6.4000000000000000E+09   3.6345292267891450E-04   2.7513879724209314E+03   1.4739354687661141E-01
   6.5000000000000000E+09   3.6375261817861155E-04   2.7491211060066526E+03   1.4755087038132919E-01
   6.6000000000000000E+09   3.6404773785393593E-04   2.7468924979317476E+03   1.4770579213193780E-01
   6.7000000000000000E+09   3.6433841998016736E-04   2.7447009295765042E+03   1.4785838447184685E-01
   6.8000000000000000E+09   3.6462479513692752E-04   2.7425452501782556E+03   1.4800871625812898E-01
   6.9000000000000000E+09   3.6490698954333304E-04   2.7404243510146557E+03   1.4815685357011196E-01
   7.0000000000000000E+09   3.6518512327268516E-04   2.7383371782461581E+03   1.4830285951280950E-01
   7.1000000000000000E+09   3.6545931196692186E-04   2.7362827194577308E+03   1.4844679462477020E-01
   7.2000000000000000E+09   3.6572966517129502E-04   2.7342600156091657E+03   1.4858871668676418E-01
   7.3000000000000000E+09   3.6599629036833056E-04   2.7322681303507811E+03   1.4872868152104207E-01
   7.4000000000000000E+09   3.6625928733513384E-04   2.7303061917580321E+03   1.4886674209080375E-01
   7.5000000000000000E+09   3.6651875339827289E-04   2.7283733525999501E+03   1.4900294950083501E-01
   7.6000000000000000E+09   3.6677478319105758E-04   2.7264687918282748E+03   1.4913735303096876E-01
   7.7000000000000000E+09   3.6702746622959830E-04   2.7245917322559139E+03   1.4926999978238029E-01
   7.8000000000000000E+09   3.6727688882429377E-04   2.7227414259610623E+03   1.4940093507854937E-01
   7.9000000000000000E+09   3.6752313336011925E-04   2.7209171593020392E+03   1.4953020240115164E-01
   8.0000000000000000E+09   3.6776628158417129E-04   2.7191182282738132E+03   1.4965784402362653E-01
   8.1000000000000000E+09   3.6800640830330879E-04   2.7173439848792141E+03   1.4978389996262104E-01
   8.2000000000000000E+09   3.6824358876350727E-04   2.7155937822510696E+03   1.4990840932062485E-01
   8.3000000000000000E+09   3.6847789471141631E-04   2.7138670035638852E+03   1.5003140964472417E-01
   8.4000000000000000E+09   3.6870939380593030E-04   2.7121630660876212E+03   1.5015293686880440E-01
   8.5000000000000000E+09   3.6893815390160156E-04   2.7104813894274198E+03   1.5027302610564516E-01
   8.6000000000000000E+09   3.6916423779559691E-04   2.7088214339810770E+03   1.5039171076777128E-01
   8.7000000000000000E+09   3.6938770761220569E-04   2.7071826684872531E+03   1.5050902337211958E-01
   8.8000000000000000E+09   3.6960862447391724E-04   2.7055645723184925E+03   1.5062499551853500E-01
   8.9000000000000000E+09   3.6982704497356294E-04   2.7039666611496332E+03   1.5073965730538477E-01
   9.0000000000000000E+09   3.7004302388397511E-04   2.7023884668976884E+03   1.5085303783580362E-01
   9.1000000000000000E+09   3.7025661707791656E-04   2.7008295162745485E+03   1.5096516575843985E-01
   9.2000000000000000E+09   3.7046787607645040E-04   2.6992893704868447E+03   1.5107606834163786E-01
   9.3000000000000000E+09   3.7067685025660336E-04   2.6977676089233623E+03   1.5118577188674415E-01
   9.4000000000000000E+09   3.7088358922716009E-04   2.6962638117361312E+03   1.5129430216891426E-01
   9.5000000000000000E+09   3.7108814196437563E-04   2.6947775660694647E+03   1.5140168431018752E-01
   9.6000000000000000E+09   3.7129055176783138E-04   2.6933085025694427E+03   1.5150794191910344E-01
   9.7000000000000000E+09   3.7149086413639377E-04   2.6918562380388653E+03   1.5161309849080715E-01
   9.8000000000000000E+09   3.7168912249969666E-04   2.6904204063728453E+03   1.5171717668047094E-01
   9.9000000000000000E+09   3.7188536724031479E-04   2.6890006655029088E+03   1.5182019815144679E-01
   1.0000000000000000E+10   3.7207964041066513E-04   2.6875966631667829E+03   1.5192218441935096E-01
   1.1000000000000000E+10   3.7392198260049683E-04   2.6743546689749269E+03   1.5288935152153862E-01
   1.2000000000000000E+10   3.7560390989577956E-04   2.6623791011054022E+03   1.5377231102960151E-01
   1.3000000000000000E+10   3.7715113402083284E-04   2.6514569619317722E+03   1.5458455908114196E-01
   1.4000000000000000E+10   3.7858363830013127E-04   2.6414242424476520E+03   1.5533658609901707E-01
   1.5000000000000000E+10   3.7991726904875633E-04   2.6321520011549305E+03   1.5603670915270315E-01
   1.6000000000000000E+10   3.8116479790465606E-04   2.6235371301264249E+03   1.5669163262850919E-01
   1.7000000000000000E+10   3.8233666911520220E-04   2.6154959248721425E+03   1.5730683995906677E-01
   1.8000000000000000E+10   3.8344153977009179E-04   2.6079594834706522E+03   1.5788687442140240E-01
   1.9000000000000000E+10   3.8448665790171381E-04   2.6008704839262064E+03   1.5843554113806710E-01
   2.0000000000000000E+10   3.8547815639023727E-04   2.5941807166568842E+03   1.5895605946407904E-01
   2.1000000000000000E+10   3.8642126929696149E-04   2.5878492708731014E+03   1.5945117714345836E-01
   2.2000000000000000E+10   3.8732049943368991E-04   2.5818411405079846E+03   1.5992325816716205E-01
   2.3000000000000000E+10   3.8817975043880750E-04   2.5761261345280805E+03   1.6037435139846756E-01
   2.4000000000000000E+10   3.8900242684589251E-04   2.5706780497700106E+03   1.6080624390407791E-01
   2.5000000000000000E+10   3.8979151625584814E-04   2.5654739990380613E+03   1.6122050383691006E-01
   2.6000000000000000E+10   3.9054965107491329E-04   2.5604939019858070E+03   1.6161851414933051E-01
   2.7000000000000000E+10   3.9127917123702995E-04   2.5557199910194504E+03   1.6200150215329737E-01
   2.8000000000000000E+10   3.9198215645377672E-04   2.5511365339863933E+03   1.6237056036649181E-01
   2.9000000000000000E+10   3.9266046827436316E-04   2.5467295049963404E+03   1.6272666640603969E-01
   3.0000000000000000E+10   3.9331578736272980E-04   2.5424862976012823E+03   1.6307069992040613E-01
   3.1000000000000000E+10   3.9394961095020242E-04   2.5383957039277443E+03   1.6340345084411548E-01
   3.2000000000000000E+10   3.9456331292998792E-04   2.5344474948116681E+03   1.6372563723346240E-01
   3.3000000000000000E+10   3.9515813055379201E-04   2.5306324802138224E+03   1.6403790913064212E-01
   3.4000000000000000E+10   3.9573518651731221E-04   2.5269423444514787E+03   1.6434085769682333E-01
   3.5000000000000000E+10   3.9629551223569224E-04   2.5233694783938445E+03   1.6463502378924408E-01
   3.6000000000000000E+10   3.9684005466696543E-04   2.5199069202810597E+03   1.6492090302439666E-01
   3.7000000000000000E+10   3.9736967738654113E-04   2.5165483349834230E+03   1.6519894930601636E-01
   3.8000000000000000E+10   3.9788517545796728E-04   2.5132879073692466E+03   1.6546958032013728E-01
   3.9000000000000000E+10   3.9838728061853242E-04   2.5101202991405985E+03   1.6573318096141412E-01
   4.0000000000000000E+10   3.9887667115088405E-04   2.5070405775165718E+03   1.6599010725915947E-01
   4.1000000000000000E+10   3.9935398069158943E-04   2.5040441521785501E+03   1.6624068984590062E-01
   4.2000000000000000E+10   3.9981978398767316E-04   2.5011268577715782E+03   1.6648523316129815E-01
   4.3000000000000000E+10   4.0027462614201410E-04   2.4982847642338647E+03   1.6672402206416365E-01
   4.4000000000000000E+10   4.0071901405362123E-04   2.4955142255021310E+03   1.6695732165895097E-01
   4.5000000000000000E+10   4.0115341475202782E-04   2.4928118849945431E+03   1.6718537817975862E-01
   4.6000000000000000E+10   4.0157826498730628E-04   2.4901746114959924E+03   1.6740842171305328E-01
   4.7000000000000000E+10   4.0199398013989168E-04   2.4875994403000905E+03   1.6762666869164175E-01
   4.8000000000000000E+10   4.0240094476679948E-04   2.4850836286667341E+03   1.6784032107437982E-01
   4.9000000000000000E+10   4.0279951345009805E-04   2.4826246472710500E+03   1.6804956724411518E-01
   5.0000000000000000E+10   4.0319003066008547E-04   2.4802200549523582E+03   1.6825458615611355E-01
   5.1000000000000000E+10   4.0357281361651145E-04   2.4778676022271261E+03   1.6845554494705123E-01
   5.2000000000000000E+10   4.0394816727221068E-04   2.4755651368660001E+03   1.6865260210319735E-01
   5.3000000000000000E+10   4.0431636750273869E-04   2.4733107051206048E+03   1.6884590501509250E-01
   5.4000000000000000E+10   4.0467768549578447E-04   2.4711024003581169E+03   1.6903559469454690E-01
   5.5000000000000000E+10   4.0503237205405553E-04   2.4689384577550268E+03   1.6922180343585669E-01
   5.6000000000000000E+10   4.0538067264869960E-04   2.4668171609320752E+03   1.6940465782138797E-01
   5.7000000000000000E+10   4.0572280362996473E-04   2.4647369855800362E+03   1.6958427489602354E-01
   5.8000000000000000E+10   4.0605898446787760E-04   2.4626964018797812E+03   1.6976076811990354E-01
   5.9000000000000000E+10   4.0638941875459415E-04   2.4606939891903753E+03   1.6993424432454587E-01
   6.0000000000000000E+10   4.0671429924930684E-04   2.4587284043018667E+03   1.7010480485551849E-01
   6.1000000000000000E+10   4.0703380934592806E-04   2.4567983716313961E+03   1.7027254606741249E-01
   6.2000000000000000E+10   4.0734812936510384E-04   2.4549026444741712E+03   1.7043756064046972E-01
   6.3000000000000000E+10   4.0765741201253690E-04   2.4530401521786794E+03   1.7059993348964606E-01
   6.4000000000000000E+10   4.0796182452633055E-04   2.4512097453262036E+03   1.7075974932291657E-01
   6.5000000000000000E+10   4.0826152512556829E-04   2.4494103373871244E+03   1.7091708869107528E-01
   6.6000000000000000E+10   4.0855664200495958E-04   2.4476410298767360E+03   1.7107202446975883E-01
   6.7000000000000000E+10   4.0884732749715228E-04   2.4459007867844393E+03   1.7122463148233619E-01
   6.8000000000000000E+10   4.0913370026303051E-04   2.4441887807264566E+03   1.7137497651977848E-01
   6.9000000000000000E+10   4.0941589616599406E-04   2.4425040878104032E+03   1.7152312736672329E-01
   7.0000000000000000E+10   4.0969402841946882E-04   2.4408459255748326E+03   1.7166914594488258E-01
   7.1000000000000000E+10   4.0996822068794690E-04   2.4392134549403631E+03   1.7181309421276189E-01
   7.2000000000000000E+10   4.1023857601557448E-04   2.4376059650763700E+03   1.7195502882867966E-01
   7.3000000000000000E+10   4.1050519553445557E-04   2.4360227614124451E+03   1.7209500451777454E-01
   7.4000000000000000E+10   4.1076819356695743E-04   2.4344630759172805E+03   1.7223307680211486E-01
   7.5000000000000000E+10   4.1102766018507372E-04   2.4329262890719556E+03   1.7236929552990465E-01
   7.6000000000000000E+10   4.1128368618317687E-04   2.4314117811972287E+03   1.7250370932119793E-01
   7.7000000000000000E+10   4.1153637361342096E-04   2.4299188701588641E+03   1.7263636748241720E-01
   7.8000000000000000E+10   4.1178579679564353E-04   2.4284470415968935E+03   1.7276731324993125E-01
   7.9000000000000000E+10   4.1203203966483246E-04   2.4269957278406077E+03   1.7289659038689306E-01
   8.0000000000000000E+10   4.1227519019666075E-04   2.4255643409514573E+03   1.7302424226649393E-01
   8.1000000000000000E+10   4.1251531114283341E-04   2.4241524447410152E+03   1.7315030680520141E-01
   8.2000000000000000E+10   4.1275249686548252E-04   2.4227594202195792E+03   1.7327482645948150E-01
   8.3000000000000000E+10   4.1298680343953724E-04   2.4213848763969131E+03   1.7339783604278985E-01
   8.4000000000000000E+10   4.1321830015999584E-04   2.4200283472750498E+03   1.7351937178293206E-01
   8.5000000000000000E+10   4.1344706392285464E-04   2.4186893250899730E+03   1.7363947038285760E-01
   8.6000000000000000E+10   4.1367314848391172E-04   2.4173674401274111E+03   1.7375816368011918E-01
   8.7000000000000000E+10   4.1389661398699316E-04   2.4160622875533491E+03   1.7387548385247295E-01
   8.8000000000000000E+10   4.1411753338020392E-04   2.4147733901474144E+03   1.7399146457527753E-01
   8.9000000000000000E+10   4.1433595455225977E-04   2.4135004191963531E+03   1.7410613443021664E-01
   9.0000000000000000E+10   4.1455193091981116E-04   2.4122430156848914E+03   1.7421952228953308E-01
   9.1000000000000000E+10   4.1476552804286718E-04   2.4110007519637634E+03   1.7433165850295099E-01
   9.2000000000000000E+10   4.1497678445446607E-04   2.4097733595256736E+03   1.7444256807112343E-01
   9.3000000000000000E+10   4.1518575665714763E-04   2.4085604671303327E+03   1.7455227854777453E-01
   9.4000000000000000E+10   4.1539249967738551E-04   2.4073617139853268E+03   1.7466081666159042E-01
   9.5000000000000000E+10   4.1559705314149579E-04   2.4061768302758783E+03   1.7476820590270808E-01
   9.6000000000000000E+10   4.1579945404162484E-04   2.4050055628497585E+03   1.7487446878126794E-01
   9.7000000000000000E+10   4.1599977124079314E-04   2.4038474757265435E+03   1.7497963288500656E-01
   9.8000000000000000E+10   4.1619802258004726E-04   2.4027024294851626E+03   1.7508371639542769E-01
   9.9000000000000000E+10   4.1639427862304168E-04   2.4015699814773197E+03   1.7518674626220362E-01
   1.0000000000000000E+11   4.1658854323304510E-04   2.4004500753650996E+03   1.7528873732184880E-01
