   1.0000000000000000E+00   0.0000000000000000E+00   1.0000000000000000E+30  -1.8534540849100340E+63
   2.0000000000000000E+00   0.0000000000000000E+00   1.0000000000000000E+30  -1.8534540849100340E+63
   3.0000000000000000E+00   0.0000000000000000E+00   1.0000000000000000E+30  -1.8534540849100340E+63
   4.0000000000000000E+00   0.0000000000000000E+00   1.0000000000000000E+30  -1.8534540849100340E+63
   5.0000000000000000E+00   0.0000000000000000E+00   1.0000000000000000E+30  -1.8534540849100340E+63
   6.0000000000000000E+00   0.0000000000000000E+00   1.0000000000000000E+30  -1.8534540849100340E+63
   7.0000000000000000E+00   0.0000000000000000E+00   1.0000000000000000E+30  -1.8534540849100340E+63
   8.0000000000000000E+00   0.0000000000000000E+00   1.0000000000000000E+30  -1.8534540849100340E+63
   8.1490000000000009E+00   0.0000000000000000E+00   1.0000000000000000E+30  -1.8534540849100340E+63
   8.1509999999999998E+00   0.0000000000000000E+00   1.0000000000000000E+30  -1.8534540849100340E+63
   9.0000000000000000E+00   0.0000000000000000E+00   1.0000000000000000E+30  -1.8534540849100340E+63
   1.0000000000000000E+01   0.0000000000000000E+00   1.0000000000000000E+30  -1.8534540849100340E+63
   1.1000000000000000E+01   0.0000000000000000E+00   1.0000000000000000E+30  -1.8534540849100340E+63
   1.2000000000000000E+01   0.0000000000000000E+00   1.0000000000000000E+30  -1.8534540849100340E+63
   1.3000000000000000E+01   0.0000000000000000E+00   1.0000000000000000E+30  -1.8534540849100340E+63
   1.3459000000000000E+01   0.0000000000000000E+00   1.0000000000000000E+30  -1.8534540849100340E+63
   1.3460999999999999E+01   0.0000000000000000E+00   1.0000000000000000E+30  -1.8534540849100340E+63
   1.4000000000000000E+01   0.0000000000000000E+00   1.0000000000000000E+30  -1.8534540849100340E+63
   1.5000000000000000E+01   0.0000000000000000E+00   1.0000000000000000E+30  -1.8534540849100340E+63
   1.6000000000000000E+01   0.0000000000000000E+00   1.0000000000000000E+30  -1.8534540849100340E+63
   1.7000000000000000E+01   0.0000000000000000E+00   1.0000000000000000E+30  -1.8534540849100340E+63
   1.8000000000000000E+01   0.0000000000000000E+00   1.0000000000000000E+30  -1.8534540849100340E+63
   1.9000000000000000E+01   0.0000000000000000E+00   1.0000000000000000E+30  -1.8534540849100340E+63
   2.0000000000000000E+01   0.0000000000000000E+00   1.0000000000000000E+30  -1.8534540849100340E+63
   2.1000000000000000E+01   0.0000000000000000E+00   1.0000000000000000E+30  -1.8534540849100340E+63
   2.2000000000000000E+01   0.0000000000000000E+00   1.0000000000000000E+30  -1.8534540849100340E+63
   2.3000000000000000E+01   0.0000000000000000E+00   1.0000000000000000E+30  -1.8534540849100340E+63
   2.4000000000000000E+01   0.0000000000000000E+00   1.0000000000000000E+30  -1.8534540849100340E+63
   2.5000000000000000E+01   0.0000000000000000E+00   1.0000000000000000E+30  -1.8534540849100340E+63
   2.6000000000000000E+01   0.0000000000000000E+00   1.0000000000000000E+30  -1.8534540849100340E+63
   2.7000000000000000E+01   0.0000000000000000E+00   1.0000000000000000E+30  -1.8534540849100340E+63
   2.8000000000000000E+01   0.0000000000000000E+00   1.0000000000000000E+30  -1.8534540849100340E+63
   2.9000000000000000E+01   0.0000000000000000E+00   1.0000000000000000E+30  -1.8534540849100340E+63
   3.0000000000000000E+01   0.0000000000000000E+00   1.0000000000000000E+30  -1.8534540849100340E+63
   3.1000000000000000E+01   0.0000000000000000E+00   1.0000000000000000E+30  -1.8534540849100340E+63
   3.2000000000000000E+01   0.0000000000000000E+00   1.0000000000000000E+30  -1.8534540849100340E+63
   3.3000000000000000E+01   0.0000000000000000E+00   1.0000000000000000E+30  -1.8534540849100340E+63
   3.4000000000000000E+01   0.0000000000000000E+00   1.0000000000000000E+30  -1.8534540849100340E+63
   3.5000000000000000E+01   0.0000000000000000E+00   1.0000000000000000E+30  -1.8534540849100340E+63
   3.6000000000000000E+01   0.0000000000000000E+00   1.0000000000000000E+30  -1.8534540849100340E+63
   3.7000000000000000E+01   0.0000000000000000E+00   1.0000000000000000E+30  -1.8534540849100340E+63
   3.8000000000000000E+01   0.0000000000000000E+00   1.0000000000000000E+30  -1.8534540849100340E+63
   3.9000000000000000E+01   0.0000000000000000E+00   1.0000000000000000E+30  -1.8534540849100340E+63
   4.0000000000000000E+01   0.0000000000000000E+00   1.0000000000000000E+30  -1.8534540849100340E+63
   4.1000000000000000E+01   0.0000000000000000E+00   1.0000000000000000E+30  -1.8534540849100340E+63
   4.2000000000000000E+01   0.0000000000000000E+00   1.0000000000000000E+30  -1.8534540849100340E+63
   4.3000000000000000E+01   0.0000000000000000E+00   1.0000000000000000E+30  -1.8534540849100340E+63
   4.4000000000000000E+01   0.0000000000000000E+00   1.0000000000000000E+30  -1.8534540849100340E+63
   4.5000000000000000E+01   0.0000000000000000E+00   1.0000000000000000E+30  -1.8534540849100340E+63
   4.6000000000000000E+01   0.0000000000000000E+00   1.0000000000000000E+30  -1.8534540849100340E+63
   4.7000000000000000E+01   0.0000000000000000E+00   1.0000000000000000E+30  -1.8534540849100340E+63
   4.8000000000000000E+01   0.0000000000000000E+00   1.0000000000000000E+30  -1.8534540849100340E+63
   4.9000000000000000E+01   0.0000000000000000E+00   1.0000000000000000E+30  -1.8534540849100340E+63
   5.0000000000000000E+01   0.0000000000000000E+00   1.0000000000000000E+30  -1.8534540849100340E+63
   5.1000000000000000E+01   0.0000000000000000E+00   1.0000000000000000E+30  -1.8534540849100340E+63
   5.2000000000000000E+01   0.0000000000000000E+00   1.0000000000000000E+30  -1.8534540849100340E+63
   5.3000000000000000E+01   0.0000000000000000E+00   1.0000000000000000E+30  -1.8534540849100340E+63
   5.4000000000000000E+01   0.0000000000000000E+00   1.0000000000000000E+30  -1.8534540849100340E+63
   5.5000000000000000E+01   0.0000000000000000E+00   1.0000000000000000E+30  -1.8534540849100340E+63
   5.6000000000000000E+01   0.0000000000000000E+00   1.0000000000000000E+30  -1.8534540849100340E+63
   5.7000000000000000E+01   0.0000000000000000E+00   1.0000000000000000E+30  -1.8534540849100340E+63
   5.8000000000000000E+01   0.0000000000000000E+00   1.0000000000000000E+30  -1.8534540849100340E+63
   5.9000000000000000E+01   0.0000000000000000E+00   1.0000000000000000E+30  -1.8534540849100340E+63
   6.0000000000000000E+01   0.0000000000000000E+00   1.0000000000000000E+30  -1.8534540849100340E+63
   6.1000000000000000E+01   0.0000000000000000E+00   1.0000000000000000E+30  -1.8534540849100340E+63
   6.2000000000000000E+01   0.0000000000000000E+00   1.0000000000000000E+30  -1.8534540849100340E+63
   6.3000000000000000E+01   0.0000000000000000E+00   1.0000000000000000E+30  -1.8534540849100340E+63
   6.4000000000000000E+01   0.0000000000000000E+00   1.0000000000000000E+30  -1.8534540849100340E+63
   6.5000000000000000E+01   0.0000000000000000E+00   1.0000000000000000E+30  -1.8534540849100340E+63
   6.6000000000000000E+01   0.0000000000000000E+00   1.0000000000000000E+30  -1.8534540849100340E+63
   6.7000000000000000E+01   0.0000000000000000E+00   1.0000000000000000E+30  -1.8534540849100340E+63
   6.8000000000000000E+01   0.0000000000000000E+00   1.0000000000000000E+30  -1.8534540849100340E+63
   6.9000000000000000E+01   0.0000000000000000E+00   1.0000000000000000E+30  -1.8534540849100340E+63
   7.0000000000000000E+01   0.0000000000000000E+00   1.0000000000000000E+30  -1.8534540849100340E+63
   7.1000000000000000E+01   0.0000000000000000E+00   1.0000000000000000E+30  -1.8534540849100340E+63
   7.2000000000000000E+01   0.0000000000000000E+00   1.0000000000000000E+30  -1.8534540849100340E+63
   7.3000000000000000E+01   0.0000000000000000E+00   1.0000000000000000E+30  -1.8534540849100340E+63
   7.4000000000000000E+01   0.0000000000000000E+00   1.0000000000000000E+30  -1.8534540849100340E+63
   7.5000000000000000E+01   0.0000000000000000E+00   1.0000000000000000E+30  -1.8534540849100340E+63
   7.6000000000000000E+01   0.0000000000000000E+00   1.0000000000000000E+30  -1.8534540849100340E+63
   7.7000000000000000E+01   0.0000000000000000E+00   1.0000000000000000E+30  -1.8534540849100340E+63
   7.8000000000000000E+01   0.0000000000000000E+00   1.0000000000000000E+30  -1.8534540849100340E+63
   7.9000000000000000E+01   0.0000000000000000E+00   1.0000000000000000E+30  -1.8534540849100340E+63
   8.0000000000000000E+01   0.0000000000000000E+00   1.0000000000000000E+30  -1.8534540849100340E+63
   8.1000000000000000E+01   0.0000000000000000E+00   1.0000000000000000E+30  -1.8534540849100340E+63
   8.2000000000000000E+01   0.0000000000000000E+00   1.0000000000000000E+30  -1.8534540849100340E+63
   8.3000000000000000E+01   0.0000000000000000E+00   1.0000000000000000E+30  -1.8534540849100340E+63
   8.4000000000000000E+01   0.0000000000000000E+00   1.0000000000000000E+30  -1.8534540849100340E+63
   8.5000000000000000E+01   0.0000000000000000E+00   1.0000000000000000E+30  -1.8534540849100340E+63
   8.6000000000000000E+01   0.0000000000000000E+00   1.0000000000000000E+30  -1.8534540849100340E+63
   8.7000000000000000E+01   0.0000000000000000E+00   1.0000000000000000E+30  -1.8534540849100340E+63
   8.8000000000000000E+01   0.0000000000000000E+00   1.0000000000000000E+30  -1.8534540849100340E+63
   8.9000000000000000E+01   0.0000000000000000E+00   1.0000000000000000E+30  -1.8534540849100340E+63
   9.0000000000000000E+01   0.0000000000000000E+00   1.0000000000000000E+30  -1.8534540849100340E+63
   9.1000000000000000E+01   0.0000000000000000E+00   1.0000000000000000E+30  -1.8534540849100340E+63
   9.2000000000000000E+01   0.0000000000000000E+00   1.0000000000000000E+30  -1.8534540849100340E+63
   9.3000000000000000E+01   0.0000000000000000E+00   1.0000000000000000E+30  -1.8534540849100340E+63
   9.4000000000000000E+01   0.0000000000000000E+00   1.0000000000000000E+30  -1.8534540849100340E+63
   9.5000000000000000E+01   0.0000000000000000E+00   1.0000000000000000E+30  -1.8534540849100340E+63
   9.6000000000000000E+01   0.0000000000000000E+00   1.0000000000000000E+30  -1.8534540849100340E+63
   9.7000000000000000E+01   0.0000000000000000E+00   1.0000000000000000E+30  -1.8534540849100340E+63
   9.8000000000000000E+01   0.0000000000000000E+00   1.0000000000000000E+30  -1.8534540849100340E+63
   9.9000000000000000E+01   0.0000000000000000E+00   1.0000000000000000E+30  -1.8534540849100340E+63
   1.0000000000000000E+02   0.0000000000000000E+00   1.0000000000000000E+30  -1.8534540849100340E+63
   1.0399900000000000E+02   0.0000000000000000E+00   1.0000000000000000E+30  -1.8534540849100340E+63
   1.0400100000000000E+02   0.0000000000000000E+00   1.0000000000000000E+30  -1.8534540849100340E+63
   1.1000000000000000E+02   0.0000000000000000E+00   1.0000000000000000E+30  -1.8534540849100340E+63
   1.2000000000000000E+02   0.0000000000000000E+00   1.0000000000000000E+30  -1.8534540849100340E+63
   1.3000000000000000E+02   0.0000000000000000E+00   1.0000000000000000E+30  -1.8534540849100340E+63
   1.4000000000000000E+02   0.0000000000000000E+00   1.0000000000000000E+30  -1.8534540849100340E+63
   1.5000000000000000E+02   0.0000000000000000E+00   1.0000000000000000E+30  -1.8534540849100340E+63
   1.5399900000000000E+02   0.0000000000000000E+00   1.0000000000000000E+30  -1.8534540849100340E+63
   1.5400100000000000E+02   0.0000000000000000E+00   1.0000000000000000E+30  -1.8534540849100340E+63
   1.6000000000000000E+02   0.0000000000000000E+00   1.0000000000000000E+30  -1.8534540849100340E+63
   1.7000000000000000E+02   0.0000000000000000E+00   1.0000000000000000E+30  -1.8534540849100340E+63
   1.8000000000000000E+02   0.0000000000000000E+00   1.0000000000000000E+30  -1.8534540849100340E+63
   1.9000000000000000E+02   0.0000000000000000E+00   1.0000000000000000E+30  -1.8534540849100340E+63
   2.0000000000000000E+02   0.0000000000000000E+00   1.0000000000000000E+30  -1.8534540849100340E+63
   2.1000000000000000E+02   0.0000000000000000E+00   1.0000000000000000E+30  -1.8534540849100340E+63
   2.2000000000000000E+02   0.0000000000000000E+00   1.0000000000000000E+30  -1.8534540849100340E+63
   2.3000000000000000E+02   0.0000000000000000E+00   1.0000000000000000E+30  -1.8534540849100340E+63
   2.4000000000000000E+02   0.0000000000000000E+00   1.0000000000000000E+30  -1.8534540849100340E+63
   2.5000000000000000E+02   0.0000000000000000E+00   1.0000000000000000E+30  -1.8534540849100340E+63
   2.6000000000000000E+02   0.0000000000000000E+00   1.0000000000000000E+30  -1.8534540849100340E+63
   2.7000000000000000E+02   0.0000000000000000E+00   1.0000000000000000E+30  -1.8534540849100340E+63
   2.8000000000000000E+02   0.0000000000000000E+00   1.0000000000000000E+30  -1.8534540849100340E+63
   2.9000000000000000E+02   0.0000000000000000E+00   1.0000000000000000E+30  -1.8534540849100340E+63
   3.0000000000000000E+02   0.0000000000000000E+00   1.0000000000000000E+30  -1.8534540849100340E+63
   3.1000000000000000E+02   0.0000000000000000E+00   1.0000000000000000E+30  -1.8534540849100340E+63
   3.2000000000000000E+02   0.0000000000000000E+00   1.0000000000000000E+30  -1.8534540849100340E+63
   3.3000000000000000E+02   0.0000000000000000E+00   1.0000000000000000E+30  -1.8534540849100340E+63
   3.4000000000000000E+02   0.0000000000000000E+00   1.0000000000000000E+30  -1.8534540849100340E+63
   3.5000000000000000E+02   0.0000000000000000E+00   1.0000000000000000E+30  -1.8534540849100340E+63
   3.6000000000000000E+02   0.0000000000000000E+00   1.0000000000000000E+30  -1.8534540849100340E+63
   3.7000000000000000E+02   0.0000000000000000E+00   1.0000000000000000E+30  -1.8534540849100340E+63
   3.8000000000000000E+02   0.0000000000000000E+00   1.0000000000000000E+30  -1.8534540849100340E+63
   3.9000000000000000E+02   0.0000000000000000E+00   1.0000000000000000E+30  -1.8534540849100340E+63
   4.0000000000000000E+02   0.0000000000000000E+00   1.0000000000000000E+30  -1.8534540849100340E+63
   4.1000000000000000E+02   0.0000000000000000E+00   1.0000000000000000E+30  -1.8534540849100340E+63
   4.2000000000000000E+02   0.0000000000000000E+00   1.0000000000000000E+30  -1.8534540849100340E+63
   4.3000000000000000E+02   0.0000000000000000E+00   1.0000000000000000E+30  -1.8534540849100340E+63
   4.4000000000000000E+02   0.0000000000000000E+00   1.0000000000000000E+30  -1.8534540849100340E+63
   4.5000000000000000E+02   0.0000000000000000E+00   1.0000000000000000E+30  -1.8534540849100340E+63
   4.6000000000000000E+02   0.0000000000000000E+00   1.0000000000000000E+30  -1.8534540849100340E+63
   4.7000000000000000E+02   0.0000000000000000E+00   1.0000000000000000E+30  -1.8534540849100340E+63
   4.8000000000000000E+02   0.0000000000000000E+00   1.0000000000000000E+30  -1.8534540849100340E+63
   4.9000000000000000E+02   0.0000000000000000E+00   1.0000000000000000E+30  -1.8534540849100340E+63
   5.0000000000000000E+02   0.0000000000000000E+00   1.0000000000000000E+30  -1.8534540849100340E+63
   5.1000000000000000E+02   0.0000000000000000E+00   1.0000000000000000E+30  -1.8534540849100340E+63
   5.2000000000000000E+02   0.0000000000000000E+00   1.0000000000000000E+30  -1.8534540849100340E+63
   5.3000000000000000E+02   0.0000000000000000E+00   1.0000000000000000E+30  -1.8534540849100340E+63
   5.4000000000000000E+02   0.0000000000000000E+00   1.0000000000000000E+30  -1.8534540849100340E+63
   5.5000000000000000E+02   0.0000000000000000E+00   1.0000000000000000E+30  -1.8534540849100340E+63
   5.6000000000000000E+02   0.0000000000000000E+00   1.0000000000000000E+30  -1.8534540849100340E+63
   5.7000000000000000E+02   0.0000000000000000E+00   1.0000000000000000E+30  -1.8534540849100340E+63
   5.8000000000000000E+02   0.0000000000000000E+00   1.0000000000000000E+30  -1.8534540849100340E+63
   5.9000000000000000E+02   0.0000000000000000E+00   1.0000000000000000E+30  -1.8534540849100340E+63
   6.0000000000000000E+02   0.0000000000000000E+00   1.0000000000000000E+30  -1.8534540849100340E+63
   6.1000000000000000E+02   0.0000000000000000E+00   1.0000000000000000E+30  -1.8534540849100340E+63
   6.2000000000000000E+02   0.0000000000000000E+00   1.0000000000000000E+30  -1.8534540849100340E+63
   6.3000000000000000E+02   0.0000000000000000E+00   1.0000000000000000E+30  -1.8534540849100340E+63
   6.4000000000000000E+02   0.0000000000000000E+00   1.0000000000000000E+30  -1.8534540849100340E+63
   6.5000000000000000E+02   0.0000000000000000E+00   1.0000000000000000E+30  -1.8534540849100340E+63
   6.6000000000000000E+02   0.0000000000000000E+00   1.0000000000000000E+30  -1.8534540849100340E+63
   6.7000000000000000E+02   0.0000000000000000E+00   1.0000000000000000E+30  -1.8534540849100340E+63
   6.8000000000000000E+02   0.0000000000000000E+00   1.0000000000000000E+30  -1.8534540849100340E+63
   6.9000000000000000E+02   0.0000000000000000E+00   1.0000000000000000E+30  -1.8534540849100340E+63
   7.0000000000000000E+02   0.0000000000000000E+00   1.0000000000000000E+30  -1.8534540849100340E+63
   7.1000000000000000E+02   0.0000000000000000E+00   1.0000000000000000E+30  -1.8534540849100340E+63
   7.2000000000000000E+02   0.0000000000000000E+00   1.0000000000000000E+30  -1.8534540849100340E+63
   7.3000000000000000E+02   0.0000000000000000E+00   1.0000000000000000E+30  -1.8534540849100340E+63
   7.4000000000000000E+02   0.0000000000000000E+00   1.0000000000000000E+30  -1.8534540849100340E+63
   7.5000000000000000E+02   0.0000000000000000E+00   1.0000000000000000E+30  -1.8534540849100340E+63
   7.6000000000000000E+02   0.0000000000000000E+00   1.0000000000000000E+30  -1.8534540849100340E+63
   7.7000000000000000E+02   0.0000000000000000E+00   1.0000000000000000E+30  -1.8534540849100340E+63
   7.8000000000000000E+02   0.0000000000000000E+00   1.0000000000000000E+30  -1.8534540849100340E+63
   7.9000000000000000E+02   0.0000000000000000E+00   1.0000000000000000E+30  -1.8534540849100340E+63
   8.0000000000000000E+02   0.0000000000000000E+00   1.0000000000000000E+30  -1.8534540849100340E+63
   8.1000000000000000E+02   0.0000000000000000E+00   1.0000000000000000E+30  -1.8534540849100340E+63
   8.2000000000000000E+02   0.0000000000000000E+00   1.0000000000000000E+30  -1.8534540849100340E+63
   8.3000000000000000E+02   0.0000000000000000E+00   1.0000000000000000E+30  -1.8534540849100340E+63
   8.4000000000000000E+02   0.0000000000000000E+00   1.0000000000000000E+30  -1.8534540849100340E+63
   8.5000000000000000E+02   0.0000000000000000E+00   1.0000000000000000E+30  -1.8534540849100340E+63
   8.6000000000000000E+02   0.0000000000000000E+00   1.0000000000000000E+30  -1.8534540849100340E+63
   8.7000000000000000E+02   0.0000000000000000E+00   1.0000000000000000E+30  -1.8534540849100340E+63
   8.8000000000000000E+02   0.0000000000000000E+00   1.0000000000000000E+30  -1.8534540849100340E+63
   8.9000000000000000E+02   0.0000000000000000E+00   1.0000000000000000E+30  -1.8534540849100340E+63
   9.0000000000000000E+02   0.0000000000000000E+00   1.0000000000000000E+30  -1.8534540849100340E+63
   9.1000000000000000E+02   0.0000000000000000E+00   1.0000000000000000E+30  -1.8534540849100340E+63
   9.2000000000000000E+02   0.0000000000000000E+00   1.0000000000000000E+30  -1.8534540849100340E+63
   9.3000000000000000E+02   0.0000000000000000E+00   1.0000000000000000E+30  -1.8534540849100340E+63
   9.4000000000000000E+02   0.0000000000000000E+00   1.0000000000000000E+30  -1.8534540849100340E+63
   9.5000000000000000E+02   0.0000000000000000E+00   1.0000000000000000E+30  -1.8534540849100340E+63
   9.6000000000000000E+02   0.0000000000000000E+00   1.0000000000000000E+30  -1.8534540849100340E+63
   9.7000000000000000E+02   0.0000000000000000E+00   1.0000000000000000E+30  -1.8534540849100340E+63
   9.8000000000000000E+02   0.0000000000000000E+00   1.0000000000000000E+30  -1.8534540849100340E+63
   9.9000000000000000E+02   0.0000000000000000E+00   1.0000000000000000E+30  -1.8534540849100340E+63
   1.0000000000000000E+03   0.0000000000000000E+00   1.0000000000000000E+30  -1.8534540849100340E+63
   1.1000000000000000E+03   0.0000000000000000E+00   1.0000000000000000E+30  -1.8534540849100340E+63
   1.2000000000000000E+03   0.0000000000000000E+00   1.0000000000000000E+30  -1.8534540849100340E+63
   1.3000000000000000E+03   0.0000000000000000E+00   1.0000000000000000E+30  -1.8534540849100340E+63
   1.4000000000000000E+03   0.0000000000000000E+00   1.0000000000000000E+30  -1.8534540849100340E+63
   1.5000000000000000E+03   0.0000000000000000E+00   1.0000000000000000E+30  -1.8534540849100340E+63
   1.6000000000000000E+03   0.0000000000000000E+00   1.0000000000000000E+30  -1.8534540849100340E+63
   1.7000000000000000E+03   0.0000000000000000E+00   1.0000000000000000E+30  -1.8534540849100340E+63
   1.8000000000000000E+03   0.0000000000000000E+00   1.0000000000000000E+30  -1.8534540849100340E+63
   1.8439990000000000E+03   0.0000000000000000E+00   1.0000000000000000E+30  -1.8534540849100340E+63
   1.8440010000000000E+03   0.0000000000000000E+00   1.0000000000000000E+30  -1.8534540849100340E+63
   1.9000000000000000E+03   0.0000000000000000E+00   1.0000000000000000E+30  -1.8534540849100340E+63
   2.0000000000000000E+03   0.0000000000000000E+00   1.0000000000000000E+30  -1.8534540849100340E+63
   2.1000000000000000E+03   0.0000000000000000E+00   1.0000000000000000E+30  -1.8534540849100340E+63
   2.2000000000000000E+03   0.0000000000000000E+00   1.0000000000000000E+30  -1.8534540849100340E+63
   2.3000000000000000E+03   0.0000000000000000E+00   1.0000000000000000E+30  -1.8534540849100340E+63
   2.4000000000000000E+03   0.0000000000000000E+00   1.0000000000000000E+30  -1.8534540849100340E+63
   2.5000000000000000E+03   0.0000000000000000E+00   1.0000000000000000E+30  -1.8534540849100340E+63
   2.6000000000000000E+03   0.0000000000000000E+00   1.0000000000000000E+30  -1.8534540849100340E+63
   2.7000000000000000E+03   0.0000000000000000E+00   1.0000000000000000E+30  -1.8534540849100340E+63
   2.8000000000000000E+03   0.0000000000000000E+00   1.0000000000000000E+30  -1.8534540849100340E+63
   2.9000000000000000E+03   0.0000000000000000E+00   1.0000000000000000E+30  -1.8534540849100340E+63
   3.0000000000000000E+03   0.0000000000000000E+00   1.0000000000000000E+30  -1.8534540849100340E+63
   3.1000000000000000E+03   0.0000000000000000E+00   1.0000000000000000E+30  -1.8534540849100340E+63
   3.2000000000000000E+03   0.0000000000000000E+00   1.0000000000000000E+30  -1.8534540849100340E+63
   3.3000000000000000E+03   0.0000000000000000E+00   1.0000000000000000E+30  -1.8534540849100340E+63
   3.4000000000000000E+03   0.0000000000000000E+00   1.0000000000000000E+30  -1.8534540849100340E+63
   3.5000000000000000E+03   0.0000000000000000E+00   1.0000000000000000E+30  -1.8534540849100340E+63
   3.6000000000000000E+03   0.0000000000000000E+00   1.0000000000000000E+30  -1.8534540849100340E+63
   3.7000000000000000E+03   0.0000000000000000E+00   1.0000000000000000E+30  -1.8534540849100340E+63
   3.8000000000000000E+03   0.0000000000000000E+00   1.0000000000000000E+30  -1.8534540849100340E+63
   3.9000000000000000E+03   0.0000000000000000E+00   1.0000000000000000E+30  -1.8534540849100340E+63
   4.0000000000000000E+03   0.0000000000000000E+00   1.0000000000000000E+30  -1.8534540849100340E+63
   4.1000000000000000E+03   0.0000000000000000E+00   1.0000000000000000E+30  -1.8534540849100340E+63
   4.2000000000000000E+03   0.0000000000000000E+00   1.0000000000000000E+30  -1.8534540849100340E+63
   4.3000000000000000E+03   0.0000000000000000E+00   1.0000000000000000E+30  -1.8534540849100340E+63
   4.4000000000000000E+03   0.0000000000000000E+00   1.0000000000000000E+30  -1.8534540849100340E+63
   4.5000000000000000E+03   0.0000000000000000E+00   1.0000000000000000E+30  -1.8534540849100340E+63
   4.6000000000000000E+03   0.0000000000000000E+00   1.0000000000000000E+30  -1.8534540849100340E+63
   4.7000000000000000E+03   0.0000000000000000E+00   1.0000000000000000E+30  -1.8534540849100340E+63
   4.8000000000000000E+03   0.0000000000000000E+00   1.0000000000000000E+30  -1.8534540849100340E+63
   4.9000000000000000E+03   0.0000000000000000E+00   1.0000000000000000E+30  -1.8534540849100340E+63
   5.0000000000000000E+03   0.0000000000000000E+00   1.0000000000000000E+30  -1.8534540849100340E+63
   5.1000000000000000E+03   0.0000000000000000E+00   1.0000000000000000E+30  -1.8534540849100340E+63
   5.2000000000000000E+03   0.0000000000000000E+00   1.0000000000000000E+30  -1.8534540849100340E+63
   5.3000000000000000E+03   0.0000000000000000E+00   1.0000000000000000E+30  -1.8534540849100340E+63
   5.4000000000000000E+03   0.0000000000000000E+00   1.0000000000000000E+30  -1.8534540849100340E+63
   5.5000000000000000E+03   0.0000000000000000E+00   1.0000000000000000E+30  -1.8534540849100340E+63
   5.6000000000000000E+03   0.0000000000000000E+00   1.0000000000000000E+30  -1.8534540849100340E+63
   5.7000000000000000E+03   0.0000000000000000E+00   1.0000000000000000E+30  -1.8534540849100340E+63
   5.8000000000000000E+03   0.0000000000000000E+00   1.0000000000000000E+30  -1.8534540849100340E+63
   5.9000000000000000E+03   0.0000000000000000E+00   1.0000000000000000E+30  -1.8534540849100340E+63
   6.0000000000000000E+03   0.0000000000000000E+00   1.0000000000000000E+30  -1.8534540849100340E+63
   6.1000000000000000E+03   0.0000000000000000E+00   1.0000000000000000E+30  -1.8534540849100340E+63
   6.2000000000000000E+03   0.0000000000000000E+00   1.0000000000000000E+30  -1.8534540849100340E+63
   6.3000000000000000E+03   0.0000000000000000E+00   1.0000000000000000E+30  -1.8534540849100340E+63
   6.4000000000000000E+03   0.0000000000000000E+00   1.0000000000000000E+30  -1.8534540849100340E+63
   6.5000000000000000E+03   0.0000000000000000E+00   1.0000000000000000E+30  -1.8534540849100340E+63
   6.6000000000000000E+03   0.0000000000000000E+00   1.0000000000000000E+30  -1.8534540849100340E+63
   6.7000000000000000E+03   0.0000000000000000E+00   1.0000000000000000E+30  -1.8534540849100340E+63
   6.8000000000000000E+03   0.0000000000000000E+00   1.0000000000000000E+30  -1.8534540849100340E+63
   6.9000000000000000E+03   0.0000000000000000E+00   1.0000000000000000E+30  -1.8534540849100340E+63
   7.0000000000000000E+03   0.0000000000000000E+00   1.0000000000000000E+30  -1.8534540849100340E+63
   7.1000000000000000E+03   0.0000000000000000E+00   1.0000000000000000E+30  -1.8534540849100340E+63
   7.2000000000000000E+03   0.0000000000000000E+00   1.0000000000000000E+30  -1.8534540849100340E+63
   7.3000000000000000E+03   0.0000000000000000E+00   1.0000000000000000E+30  -1.8534540849100340E+63
   7.4000000000000000E+03   0.0000000000000000E+00   1.0000000000000000E+30  -1.8534540849100340E+63
   7.5000000000000000E+03   0.0000000000000000E+00   1.0000000000000000E+30  -1.8534540849100340E+63
   7.6000000000000000E+03   0.0000000000000000E+00   1.0000000000000000E+30  -1.8534540849100340E+63
   7.7000000000000000E+03   0.0000000000000000E+00   1.0000000000000000E+30  -1.8534540849100340E+63
   7.8000000000000000E+03   0.0000000000000000E+00   1.0000000000000000E+30  -1.8534540849100340E+63
   7.9000000000000000E+03   0.0000000000000000E+00   1.0000000000000000E+30  -1.8534540849100340E+63
   8.0000000000000000E+03   0.0000000000000000E+00   1.0000000000000000E+30  -1.8534540849100340E+63
   8.1000000000000000E+03   0.0000000000000000E+00   1.0000000000000000E+30  -1.8534540849100340E+63
   8.2000000000000000E+03   0.0000000000000000E+00   1.0000000000000000E+30  -1.8534540849100340E+63
   8.3000000000000000E+03   0.0000000000000000E+00   1.0000000000000000E+30  -1.8534540849100340E+63
   8.4000000000000000E+03   0.0000000000000000E+00   1.0000000000000000E+30  -1.8534540849100340E+63
   8.5000000000000000E+03   0.0000000000000000E+00   1.0000000000000000E+30  -1.8534540849100340E+63
   8.6000000000000000E+03   0.0000000000000000E+00   1.0000000000000000E+30  -1.8534540849100340E+63
   8.7000000000000000E+03   0.0000000000000000E+00   1.0000000000000000E+30  -1.8534540849100340E+63
   8.8000000000000000E+03   0.0000000000000000E+00   1.0000000000000000E+30  -1.8534540849100340E+63
   8.9000000000000000E+03   0.0000000000000000E+00   1.0000000000000000E+30  -1.8534540849100340E+63
   9.0000000000000000E+03   0.0000000000000000E+00   1.0000000000000000E+30  -1.8534540849100340E+63
   9.1000000000000000E+03   0.0000000000000000E+00   1.0000000000000000E+30  -1.8534540849100340E+63
   9.2000000000000000E+03   0.0000000000000000E+00   1.0000000000000000E+30  -1.8534540849100340E+63
   9.3000000000000000E+03   0.0000000000000000E+00   1.0000000000000000E+30  -1.8534540849100340E+63
   9.4000000000000000E+03   0.0000000000000000E+00   1.0000000000000000E+30  -1.8534540849100340E+63
   9.5000000000000000E+03   0.0000000000000000E+00   1.0000000000000000E+30  -1.8534540849100340E+63
   9.6000000000000000E+03   0.0000000000000000E+00   1.0000000000000000E+30  -1.8534540849100340E+63
   9.7000000000000000E+03   0.0000000000000000E+00   1.0000000000000000E+30  -1.8534540849100340E+63
   9.8000000000000000E+03   0.0000000000000000E+00   1.0000000000000000E+30  -1.8534540849100340E+63
   9.9000000000000000E+03   0.0000000000000000E+00   1.0000000000000000E+30  -1.8534540849100340E+63
   1.0000000000000000E+04   0.0000000000000000E+00   1.0000000000000000E+30  -1.8534540849100340E+63
   1.1000000000000000E+04   0.0000000000000000E+00   1.0000000000000000E+30  -1.8534540849100340E+63
   1.2000000000000000E+04   0.0000000000000000E+00   1.0000000000000000E+30  -1.8534540849100340E+63
   1.3000000000000000E+04   0.0000000000000000E+00   1.0000000000000000E+30  -1.8534540849100340E+63
   1.4000000000000000E+04   0.0000000000000000E+00   1.0000000000000000E+30  -1.8534540849100340E+63
   1.5000000000000000E+04   0.0000000000000000E+00   1.0000000000000000E+30  -1.8534540849100340E+63
   1.6000000000000000E+04   0.0000000000000000E+00   1.0000000000000000E+30  -1.8534540849100340E+63
   1.7000000000000000E+04   0.0000000000000000E+00   1.0000000000000000E+30  -1.8534540849100340E+63
   1.8000000000000000E+04   0.0000000000000000E+00   1.0000000000000000E+30  -1.8534540849100340E+63
   1.9000000000000000E+04   0.0000000000000000E+00   1.0000000000000000E+30  -1.8534540849100340E+63
   2.0000000000000000E+04   0.0000000000000000E+00   1.0000000000000000E+30  -1.8534540849100340E+63
   2.1000000000000000E+04   0.0000000000000000E+00   1.0000000000000000E+30  -1.8534540849100340E+63
   2.2000000000000000E+04   0.0000000000000000E+00   1.0000000000000000E+30  -1.8534540849100340E+63
   2.3000000000000000E+04   0.0000000000000000E+00   1.0000000000000000E+30  -1.8534540849100340E+63
   2.4000000000000000E+04   0.0000000000000000E+00   1.0000000000000000E+30  -1.8534540849100340E+63
   2.5000000000000000E+04   0.0000000000000000E+00   1.0000000000000000E+30  -1.8534540849100340E+63
   2.6000000000000000E+04   0.0000000000000000E+00   1.0000000000000000E+30  -1.8534540849100340E+63
   2.7000000000000000E+04   0.0000000000000000E+00   1.0000000000000000E+30  -1.8534540849100340E+63
   2.8000000000000000E+04   0.0000000000000000E+00   1.0000000000000000E+30  -1.8534540849100340E+63
   2.9000000000000000E+04   0.0000000000000000E+00   1.0000000000000000E+30  -1.8534540849100340E+63
   3.0000000000000000E+04   0.0000000000000000E+00   1.0000000000000000E+30  -1.8534540849100340E+63
   3.1000000000000000E+04   0.0000000000000000E+00   1.0000000000000000E+30  -1.8534540849100340E+63
   3.2000000000000000E+04   0.0000000000000000E+00   1.0000000000000000E+30  -1.8534540849100340E+63
   3.3000000000000000E+04   0.0000000000000000E+00   1.0000000000000000E+30  -1.8534540849100340E+63
   3.4000000000000000E+04   0.0000000000000000E+00   1.0000000000000000E+30  -1.8534540849100340E+63
   3.5000000000000000E+04   0.0000000000000000E+00   1.0000000000000000E+30  -1.8534540849100340E+63
   3.6000000000000000E+04   0.0000000000000000E+00   1.0000000000000000E+30  -1.8534540849100340E+63
   3.7000000000000000E+04   0.0000000000000000E+00   1.0000000000000000E+30  -1.8534540849100340E+63
   3.8000000000000000E+04   0.0000000000000000E+00   1.0000000000000000E+30  -1.8534540849100340E+63
   3.9000000000000000E+04   0.0000000000000000E+00   1.0000000000000000E+30  -1.8534540849100340E+63
   4.0000000000000000E+04   0.0000000000000000E+00   1.0000000000000000E+30  -1.8534540849100340E+63
   4.1000000000000000E+04   0.0000000000000000E+00   1.0000000000000000E+30  -1.8534540849100340E+63
   4.2000000000000000E+04   0.0000000000000000E+00   1.0000000000000000E+30  -1.8534540849100340E+63
   4.3000000000000000E+04   0.0000000000000000E+00   1.0000000000000000E+30  -1.8534540849100340E+63
   4.4000000000000000E+04   0.0000000000000000E+00   1.0000000000000000E+30  -1.8534540849100340E+63
   4.5000000000000000E+04   0.0000000000000000E+00   1.0000000000000000E+30  -1.8534540849100340E+63
   4.6000000000000000E+04   0.0000000000000000E+00   1.0000000000000000E+30  -1.8534540849100340E+63
   4.7000000000000000E+04   0.0000000000000000E+00   1.0000000000000000E+30  -1.8534540849100340E+63
   4.8000000000000000E+04   0.0000000000000000E+00   1.0000000000000000E+30  -1.8534540849100340E+63
   4.9000000000000000E+04   0.0000000000000000E+00   1.0000000000000000E+30  -1.8534540849100340E+63
   5.0000000000000000E+04   0.0000000000000000E+00   1.0000000000000000E+30  -1.8534540849100340E+63
   5.1000000000000000E+04   0.0000000000000000E+00   1.0000000000000000E+30  -1.8534540849100340E+63
   5.2000000000000000E+04   0.0000000000000000E+00   1.0000000000000000E+30  -1.8534540849100340E+63
   5.3000000000000000E+04   0.0000000000000000E+00   1.0000000000000000E+30  -1.8534540849100340E+63
   5.4000000000000000E+04   0.0000000000000000E+00   1.0000000000000000E+30  -1.8534540849100340E+63
   5.5000000000000000E+04   0.0000000000000000E+00   1.0000000000000000E+30  -1.8534540849100340E+63
   5.6000000000000000E+04   0.0000000000000000E+00   1.0000000000000000E+30  -1.8534540849100340E+63
   5.7000000000000000E+04   0.0000000000000000E+00   1.0000000000000000E+30  -1.8534540849100340E+63
   5.8000000000000000E+04   0.0000000000000000E+00   1.0000000000000000E+30  -1.8534540849100340E+63
   5.9000000000000000E+04   0.0000000000000000E+00   1.0000000000000000E+30  -1.8534540849100340E+63
   6.0000000000000000E+04   0.0000000000000000E+00   1.0000000000000000E+30  -1.8534540849100340E+63
   6.1000000000000000E+04   0.0000000000000000E+00   1.0000000000000000E+30  -1.8534540849100340E+63
   6.2000000000000000E+04   0.0000000000000000E+00   1.0000000000000000E+30  -1.8534540849100340E+63
   6.3000000000000000E+04   0.0000000000000000E+00   1.0000000000000000E+30  -1.8534540849100340E+63
   6.4000000000000000E+04   0.0000000000000000E+00   1.0000000000000000E+30  -1.8534540849100340E+63
   6.5000000000000000E+04   0.0000000000000000E+00   1.0000000000000000E+30  -1.8534540849100340E+63
   6.6000000000000000E+04   0.0000000000000000E+00   1.0000000000000000E+30  -1.8534540849100340E+63
   6.7000000000000000E+04   0.0000000000000000E+00   1.0000000000000000E+30  -1.8534540849100340E+63
   6.8000000000000000E+04   0.0000000000000000E+00   1.0000000000000000E+30  -1.8534540849100340E+63
   6.9000000000000000E+04   0.0000000000000000E+00   1.0000000000000000E+30  -1.8534540849100340E+63
   7.0000000000000000E+04   0.0000000000000000E+00   1.0000000000000000E+30  -1.8534540849100340E+63
   7.1000000000000000E+04   0.0000000000000000E+00   1.0000000000000000E+30  -1.8534540849100340E+63
   7.2000000000000000E+04   0.0000000000000000E+00   1.0000000000000000E+30  -1.8534540849100340E+63
   7.3000000000000000E+04   0.0000000000000000E+00   1.0000000000000000E+30  -1.8534540849100340E+63
   7.4000000000000000E+04   0.0000000000000000E+00   1.0000000000000000E+30  -1.8534540849100340E+63
   7.5000000000000000E+04   0.0000000000000000E+00   1.0000000000000000E+30  -1.8534540849100340E+63
   7.6000000000000000E+04   0.0000000000000000E+00   1.0000000000000000E+30  -1.8534540849100340E+63
   7.7000000000000000E+04   0.0000000000000000E+00   1.0000000000000000E+30  -1.8534540849100340E+63
   7.8000000000000000E+04   0.0000000000000000E+00   1.0000000000000000E+30  -1.8534540849100340E+63
   7.9000000000000000E+04   0.0000000000000000E+00   1.0000000000000000E+30  -1.8534540849100340E+63
   8.0000000000000000E+04   0.0000000000000000E+00   1.0000000000000000E+30  -1.8534540849100340E+63
   8.1000000000000000E+04   0.0000000000000000E+00   1.0000000000000000E+30  -1.8534540849100340E+63
   8.2000000000000000E+04   0.0000000000000000E+00   1.0000000000000000E+30  -1.8534540849100340E+63
   8.3000000000000000E+04   0.0000000000000000E+00   1.0000000000000000E+30  -1.8534540849100340E+63
   8.4000000000000000E+04   0.0000000000000000E+00   1.0000000000000000E+30  -1.8534540849100340E+63
   8.5000000000000000E+04   0.0000000000000000E+00   1.0000000000000000E+30  -1.8534540849100340E+63
   8.6000000000000000E+04   0.0000000000000000E+00   1.0000000000000000E+30  -1.8534540849100340E+63
   8.7000000000000000E+04   0.0000000000000000E+00   1.0000000000000000E+30  -1.8534540849100340E+63
   8.8000000000000000E+04   0.0000000000000000E+00   1.0000000000000000E+30  -1.8534540849100340E+63
   8.9000000000000000E+04   0.0000000000000000E+00   1.0000000000000000E+30  -1.8534540849100340E+63
   9.0000000000000000E+04   0.0000000000000000E+00   1.0000000000000000E+30  -1.8534540849100340E+63
   9.1000000000000000E+04   0.0000000000000000E+00   1.0000000000000000E+30  -1.8534540849100340E+63
   9.2000000000000000E+04   0.0000000000000000E+00   1.0000000000000000E+30  -1.8534540849100340E+63
   9.3000000000000000E+04   0.0000000000000000E+00   1.0000000000000000E+30  -1.8534540849100340E+63
   9.4000000000000000E+04   0.0000000000000000E+00   1.0000000000000000E+30  -1.8534540849100340E+63
   9.5000000000000000E+04   0.0000000000000000E+00   1.0000000000000000E+30  -1.8534540849100340E+63
   9.6000000000000000E+04   0.0000000000000000E+00   1.0000000000000000E+30  -1.8534540849100340E+63
   9.7000000000000000E+04   0.0000000000000000E+00   1.0000000000000000E+30  -1.8534540849100340E+63
   9.8000000000000000E+04   0.0000000000000000E+00   1.0000000000000000E+30  -1.8534540849100340E+63
   9.9000000000000000E+04   0.0000000000000000E+00   1.0000000000000000E+30  -1.8534540849100340E+63
   1.0000000000000000E+05   0.0000000000000000E+00   1.0000000000000000E+30  -1.8534540849100340E+63
   1.1000000000000000E+05   0.0000000000000000E+00   1.0000000000000000E+30  -1.8534540849100340E+63
   1.2000000000000000E+05   0.0000000000000000E+00   1.0000000000000000E+30  -1.8534540849100340E+63
   1.3000000000000000E+05   0.0000000000000000E+00   1.0000000000000000E+30  -1.8534540849100340E+63
   1.4000000000000000E+05   0.0000000000000000E+00   1.0000000000000000E+30  -1.8534540849100340E+63
   1.5000000000000000E+05   0.0000000000000000E+00   1.0000000000000000E+30  -1.8534540849100340E+63
   1.6000000000000000E+05   0.0000000000000000E+00   1.0000000000000000E+30  -1.8534540849100340E+63
   1.7000000000000000E+05   0.0000000000000000E+00   1.0000000000000000E+30  -1.8534540849100340E+63
   1.8000000000000000E+05   0.0000000000000000E+00   1.0000000000000000E+30  -1.8534540849100340E+63
   1.9000000000000000E+05   0.0000000000000000E+00   1.0000000000000000E+30  -1.8534540849100340E+63
   2.0000000000000000E+05   0.0000000000000000E+00   1.0000000000000000E+30  -1.8534540849100340E+63
   2.1000000000000000E+05   0.0000000000000000E+00   1.0000000000000000E+30  -1.8534540849100340E+63
   2.2000000000000000E+05   0.0000000000000000E+00   1.0000000000000000E+30  -1.8534540849100340E+63
   2.3000000000000000E+05   0.0000000000000000E+00   1.0000000000000000E+30  -1.8534540849100340E+63
   2.4000000000000000E+05   0.0000000000000000E+00   1.0000000000000000E+30  -1.8534540849100340E+63
   2.5000000000000000E+05   0.0000000000000000E+00   1.0000000000000000E+30  -1.8534540849100340E+63
   2.6000000000000000E+05   0.0000000000000000E+00   1.0000000000000000E+30  -1.8534540849100340E+63
   2.7000000000000000E+05   0.0000000000000000E+00   1.0000000000000000E+30  -1.8534540849100340E+63
   2.8000000000000000E+05   0.0000000000000000E+00   1.0000000000000000E+30  -1.8534540849100340E+63
   2.9000000000000000E+05   0.0000000000000000E+00   1.0000000000000000E+30  -1.8534540849100340E+63
   3.0000000000000000E+05   0.0000000000000000E+00   1.0000000000000000E+30  -1.8534540849100340E+63
   3.1000000000000000E+05   0.0000000000000000E+00   1.0000000000000000E+30  -1.8534540849100340E+63
   3.2000000000000000E+05   0.0000000000000000E+00   1.0000000000000000E+30  -1.8534540849100340E+63
   3.3000000000000000E+05   0.0000000000000000E+00   1.0000000000000000E+30  -1.8534540849100340E+63
   3.4000000000000000E+05   0.0000000000000000E+00   1.0000000000000000E+30  -1.8534540849100340E+63
   3.5000000000000000E+05   0.0000000000000000E+00   1.0000000000000000E+30  -1.8534540849100340E+63
   3.6000000000000000E+05   0.0000000000000000E+00   1.0000000000000000E+30  -1.8534540849100340E+63
   3.7000000000000000E+05   0.0000000000000000E+00   1.0000000000000000E+30  -1.8534540849100340E+63
   3.8000000000000000E+05   0.0000000000000000E+00   1.0000000000000000E+30  -1.8534540849100340E+63
   3.9000000000000000E+05   0.0000000000000000E+00   1.0000000000000000E+30  -1.8534540849100340E+63
   4.0000000000000000E+05   0.0000000000000000E+00   1.0000000000000000E+30  -1.8534540849100340E+63
   4.1000000000000000E+05   0.0000000000000000E+00   1.0000000000000000E+30  -1.8534540849100340E+63
   4.2000000000000000E+05   0.0000000000000000E+00   1.0000000000000000E+30  -1.8534540849100340E+63
   4.3000000000000000E+05   0.0000000000000000E+00   1.0000000000000000E+30  -1.8534540849100340E+63
   4.4000000000000000E+05   0.0000000000000000E+00   1.0000000000000000E+30  -1.8534540849100340E+63
   4.5000000000000000E+05   0.0000000000000000E+00   1.0000000000000000E+30  -1.8534540849100340E+63
   4.6000000000000000E+05   0.0000000000000000E+00   1.0000000000000000E+30  -1.8534540849100340E+63
   4.7000000000000000E+05   0.0000000000000000E+00   1.0000000000000000E+30  -1.8534540849100340E+63
   4.8000000000000000E+05   0.0000000000000000E+00   1.0000000000000000E+30  -1.8534540849100340E+63
   4.9000000000000000E+05   0.0000000000000000E+00   1.0000000000000000E+30  -1.8534540849100340E+63
   5.0000000000000000E+05   0.0000000000000000E+00   1.0000000000000000E+30  -1.8534540849100340E+63
   5.1000000000000000E+05   0.0000000000000000E+00   1.0000000000000000E+30  -1.8534540849100340E+63
   5.2000000000000000E+05   0.0000000000000000E+00   1.0000000000000000E+30  -1.8534540849100340E+63
   5.3000000000000000E+05   0.0000000000000000E+00   1.0000000000000000E+30  -1.8534540849100340E+63
   5.4000000000000000E+05   0.0000000000000000E+00   1.0000000000000000E+30  -1.8534540849100340E+63
   5.5000000000000000E+05   0.0000000000000000E+00   1.0000000000000000E+30  -1.8534540849100340E+63
   5.6000000000000000E+05   0.0000000000000000E+00   1.0000000000000000E+30  -1.8534540849100340E+63
   5.7000000000000000E+05   0.0000000000000000E+00   1.0000000000000000E+30  -1.8534540849100340E+63
   5.8000000000000000E+05   0.0000000000000000E+00   1.0000000000000000E+30  -1.8534540849100340E+63
   5.9000000000000000E+05   0.0000000000000000E+00   1.0000000000000000E+30  -1.8534540849100340E+63
   6.0000000000000000E+05   0.0000000000000000E+00   1.0000000000000000E+30  -1.8534540849100340E+63
   6.1000000000000000E+05   0.0000000000000000E+00   1.0000000000000000E+30  -1.8534540849100340E+63
   6.2000000000000000E+05   0.0000000000000000E+00   1.0000000000000000E+30  -1.8534540849100340E+63
   6.3000000000000000E+05   0.0000000000000000E+00   1.0000000000000000E+30  -1.8534540849100340E+63
   6.4000000000000000E+05   0.0000000000000000E+00   1.0000000000000000E+30  -1.8534540849100340E+63
   6.5000000000000000E+05   0.0000000000000000E+00   1.0000000000000000E+30  -1.8534540849100340E+63
   6.6000000000000000E+05   0.0000000000000000E+00   1.0000000000000000E+30  -1.8534540849100340E+63
   6.7000000000000000E+05   0.0000000000000000E+00   1.0000000000000000E+30  -1.8534540849100340E+63
   6.8000000000000000E+05   0.0000000000000000E+00   1.0000000000000000E+30  -1.8534540849100340E+63
   6.9000000000000000E+05   0.0000000000000000E+00   1.0000000000000000E+30  -1.8534540849100340E+63
   7.0000000000000000E+05   0.0000000000000000E+00   1.0000000000000000E+30  -1.8534540849100340E+63
   7.1000000000000000E+05   0.0000000000000000E+00   1.0000000000000000E+30  -1.8534540849100340E+63
   7.2000000000000000E+05   0.0000000000000000E+00   1.0000000000000000E+30  -1.8534540849100340E+63
   7.3000000000000000E+05   0.0000000000000000E+00   1.0000000000000000E+30  -1.8534540849100340E+63
   7.4000000000000000E+05   0.0000000000000000E+00   1.0000000000000000E+30  -1.8534540849100340E+63
   7.5000000000000000E+05   0.0000000000000000E+00   1.0000000000000000E+30  -1.8534540849100340E+63
   7.6000000000000000E+05   0.0000000000000000E+00   1.0000000000000000E+30  -1.8534540849100340E+63
   7.7000000000000000E+05   0.0000000000000000E+00   1.0000000000000000E+30  -1.8534540849100340E+63
   7.8000000000000000E+05   0.0000000000000000E+00   1.0000000000000000E+30  -1.8534540849100340E+63
   7.9000000000000000E+05   0.0000000000000000E+00   1.0000000000000000E+30  -1.8534540849100340E+63
   8.0000000000000000E+05   0.0000000000000000E+00   1.0000000000000000E+30  -1.8534540849100340E+63
   8.1000000000000000E+05   0.0000000000000000E+00   1.0000000000000000E+30  -1.8534540849100340E+63
   8.2000000000000000E+05   0.0000000000000000E+00   1.0000000000000000E+30  -1.8534540849100340E+63
   8.3000000000000000E+05   0.0000000000000000E+00   1.0000000000000000E+30  -1.8534540849100340E+63
   8.4000000000000000E+05   0.0000000000000000E+00   1.0000000000000000E+30  -1.8534540849100340E+63
   8.5000000000000000E+05   0.0000000000000000E+00   1.0000000000000000E+30  -1.8534540849100340E+63
   8.6000000000000000E+05   0.0000000000000000E+00   1.0000000000000000E+30  -1.8534540849100340E+63
   8.7000000000000000E+05   0.0000000000000000E+00   1.0000000000000000E+30  -1.8534540849100340E+63
   8.8000000000000000E+05   0.0000000000000000E+00   1.0000000000000000E+30  -1.8534540849100340E+63
   8.9000000000000000E+05   0.0000000000000000E+00   1.0000000000000000E+30  -1.8534540849100340E+63
   9.0000000000000000E+05   0.0000000000000000E+00   1.0000000000000000E+30  -1.8534540849100340E+63
   9.1000000000000000E+05   0.0000000000000000E+00   1.0000000000000000E+30  -1.8534540849100340E+63
   9.2000000000000000E+05   0.0000000000000000E+00   1.0000000000000000E+30  -1.8534540849100340E+63
   9.3000000000000000E+05   0.0000000000000000E+00   1.0000000000000000E+30  -1.8534540849100340E+63
   9.4000000000000000E+05   0.0000000000000000E+00   1.0000000000000000E+30  -1.8534540849100340E+63
   9.5000000000000000E+05   0.0000000000000000E+00   1.0000000000000000E+30  -1.8534540849100340E+63
   9.6000000000000000E+05   0.0000000000000000E+00   1.0000000000000000E+30  -1.8534540849100340E+63
   9.7000000000000000E+05   0.0000000000000000E+00   1.0000000000000000E+30  -1.8534540849100340E+63
   9.8000000000000000E+05   0.0000000000000000E+00   1.0000000000000000E+30  -1.8534540849100340E+63
   9.9000000000000000E+05   0.0000000000000000E+00   1.0000000000000000E+30  -1.8534540849100340E+63
   1.0000000000000000E+06   0.0000000000000000E+00   1.0000000000000000E+30  -1.8534540849100340E+63
   1.1000000000000000E+06   0.0000000000000000E+00   1.0000000000000000E+30  -1.8534540849100340E+63
   1.2000000000000000E+06   0.0000000000000000E+00   1.0000000000000000E+30  -1.8534540849100340E+63
   1.3000000000000000E+06   0.0000000000000000E+00   1.0000000000000000E+30  -1.8534540849100340E+63
   1.4000000000000000E+06   0.0000000000000000E+00   1.0000000000000000E+30  -1.8534540849100340E+63
   1.5000000000000000E+06   0.0000000000000000E+00   1.0000000000000000E+30  -1.8534540849100340E+63
   1.6000000000000000E+06   0.0000000000000000E+00   1.0000000000000000E+30  -1.8534540849100340E+63
   1.7000000000000000E+06   0.0000000000000000E+00   1.0000000000000000E+30  -1.8534540849100340E+63
   1.8000000000000000E+06   0.0000000000000000E+00   1.0000000000000000E+30  -1.8534540849100340E+63
   1.9000000000000000E+06   0.0000000000000000E+00   1.0000000000000000E+30  -1.8534540849100340E+63
   2.0000000000000000E+06   0.0000000000000000E+00   1.0000000000000000E+30  -1.8534540849100340E+63
   2.1000000000000000E+06   0.0000000000000000E+00   1.0000000000000000E+30  -1.8534540849100340E+63
   2.2000000000000000E+06   0.0000000000000000E+00   1.0000000000000000E+30  -1.8534540849100340E+63
   2.3000000000000000E+06   0.0000000000000000E+00   1.0000000000000000E+30  -1.8534540849100340E+63
   2.4000000000000000E+06   0.0000000000000000E+00   1.0000000000000000E+30  -1.8534540849100340E+63
   2.5000000000000000E+06   0.0000000000000000E+00   1.0000000000000000E+30  -1.8534540849100340E+63
   2.6000000000000000E+06   0.0000000000000000E+00   1.0000000000000000E+30  -1.8534540849100340E+63
   2.7000000000000000E+06   0.0000000000000000E+00   1.0000000000000000E+30  -1.8534540849100340E+63
   2.8000000000000000E+06   0.0000000000000000E+00   1.0000000000000000E+30  -1.8534540849100340E+63
   2.9000000000000000E+06   0.0000000000000000E+00   1.0000000000000000E+30  -1.8534540849100340E+63
   3.0000000000000000E+06   0.0000000000000000E+00   1.0000000000000000E+30  -1.8534540849100340E+63
   3.1000000000000000E+06   0.0000000000000000E+00   1.0000000000000000E+30  -1.8534540849100340E+63
   3.2000000000000000E+06   0.0000000000000000E+00   1.0000000000000000E+30  -1.8534540849100340E+63
   3.3000000000000000E+06   0.0000000000000000E+00   1.0000000000000000E+30  -1.8534540849100340E+63
   3.4000000000000000E+06   0.0000000000000000E+00   1.0000000000000000E+30  -1.8534540849100340E+63
   3.5000000000000000E+06   0.0000000000000000E+00   1.0000000000000000E+30  -1.8534540849100340E+63
   3.6000000000000000E+06   0.0000000000000000E+00   1.0000000000000000E+30  -1.8534540849100340E+63
   3.7000000000000000E+06   0.0000000000000000E+00   1.0000000000000000E+30  -1.8534540849100340E+63
   3.8000000000000000E+06   0.0000000000000000E+00   1.0000000000000000E+30  -1.8534540849100340E+63
   3.9000000000000000E+06   0.0000000000000000E+00   1.0000000000000000E+30  -1.8534540849100340E+63
   4.0000000000000000E+06   0.0000000000000000E+00   1.0000000000000000E+30  -1.8534540849100340E+63
   4.1000000000000000E+06   0.0000000000000000E+00   1.0000000000000000E+30  -1.8534540849100340E+63
   4.2000000000000000E+06   0.0000000000000000E+00   1.0000000000000000E+30  -1.8534540849100340E+63
   4.3000000000000000E+06   0.0000000000000000E+00   1.0000000000000000E+30  -1.8534540849100340E+63
   4.4000000000000000E+06   0.0000000000000000E+00   1.0000000000000000E+30  -1.8534540849100340E+63
   4.5000000000000000E+06   0.0000000000000000E+00   1.0000000000000000E+30  -1.8534540849100340E+63
   4.6000000000000000E+06   0.0000000000000000E+00   1.0000000000000000E+30  -1.8534540849100340E+63
   4.7000000000000000E+06   0.0000000000000000E+00   1.0000000000000000E+30  -1.8534540849100340E+63
   4.8000000000000000E+06   0.0000000000000000E+00   1.0000000000000000E+30  -1.8534540849100340E+63
   4.9000000000000000E+06   0.0000000000000000E+00   1.0000000000000000E+30  -1.8534540849100340E+63
   5.0000000000000000E+06   0.0000000000000000E+00   1.0000000000000000E+30  -1.8534540849100340E+63
   5.1000000000000000E+06   0.0000000000000000E+00   1.0000000000000000E+30  -1.8534540849100340E+63
   5.2000000000000000E+06   0.0000000000000000E+00   1.0000000000000000E+30  -1.8534540849100340E+63
   5.3000000000000000E+06   0.0000000000000000E+00   1.0000000000000000E+30  -1.8534540849100340E+63
   5.4000000000000000E+06   0.0000000000000000E+00   1.0000000000000000E+30  -1.8534540849100340E+63
   5.5000000000000000E+06   0.0000000000000000E+00   1.0000000000000000E+30  -1.8534540849100340E+63
   5.6000000000000000E+06   0.0000000000000000E+00   1.0000000000000000E+30  -1.8534540849100340E+63
   5.7000000000000000E+06   0.0000000000000000E+00   1.0000000000000000E+30  -1.8534540849100340E+63
   5.8000000000000000E+06   0.0000000000000000E+00   1.0000000000000000E+30  -1.8534540849100340E+63
   5.9000000000000000E+06   0.0000000000000000E+00   1.0000000000000000E+30  -1.8534540849100340E+63
   6.0000000000000000E+06   0.0000000000000000E+00   1.0000000000000000E+30  -1.8534540849100340E+63
   6.1000000000000000E+06   0.0000000000000000E+00   1.0000000000000000E+30  -1.8534540849100340E+63
   6.2000000000000000E+06   0.0000000000000000E+00   1.0000000000000000E+30  -1.8534540849100340E+63
   6.3000000000000000E+06   0.0000000000000000E+00   1.0000000000000000E+30  -1.8534540849100340E+63
   6.4000000000000000E+06   0.0000000000000000E+00   1.0000000000000000E+30  -1.8534540849100340E+63
   6.5000000000000000E+06   0.0000000000000000E+00   1.0000000000000000E+30  -1.8534540849100340E+63
   6.6000000000000000E+06   0.0000000000000000E+00   1.0000000000000000E+30  -1.8534540849100340E+63
   6.7000000000000000E+06   0.0000000000000000E+00   1.0000000000000000E+30  -1.8534540849100340E+63
   6.8000000000000000E+06   0.0000000000000000E+00   1.0000000000000000E+30  -1.8534540849100340E+63
   6.9000000000000000E+06   0.0000000000000000E+00   1.0000000000000000E+30  -1.8534540849100340E+63
   7.0000000000000000E+06   0.0000000000000000E+00   1.0000000000000000E+30  -1.8534540849100340E+63
   7.1000000000000000E+06   0.0000000000000000E+00   1.0000000000000000E+30  -1.8534540849100340E+63
   7.2000000000000000E+06   0.0000000000000000E+00   1.0000000000000000E+30  -1.8534540849100340E+63
   7.3000000000000000E+06   0.0000000000000000E+00   1.0000000000000000E+30  -1.8534540849100340E+63
   7.4000000000000000E+06   0.0000000000000000E+00   1.0000000000000000E+30  -1.8534540849100340E+63
   7.5000000000000000E+06   0.0000000000000000E+00   1.0000000000000000E+30  -1.8534540849100340E+63
   7.6000000000000000E+06   0.0000000000000000E+00   1.0000000000000000E+30  -1.8534540849100340E+63
   7.7000000000000000E+06   0.0000000000000000E+00   1.0000000000000000E+30  -1.8534540849100340E+63
   7.8000000000000000E+06   0.0000000000000000E+00   1.0000000000000000E+30  -1.8534540849100340E+63
   7.9000000000000000E+06   0.0000000000000000E+00   1.0000000000000000E+30  -1.8534540849100340E+63
   8.0000000000000000E+06   0.0000000000000000E+00   1.0000000000000000E+30  -1.8534540849100340E+63
   8.1000000000000000E+06   0.0000000000000000E+00   1.0000000000000000E+30  -1.8534540849100340E+63
   8.2000000000000000E+06   0.0000000000000000E+00   1.0000000000000000E+30  -1.8534540849100340E+63
   8.3000000000000000E+06   0.0000000000000000E+00   1.0000000000000000E+30  -1.8534540849100340E+63
   8.4000000000000000E+06   0.0000000000000000E+00   1.0000000000000000E+30  -1.8534540849100340E+63
   8.5000000000000000E+06   0.0000000000000000E+00   1.0000000000000000E+30  -1.8534540849100340E+63
   8.6000000000000000E+06   0.0000000000000000E+00   1.0000000000000000E+30  -1.8534540849100340E+63
   8.7000000000000000E+06   0.0000000000000000E+00   1.0000000000000000E+30  -1.8534540849100340E+63
   8.8000000000000000E+06   0.0000000000000000E+00   1.0000000000000000E+30  -1.8534540849100340E+63
   8.9000000000000000E+06   0.0000000000000000E+00   1.0000000000000000E+30  -1.8534540849100340E+63
   9.0000000000000000E+06   0.0000000000000000E+00   1.0000000000000000E+30  -1.8534540849100340E+63
   9.1000000000000000E+06   0.0000000000000000E+00   1.0000000000000000E+30  -1.8534540849100340E+63
   9.2000000000000000E+06   0.0000000000000000E+00   1.0000000000000000E+30  -1.8534540849100340E+63
   9.3000000000000000E+06   0.0000000000000000E+00   1.0000000000000000E+30  -1.8534540849100340E+63
   9.4000000000000000E+06   0.0000000000000000E+00   1.0000000000000000E+30  -1.8534540849100340E+63
   9.5000000000000000E+06   0.0000000000000000E+00   1.0000000000000000E+30  -1.8534540849100340E+63
   9.6000000000000000E+06   0.0000000000000000E+00   1.0000000000000000E+30  -1.8534540849100340E+63
   9.7000000000000000E+06   0.0000000000000000E+00   1.0000000000000000E+30  -1.8534540849100340E+63
   9.8000000000000000E+06   0.0000000000000000E+00   1.0000000000000000E+30  -1.8534540849100340E+63
   9.9000000000000000E+06   0.0000000000000000E+00   1.0000000000000000E+30  -1.8534540849100340E+63
   1.0000000000000000E+07   0.0000000000000000E+00   1.0000000000000000E+30  -1.8534540849100340E+63
   1.1000000000000000E+07   0.0000000000000000E+00   1.0000000000000000E+30  -1.8534540849100340E+63
   1.2000000000000000E+07   0.0000000000000000E+00   1.0000000000000000E+30  -1.8534540849100340E+63
   1.3000000000000000E+07   0.0000000000000000E+00   1.0000000000000000E+30  -1.8534540849100340E+63
   1.4000000000000000E+07   0.0000000000000000E+00   1.0000000000000000E+30  -1.8534540849100340E+63
   1.5000000000000000E+07   0.0000000000000000E+00   1.0000000000000000E+30  -1.8534540849100340E+63
   1.6000000000000000E+07   0.0000000000000000E+00   1.0000000000000000E+30  -1.8534540849100340E+63
   1.7000000000000000E+07   0.0000000000000000E+00   1.0000000000000000E+30  -1.8534540849100340E+63
   1.8000000000000000E+07   0.0000000000000000E+00   1.0000000000000000E+30  -1.8534540849100340E+63
   1.9000000000000000E+07   0.0000000000000000E+00   1.0000000000000000E+30  -1.8534540849100340E+63
   2.0000000000000000E+07   0.0000000000000000E+00   1.0000000000000000E+30  -1.8534540849100340E+63
   2.1000000000000000E+07   0.0000000000000000E+00   1.0000000000000000E+30  -1.8534540849100340E+63
   2.2000000000000000E+07   0.0000000000000000E+00   1.0000000000000000E+30  -1.8534540849100340E+63
   2.3000000000000000E+07   0.0000000000000000E+00   1.0000000000000000E+30  -1.8534540849100340E+63
   2.4000000000000000E+07   0.0000000000000000E+00   1.0000000000000000E+30  -1.8534540849100340E+63
   2.5000000000000000E+07   0.0000000000000000E+00   1.0000000000000000E+30  -1.8534540849100340E+63
   2.6000000000000000E+07   0.0000000000000000E+00   1.0000000000000000E+30  -1.8534540849100340E+63
   2.7000000000000000E+07   0.0000000000000000E+00   1.0000000000000000E+30  -1.8534540849100340E+63
   2.8000000000000000E+07   0.0000000000000000E+00   1.0000000000000000E+30  -1.8534540849100340E+63
   2.9000000000000000E+07   0.0000000000000000E+00   1.0000000000000000E+30  -1.8534540849100340E+63
   3.0000000000000000E+07   0.0000000000000000E+00   1.0000000000000000E+30  -1.8534540849100340E+63
   3.1000000000000000E+07   0.0000000000000000E+00   1.0000000000000000E+30  -1.8534540849100340E+63
   3.2000000000000000E+07   0.0000000000000000E+00   1.0000000000000000E+30  -1.8534540849100340E+63
   3.3000000000000000E+07   0.0000000000000000E+00   1.0000000000000000E+30  -1.8534540849100340E+63
   3.4000000000000000E+07   0.0000000000000000E+00   1.0000000000000000E+30  -1.8534540849100340E+63
   3.5000000000000000E+07   0.0000000000000000E+00   1.0000000000000000E+30  -1.8534540849100340E+63
   3.6000000000000000E+07   0.0000000000000000E+00   1.0000000000000000E+30  -1.8534540849100340E+63
   3.7000000000000000E+07   0.0000000000000000E+00   1.0000000000000000E+30  -1.8534540849100340E+63
   3.8000000000000000E+07   0.0000000000000000E+00   1.0000000000000000E+30  -1.8534540849100340E+63
   3.9000000000000000E+07   0.0000000000000000E+00   1.0000000000000000E+30  -1.8534540849100340E+63
   4.0000000000000000E+07   0.0000000000000000E+00   1.0000000000000000E+30  -1.8534540849100340E+63
   4.1000000000000000E+07   0.0000000000000000E+00   1.0000000000000000E+30  -1.8534540849100340E+63
   4.2000000000000000E+07   0.0000000000000000E+00   1.0000000000000000E+30  -1.8534540849100340E+63
   4.3000000000000000E+07   0.0000000000000000E+00   1.0000000000000000E+30  -1.8534540849100340E+63
   4.4000000000000000E+07   0.0000000000000000E+00   1.0000000000000000E+30  -1.8534540849100340E+63
   4.5000000000000000E+07   0.0000000000000000E+00   1.0000000000000000E+30  -1.8534540849100340E+63
   4.6000000000000000E+07   0.0000000000000000E+00   1.0000000000000000E+30  -1.8534540849100340E+63
   4.7000000000000000E+07   0.0000000000000000E+00   1.0000000000000000E+30  -1.8534540849100340E+63
   4.8000000000000000E+07   0.0000000000000000E+00   1.0000000000000000E+30  -1.8534540849100340E+63
   4.9000000000000000E+07   0.0000000000000000E+00   1.0000000000000000E+30  -1.8534540849100340E+63
   5.0000000000000000E+07   0.0000000000000000E+00   1.0000000000000000E+30  -1.8534540849100340E+63
   5.1000000000000000E+07   0.0000000000000000E+00   1.0000000000000000E+30  -1.8534540849100340E+63
   5.2000000000000000E+07   0.0000000000000000E+00   1.0000000000000000E+30  -1.8534540849100340E+63
   5.3000000000000000E+07   0.0000000000000000E+00   1.0000000000000000E+30  -1.8534540849100340E+63
   5.4000000000000000E+07   0.0000000000000000E+00   1.0000000000000000E+30  -1.8534540849100340E+63
   5.5000000000000000E+07   0.0000000000000000E+00   1.0000000000000000E+30  -1.8534540849100340E+63
   5.6000000000000000E+07   0.0000000000000000E+00   1.0000000000000000E+30  -1.8534540849100340E+63
   5.7000000000000000E+07   0.0000000000000000E+00   1.0000000000000000E+30  -1.8534540849100340E+63
   5.8000000000000000E+07   0.0000000000000000E+00   1.0000000000000000E+30  -1.8534540849100340E+63
   5.9000000000000000E+07   0.0000000000000000E+00   1.0000000000000000E+30  -1.8534540849100340E+63
   6.0000000000000000E+07   0.0000000000000000E+00   1.0000000000000000E+30  -1.8534540849100340E+63
   6.1000000000000000E+07   0.0000000000000000E+00   1.0000000000000000E+30  -1.8534540849100340E+63
   6.2000000000000000E+07   0.0000000000000000E+00   1.0000000000000000E+30  -1.8534540849100340E+63
   6.3000000000000000E+07   0.0000000000000000E+00   1.0000000000000000E+30  -1.8534540849100340E+63
   6.4000000000000000E+07   0.0000000000000000E+00   1.0000000000000000E+30  -1.8534540849100340E+63
   6.5000000000000000E+07   0.0000000000000000E+00   1.0000000000000000E+30  -1.8534540849100340E+63
   6.6000000000000000E+07   0.0000000000000000E+00   1.0000000000000000E+30  -1.8534540849100340E+63
   6.7000000000000000E+07   0.0000000000000000E+00   1.0000000000000000E+30  -1.8534540849100340E+63
   6.8000000000000000E+07   0.0000000000000000E+00   1.0000000000000000E+30  -1.8534540849100340E+63
   6.9000000000000000E+07   0.0000000000000000E+00   1.0000000000000000E+30  -1.8534540849100340E+63
   7.0000000000000000E+07   0.0000000000000000E+00   1.0000000000000000E+30  -1.8534540849100340E+63
   7.1000000000000000E+07   0.0000000000000000E+00   1.0000000000000000E+30  -1.8534540849100340E+63
   7.2000000000000000E+07   0.0000000000000000E+00   1.0000000000000000E+30  -1.8534540849100340E+63
   7.3000000000000000E+07   0.0000000000000000E+00   1.0000000000000000E+30  -1.8534540849100340E+63
   7.4000000000000000E+07   0.0000000000000000E+00   1.0000000000000000E+30  -1.8534540849100340E+63
   7.5000000000000000E+07   0.0000000000000000E+00   1.0000000000000000E+30  -1.8534540849100340E+63
   7.6000000000000000E+07   0.0000000000000000E+00   1.0000000000000000E+30  -1.8534540849100340E+63
   7.7000000000000000E+07   0.0000000000000000E+00   1.0000000000000000E+30  -1.8534540849100340E+63
   7.8000000000000000E+07   0.0000000000000000E+00   1.0000000000000000E+30  -1.8534540849100340E+63
   7.9000000000000000E+07   0.0000000000000000E+00   1.0000000000000000E+30  -1.8534540849100340E+63
   8.0000000000000000E+07   0.0000000000000000E+00   1.0000000000000000E+30  -1.8534540849100340E+63
   8.1000000000000000E+07   0.0000000000000000E+00   1.0000000000000000E+30  -1.8534540849100340E+63
   8.2000000000000000E+07   0.0000000000000000E+00   1.0000000000000000E+30  -1.8534540849100340E+63
   8.3000000000000000E+07   0.0000000000000000E+00   1.0000000000000000E+30  -1.8534540849100340E+63
   8.4000000000000000E+07   0.0000000000000000E+00   1.0000000000000000E+30  -1.8534540849100340E+63
   8.5000000000000000E+07   0.0000000000000000E+00   1.0000000000000000E+30  -1.8534540849100340E+63
   8.6000000000000000E+07   0.0000000000000000E+00   1.0000000000000000E+30  -1.8534540849100340E+63
   8.7000000000000000E+07   0.0000000000000000E+00   1.0000000000000000E+30  -1.8534540849100340E+63
   8.8000000000000000E+07   0.0000000000000000E+00   1.0000000000000000E+30  -1.8534540849100340E+63
   8.9000000000000000E+07   0.0000000000000000E+00   1.0000000000000000E+30  -1.8534540849100340E+63
   9.0000000000000000E+07   0.0000000000000000E+00   1.0000000000000000E+30  -1.8534540849100340E+63
   9.1000000000000000E+07   0.0000000000000000E+00   1.0000000000000000E+30  -1.8534540849100340E+63
   9.2000000000000000E+07   0.0000000000000000E+00   1.0000000000000000E+30  -1.8534540849100340E+63
   9.3000000000000000E+07   0.0000000000000000E+00   1.0000000000000000E+30  -1.8534540849100340E+63
   9.4000000000000000E+07   0.0000000000000000E+00   1.0000000000000000E+30  -1.8534540849100340E+63
   9.5000000000000000E+07   0.0000000000000000E+00   1.0000000000000000E+30  -1.8534540849100340E+63
   9.6000000000000000E+07   0.0000000000000000E+00   1.0000000000000000E+30  -1.8534540849100340E+63
   9.7000000000000000E+07   0.0000000000000000E+00   1.0000000000000000E+30  -1.8534540849100340E+63
   9.8000000000000000E+07   0.0000000000000000E+00   1.0000000000000000E+30  -1.8534540849100340E+63
   9.9000000000000000E+07   0.0000000000000000E+00   1.0000000000000000E+30  -1.8534540849100340E+63
   1.0000000000000000E+08   0.0000000000000000E+00   1.0000000000000000E+30  -1.8534540849100340E+63
   1.1000000000000000E+08   0.0000000000000000E+00   1.0000000000000000E+30  -1.8534540849100340E+63
   1.2000000000000000E+08   0.0000000000000000E+00   1.0000000000000000E+30  -1.8534540849100340E+63
   1.3000000000000000E+08   0.0000000000000000E+00   1.0000000000000000E+30  -1.8534540849100340E+63
   1.4000000000000000E+08   0.0000000000000000E+00   1.0000000000000000E+30  -1.8534540849100340E+63
   1.5000000000000000E+08   0.0000000000000000E+00   1.0000000000000000E+30  -1.8534540849100340E+63
   1.6000000000000000E+08   0.0000000000000000E+00   1.0000000000000000E+30  -1.8534540849100340E+63
   1.7000000000000000E+08   0.0000000000000000E+00   1.0000000000000000E+30  -1.8534540849100340E+63
   1.8000000000000000E+08   0.0000000000000000E+00   1.0000000000000000E+30  -1.8534540849100340E+63
   1.9000000000000000E+08   0.0000000000000000E+00   1.0000000000000000E+30  -1.8534540849100340E+63
   2.0000000000000000E+08   0.0000000000000000E+00   1.0000000000000000E+30  -1.8534540849100340E+63
   2.1000000000000000E+08   0.0000000000000000E+00   1.0000000000000000E+30  -1.8534540849100340E+63
   2.2000000000000000E+08   0.0000000000000000E+00   1.0000000000000000E+30  -1.8534540849100340E+63
   2.3000000000000000E+08   0.0000000000000000E+00   1.0000000000000000E+30  -1.8534540849100340E+63
   2.4000000000000000E+08   0.0000000000000000E+00   1.0000000000000000E+30  -1.8534540849100340E+63
   2.5000000000000000E+08   0.0000000000000000E+00   1.0000000000000000E+30  -1.8534540849100340E+63
   2.6000000000000000E+08   0.0000000000000000E+00   1.0000000000000000E+30  -1.8534540849100340E+63
   2.7000000000000000E+08   0.0000000000000000E+00   1.0000000000000000E+30  -1.8534540849100340E+63
   2.8000000000000000E+08   0.0000000000000000E+00   1.0000000000000000E+30  -1.8534540849100340E+63
   2.9000000000000000E+08   0.0000000000000000E+00   1.0000000000000000E+30  -1.8534540849100340E+63
   3.0000000000000000E+08   0.0000000000000000E+00   1.0000000000000000E+30  -1.8534540849100340E+63
   3.1000000000000000E+08   0.0000000000000000E+00   1.0000000000000000E+30  -1.8534540849100340E+63
   3.2000000000000000E+08   0.0000000000000000E+00   1.0000000000000000E+30  -1.8534540849100340E+63
   3.3000000000000000E+08   0.0000000000000000E+00   1.0000000000000000E+30  -1.8534540849100340E+63
   3.4000000000000000E+08   0.0000000000000000E+00   1.0000000000000000E+30  -1.8534540849100340E+63
   3.5000000000000000E+08   0.0000000000000000E+00   1.0000000000000000E+30  -1.8534540849100340E+63
   3.6000000000000000E+08   0.0000000000000000E+00   1.0000000000000000E+30  -1.8534540849100340E+63
   3.7000000000000000E+08   0.0000000000000000E+00   1.0000000000000000E+30  -1.8534540849100340E+63
   3.8000000000000000E+08   0.0000000000000000E+00   1.0000000000000000E+30  -1.8534540849100340E+63
   3.9000000000000000E+08   0.0000000000000000E+00   1.0000000000000000E+30  -1.8534540849100340E+63
   4.0000000000000000E+08   0.0000000000000000E+00   1.0000000000000000E+30  -1.8534540849100340E+63
   4.1000000000000000E+08   0.0000000000000000E+00   1.0000000000000000E+30  -1.8534540849100340E+63
   4.2000000000000000E+08   0.0000000000000000E+00   1.0000000000000000E+30  -1.8534540849100340E+63
   4.3000000000000000E+08   0.0000000000000000E+00   1.0000000000000000E+30  -1.8534540849100340E+63
   4.4000000000000000E+08   0.0000000000000000E+00   1.0000000000000000E+30  -1.8534540849100340E+63
   4.5000000000000000E+08   0.0000000000000000E+00   1.0000000000000000E+30  -1.8534540849100340E+63
   4.6000000000000000E+08   0.0000000000000000E+00   1.0000000000000000E+30  -1.8534540849100340E+63
   4.7000000000000000E+08   0.0000000000000000E+00   1.0000000000000000E+30  -1.8534540849100340E+63
   4.8000000000000000E+08   0.0000000000000000E+00   1.0000000000000000E+30  -1.8534540849100340E+63
   4.9000000000000000E+08   0.0000000000000000E+00   1.0000000000000000E+30  -1.8534540849100340E+63
   5.0000000000000000E+08   0.0000000000000000E+00   1.0000000000000000E+30  -1.8534540849100340E+63
   5.1000000000000000E+08   0.0000000000000000E+00   1.0000000000000000E+30  -1.8534540849100340E+63
   5.2000000000000000E+08   0.0000000000000000E+00   1.0000000000000000E+30  -1.8534540849100340E+63
   5.3000000000000000E+08   0.0000000000000000E+00   1.0000000000000000E+30  -1.8534540849100340E+63
   5.4000000000000000E+08   0.0000000000000000E+00   1.0000000000000000E+30  -1.8534540849100340E+63
   5.5000000000000000E+08   0.0000000000000000E+00   1.0000000000000000E+30  -1.8534540849100340E+63
   5.6000000000000000E+08   0.0000000000000000E+00   1.0000000000000000E+30  -1.8534540849100340E+63
   5.7000000000000000E+08   0.0000000000000000E+00   1.0000000000000000E+30  -1.8534540849100340E+63
   5.8000000000000000E+08   0.0000000000000000E+00   1.0000000000000000E+30  -1.8534540849100340E+63
   5.9000000000000000E+08   0.0000000000000000E+00   1.0000000000000000E+30  -1.8534540849100340E+63
   6.0000000000000000E+08   0.0000000000000000E+00   1.0000000000000000E+30  -1.8534540849100340E+63
   6.1000000000000000E+08   0.0000000000000000E+00   1.0000000000000000E+30  -1.8534540849100340E+63
   6.2000000000000000E+08   0.0000000000000000E+00   1.0000000000000000E+30  -1.8534540849100340E+63
   6.3000000000000000E+08   0.0000000000000000E+00   1.0000000000000000E+30  -1.8534540849100340E+63
   6.4000000000000000E+08   0.0000000000000000E+00   1.0000000000000000E+30  -1.8534540849100340E+63
   6.5000000000000000E+08   0.0000000000000000E+00   1.0000000000000000E+30  -1.8534540849100340E+63
   6.6000000000000000E+08   0.0000000000000000E+00   1.0000000000000000E+30  -1.8534540849100340E+63
   6.7000000000000000E+08   0.0000000000000000E+00   1.0000000000000000E+30  -1.8534540849100340E+63
   6.8000000000000000E+08   0.0000000000000000E+00   1.0000000000000000E+30  -1.8534540849100340E+63
   6.9000000000000000E+08   0.0000000000000000E+00   1.0000000000000000E+30  -1.8534540849100340E+63
   7.0000000000000000E+08   0.0000000000000000E+00   1.0000000000000000E+30  -1.8534540849100340E+63
   7.1000000000000000E+08   0.0000000000000000E+00   1.0000000000000000E+30  -1.8534540849100340E+63
   7.2000000000000000E+08   0.0000000000000000E+00   1.0000000000000000E+30  -1.8534540849100340E+63
   7.3000000000000000E+08   0.0000000000000000E+00   1.0000000000000000E+30  -1.8534540849100340E+63
   7.4000000000000000E+08   0.0000000000000000E+00   1.0000000000000000E+30  -1.8534540849100340E+63
   7.5000000000000000E+08   0.0000000000000000E+00   1.0000000000000000E+30  -1.8534540849100340E+63
   7.6000000000000000E+08   0.0000000000000000E+00   1.0000000000000000E+30  -1.8534540849100340E+63
   7.7000000000000000E+08   0.0000000000000000E+00   1.0000000000000000E+30  -1.8534540849100340E+63
   7.8000000000000000E+08   0.0000000000000000E+00   1.0000000000000000E+30  -1.8534540849100340E+63
   7.9000000000000000E+08   0.0000000000000000E+00   1.0000000000000000E+30  -1.8534540849100340E+63
   8.0000000000000000E+08   0.0000000000000000E+00   1.0000000000000000E+30  -1.8534540849100340E+63
   8.1000000000000000E+08   0.0000000000000000E+00   1.0000000000000000E+30  -1.8534540849100340E+63
   8.2000000000000000E+08   0.0000000000000000E+00   1.0000000000000000E+30  -1.8534540849100340E+63
   8.3000000000000000E+08   0.0000000000000000E+00   1.0000000000000000E+30  -1.8534540849100340E+63
   8.4000000000000000E+08   0.0000000000000000E+00   1.0000000000000000E+30  -1.8534540849100340E+63
   8.5000000000000000E+08   0.0000000000000000E+00   1.0000000000000000E+30  -1.8534540849100340E+63
   8.6000000000000000E+08   0.0000000000000000E+00   1.0000000000000000E+30  -1.8534540849100340E+63
   8.7000000000000000E+08   0.0000000000000000E+00   1.0000000000000000E+30  -1.8534540849100340E+63
   8.8000000000000000E+08   0.0000000000000000E+00   1.0000000000000000E+30  -1.8534540849100340E+63
   8.9000000000000000E+08   0.0000000000000000E+00   1.0000000000000000E+30  -1.8534540849100340E+63
   9.0000000000000000E+08   0.0000000000000000E+00   1.0000000000000000E+30  -1.8534540849100340E+63
   9.1000000000000000E+08   0.0000000000000000E+00   1.0000000000000000E+30  -1.8534540849100340E+63
   9.2000000000000000E+08   0.0000000000000000E+00   1.0000000000000000E+30  -1.8534540849100340E+63
   9.3000000000000000E+08   0.0000000000000000E+00   1.0000000000000000E+30  -1.8534540849100340E+63
   9.4000000000000000E+08   0.0000000000000000E+00   1.0000000000000000E+30  -1.8534540849100340E+63
   9.5000000000000000E+08   0.0000000000000000E+00   1.0000000000000000E+30  -1.8534540849100340E+63
   9.6000000000000000E+08   0.0000000000000000E+00   1.0000000000000000E+30  -1.8534540849100340E+63
   9.7000000000000000E+08   0.0000000000000000E+00   1.0000000000000000E+30  -1.8534540849100340E+63
   9.8000000000000000E+08   0.0000000000000000E+00   1.0000000000000000E+30  -1.8534540849100340E+63
   9.9000000000000000E+08   0.0000000000000000E+00   1.0000000000000000E+30  -1.8534540849100340E+63
   1.0000000000000000E+09   0.0000000000000000E+00   1.0000000000000000E+30  -1.8534540849100340E+63
   1.1000000000000000E+09   0.0000000000000000E+00   1.0000000000000000E+30  -1.8534540849100340E+63
   1.2000000000000000E+09   0.0000000000000000E+00   1.0000000000000000E+30  -1.8534540849100340E+63
   1.3000000000000000E+09   0.0000000000000000E+00   1.0000000000000000E+30  -1.8534540849100340E+63
   1.4000000000000000E+09   0.0000000000000000E+00   1.0000000000000000E+30  -1.8534540849100340E+63
   1.5000000000000000E+09   0.0000000000000000E+00   1.0000000000000000E+30  -1.8534540849100340E+63
   1.6000000000000000E+09   0.0000000000000000E+00   1.0000000000000000E+30  -1.8534540849100340E+63
   1.7000000000000000E+09   0.0000000000000000E+00   1.0000000000000000E+30  -1.8534540849100340E+63
   1.8000000000000000E+09   0.0000000000000000E+00   1.0000000000000000E+30  -1.8534540849100340E+63
   1.9000000000000000E+09   0.0000000000000000E+00   1.0000000000000000E+30  -1.8534540849100340E+63
   2.0000000000000000E+09   0.0000000000000000E+00   1.0000000000000000E+30  -1.8534540849100340E+63
   2.1000000000000000E+09   0.0000000000000000E+00   1.0000000000000000E+30  -1.8534540849100340E+63
   2.2000000000000000E+09   0.0000000000000000E+00   1.0000000000000000E+30  -1.8534540849100340E+63
   2.3000000000000000E+09   0.0000000000000000E+00   1.0000000000000000E+30  -1.8534540849100340E+63
   2.4000000000000000E+09   0.0000000000000000E+00   1.0000000000000000E+30  -1.8534540849100340E+63
   2.5000000000000000E+09   0.0000000000000000E+00   1.0000000000000000E+30  -1.8534540849100340E+63
   2.6000000000000000E+09   0.0000000000000000E+00   1.0000000000000000E+30  -1.8534540849100340E+63
   2.7000000000000000E+09   0.0000000000000000E+00   1.0000000000000000E+30  -1.8534540849100340E+63
   2.8000000000000000E+09   0.0000000000000000E+00   1.0000000000000000E+30  -1.8534540849100340E+63
   2.9000000000000000E+09   0.0000000000000000E+00   1.0000000000000000E+30  -1.8534540849100340E+63
   3.0000000000000000E+09   0.0000000000000000E+00   1.0000000000000000E+30  -1.8534540849100340E+63
   3.1000000000000000E+09   0.0000000000000000E+00   1.0000000000000000E+30  -1.8534540849100340E+63
   3.2000000000000000E+09   0.0000000000000000E+00   1.0000000000000000E+30  -1.8534540849100340E+63
   3.3000000000000000E+09   0.0000000000000000E+00   1.0000000000000000E+30  -1.8534540849100340E+63
   3.4000000000000000E+09   0.0000000000000000E+00   1.0000000000000000E+30  -1.8534540849100340E+63
   3.5000000000000000E+09   0.0000000000000000E+00   1.0000000000000000E+30  -1.8534540849100340E+63
   3.6000000000000000E+09   0.0000000000000000E+00   1.0000000000000000E+30  -1.8534540849100340E+63
   3.7000000000000000E+09   0.0000000000000000E+00   1.0000000000000000E+30  -1.8534540849100340E+63
   3.8000000000000000E+09   0.0000000000000000E+00   1.0000000000000000E+30  -1.8534540849100340E+63
   3.9000000000000000E+09   0.0000000000000000E+00   1.0000000000000000E+30  -1.8534540849100340E+63
   4.0000000000000000E+09   0.0000000000000000E+00   1.0000000000000000E+30  -1.8534540849100340E+63
   4.1000000000000000E+09   0.0000000000000000E+00   1.0000000000000000E+30  -1.8534540849100340E+63
   4.2000000000000000E+09   0.0000000000000000E+00   1.0000000000000000E+30  -1.8534540849100340E+63
   4.3000000000000000E+09   0.0000000000000000E+00   1.0000000000000000E+30  -1.8534540849100340E+63
   4.4000000000000000E+09   0.0000000000000000E+00   1.0000000000000000E+30  -1.8534540849100340E+63
   4.5000000000000000E+09   0.0000000000000000E+00   1.0000000000000000E+30  -1.8534540849100340E+63
   4.6000000000000000E+09   0.0000000000000000E+00   1.0000000000000000E+30  -1.8534540849100340E+63
   4.7000000000000000E+09   0.0000000000000000E+00   1.0000000000000000E+30  -1.8534540849100340E+63
   4.8000000000000000E+09   0.0000000000000000E+00   1.0000000000000000E+30  -1.8534540849100340E+63
   4.9000000000000000E+09   0.0000000000000000E+00   1.0000000000000000E+30  -1.8534540849100340E+63
   5.0000000000000000E+09   0.0000000000000000E+00   1.0000000000000000E+30  -1.8534540849100340E+63
   5.1000000000000000E+09   0.0000000000000000E+00   1.0000000000000000E+30  -1.8534540849100340E+63
   5.2000000000000000E+09   0.0000000000000000E+00   1.0000000000000000E+30  -1.8534540849100340E+63
   5.3000000000000000E+09   0.0000000000000000E+00   1.0000000000000000E+30  -1.8534540849100340E+63
   5.4000000000000000E+09   0.0000000000000000E+00   1.0000000000000000E+30  -1.8534540849100340E+63
   5.5000000000000000E+09   0.0000000000000000E+00   1.0000000000000000E+30  -1.8534540849100340E+63
   5.6000000000000000E+09   0.0000000000000000E+00   1.0000000000000000E+30  -1.8534540849100340E+63
   5.7000000000000000E+09   0.0000000000000000E+00   1.0000000000000000E+30  -1.8534540849100340E+63
   5.8000000000000000E+09   0.0000000000000000E+00   1.0000000000000000E+30  -1.8534540849100340E+63
   5.9000000000000000E+09   0.0000000000000000E+00   1.0000000000000000E+30  -1.8534540849100340E+63
   6.0000000000000000E+09   0.0000000000000000E+00   1.0000000000000000E+30  -1.8534540849100340E+63
   6.1000000000000000E+09   0.0000000000000000E+00   1.0000000000000000E+30  -1.8534540849100340E+63
   6.2000000000000000E+09   0.0000000000000000E+00   1.0000000000000000E+30  -1.8534540849100340E+63
   6.3000000000000000E+09   0.0000000000000000E+00   1.0000000000000000E+30  -1.8534540849100340E+63
   6.4000000000000000E+09   0.0000000000000000E+00   1.0000000000000000E+30  -1.8534540849100340E+63
   6.5000000000000000E+09   0.0000000000000000E+00   1.0000000000000000E+30  -1.8534540849100340E+63
   6.6000000000000000E+09   0.0000000000000000E+00   1.0000000000000000E+30  -1.8534540849100340E+63
   6.7000000000000000E+09   0.0000000000000000E+00   1.0000000000000000E+30  -1.8534540849100340E+63
   6.8000000000000000E+09   0.0000000000000000E+00   1.0000000000000000E+30  -1.8534540849100340E+63
   6.9000000000000000E+09   0.0000000000000000E+00   1.0000000000000000E+30  -1.8534540849100340E+63
   7.0000000000000000E+09   0.0000000000000000E+00   1.0000000000000000E+30  -1.8534540849100340E+63
   7.1000000000000000E+09   0.0000000000000000E+00   1.0000000000000000E+30  -1.8534540849100340E+63
   7.2000000000000000E+09   0.0000000000000000E+00   1.0000000000000000E+30  -1.8534540849100340E+63
   7.3000000000000000E+09   0.0000000000000000E+00   1.0000000000000000E+30  -1.8534540849100340E+63
   7.4000000000000000E+09   0.0000000000000000E+00   1.0000000000000000E+30  -1.8534540849100340E+63
   7.5000000000000000E+09   0.0000000000000000E+00   1.0000000000000000E+30  -1.8534540849100340E+63
   7.6000000000000000E+09   0.0000000000000000E+00   1.0000000000000000E+30  -1.8534540849100340E+63
   7.7000000000000000E+09   0.0000000000000000E+00   1.0000000000000000E+30  -1.8534540849100340E+63
   7.8000000000000000E+09   0.0000000000000000E+00   1.0000000000000000E+30  -1.8534540849100340E+63
   7.9000000000000000E+09   0.0000000000000000E+00   1.0000000000000000E+30  -1.8534540849100340E+63
   8.0000000000000000E+09   0.0000000000000000E+00   1.0000000000000000E+30  -1.8534540849100340E+63
   8.1000000000000000E+09   0.0000000000000000E+00   1.0000000000000000E+30  -1.8534540849100340E+63
   8.2000000000000000E+09   0.0000000000000000E+00   1.0000000000000000E+30  -1.8534540849100340E+63
   8.3000000000000000E+09   0.0000000000000000E+00   1.0000000000000000E+30  -1.8534540849100340E+63
   8.4000000000000000E+09   0.0000000000000000E+00   1.0000000000000000E+30  -1.8534540849100340E+63
   8.5000000000000000E+09   0.0000000000000000E+00   1.0000000000000000E+30  -1.8534540849100340E+63
   8.6000000000000000E+09   0.0000000000000000E+00   1.0000000000000000E+30  -1.8534540849100340E+63
   8.7000000000000000E+09   0.0000000000000000E+00   1.0000000000000000E+30  -1.8534540849100340E+63
   8.8000000000000000E+09   0.0000000000000000E+00   1.0000000000000000E+30  -1.8534540849100340E+63
   8.9000000000000000E+09   0.0000000000000000E+00   1.0000000000000000E+30  -1.8534540849100340E+63
   9.0000000000000000E+09   0.0000000000000000E+00   1.0000000000000000E+30  -1.8534540849100340E+63
   9.1000000000000000E+09   0.0000000000000000E+00   1.0000000000000000E+30  -1.8534540849100340E+63
   9.2000000000000000E+09   0.0000000000000000E+00   1.0000000000000000E+30  -1.8534540849100340E+63
   9.3000000000000000E+09   0.0000000000000000E+00   1.0000000000000000E+30  -1.8534540849100340E+63
   9.4000000000000000E+09   0.0000000000000000E+00   1.0000000000000000E+30  -1.8534540849100340E+63
   9.5000000000000000E+09   0.0000000000000000E+00   1.0000000000000000E+30  -1.8534540849100340E+63
   9.6000000000000000E+09   0.0000000000000000E+00   1.0000000000000000E+30  -1.8534540849100340E+63
   9.7000000000000000E+09   0.0000000000000000E+00   1.0000000000000000E+30  -1.8534540849100340E+63
   9.8000000000000000E+09   0.0000000000000000E+00   1.0000000000000000E+30  -1.8534540849100340E+63
   9.9000000000000000E+09   0.0000000000000000E+00   1.0000000000000000E+30  -1.8534540849100340E+63
   1.0000000000000000E+10   0.0000000000000000E+00   1.0000000000000000E+30  -1.8534540849100340E+63
   1.1000000000000000E+10   0.0000000000000000E+00   1.0000000000000000E+30  -1.8534540849100340E+63
   1.2000000000000000E+10   0.0000000000000000E+00   1.0000000000000000E+30  -1.8534540849100340E+63
   1.3000000000000000E+10   0.0000000000000000E+00   1.0000000000000000E+30  -1.8534540849100340E+63
   1.4000000000000000E+10   0.0000000000000000E+00   1.0000000000000000E+30  -1.8534540849100340E+63
   1.5000000000000000E+10   0.0000000000000000E+00   1.0000000000000000E+30  -1.8534540849100340E+63
   1.6000000000000000E+10   0.0000000000000000E+00   1.0000000000000000E+30  -1.8534540849100340E+63
   1.7000000000000000E+10   0.0000000000000000E+00   1.0000000000000000E+30  -1.8534540849100340E+63
   1.8000000000000000E+10   0.0000000000000000E+00   1.0000000000000000E+30  -1.8534540849100340E+63
   1.9000000000000000E+10   0.0000000000000000E+00   1.0000000000000000E+30  -1.8534540849100340E+63
   2.0000000000000000E+10   0.0000000000000000E+00   1.0000000000000000E+30  -1.8534540849100340E+63
   2.1000000000000000E+10   0.0000000000000000E+00   1.0000000000000000E+30  -1.8534540849100340E+63
   2.2000000000000000E+10   0.0000000000000000E+00   1.0000000000000000E+30  -1.8534540849100340E+63
   2.3000000000000000E+10   0.0000000000000000E+00   1.0000000000000000E+30  -1.8534540849100340E+63
   2.4000000000000000E+10   0.0000000000000000E+00   1.0000000000000000E+30  -1.8534540849100340E+63
   2.5000000000000000E+10   0.0000000000000000E+00   1.0000000000000000E+30  -1.8534540849100340E+63
   2.6000000000000000E+10   0.0000000000000000E+00   1.0000000000000000E+30  -1.8534540849100340E+63
   2.7000000000000000E+10   0.0000000000000000E+00   1.0000000000000000E+30  -1.8534540849100340E+63
   2.8000000000000000E+10   0.0000000000000000E+00   1.0000000000000000E+30  -1.8534540849100340E+63
   2.9000000000000000E+10   0.0000000000000000E+00   1.0000000000000000E+30  -1.8534540849100340E+63
   3.0000000000000000E+10   0.0000000000000000E+00   1.0000000000000000E+30  -1.8534540849100340E+63
   3.1000000000000000E+10   0.0000000000000000E+00   1.0000000000000000E+30  -1.8534540849100340E+63
   3.2000000000000000E+10   0.0000000000000000E+00   1.0000000000000000E+30  -1.8534540849100340E+63
   3.3000000000000000E+10   0.0000000000000000E+00   1.0000000000000000E+30  -1.8534540849100340E+63
   3.4000000000000000E+10   0.0000000000000000E+00   1.0000000000000000E+30  -1.8534540849100340E+63
   3.5000000000000000E+10   0.0000000000000000E+00   1.0000000000000000E+30  -1.8534540849100340E+63
   3.6000000000000000E+10   0.0000000000000000E+00   1.0000000000000000E+30  -1.8534540849100340E+63
   3.7000000000000000E+10   0.0000000000000000E+00   1.0000000000000000E+30  -1.8534540849100340E+63
   3.8000000000000000E+10   0.0000000000000000E+00   1.0000000000000000E+30  -1.8534540849100340E+63
   3.9000000000000000E+10   0.0000000000000000E+00   1.0000000000000000E+30  -1.8534540849100340E+63
   4.0000000000000000E+10   0.0000000000000000E+00   1.0000000000000000E+30  -1.8534540849100340E+63
   4.1000000000000000E+10   0.0000000000000000E+00   1.0000000000000000E+30  -1.8534540849100340E+63
   4.2000000000000000E+10   0.0000000000000000E+00   1.0000000000000000E+30  -1.8534540849100340E+63
   4.3000000000000000E+10   0.0000000000000000E+00   1.0000000000000000E+30  -1.8534540849100340E+63
   4.4000000000000000E+10   0.0000000000000000E+00   1.0000000000000000E+30  -1.8534540849100340E+63
   4.5000000000000000E+10   0.0000000000000000E+00   1.0000000000000000E+30  -1.8534540849100340E+63
   4.6000000000000000E+10   0.0000000000000000E+00   1.0000000000000000E+30  -1.8534540849100340E+63
   4.7000000000000000E+10   0.0000000000000000E+00   1.0000000000000000E+30  -1.8534540849100340E+63
   4.8000000000000000E+10   0.0000000000000000E+00   1.0000000000000000E+30  -1.8534540849100340E+63
   4.9000000000000000E+10   0.0000000000000000E+00   1.0000000000000000E+30  -1.8534540849100340E+63
   5.0000000000000000E+10   0.0000000000000000E+00   1.0000000000000000E+30  -1.8534540849100340E+63
   5.1000000000000000E+10   0.0000000000000000E+00   1.0000000000000000E+30  -1.8534540849100340E+63
   5.2000000000000000E+10   0.0000000000000000E+00   1.0000000000000000E+30  -1.8534540849100340E+63
   5.3000000000000000E+10   0.0000000000000000E+00   1.0000000000000000E+30  -1.8534540849100340E+63
   5.4000000000000000E+10   0.0000000000000000E+00   1.0000000000000000E+30  -1.8534540849100340E+63
   5.5000000000000000E+10   0.0000000000000000E+00   1.0000000000000000E+30  -1.8534540849100340E+63
   5.6000000000000000E+10   0.0000000000000000E+00   1.0000000000000000E+30  -1.8534540849100340E+63
   5.7000000000000000E+10   0.0000000000000000E+00   1.0000000000000000E+30  -1.8534540849100340E+63
   5.8000000000000000E+10   0.0000000000000000E+00   1.0000000000000000E+30  -1.8534540849100340E+63
   5.9000000000000000E+10   0.0000000000000000E+00   1.0000000000000000E+30  -1.8534540849100340E+63
   6.0000000000000000E+10   0.0000000000000000E+00   1.0000000000000000E+30  -1.8534540849100340E+63
   6.1000000000000000E+10   0.0000000000000000E+00   1.0000000000000000E+30  -1.8534540849100340E+63
   6.2000000000000000E+10   0.0000000000000000E+00   1.0000000000000000E+30  -1.8534540849100340E+63
   6.3000000000000000E+10   0.0000000000000000E+00   1.0000000000000000E+30  -1.8534540849100340E+63
   6.4000000000000000E+10   0.0000000000000000E+00   1.0000000000000000E+30  -1.8534540849100340E+63
   6.5000000000000000E+10   0.0000000000000000E+00   1.0000000000000000E+30  -1.8534540849100340E+63
   6.6000000000000000E+10   0.0000000000000000E+00   1.0000000000000000E+30  -1.8534540849100340E+63
   6.7000000000000000E+10   0.0000000000000000E+00   1.0000000000000000E+30  -1.8534540849100340E+63
   6.8000000000000000E+10   0.0000000000000000E+00   1.0000000000000000E+30  -1.8534540849100340E+63
   6.9000000000000000E+10   0.0000000000000000E+00   1.0000000000000000E+30  -1.8534540849100340E+63
   7.0000000000000000E+10   0.0000000000000000E+00   1.0000000000000000E+30  -1.8534540849100340E+63
   7.1000000000000000E+10   0.0000000000000000E+00   1.0000000000000000E+30  -1.8534540849100340E+63
   7.2000000000000000E+10   0.0000000000000000E+00   1.0000000000000000E+30  -1.8534540849100340E+63
   7.3000000000000000E+10   0.0000000000000000E+00   1.0000000000000000E+30  -1.8534540849100340E+63
   7.4000000000000000E+10   0.0000000000000000E+00   1.0000000000000000E+30  -1.8534540849100340E+63
   7.5000000000000000E+10   0.0000000000000000E+00   1.0000000000000000E+30  -1.8534540849100340E+63
   7.6000000000000000E+10   0.0000000000000000E+00   1.0000000000000000E+30  -1.8534540849100340E+63
   7.7000000000000000E+10   0.0000000000000000E+00   1.0000000000000000E+30  -1.8534540849100340E+63
   7.8000000000000000E+10   0.0000000000000000E+00   1.0000000000000000E+30  -1.8534540849100340E+63
   7.9000000000000000E+10   0.0000000000000000E+00   1.0000000000000000E+30  -1.8534540849100340E+63
   8.0000000000000000E+10   0.0000000000000000E+00   1.0000000000000000E+30  -1.8534540849100340E+63
   8.1000000000000000E+10   0.0000000000000000E+00   1.0000000000000000E+30  -1.8534540849100340E+63
   8.2000000000000000E+10   0.0000000000000000E+00   1.0000000000000000E+30  -1.8534540849100340E+63
   8.3000000000000000E+10   0.0000000000000000E+00   1.0000000000000000E+30  -1.8534540849100340E+63
   8.4000000000000000E+10   0.0000000000000000E+00   1.0000000000000000E+30  -1.8534540849100340E+63
   8.5000000000000000E+10   0.0000000000000000E+00   1.0000000000000000E+30  -1.8534540849100340E+63
   8.6000000000000000E+10   0.0000000000000000E+00   1.0000000000000000E+30  -1.8534540849100340E+63
   8.7000000000000000E+10   0.0000000000000000E+00   1.0000000000000000E+30  -1.8534540849100340E+63
   8.8000000000000000E+10   0.0000000000000000E+00   1.0000000000000000E+30  -1.8534540849100340E+63
   8.9000000000000000E+10   0.0000000000000000E+00   1.0000000000000000E+30  -1.8534540849100340E+63
   9.0000000000000000E+10   0.0000000000000000E+00   1.0000000000000000E+30  -1.8534540849100340E+63
   9.1000000000000000E+10   0.0000000000000000E+00   1.0000000000000000E+30  -1.8534540849100340E+63
   9.2000000000000000E+10   0.0000000000000000E+00   1.0000000000000000E+30  -1.8534540849100340E+63
   9.3000000000000000E+10   0.0000000000000000E+00   1.0000000000000000E+30  -1.8534540849100340E+63
   9.4000000000000000E+10   0.0000000000000000E+00   1.0000000000000000E+30  -1.8534540849100340E+63
   9.5000000000000000E+10   0.0000000000000000E+00   1.0000000000000000E+30  -1.8534540849100340E+63
   9.6000000000000000E+10   0.0000000000000000E+00   1.0000000000000000E+30  -1.8534540849100340E+63
   9.7000000000000000E+10   0.0000000000000000E+00   1.0000000000000000E+30  -1.8534540849100340E+63
   9.8000000000000000E+10   0.0000000000000000E+00   1.0000000000000000E+30  -1.8534540849100340E+63
   9.9000000000000000E+10   0.0000000000000000E+00   1.0000000000000000E+30  -1.8534540849100340E+63
   1.0000000000000000E+11   0.0000000000000000E+00   1.0000000000000000E+30  -1.8534540849100340E+63
