   1.0000000000000000E+00   0.0000000000000000E+00   1.0000000000000000E+30
   2.0000000000000000E+00   0.0000000000000000E+00   1.0000000000000000E+30
   3.0000000000000000E+00   0.0000000000000000E+00   1.0000000000000000E+30
   4.0000000000000000E+00   0.0000000000000000E+00   1.0000000000000000E+30
   5.0000000000000000E+00   0.0000000000000000E+00   1.0000000000000000E+30
   6.0000000000000000E+00   0.0000000000000000E+00   1.0000000000000000E+30
   7.0000000000000000E+00   0.0000000000000000E+00   1.0000000000000000E+30
   8.0000000000000000E+00   0.0000000000000000E+00   1.0000000000000000E+30
   8.6690000000000005E+00   0.0000000000000000E+00   1.0000000000000000E+30
   8.6709999999999994E+00   0.0000000000000000E+00   1.0000000000000000E+30
   9.0000000000000000E+00   0.0000000000000000E+00   1.0000000000000000E+30
   1.0000000000000000E+01   0.0000000000000000E+00   1.0000000000000000E+30
   1.1000000000000000E+01   0.0000000000000000E+00   1.0000000000000000E+30
   1.2000000000000000E+01   0.0000000000000000E+00   1.0000000000000000E+30
   1.3000000000000000E+01   0.0000000000000000E+00   1.0000000000000000E+30
   1.4000000000000000E+01   0.0000000000000000E+00   1.0000000000000000E+30
   1.5000000000000000E+01   0.0000000000000000E+00   1.0000000000000000E+30
   1.6000000000000000E+01   0.0000000000000000E+00   1.0000000000000000E+30
   1.7000000000000000E+01   0.0000000000000000E+00   1.0000000000000000E+30
   1.8000000000000000E+01   0.0000000000000000E+00   1.0000000000000000E+30
   1.9000000000000000E+01   0.0000000000000000E+00   1.0000000000000000E+30
   2.0000000000000000E+01   0.0000000000000000E+00   1.0000000000000000E+30
   2.1000000000000000E+01   0.0000000000000000E+00   1.0000000000000000E+30
   2.2000000000000000E+01   0.0000000000000000E+00   1.0000000000000000E+30
   2.3000000000000000E+01   0.0000000000000000E+00   1.0000000000000000E+30
   2.4000000000000000E+01   0.0000000000000000E+00   1.0000000000000000E+30
   2.5000000000000000E+01   0.0000000000000000E+00   1.0000000000000000E+30
   2.6000000000000000E+01   0.0000000000000000E+00   1.0000000000000000E+30
   2.7000000000000000E+01   0.0000000000000000E+00   1.0000000000000000E+30
   2.8000000000000000E+01   0.0000000000000000E+00   1.0000000000000000E+30
   2.9000000000000000E+01   0.0000000000000000E+00   1.0000000000000000E+30
   3.0000000000000000E+01   0.0000000000000000E+00   1.0000000000000000E+30
   3.1000000000000000E+01   0.0000000000000000E+00   1.0000000000000000E+30
   3.2000000000000000E+01   0.0000000000000000E+00   1.0000000000000000E+30
   3.3000000000000000E+01   0.0000000000000000E+00   1.0000000000000000E+30
   3.4000000000000000E+01   0.0000000000000000E+00   1.0000000000000000E+30
   3.5000000000000000E+01   0.0000000000000000E+00   1.0000000000000000E+30
   3.5999000000000002E+01   0.0000000000000000E+00   1.0000000000000000E+30
   3.6000999999999998E+01   0.0000000000000000E+00   1.0000000000000000E+30
   3.7000000000000000E+01   0.0000000000000000E+00   1.0000000000000000E+30
   3.7999000000000002E+01   0.0000000000000000E+00   1.0000000000000000E+30
   3.8000999999999998E+01   0.0000000000000000E+00   1.0000000000000000E+30
   3.9000000000000000E+01   0.0000000000000000E+00   1.0000000000000000E+30
   4.0000000000000000E+01   0.0000000000000000E+00   1.0000000000000000E+30
   4.0999000000000002E+01   0.0000000000000000E+00   1.0000000000000000E+30
   4.1000999999999998E+01   0.0000000000000000E+00   1.0000000000000000E+30
   4.2000000000000000E+01   0.0000000000000000E+00   1.0000000000000000E+30
   4.3000000000000000E+01   0.0000000000000000E+00   1.0000000000000000E+30
   4.4000000000000000E+01   0.0000000000000000E+00   1.0000000000000000E+30
   4.5000000000000000E+01   0.0000000000000000E+00   1.0000000000000000E+30
   4.6000000000000000E+01   0.0000000000000000E+00   1.0000000000000000E+30
   4.7000000000000000E+01   0.0000000000000000E+00   1.0000000000000000E+30
   4.8000000000000000E+01   0.0000000000000000E+00   1.0000000000000000E+30
   4.9000000000000000E+01   0.0000000000000000E+00   1.0000000000000000E+30
   5.0000000000000000E+01   0.0000000000000000E+00   1.0000000000000000E+30
   5.0999000000000002E+01   0.0000000000000000E+00   1.0000000000000000E+30
   5.1000999999999998E+01   0.0000000000000000E+00   1.0000000000000000E+30
   5.2000000000000000E+01   0.0000000000000000E+00   1.0000000000000000E+30
   5.3000000000000000E+01   0.0000000000000000E+00   1.0000000000000000E+30
   5.4000000000000000E+01   0.0000000000000000E+00   1.0000000000000000E+30
   5.5000000000000000E+01   0.0000000000000000E+00   1.0000000000000000E+30
   5.6000000000000000E+01   0.0000000000000000E+00   1.0000000000000000E+30
   5.7000000000000000E+01   0.0000000000000000E+00   1.0000000000000000E+30
   5.8000000000000000E+01   0.0000000000000000E+00   1.0000000000000000E+30
   5.9000000000000000E+01   0.0000000000000000E+00   1.0000000000000000E+30
   6.0000000000000000E+01   0.0000000000000000E+00   1.0000000000000000E+30
   6.1000000000000000E+01   0.0000000000000000E+00   1.0000000000000000E+30
   6.2000000000000000E+01   0.0000000000000000E+00   1.0000000000000000E+30
   6.3000000000000000E+01   0.0000000000000000E+00   1.0000000000000000E+30
   6.4000000000000000E+01   0.0000000000000000E+00   1.0000000000000000E+30
   6.5000000000000000E+01   0.0000000000000000E+00   1.0000000000000000E+30
   6.6000000000000000E+01   0.0000000000000000E+00   1.0000000000000000E+30
   6.7000000000000000E+01   0.0000000000000000E+00   1.0000000000000000E+30
   6.8000000000000000E+01   0.0000000000000000E+00   1.0000000000000000E+30
   6.9000000000000000E+01   0.0000000000000000E+00   1.0000000000000000E+30
   7.0000000000000000E+01   0.0000000000000000E+00   1.0000000000000000E+30
   7.1000000000000000E+01   0.0000000000000000E+00   1.0000000000000000E+30
   7.2000000000000000E+01   0.0000000000000000E+00   1.0000000000000000E+30
   7.3000000000000000E+01   0.0000000000000000E+00   1.0000000000000000E+30
   7.4000000000000000E+01   0.0000000000000000E+00   1.0000000000000000E+30
   7.5000000000000000E+01   0.0000000000000000E+00   1.0000000000000000E+30
   7.6000000000000000E+01   0.0000000000000000E+00   1.0000000000000000E+30
   7.7000000000000000E+01   0.0000000000000000E+00   1.0000000000000000E+30
   7.8000000000000000E+01   0.0000000000000000E+00   1.0000000000000000E+30
   7.9000000000000000E+01   0.0000000000000000E+00   1.0000000000000000E+30
   7.9998999999999995E+01   0.0000000000000000E+00   1.0000000000000000E+30
   8.0001000000000005E+01   0.0000000000000000E+00   1.0000000000000000E+30
   8.1000000000000000E+01   0.0000000000000000E+00   1.0000000000000000E+30
   8.2000000000000000E+01   0.0000000000000000E+00   1.0000000000000000E+30
   8.3000000000000000E+01   0.0000000000000000E+00   1.0000000000000000E+30
   8.4000000000000000E+01   0.0000000000000000E+00   1.0000000000000000E+30
   8.5000000000000000E+01   0.0000000000000000E+00   1.0000000000000000E+30
   8.6000000000000000E+01   0.0000000000000000E+00   1.0000000000000000E+30
   8.7000000000000000E+01   0.0000000000000000E+00   1.0000000000000000E+30
   8.8000000000000000E+01   0.0000000000000000E+00   1.0000000000000000E+30
   8.9000000000000000E+01   0.0000000000000000E+00   1.0000000000000000E+30
   9.0000000000000000E+01   0.0000000000000000E+00   1.0000000000000000E+30
   9.1000000000000000E+01   0.0000000000000000E+00   1.0000000000000000E+30
   9.2000000000000000E+01   0.0000000000000000E+00   1.0000000000000000E+30
   9.3000000000000000E+01   0.0000000000000000E+00   1.0000000000000000E+30
   9.4000000000000000E+01   0.0000000000000000E+00   1.0000000000000000E+30
   9.5000000000000000E+01   0.0000000000000000E+00   1.0000000000000000E+30
   9.6000000000000000E+01   0.0000000000000000E+00   1.0000000000000000E+30
   9.7000000000000000E+01   0.0000000000000000E+00   1.0000000000000000E+30
   9.8000000000000000E+01   0.0000000000000000E+00   1.0000000000000000E+30
   9.9000000000000000E+01   0.0000000000000000E+00   1.0000000000000000E+30
   1.0000000000000000E+02   0.0000000000000000E+00   1.0000000000000000E+30
   1.1000000000000000E+02   0.0000000000000000E+00   1.0000000000000000E+30
   1.2000000000000000E+02   0.0000000000000000E+00   1.0000000000000000E+30
   1.3000000000000000E+02   0.0000000000000000E+00   1.0000000000000000E+30
   1.4000000000000000E+02   0.0000000000000000E+00   1.0000000000000000E+30
   1.5000000000000000E+02   0.0000000000000000E+00   1.0000000000000000E+30
   1.6000000000000000E+02   0.0000000000000000E+00   1.0000000000000000E+30
   1.7000000000000000E+02   0.0000000000000000E+00   1.0000000000000000E+30
   1.8000000000000000E+02   0.0000000000000000E+00   1.0000000000000000E+30
   1.9000000000000000E+02   0.0000000000000000E+00   1.0000000000000000E+30
   2.0000000000000000E+02   0.0000000000000000E+00   1.0000000000000000E+30
   2.1000000000000000E+02   0.0000000000000000E+00   1.0000000000000000E+30
   2.2000000000000000E+02   0.0000000000000000E+00   1.0000000000000000E+30
   2.3000000000000000E+02   0.0000000000000000E+00   1.0000000000000000E+30
   2.4000000000000000E+02   0.0000000000000000E+00   1.0000000000000000E+30
   2.4799900000000000E+02   0.0000000000000000E+00   1.0000000000000000E+30
   2.4800100000000000E+02   0.0000000000000000E+00   1.0000000000000000E+30
   2.5000000000000000E+02   0.0000000000000000E+00   1.0000000000000000E+30
   2.6000000000000000E+02   0.0000000000000000E+00   1.0000000000000000E+30
   2.6099900000000002E+02   0.0000000000000000E+00   1.0000000000000000E+30
   2.6100099999999998E+02   0.0000000000000000E+00   1.0000000000000000E+30
   2.7000000000000000E+02   0.0000000000000000E+00   1.0000000000000000E+30
   2.8000000000000000E+02   0.0000000000000000E+00   1.0000000000000000E+30
   2.9000000000000000E+02   0.0000000000000000E+00   1.0000000000000000E+30
   3.0000000000000000E+02   0.0000000000000000E+00   1.0000000000000000E+30
   3.1000000000000000E+02   0.0000000000000000E+00   1.0000000000000000E+30
   3.2000000000000000E+02   0.0000000000000000E+00   1.0000000000000000E+30
   3.3000000000000000E+02   0.0000000000000000E+00   1.0000000000000000E+30
   3.4000000000000000E+02   0.0000000000000000E+00   1.0000000000000000E+30
   3.5000000000000000E+02   0.0000000000000000E+00   1.0000000000000000E+30
   3.6000000000000000E+02   0.0000000000000000E+00   1.0000000000000000E+30
   3.7000000000000000E+02   0.0000000000000000E+00   1.0000000000000000E+30
   3.8000000000000000E+02   0.0000000000000000E+00   1.0000000000000000E+30
   3.9000000000000000E+02   0.0000000000000000E+00   1.0000000000000000E+30
   4.0000000000000000E+02   0.0000000000000000E+00   1.0000000000000000E+30
   4.1000000000000000E+02   0.0000000000000000E+00   1.0000000000000000E+30
   4.2000000000000000E+02   0.0000000000000000E+00   1.0000000000000000E+30
   4.2799900000000002E+02   0.0000000000000000E+00   1.0000000000000000E+30
   4.2800099999999998E+02   0.0000000000000000E+00   1.0000000000000000E+30
   4.3000000000000000E+02   0.0000000000000000E+00   1.0000000000000000E+30
   4.4000000000000000E+02   0.0000000000000000E+00   1.0000000000000000E+30
   4.5000000000000000E+02   0.0000000000000000E+00   1.0000000000000000E+30
   4.6000000000000000E+02   0.0000000000000000E+00   1.0000000000000000E+30
   4.7000000000000000E+02   0.0000000000000000E+00   1.0000000000000000E+30
   4.8000000000000000E+02   0.0000000000000000E+00   1.0000000000000000E+30
   4.9000000000000000E+02   0.0000000000000000E+00   1.0000000000000000E+30
   4.9499900000000002E+02   0.0000000000000000E+00   1.0000000000000000E+30
   4.9500099999999998E+02   0.0000000000000000E+00   1.0000000000000000E+30
   5.0000000000000000E+02   0.0000000000000000E+00   1.0000000000000000E+30
   5.1000000000000000E+02   0.0000000000000000E+00   1.0000000000000000E+30
   5.2000000000000000E+02   0.0000000000000000E+00   1.0000000000000000E+30
   5.3000000000000000E+02   0.0000000000000000E+00   1.0000000000000000E+30
   5.4000000000000000E+02   0.0000000000000000E+00   1.0000000000000000E+30
   5.5000000000000000E+02   0.0000000000000000E+00   1.0000000000000000E+30
   5.6000000000000000E+02   0.0000000000000000E+00   1.0000000000000000E+30
   5.7000000000000000E+02   0.0000000000000000E+00   1.0000000000000000E+30
   5.8000000000000000E+02   0.0000000000000000E+00   1.0000000000000000E+30
   5.9000000000000000E+02   0.0000000000000000E+00   1.0000000000000000E+30
   5.9899900000000002E+02   0.0000000000000000E+00   1.0000000000000000E+30
   5.9900099999999998E+02   0.0000000000000000E+00   1.0000000000000000E+30
   6.0000000000000000E+02   0.0000000000000000E+00   1.0000000000000000E+30
   6.1000000000000000E+02   0.0000000000000000E+00   1.0000000000000000E+30
   6.2000000000000000E+02   0.0000000000000000E+00   1.0000000000000000E+30
   6.3000000000000000E+02   0.0000000000000000E+00   1.0000000000000000E+30
   6.4000000000000000E+02   0.0000000000000000E+00   1.0000000000000000E+30
   6.5000000000000000E+02   0.0000000000000000E+00   1.0000000000000000E+30
   6.6000000000000000E+02   0.0000000000000000E+00   1.0000000000000000E+30
   6.7000000000000000E+02   0.0000000000000000E+00   1.0000000000000000E+30
   6.8000000000000000E+02   0.0000000000000000E+00   1.0000000000000000E+30
   6.9000000000000000E+02   0.0000000000000000E+00   1.0000000000000000E+30
   7.0000000000000000E+02   0.0000000000000000E+00   1.0000000000000000E+30
   7.1000000000000000E+02   0.0000000000000000E+00   1.0000000000000000E+30
   7.2000000000000000E+02   0.0000000000000000E+00   1.0000000000000000E+30
   7.3000000000000000E+02   0.0000000000000000E+00   1.0000000000000000E+30
   7.4000000000000000E+02   0.0000000000000000E+00   1.0000000000000000E+30
   7.5000000000000000E+02   0.0000000000000000E+00   1.0000000000000000E+30
   7.6000000000000000E+02   0.0000000000000000E+00   1.0000000000000000E+30
   7.7000000000000000E+02   0.0000000000000000E+00   1.0000000000000000E+30
   7.8000000000000000E+02   0.0000000000000000E+00   1.0000000000000000E+30
   7.9000000000000000E+02   0.0000000000000000E+00   1.0000000000000000E+30
   8.0000000000000000E+02   0.0000000000000000E+00   1.0000000000000000E+30
   8.1000000000000000E+02   0.0000000000000000E+00   1.0000000000000000E+30
   8.2000000000000000E+02   0.0000000000000000E+00   1.0000000000000000E+30
   8.3000000000000000E+02   0.0000000000000000E+00   1.0000000000000000E+30
   8.4000000000000000E+02   0.0000000000000000E+00   1.0000000000000000E+30
   8.5000000000000000E+02   0.0000000000000000E+00   1.0000000000000000E+30
   8.6000000000000000E+02   0.0000000000000000E+00   1.0000000000000000E+30
   8.7000000000000000E+02   0.0000000000000000E+00   1.0000000000000000E+30
   8.8000000000000000E+02   0.0000000000000000E+00   1.0000000000000000E+30
   8.9000000000000000E+02   0.0000000000000000E+00   1.0000000000000000E+30
   9.0000000000000000E+02   0.0000000000000000E+00   1.0000000000000000E+30
   9.1000000000000000E+02   0.0000000000000000E+00   1.0000000000000000E+30
   9.2000000000000000E+02   0.0000000000000000E+00   1.0000000000000000E+30
   9.3000000000000000E+02   0.0000000000000000E+00   1.0000000000000000E+30
   9.4000000000000000E+02   0.0000000000000000E+00   1.0000000000000000E+30
   9.5000000000000000E+02   0.0000000000000000E+00   1.0000000000000000E+30
   9.6000000000000000E+02   0.0000000000000000E+00   1.0000000000000000E+30
   9.7000000000000000E+02   0.0000000000000000E+00   1.0000000000000000E+30
   9.8000000000000000E+02   0.0000000000000000E+00   1.0000000000000000E+30
   9.9000000000000000E+02   0.0000000000000000E+00   1.0000000000000000E+30
   1.0000000000000000E+03   0.0000000000000000E+00   1.0000000000000000E+30
   1.1000000000000000E+03   0.0000000000000000E+00   1.0000000000000000E+30
   1.2000000000000000E+03   0.0000000000000000E+00   1.0000000000000000E+30
   1.3000000000000000E+03   0.0000000000000000E+00   1.0000000000000000E+30
   1.4000000000000000E+03   0.0000000000000000E+00   1.0000000000000000E+30
   1.5000000000000000E+03   0.0000000000000000E+00   1.0000000000000000E+30
   1.6000000000000000E+03   0.0000000000000000E+00   1.0000000000000000E+30
   1.7000000000000000E+03   0.0000000000000000E+00   1.0000000000000000E+30
   1.8000000000000000E+03   0.0000000000000000E+00   1.0000000000000000E+30
   1.8109990000000000E+03   0.0000000000000000E+00   1.0000000000000000E+30
   1.8110010000000000E+03   0.0000000000000000E+00   1.0000000000000000E+30
   1.8739990000000000E+03   0.0000000000000000E+00   1.0000000000000000E+30
   1.8740010000000000E+03   0.0000000000000000E+00   1.0000000000000000E+30
   1.9000000000000000E+03   0.0000000000000000E+00   1.0000000000000000E+30
   2.0000000000000000E+03   0.0000000000000000E+00   1.0000000000000000E+30
   2.1000000000000000E+03   0.0000000000000000E+00   1.0000000000000000E+30
   2.2000000000000000E+03   0.0000000000000000E+00   1.0000000000000000E+30
   2.2829989999999998E+03   0.0000000000000000E+00   1.0000000000000000E+30
   2.2830010000000002E+03   0.0000000000000000E+00   1.0000000000000000E+30
   2.3000000000000000E+03   0.0000000000000000E+00   1.0000000000000000E+30
   2.4000000000000000E+03   0.0000000000000000E+00   1.0000000000000000E+30
   2.5000000000000000E+03   0.0000000000000000E+00   1.0000000000000000E+30
   2.5769989999999998E+03   0.0000000000000000E+00   1.0000000000000000E+30
   2.5770010000000002E+03   0.0000000000000000E+00   1.0000000000000000E+30
   2.6000000000000000E+03   0.0000000000000000E+00   1.0000000000000000E+30
   2.7000000000000000E+03   0.0000000000000000E+00   1.0000000000000000E+30
   2.8000000000000000E+03   0.0000000000000000E+00   1.0000000000000000E+30
   2.8229989999999998E+03   0.0000000000000000E+00   1.0000000000000000E+30
   2.8230010000000002E+03   0.0000000000000000E+00   1.0000000000000000E+30
   2.9000000000000000E+03   0.0000000000000000E+00   1.0000000000000000E+30
   3.0000000000000000E+03   0.0000000000000000E+00   1.0000000000000000E+30
   3.1000000000000000E+03   0.0000000000000000E+00   1.0000000000000000E+30
   3.2000000000000000E+03   0.0000000000000000E+00   1.0000000000000000E+30
   3.3000000000000000E+03   0.0000000000000000E+00   1.0000000000000000E+30
   3.4000000000000000E+03   0.0000000000000000E+00   1.0000000000000000E+30
   3.5000000000000000E+03   0.0000000000000000E+00   1.0000000000000000E+30
   3.6000000000000000E+03   0.0000000000000000E+00   1.0000000000000000E+30
   3.7000000000000000E+03   0.0000000000000000E+00   1.0000000000000000E+30
   3.8000000000000000E+03   0.0000000000000000E+00   1.0000000000000000E+30
   3.9000000000000000E+03   0.0000000000000000E+00   1.0000000000000000E+30
   4.0000000000000000E+03   0.0000000000000000E+00   1.0000000000000000E+30
   4.1000000000000000E+03   0.0000000000000000E+00   1.0000000000000000E+30
   4.2000000000000000E+03   0.0000000000000000E+00   1.0000000000000000E+30
   4.3000000000000000E+03   0.0000000000000000E+00   1.0000000000000000E+30
   4.4000000000000000E+03   0.0000000000000000E+00   1.0000000000000000E+30
   4.5000000000000000E+03   0.0000000000000000E+00   1.0000000000000000E+30
   4.6000000000000000E+03   0.0000000000000000E+00   1.0000000000000000E+30
   4.7000000000000000E+03   0.0000000000000000E+00   1.0000000000000000E+30
   4.8000000000000000E+03   0.0000000000000000E+00   1.0000000000000000E+30
   4.9000000000000000E+03   0.0000000000000000E+00   1.0000000000000000E+30
   5.0000000000000000E+03   0.0000000000000000E+00   1.0000000000000000E+30
   5.1000000000000000E+03   0.0000000000000000E+00   1.0000000000000000E+30
   5.2000000000000000E+03   0.0000000000000000E+00   1.0000000000000000E+30
   5.3000000000000000E+03   0.0000000000000000E+00   1.0000000000000000E+30
   5.4000000000000000E+03   0.0000000000000000E+00   1.0000000000000000E+30
   5.5000000000000000E+03   0.0000000000000000E+00   1.0000000000000000E+30
   5.6000000000000000E+03   0.0000000000000000E+00   1.0000000000000000E+30
   5.7000000000000000E+03   0.0000000000000000E+00   1.0000000000000000E+30
   5.8000000000000000E+03   0.0000000000000000E+00   1.0000000000000000E+30
   5.9000000000000000E+03   0.0000000000000000E+00   1.0000000000000000E+30
   6.0000000000000000E+03   0.0000000000000000E+00   1.0000000000000000E+30
   6.1000000000000000E+03   0.0000000000000000E+00   1.0000000000000000E+30
   6.2000000000000000E+03   0.0000000000000000E+00   1.0000000000000000E+30
   6.3000000000000000E+03   0.0000000000000000E+00   1.0000000000000000E+30
   6.4000000000000000E+03   0.0000000000000000E+00   1.0000000000000000E+30
   6.5000000000000000E+03   0.0000000000000000E+00   1.0000000000000000E+30
   6.6000000000000000E+03   0.0000000000000000E+00   1.0000000000000000E+30
   6.7000000000000000E+03   0.0000000000000000E+00   1.0000000000000000E+30
   6.8000000000000000E+03   0.0000000000000000E+00   1.0000000000000000E+30
   6.9000000000000000E+03   0.0000000000000000E+00   1.0000000000000000E+30
   7.0000000000000000E+03   0.0000000000000000E+00   1.0000000000000000E+30
   7.1000000000000000E+03   0.0000000000000000E+00   1.0000000000000000E+30
   7.2000000000000000E+03   0.0000000000000000E+00   1.0000000000000000E+30
   7.3000000000000000E+03   0.0000000000000000E+00   1.0000000000000000E+30
   7.4000000000000000E+03   0.0000000000000000E+00   1.0000000000000000E+30
   7.5000000000000000E+03   0.0000000000000000E+00   1.0000000000000000E+30
   7.6000000000000000E+03   0.0000000000000000E+00   1.0000000000000000E+30
   7.7000000000000000E+03   0.0000000000000000E+00   1.0000000000000000E+30
   7.8000000000000000E+03   0.0000000000000000E+00   1.0000000000000000E+30
   7.9000000000000000E+03   0.0000000000000000E+00   1.0000000000000000E+30
   8.0000000000000000E+03   0.0000000000000000E+00   1.0000000000000000E+30
   8.1000000000000000E+03   0.0000000000000000E+00   1.0000000000000000E+30
   8.2000000000000000E+03   0.0000000000000000E+00   1.0000000000000000E+30
   8.3000000000000000E+03   0.0000000000000000E+00   1.0000000000000000E+30
   8.4000000000000000E+03   0.0000000000000000E+00   1.0000000000000000E+30
   8.5000000000000000E+03   0.0000000000000000E+00   1.0000000000000000E+30
   8.6000000000000000E+03   0.0000000000000000E+00   1.0000000000000000E+30
   8.7000000000000000E+03   0.0000000000000000E+00   1.0000000000000000E+30
   8.8000000000000000E+03   0.0000000000000000E+00   1.0000000000000000E+30
   8.9000000000000000E+03   0.0000000000000000E+00   1.0000000000000000E+30
   9.0000000000000000E+03   0.0000000000000000E+00   1.0000000000000000E+30
   9.1000000000000000E+03   0.0000000000000000E+00   1.0000000000000000E+30
   9.2000000000000000E+03   0.0000000000000000E+00   1.0000000000000000E+30
   9.3000000000000000E+03   0.0000000000000000E+00   1.0000000000000000E+30
   9.4000000000000000E+03   0.0000000000000000E+00   1.0000000000000000E+30
   9.5000000000000000E+03   0.0000000000000000E+00   1.0000000000000000E+30
   9.6000000000000000E+03   0.0000000000000000E+00   1.0000000000000000E+30
   9.7000000000000000E+03   0.0000000000000000E+00   1.0000000000000000E+30
   9.8000000000000000E+03   0.0000000000000000E+00   1.0000000000000000E+30
   9.9000000000000000E+03   0.0000000000000000E+00   1.0000000000000000E+30
   1.0000000000000000E+04   0.0000000000000000E+00   1.0000000000000000E+30
   1.0208999000000000E+04   0.0000000000000000E+00   1.0000000000000000E+30
   1.0209001000000000E+04   0.0000000000000000E+00   1.0000000000000000E+30
   1.1000000000000000E+04   0.0000000000000000E+00   1.0000000000000000E+30
   1.1545999000000000E+04   0.0000000000000000E+00   1.0000000000000000E+30
   1.1546001000000000E+04   1.1606247516584662E-21   8.6160492318560118E+20
   1.2000000000000000E+04   8.2161091269778408E-16   1.2171211269778175E+15
   1.2102999000000000E+04   1.8217975110056752E-15   5.4890842366338325E+14
   1.2103001000000000E+04   1.8218081563592813E-15   5.4890521623221275E+14
   1.3000000000000000E+04   2.0974656653314198E-14   4.7676584962929086E+13
   1.4000000000000000E+04   1.7355294843846995E-13   5.7619303445860615E+12
   1.5000000000000000E+04   8.4103337591317370E-13   1.1890134549229087E+12
   1.6000000000000000E+04   2.8035455830528020E-12   3.5669118634807166E+11
   1.7000000000000000E+04   7.1884036064001735E-12   1.3911294562114642E+11
   1.8000000000000000E+04   1.5263576745888004E-11   6.5515443506345879E+10
   1.9000000000000000E+04   2.8203449678964698E-11   3.5456655529122795E+10
   2.0000000000000000E+04   4.6922828437379919E-11   2.1311588267415157E+10
   2.1000000000000000E+04   7.2004709122320698E-11   1.3887980552788744E+10
   2.2000000000000000E+04   1.0370304597682598E-10   9.6429183017774162E+09
   2.3000000000000000E+04   1.4198942108088411E-10   7.0427782040913553E+09
   2.4000000000000000E+04   1.8661725477144917E-10   5.3585613035874081E+09
   2.5000000000000000E+04   2.3718661135141773E-10   4.2160895773260641E+09
   2.6000000000000000E+04   2.9320089095695818E-10   3.4106308365440812E+09
   2.7000000000000000E+04   3.5411223728712468E-10   2.8239634068030543E+09
   2.8000000000000000E+04   4.1935561337005016E-10   2.3846109796021128E+09
   2.9000000000000000E+04   4.8837296232747138E-10   2.0476154028557067E+09
   3.0000000000000000E+04   5.6062935097046665E-10   1.7837096796109042E+09
   3.1000000000000000E+04   6.3562296751902335E-10   1.5732597012710550E+09
   3.2000000000000000E+04   7.1289060790984708E-10   1.4027397596553288E+09
   3.3000000000000000E+04   7.9200996300506307E-10   1.2626103795535302E+09
   3.4000000000000000E+04   8.7259972889898476E-10   1.1460008144418800E+09
   3.5000000000000000E+04   9.5431828217083549E-10   1.0478684299385424E+09
   3.6000000000000000E+04   1.0368614904383831E-09   9.6444897338910913E+08
   3.7000000000000000E+04   1.1199600260554452E-09   8.9288901097840953E+08
   3.8000000000000000E+04   1.2033764675988537E-09   8.3099514318685412E+08
   3.9000000000000000E+04   1.2869023592855649E-09   7.7705973012215078E+08
   4.0000000000000000E+04   1.3703553463644262E-09   7.2973773018291605E+08
   4.1000000000000000E+04   1.4535764593118234E-09   6.8795830697026896E+08
   4.2000000000000000E+04   1.5364275877505479E-09   6.5086048179080117E+08
   4.3000000000000000E+04   1.6187891571474761E-09   6.1774567465112901E+08
   4.4000000000000000E+04   1.7005580192714043E-09   5.8804227122368062E+08
   4.5000000000000000E+04   1.7816455496139750E-09   5.6127886953533924E+08
   4.6000000000000000E+04   1.8619759364418447E-09   5.3706386877961314E+08
   4.7000000000000000E+04   1.9414846575686849E-09   5.1506974113939023E+08
   4.8000000000000000E+04   2.0201171249199874E-09   4.9502080234066039E+08
   4.9000000000000000E+04   2.0978274767559791E-09   4.7668362202328086E+08
   5.0000000000000000E+04   2.1745775118886655E-09   4.5985944144684893E+08
   5.1000000000000000E+04   2.2503357486680951E-09   4.4437813361489260E+08
   5.2000000000000000E+04   2.3250765894878506E-09   4.3009335886878127E+08
   5.3000000000000000E+04   2.3987795885703286E-09   4.1687865144625467E+08
   5.4000000000000000E+04   2.4714288021829090E-09   4.0462423967736489E+08
   5.5000000000000000E+04   2.5430122185877192E-09   3.9323444562738186E+08
   5.6000000000000000E+04   2.6135212558440536E-09   3.8262554695658815E+08
   5.7000000000000000E+04   2.6829503187557130E-09   3.7272400946424377E+08
   5.8000000000000000E+04   2.7512964092617803E-09   3.6346501839411670E+08
   5.9000000000000000E+04   2.8185587844703659E-09   3.5479125200786251E+08
   6.0000000000000000E+04   2.8847386533967131E-09   3.4665185313148671E+08
   6.1000000000000000E+04   2.9498389132910573E-09   3.3900156225287795E+08
   6.2000000000000000E+04   3.0138639238474907E-09   3.3179998343236506E+08
   6.3000000000000000E+04   3.0768193632473355E-09   3.2501095512626410E+08
   6.4000000000000000E+04   3.1387121196224563E-09   3.1860201314680821E+08
   6.5000000000000000E+04   3.1995501853333572E-09   3.1254393338912773E+08
   6.6000000000000000E+04   3.2593425454326061E-09   3.0681034167498714E+08
   6.7000000000000000E+04   3.3180990630801140E-09   3.0137737933349204E+08
   6.8000000000000000E+04   3.3758303767960457E-09   2.9622341420752496E+08
   6.9000000000000000E+04   3.4325477950887539E-09   2.9132879123512495E+08
   6.9528998999999996E+04   3.4621452447980301E-09   2.8883825758105558E+08
   6.9529001000000004E+04   3.4621453561700641E-09   2.8883824828956115E+08
   7.0000000000000000E+04   3.4882632028402560E-09   2.8667561529926068E+08
   7.1000000000000000E+04   3.5429889736286831E-09   2.8224756200011909E+08
   7.2000000000000000E+04   3.5967378872541889E-09   2.7802971229672152E+08
   7.3000000000000000E+04   3.6495230581377096E-09   2.7400840714520198E+08
   7.4000000000000000E+04   3.7013578684753092E-09   2.7017111977122265E+08
   7.5000000000000000E+04   3.7522559072907815E-09   2.6650634303938618E+08
   7.6000000000000000E+04   3.8022309194343933E-09   2.6300348957994291E+08
   7.7000000000000000E+04   3.8512967542686791E-09   2.5965280366713515E+08
   7.8000000000000000E+04   3.8994673269739486E-09   2.5644528243195125E+08
   7.9000000000000000E+04   3.9467565776881512E-09   2.5337260616811574E+08
   8.0000000000000000E+04   3.9931784406133914E-09   2.5042707579238316E+08
   8.1000000000000000E+04   4.0387468142762657E-09   2.4760155711300707E+08
   8.2000000000000000E+04   4.0834755356763448E-09   2.4488943089366898E+08
   8.3000000000000000E+04   4.1273783579446406E-09   2.4228454802917123E+08
   8.4000000000000000E+04   4.1704689320394307E-09   2.3978118918895364E+08
   8.5000000000000000E+04   4.2127607891492665E-09   2.3737402858849296E+08
   8.6000000000000000E+04   4.2542673264808378E-09   2.3505810125646424E+08
   8.7000000000000000E+04   4.2950017962662468E-09   2.3282877340571204E+08
   8.8000000000000000E+04   4.3349772931974617E-09   2.3068171581180400E+08
   8.9000000000000000E+04   4.3742067482463967E-09   2.2861287944400352E+08
   9.0000000000000000E+04   4.4127029198569909E-09   2.2661847356640285E+08
   9.1000000000000000E+04   4.4504783900428246E-09   2.2469494565737635E+08
   9.2000000000000000E+04   4.4875455570104650E-09   2.2283896337003097E+08
   9.3000000000000000E+04   4.5239166341085862E-09   2.2104739783672979E+08
   9.4000000000000000E+04   4.5596036448205856E-09   2.1931730867351493E+08
   9.5000000000000000E+04   4.5946184236250069E-09   2.1764593004244131E+08
   9.6000000000000000E+04   4.6289726124930924E-09   2.1603065814239410E+08
   9.7000000000000000E+04   4.6626776618008985E-09   2.1446903958052361E+08
   9.8000000000000000E+04   4.6957448288051769E-09   2.1295876084783939E+08
   9.9000000000000000E+04   4.7281851801800466E-09   2.1149763850025871E+08
   1.0000000000000000E+05   4.7600095904632121E-09   2.1008361033631593E+08
   1.1000000000000000E+05   5.0466362948918639E-09   1.9815178696594134E+08
   1.2000000000000000E+05   5.2822898107943185E-09   1.8931183933840734E+08
   1.3000000000000000E+05   5.4750500229577192E-09   1.8264673305391690E+08
   1.4000000000000000E+05   5.6316439180886188E-09   1.7756804488082770E+08
   1.5000000000000000E+05   5.7576940605234847E-09   1.7368064184867111E+08
   1.6000000000000000E+05   5.8579218861791654E-09   1.7070900217350817E+08
   1.7000000000000000E+05   5.9363088899196911E-09   1.6845484602360854E+08
   1.8000000000000000E+05   5.9962236763889398E-09   1.6677163060771984E+08
   1.9000000000000000E+05   6.0405228950226510E-09   1.6554858203153127E+08
   2.0000000000000000E+05   6.0716324157095669E-09   1.6470035264529997E+08
   2.1000000000000000E+05   6.0916136365448222E-09   1.6416011580261719E+08
   2.2000000000000000E+05   6.1022182898286447E-09   1.6387483247966224E+08
   2.3000000000000000E+05   6.1049343831287329E-09   1.6380192435213491E+08
   2.4000000000000000E+05   6.1010251415375776E-09   1.6390688069644320E+08
   2.5000000000000000E+05   6.0915620825006784E-09   1.6416150512078258E+08
   2.6000000000000000E+05   6.0774533323565967E-09   1.6454260449454403E+08
   2.7000000000000000E+05   6.0594680743407070E-09   1.6503098749452591E+08
   2.8000000000000000E+05   6.0382572464968365E-09   1.6561069844782805E+08
   2.9000000000000000E+05   6.0143715570429394E-09   1.6626841067525697E+08
   3.0000000000000000E+05   5.9882767751102770E-09   1.6699294931663954E+08
   3.1000000000000000E+05   5.9603668215677704E-09   1.6777490881626102E+08
   3.2000000000000000E+05   5.9309749432544750E-09   1.6860634374072656E+08
   3.3000000000000000E+05   5.9003830385451131E-09   1.6948052244529793E+08
   3.4000000000000000E+05   5.8688299496211933E-09   1.7039171497285342E+08
   3.5000000000000000E+05   5.8365177706476421E-09   1.7133503902431130E+08
   3.6000000000000000E+05   5.8036181892639940E-09   1.7230630399668291E+08
   3.7000000000000000E+05   5.7702767151847127E-09   1.7330191416443866E+08
   3.8000000000000000E+05   5.7366170431220402E-09   1.7431876530767512E+08
   3.9000000000000000E+05   5.7027439167513844E-09   1.7535418293333754E+08
   4.0000000000000000E+05   5.6687470141979834E-09   1.7640582610149881E+08
   4.1000000000000000E+05   5.6347023852091329E-09   1.7747166250074890E+08
   4.2000000000000000E+05   5.6006743966646304E-09   1.7854992616523647E+08
   4.3000000000000000E+05   5.5667182526486024E-09   1.7963905385802627E+08
   4.4000000000000000E+05   5.5328805385794670E-09   1.8073768139890906E+08
   4.5000000000000000E+05   5.4992011068441409E-09   1.8184459534593672E+08
   4.6000000000000000E+05   5.4657134287926719E-09   1.8295873229140213E+08
   4.7000000000000000E+05   5.4324459628884270E-09   1.8407914350763297E+08
   4.8000000000000000E+05   5.3994227666738328E-09   1.8520498268299574E+08
   4.9000000000000000E+05   5.3666635762640958E-09   1.8633551102827498E+08
   5.0000000000000000E+05   5.3341853970178033E-09   1.8747004942105550E+08
   5.1000000000000000E+05   5.3020020243384709E-09   1.8860800041372481E+08
   5.2000000000000000E+05   5.2701250305716412E-09   1.8974881889880550E+08
   5.3000000000000000E+05   5.2385627842447341E-09   1.9089205211161259E+08
   5.4000000000000000E+05   5.2073230687645660E-09   1.9203724961840126E+08
   5.5000000000000000E+05   5.1764116616962280E-09   1.9318401729902524E+08
   5.6000000000000000E+05   5.1458328766632132E-09   1.9433200105178010E+08
   5.7000000000000000E+05   5.1155888129305111E-09   1.9548091853519031E+08
   5.8000000000000000E+05   5.0856825322638023E-09   1.9663044117597875E+08
   5.9000000000000000E+05   5.0561136633327119E-09   1.9778036384982198E+08
   6.0000000000000000E+05   5.0268834184035040E-09   1.9893041408897281E+08
   6.1000000000000000E+05   4.9979908683064730E-09   2.0008039757360375E+08
   6.2000000000000000E+05   4.9694357154831539E-09   2.0123009074940315E+08
   6.3000000000000000E+05   4.9412151908413662E-09   2.0237936648732051E+08
   6.4000000000000000E+05   4.9133270771454587E-09   2.0352807462209079E+08
   6.5000000000000000E+05   4.8857686244724963E-09   2.0467608617220747E+08
   6.6000000000000000E+05   4.8585381831184240E-09   2.0582322548675662E+08
   6.7000000000000000E+05   4.8316322339474022E-09   2.0696939493323329E+08
   6.8000000000000000E+05   4.8050483310224505E-09   2.0811445194916770E+08
   6.9000000000000000E+05   4.7787799358950075E-09   2.0925843278295097E+08
   7.0000000000000000E+05   4.7528260559688331E-09   2.1040113570833313E+08
   7.1000000000000000E+05   4.7271831705315389E-09   2.1154246914607227E+08
   7.2000000000000000E+05   4.7018462416195630E-09   2.1268241210192096E+08
   7.3000000000000000E+05   4.6768103172165388E-09   2.1382094465510896E+08
   7.4000000000000000E+05   4.6520707246584553E-09   2.1495803894370458E+08
   7.5000000000000000E+05   4.6276246902198181E-09   2.1609358298079675E+08
   7.6000000000000000E+05   4.6034715887219115E-09   2.1722736433301979E+08
   7.7000000000000000E+05   4.5795990835023276E-09   2.1835972576779208E+08
   7.8000000000000000E+05   4.5560118226183208E-09   2.1949021181979823E+08
   7.9000000000000000E+05   4.5326979971873597E-09   2.2061915455662885E+08
   8.0000000000000000E+05   4.5096600908648642E-09   2.2174620256317806E+08
   8.1000000000000000E+05   4.4868875122449610E-09   2.2287164482527044E+08
   8.2000000000000000E+05   4.4643778096785690E-09   2.2399537911689407E+08
   8.3000000000000000E+05   4.4421325448021660E-09   2.2511710083259931E+08
   8.4000000000000000E+05   4.4201408309700940E-09   2.2623713547618547E+08
   8.5000000000000000E+05   4.3983998145768968E-09   2.2735541154896009E+08
   8.6000000000000000E+05   4.3769056558609615E-09   2.2847191112308648E+08
   8.7000000000000000E+05   4.3556596891190099E-09   2.2958634773467886E+08
   8.8000000000000000E+05   4.3346502198477428E-09   2.3069912202399707E+08
   8.9000000000000000E+05   4.3138773598221812E-09   2.3181002068200204E+08
   9.0000000000000000E+05   4.2933384232805338E-09   2.3291897852205688E+08
   9.1000000000000000E+05   4.2730260547926816E-09   2.3402618827432311E+08
   9.2000000000000000E+05   4.2529374051584075E-09   2.3513160546099162E+08
   9.3000000000000000E+05   4.2330696837238025E-09   2.3623518503487214E+08
   9.4000000000000000E+05   4.2134243341134304E-09   2.3733664608703971E+08
   9.5000000000000000E+05   4.1939891845156141E-09   2.3843647563328075E+08
   9.6000000000000000E+05   4.1747639433365657E-09   2.3953450148867041E+08
   9.7000000000000000E+05   4.1557501231403089E-09   2.4063044465347841E+08
   9.8000000000000000E+05   4.1369338497280450E-09   2.4172491906433034E+08
   9.9000000000000000E+05   4.1183237805086427E-09   2.4281723664682165E+08
   1.0000000000000000E+06   4.0999079965367544E-09   2.4390791228601062E+08
   1.1000000000000000E+06   3.9259485938014932E-09   2.5471551043201536E+08
   1.2000000000000000E+06   3.7685943363721947E-09   2.6535092682929671E+08
   1.3000000000000000E+06   3.6254935395261787E-09   2.7582451577908248E+08
   1.4000000000000000E+06   3.4946983708300451E-09   2.8614772832668948E+08
   1.5000000000000000E+06   3.3746103836205656E-09   2.9633050524994713E+08
   1.6000000000000000E+06   3.2638861517524938E-09   3.0638323566006291E+08
   1.7000000000000000E+06   3.1614069380405495E-09   3.1631486221125442E+08
   1.8000000000000000E+06   3.0662329349759204E-09   3.2613308290873647E+08
   1.9000000000000000E+06   2.9775596080380148E-09   3.3584550156459302E+08
   2.0000000000000000E+06   2.8947021627634546E-09   3.4545868409665358E+08
   2.1000000000000000E+06   2.8170720550469667E-09   3.5497849556543487E+08
   2.2000000000000000E+06   2.7441553649915091E-09   3.6441085397622681E+08
   2.3000000000000000E+06   2.6755129904645441E-09   3.7376009892830759E+08
   2.4000000000000000E+06   2.6107558385717708E-09   3.8303083927873391E+08
   2.5000000000000000E+06   2.5495390543627561E-09   3.9222776301026106E+08
   2.6000000000000000E+06   2.4915672853787868E-09   4.0135380082580137E+08
   2.7000000000000000E+06   2.4365701562816626E-09   4.1041297227659315E+08
   2.8000000000000000E+06   2.3843132160428658E-09   4.1940798435016596E+08
   2.9000000000000000E+06   2.3345822167602938E-09   4.2834216452985018E+08
   3.0000000000000000E+06   2.2871937695256838E-09   4.3721700072984165E+08
   3.1000000000000000E+06   2.2419665948110700E-09   4.4603697589181519E+08
   3.2000000000000000E+06   2.1987567751704730E-09   4.5480246441649675E+08
   3.3000000000000000E+06   2.1574188323206566E-09   4.6351685867335123E+08
   3.4000000000000000E+06   2.1178222239169409E-09   4.7218316471837121E+08
   3.5000000000000000E+06   2.0798628394672110E-09   4.8080093601564884E+08
   3.6000000000000000E+06   2.0434319260274556E-09   4.8937279840980822E+08
   3.7000000000000000E+06   2.0084327617061524E-09   4.9790066118544382E+08
   3.8000000000000000E+06   1.9747789260101221E-09   5.0638579682456797E+08
   3.9000000000000000E+06   1.9423915641051566E-09   5.1482925403904939E+08
   4.0000000000000000E+06   1.9111950841326545E-09   5.2323282343195426E+08
   4.1000000000000000E+06   1.8811195290377247E-09   5.3159832991130775E+08
   4.2000000000000000E+06   1.8521032691850783E-09   5.3992669665768588E+08
   4.3000000000000000E+06   1.8240947237077792E-09   5.4821714410057175E+08
   4.4000000000000000E+06   1.7970276863077315E-09   5.5647445368783009E+08
   4.5000000000000000E+06   1.7708650557293484E-09   5.6469576649257457E+08
   4.6000000000000000E+06   1.7455450846065312E-09   5.7288695022472775E+08
   4.7000000000000000E+06   1.7210410584451606E-09   5.8104366255121756E+08
   4.8000000000000000E+06   1.6973002149908846E-09   5.8917096172368693E+08
   4.9000000000000000E+06   1.6742996363077961E-09   5.9726465819775426E+08
   5.0000000000000000E+06   1.6519912968933880E-09   6.0533006552790308E+08
   5.1000000000000000E+06   1.6303360542890307E-09   6.1337047498228073E+08
   5.2000000000000000E+06   1.6093274097448196E-09   6.2137759783670342E+08
   5.3000000000000000E+06   1.5889175503844380E-09   6.2935927654524970E+08
   5.4000000000000000E+06   1.5690850052119733E-09   6.3731410132550883E+08
   5.5000000000000000E+06   1.5498042562904545E-09   6.4524277562223089E+08
   5.6000000000000000E+06   1.5310548485029810E-09   6.5314446505804133E+08
   5.7000000000000000E+06   1.5128011815343049E-09   6.6102539593853676E+08
   5.8000000000000000E+06   1.4950472114592582E-09   6.6887519827814567E+08
   5.9000000000000000E+06   1.4777398040813994E-09   6.7670911836987805E+08
   6.0000000000000000E+06   1.4608881884965603E-09   6.8451508327213418E+08
   6.1000000000000000E+06   1.4444691600084174E-09   6.9229584658918762E+08
   6.2000000000000000E+06   1.4284499603967901E-09   7.0005952446680284E+08
   6.3000000000000000E+06   1.4128281645202501E-09   7.0780015936302292E+08
   6.4000000000000000E+06   1.3975856333488226E-09   7.1551966200729454E+08
   6.5000000000000000E+06   1.3827194032220006E-09   7.2321253153012025E+08
   6.6000000000000000E+06   1.3681880340173711E-09   7.3089368941762269E+08
   6.7000000000000000E+06   1.3540100740846285E-09   7.3854694225672209E+08
   6.8000000000000000E+06   1.3401562917841257E-09   7.4618162533022058E+08
   6.9000000000000000E+06   1.3266091997374618E-09   7.5380149647530103E+08
   7.0000000000000000E+06   1.3133763442742564E-09   7.6139638448610759E+08
   7.1000000000000000E+06   1.3004227533984157E-09   7.6898070061192334E+08
   7.2000000000000000E+06   1.2877669313370367E-09   7.7653803313751841E+08
   7.3000000000000000E+06   1.2749156969379853E-09   7.8436558778101110E+08
   7.4000000000000000E+06   1.2628017529109588E-09   7.9188993655959153E+08
   7.5000000000000000E+06   1.2513811317814583E-09   7.9911705123474765E+08
   7.6000000000000000E+06   1.2397600149675384E-09   8.0660772079036927E+08
   7.7000000000000000E+06   1.2279584424293995E-09   8.1435980685274243E+08
   7.8000000000000000E+06   1.2172295790403703E-09   8.2153770925314856E+08
   7.9000000000000000E+06   1.2063037578411530E-09   8.2897859970994222E+08
   8.0000000000000000E+06   1.1955945058499028E-09   8.3640397735780668E+08
   8.1000000000000000E+06   1.1850954532230412E-09   8.4381388628262246E+08
   8.2000000000000000E+06   1.1747975990342006E-09   8.5121045601565635E+08
   8.3000000000000000E+06   1.1647012230083068E-09   8.5858929332717633E+08
   8.4000000000000000E+06   1.1547835496485009E-09   8.6596314980793190E+08
   8.5000000000000000E+06   1.1450814255316294E-09   8.7330034153311682E+08
   8.6000000000000000E+06   1.1355441780075266E-09   8.8063504649783158E+08
   8.7000000000000000E+06   1.1261810259091081E-09   8.8795671121590018E+08
   8.8000000000000000E+06   1.1169902265253481E-09   8.9526298104749525E+08
   8.9000000000000000E+06   1.1079616253357868E-09   9.0255833517422867E+08
   9.0000000000000000E+06   1.0991019124094298E-09   9.0983373671675241E+08
   9.1000000000000000E+06   1.0901393311459097E-09   9.1731393541121137E+08
   9.2000000000000000E+06   1.0815290766623088E-09   9.2461684255968940E+08
   9.3000000000000000E+06   1.0731948465316732E-09   9.3179724374541819E+08
   9.4000000000000000E+06   1.0649082780761876E-09   9.3904801060101855E+08
   9.5000000000000000E+06   1.0570439822483903E-09   9.4603442883516121E+08
   9.6000000000000000E+06   1.0488495350481862E-09   9.5342560260948992E+08
   9.7000000000000000E+06   1.0412172957411789E-09   9.6041431898051727E+08
   9.8000000000000000E+06   1.0334949266811077E-09   9.6759062302446830E+08
   9.9000000000000000E+06   1.0255668328927928E-09   9.7507053458361471E+08
   1.0000000000000000E+07   1.0182076840132313E-09   9.8211790747692442E+08
   1.1000000000000000E+07   9.4985306695111650E-10   1.0527944108343490E+09
   1.2000000000000000E+07   8.9065532678595528E-10   1.1227687860001121E+09
   1.3000000000000000E+07   8.3914615807245255E-10   1.1916875151964400E+09
   1.4000000000000000E+07   7.9384376609114991E-10   1.2596937114263101E+09
   1.5000000000000000E+07   7.5354409509598201E-10   1.3270623530964382E+09
   1.6000000000000000E+07   7.1760045668319317E-10   1.3935331153802218E+09
   1.7000000000000000E+07   6.8517305808537126E-10   1.4594852909050052E+09
   1.8000000000000000E+07   6.5580889448172189E-10   1.5248344577428894E+09
   1.9000000000000000E+07   6.2904851399790421E-10   1.5897025074338415E+09
   2.0000000000000000E+07   6.0463076017257085E-10   1.6539019611152184E+09
   2.1000000000000000E+07   5.8220207477786908E-10   1.7176166889847240E+09
   2.2000000000000000E+07   5.6146571530683941E-10   1.7810526497659845E+09
   2.3000000000000000E+07   5.4254682291366663E-10   1.8431588901943054E+09
   2.4000000000000000E+07   5.2476638971764240E-10   1.9056098477230289E+09
   2.5000000000000000E+07   5.0800315178107483E-10   1.9684917239075568E+09
   2.6000000000000000E+07   4.9253043877354422E-10   2.0303313689405916E+09
   2.7000000000000000E+07   4.7809587228454251E-10   2.0916306916049724E+09
   2.8000000000000000E+07   4.6446324024085796E-10   2.1530229162622805E+09
   2.9000000000000000E+07   4.5178843105744328E-10   2.2134254249481959E+09
   3.0000000000000000E+07   4.3970144484643983E-10   2.2742704435488892E+09
   3.1000000000000000E+07   4.2844571493324652E-10   2.3340179750795360E+09
   3.2000000000000000E+07   4.1767635086322715E-10   2.3941982780046396E+09
   3.3000000000000000E+07   4.0755997564531589E-10   2.4536266065298386E+09
   3.4000000000000000E+07   3.9783267778008723E-10   2.5136195588055167E+09
   3.5000000000000000E+07   3.8874434184218312E-10   2.5723847072891054E+09
   3.6000000000000000E+07   3.8007927632732624E-10   2.6310300568421283E+09
   3.7000000000000000E+07   3.7180650212974487E-10   2.6895710383543591E+09
   3.8000000000000000E+07   3.6371790197602438E-10   2.7493835045433598E+09
   3.9000000000000000E+07   3.5624724623614968E-10   2.8070392418896585E+09
   4.0000000000000000E+07   3.4915456876335792E-10   2.8640610476380663E+09
   4.1000000000000000E+07   3.4228105741440515E-10   2.9215756418249116E+09
   4.2000000000000000E+07   3.3566185717102428E-10   2.9791886645329695E+09
   4.3000000000000000E+07   3.2929798068087613E-10   3.0367632316856012E+09
   4.4000000000000000E+07   3.2317904859043938E-10   3.0942599910530934E+09
   4.5000000000000000E+07   3.1735225888166658E-10   3.1510725763350477E+09
   4.6000000000000000E+07   3.1175928440878179E-10   3.2076029488468752E+09
   4.7000000000000000E+07   3.0633475256219379E-10   3.2644027216499853E+09
   4.8000000000000000E+07   3.0112139607754430E-10   3.3209197786213827E+09
   4.9000000000000000E+07   2.9609658091521507E-10   3.3772764174076777E+09
   5.0000000000000000E+07   2.9125606702676024E-10   3.4334048736163201E+09
   5.1000000000000000E+07   2.8640571046837868E-10   3.4915504944528947E+09
   5.2000000000000000E+07   2.8200671641909094E-10   3.5460148350293102E+09
   5.3000000000000000E+07   2.7763920669751737E-10   3.6017967775332294E+09
   5.4000000000000000E+07   2.7341545562740821E-10   3.6574377176494784E+09
   5.5000000000000000E+07   2.6925795904388413E-10   3.7139106437222099E+09
   5.6000000000000000E+07   2.6533108495780611E-10   3.7688761577220540E+09
   5.7000000000000000E+07   2.6145621139232356E-10   3.8247322359439673E+09
   5.8000000000000000E+07   2.5774009177521905E-10   3.8798775662426734E+09
   5.9000000000000000E+07   2.5423746563117760E-10   3.9333305872813435E+09
   6.0000000000000000E+07   2.5076106044351976E-10   3.9878599900291758E+09
   6.1000000000000000E+07   2.4719850134708149E-10   4.0453319682385144E+09
   6.2000000000000000E+07   2.4390184554687170E-10   4.1000099763813629E+09
   6.3000000000000000E+07   2.4072462880037891E-10   4.1541241749270740E+09
   6.4000000000000000E+07   2.3772414817095892E-10   4.2065562446809230E+09
   6.5000000000000000E+07   2.3471607508770434E-10   4.2604666068412180E+09
   6.6000000000000000E+07   2.3177026799029902E-10   4.3146172659292784E+09
   6.7000000000000000E+07   2.2890311964053292E-10   4.3686604252942896E+09
   6.8000000000000000E+07   2.2609195745036216E-10   4.4229790890264072E+09
   6.9000000000000000E+07   2.2343656468888298E-10   4.4755432101832476E+09
   7.0000000000000000E+07   2.2079435687387922E-10   4.5291012603696833E+09
   7.1000000000000000E+07   2.1821119063309040E-10   4.5827163909363508E+09
   7.2000000000000000E+07   2.1569309441392417E-10   4.6362170412417459E+09
   7.3000000000000000E+07   2.1323748803142837E-10   4.6896069224592133E+09
   7.4000000000000000E+07   2.1069594122876989E-10   4.7461759071771488E+09
   7.5000000000000000E+07   2.0821195670554248E-10   4.8027981477270308E+09
   7.6000000000000000E+07   2.0612745899438203E-10   4.8513672311230259E+09
   7.7000000000000000E+07   2.0399206229708732E-10   4.9021515285415030E+09
   7.8000000000000000E+07   2.0168013258670434E-10   4.9583466014932823E+09
   7.9000000000000000E+07   1.9964014635041588E-10   5.0090125572476921E+09
   8.0000000000000000E+07   1.9748135747216723E-10   5.0637691213001652E+09
   8.1000000000000000E+07   1.9553674682364661E-10   5.1141282456841421E+09
   8.2000000000000000E+07   1.9357504545164723E-10   5.1659551346962662E+09
   8.3000000000000000E+07   1.9149172088896960E-10   5.2221578842033510E+09
   8.4000000000000000E+07   1.8958519738833811E-10   5.2746734121422119E+09
   8.5000000000000000E+07   1.8774503802408351E-10   5.3263724598235312E+09
   8.6000000000000000E+07   1.8591798363163816E-10   5.3787158211725969E+09
   8.7000000000000000E+07   1.8410018410306000E-10   5.4318250949721823E+09
   8.8000000000000000E+07   1.8234760269467000E-10   5.4840315157553205E+09
   8.9000000000000000E+07   1.8053956658333824E-10   5.5389520365243244E+09
   9.0000000000000000E+07   1.7885688124016547E-10   5.5910624912285032E+09
   9.1000000000000000E+07   1.7720754520474082E-10   5.6431005736501064E+09
   9.2000000000000000E+07   1.7559055062589578E-10   5.6950672825814466E+09
   9.3000000000000000E+07   1.7422196704962287E-10   5.7398043251065722E+09
   9.4000000000000000E+07   1.7267996707100746E-10   5.7910597098318396E+09
   9.5000000000000000E+07   1.7115456986921084E-10   5.8426719237713509E+09
   9.6000000000000000E+07   1.6965785727062249E-10   5.8942156649125471E+09
   9.7000000000000000E+07   1.6818900662642669E-10   5.9456918145735407E+09
   9.8000000000000000E+07   1.6655777925315264E-10   6.0039225095580273E+09
   9.9000000000000000E+07   1.6514213504342875E-10   6.0553897994416876E+09
   1.0000000000000000E+08   1.6375207879810646E-10   6.1067927035779629E+09
   1.1000000000000000E+08   1.5116759515953000E-10   6.6151743628962374E+09
   1.2000000000000000E+08   1.4060209647596570E-10   7.1122694829158440E+09
   1.3000000000000000E+08   1.3127298829821130E-10   7.6177133846325798E+09
   1.4000000000000000E+08   1.2337135018693829E-10   8.1056095964318409E+09
   1.5000000000000000E+08   1.1635326418553306E-10   8.5945160799737701E+09
   1.6000000000000000E+08   1.1005330890908957E-10   9.0865055300250740E+09
   1.7000000000000000E+08   1.0451037485378056E-10   9.5684280283090591E+09
   1.8000000000000000E+08   9.9434510237493084E-11   1.0056870573521837E+10
   1.9000000000000000E+08   9.4928349961150228E-11   1.0534260844197268E+10
   2.0000000000000000E+08   9.0933230737271140E-11   1.0997079856199659E+10
   2.1000000000000000E+08   8.7131311503616820E-11   1.1476930425390076E+10
   2.2000000000000000E+08   8.3711724592337717E-11   1.1945757955290434E+10
   2.3000000000000000E+08   8.0613007329886095E-11   1.2404945964958000E+10
   2.4000000000000000E+08   7.7780643612293466E-11   1.2856669134606482E+10
   2.5000000000000000E+08   7.4935707277088068E-11   1.3344772957200802E+10
   2.6000000000000000E+08   7.2545836895602794E-11   1.3784388502389900E+10
   2.7000000000000000E+08   7.0217304332879333E-11   1.4241503707680059E+10
   2.8000000000000000E+08   6.7939964309138441E-11   1.4718877323070547E+10
   2.9000000000000000E+08   6.5903459395070365E-11   1.5173710290461641E+10
   3.0000000000000000E+08   6.3891044892944709E-11   1.5651645730252052E+10
   3.1000000000000000E+08   6.2106890795291889E-11   1.6101272937588541E+10
   3.2000000000000000E+08   6.0413591163338560E-11   1.6552566744399084E+10
   3.3000000000000000E+08   5.9075045826460572E-11   1.6927621231773733E+10
   3.4000000000000000E+08   5.7573393171324390E-11   1.7369134333011150E+10
   3.5000000000000000E+08   5.6141923998753948E-11   1.7812000885865520E+10
   3.6000000000000000E+08   5.4784078414735214E-11   1.8253478545895027E+10
   3.7000000000000000E+08   5.3377898150445324E-11   1.8734345762013809E+10
   3.8000000000000000E+08   5.2150910109156658E-11   1.9175120777507202E+10
   3.9000000000000000E+08   5.1034380602145350E-11   1.9594633817461533E+10
   4.0000000000000000E+08   4.9919863077881626E-11   2.0032106226731174E+10
   4.1000000000000000E+08   4.8702297201000357E-11   2.0532912356739098E+10
   4.2000000000000000E+08   4.7685182124309940E-11   2.0970875132512066E+10
   4.3000000000000000E+08   4.6708033599337268E-11   2.1409593231391975E+10
   4.4000000000000000E+08   4.5775851018403701E-11   2.1845579661598442E+10
   4.5000000000000000E+08   4.4940902668425582E-11   2.2251444466481010E+10
   4.6000000000000000E+08   4.4083245558431102E-11   2.2684355186020237E+10
   4.7000000000000000E+08   4.3284464834516008E-11   2.3102977103290359E+10
   4.8000000000000000E+08   4.2492574486714474E-11   2.3533523493914341E+10
   4.9000000000000000E+08   4.1780601205359634E-11   2.3934552666794075E+10
   5.0000000000000000E+08   4.1047055526427696E-11   2.4362283412903057E+10
   5.1000000000000000E+08   4.0340244951259402E-11   2.4789140502449543E+10
   5.2000000000000000E+08   3.9739446410782564E-11   2.5163913700837780E+10
   5.3000000000000000E+08   3.9081819914407932E-11   2.5587344760046333E+10
   5.4000000000000000E+08   3.8446843778521132E-11   2.6009937402421162E+10
   5.5000000000000000E+08   3.7833344360498467E-11   2.6431710357704811E+10
   5.6000000000000000E+08   3.7216879987442523E-11   2.6869528029684746E+10
   5.7000000000000000E+08   3.6643130192896709E-11   2.7290244985507561E+10
   5.8000000000000000E+08   3.6087792785378459E-11   2.7710201229185898E+10
   5.9000000000000000E+08   3.5549977922315019E-11   2.8129412687266167E+10
   6.0000000000000000E+08   3.5028852774357567E-11   2.8547894686749138E+10
   6.1000000000000000E+08   3.4523637002989773E-11   2.8965661987275543E+10
   6.2000000000000000E+08   3.4024358338266818E-11   2.9390708564085140E+10
   6.3000000000000000E+08   3.3389045081773956E-11   2.9949943089144203E+10
   6.4000000000000000E+08   3.2927336790032064E-11   3.0369902260140438E+10
   6.5000000000000000E+08   3.2478864832309582E-11   3.0789253416431362E+10
   6.6000000000000000E+08   3.2043056880426325E-11   3.1208008765569916E+10
   6.7000000000000000E+08   3.1619373466541591E-11   3.1626180103099194E+10
   6.8000000000000000E+08   3.1207305643652793E-11   3.2043778832389805E+10
   6.9000000000000000E+08   3.0975212949019122E-11   3.2283878133327465E+10
   7.0000000000000000E+08   3.0584958340027078E-11   3.2695810433433956E+10
   7.1000000000000000E+08   3.0204955005976852E-11   3.3107150790395935E+10
   7.2000000000000000E+08   2.9834796368538908E-11   3.3517909344757931E+10
   7.3000000000000000E+08   2.9474097285263202E-11   3.3928095925095276E+10
   7.4000000000000000E+08   2.9122492646601161E-11   3.4337720061771862E+10
   7.5000000000000000E+08   2.8779636082148576E-11   3.4746790999913994E+10
   7.6000000000000000E+08   2.8445198766289227E-11   3.5155317711652382E+10
   7.7000000000000000E+08   2.8118868314413772E-11   3.5563308907684547E+10
   7.8000000000000000E+08   2.7800347761777335E-11   3.5970773048202614E+10
   7.9000000000000000E+08   2.7489354617844634E-11   3.6377718353229477E+10
   8.0000000000000000E+08   2.7185619989671910E-11   3.6784152812402664E+10
   8.1000000000000000E+08   2.6888887768499332E-11   3.7190084194241486E+10
   8.2000000000000000E+08   2.6523648732250320E-11   3.7702203422114090E+10
   8.3000000000000000E+08   2.6180379693126862E-11   3.8196543049470375E+10
   8.4000000000000000E+08   2.5903236163291120E-11   3.8605214950599663E+10
   8.5000000000000000E+08   2.5632184132867815E-11   3.9013452572608246E+10
   8.6000000000000000E+08   2.5367021082917277E-11   3.9421262620127777E+10
   8.7000000000000000E+08   2.5107553462573813E-11   3.9828651624326309E+10
   8.8000000000000000E+08   2.4853596195055749E-11   4.0235625949331841E+10
   8.9000000000000000E+08   2.4604972216106074E-11   4.0642191798347733E+10
   9.0000000000000000E+08   2.4361512042399951E-11   4.1048355219477013E+10
   9.1000000000000000E+08   2.4164741955450525E-11   4.1382606188949730E+10
   9.2000000000000000E+08   2.3931131599703093E-11   4.1786573937540291E+10
   9.3000000000000000E+08   2.3702218177144021E-11   4.2190144083826599E+10
   9.4000000000000000E+08   2.3564983305935656E-11   4.2435845891226051E+10
   9.5000000000000000E+08   2.3345043564153676E-11   4.2835645058958061E+10
   9.6000000000000000E+08   2.3129389076858515E-11   4.3235037323165749E+10
   9.7000000000000000E+08   2.2917893431198573E-11   4.3634027839516907E+10
   9.8000000000000000E+08   2.2710435187087311E-11   4.4032621645602798E+10
   9.9000000000000000E+08   2.2506897633589405E-11   4.4430823664812660E+10
   1.0000000000000000E+09   2.2307168559548247E-11   4.4828638710042168E+10
   1.1000000000000000E+09   2.0497476997305337E-11   4.8786492119564926E+10
   1.2000000000000000E+09   1.8995968242110994E-11   5.2642749622162544E+10
   1.3000000000000000E+09   1.7691058399749012E-11   5.6525730535951851E+10
   1.4000000000000000E+09   1.6561687806434904E-11   6.0380319426831528E+10
   1.5000000000000000E+09   1.5431409463948559E-11   6.4802894533790833E+10
   1.6000000000000000E+09   1.4719099388337056E-11   6.7938939307140511E+10
   1.7000000000000000E+09   1.3817085301360059E-11   7.2374164173508209E+10
   1.8000000000000000E+09   1.3123635107906445E-11   7.6198400197635925E+10
   1.9000000000000000E+09   1.2499019613706079E-11   8.0006274964432236E+10
   2.0000000000000000E+09   1.1933321170818571E-11   8.3798968089903900E+10
   2.1000000000000000E+09   1.1418454236258409E-11   8.7577528385985748E+10
   2.2000000000000000E+09   1.0947759136836090E-11   9.1342893783193039E+10
   2.3000000000000000E+09   1.0515699644378290E-11   9.5095907435374664E+10
   2.4000000000000000E+09   1.0117634614034353E-11   9.8837330873056259E+10
   2.5000000000000000E+09   9.7496433116047554E-12   1.0256785484754353E+11
   2.6000000000000000E+09   9.4083902285946703E-12   1.0628810834830455E+11
   2.7000000000000000E+09   9.0910193268947531E-12   1.0999866616074759E+11
   2.8000000000000000E+09   8.7950704846037106E-12   1.1370005524692032E+11
   2.9000000000000000E+09   8.5184128779456862E-12   1.1739276016885927E+11
   3.0000000000000000E+09   8.2591914166859124E-12   1.2107722772712546E+11
   3.1000000000000000E+09   8.0157833370224433E-12   1.2475387095124030E+11
   3.2000000000000000E+09   7.7867627688240121E-12   1.2842307255124252E+11
   3.3000000000000000E+09   7.4475100078191974E-12   1.3427306562194513E+11
   3.4000000000000000E+09   7.2441203789000195E-12   1.3804298488919434E+11
   3.5000000000000000E+09   7.0517659573812008E-12   1.4180844997461713E+11
   3.6000000000000000E+09   6.8695620867664435E-12   1.4556968659274582E+11
   3.7000000000000000E+09   6.6967169137664083E-12   1.4932690344791266E+11
   3.8000000000000000E+09   6.5325194700754806E-12   1.5308029384081506E+11
   3.9000000000000000E+09   6.3763295509523990E-12   1.5683003709408893E+11
   4.0000000000000000E+09   6.2275690815892834E-12   1.6057629982079602E+11
   4.1000000000000000E+09   6.0857147216351236E-12   1.6431923705607382E+11
   4.2000000000000000E+09   5.9502915050683252E-12   1.6805899326919067E+11
   4.3000000000000000E+09   5.8208673497735299E-12   1.7179570327073450E+11
   4.4000000000000000E+09   5.6970483008395973E-12   1.7552949302757816E+11
   4.5000000000000000E+09   5.5784743954052660E-12   1.7926048039651385E+11
   4.6000000000000000E+09   5.4648160560933754E-12   1.8298877578596280E+11
   4.7000000000000000E+09   5.3557709356585821E-12   1.8671448275392557E+11
   4.8000000000000000E+09   5.2510611481752726E-12   1.9043769854927267E+11
   4.9000000000000000E+09   5.1504308324923544E-12   1.9415851460257129E+11
   5.0000000000000000E+09   5.0536440022347776E-12   1.9787701697187000E+11
   5.1000000000000000E+09   4.9604826436956678E-12   2.0159328674819803E+11
   5.2000000000000000E+09   4.8707450288207266E-12   2.0530740042496408E+11
   5.3000000000000000E+09   4.7842442153629866E-12   2.0901943023494443E+11
   5.4000000000000000E+09   4.7008067103604882E-12   2.1272944445812231E+11
   5.5000000000000000E+09   4.6202712765062410E-12   2.1643750770326645E+11
   5.6000000000000000E+09   4.5424878638546536E-12   2.2014368116581439E+11
   5.7000000000000000E+09   4.4673166517357970E-12   2.2384802286433969E+11
   5.8000000000000000E+09   4.3946271878041971E-12   2.2755058785763724E+11
   5.9000000000000000E+09   4.3242976128950231E-12   2.3125142844424207E+11
   6.0000000000000000E+09   4.2562139618482632E-12   2.3495059434600174E+11
   6.1000000000000000E+09   4.1902695317324483E-12   2.3864813287715997E+11
   6.2000000000000000E+09   4.1263643099886965E-12   2.4234408910025192E+11
   6.3000000000000000E+09   4.0644044559511910E-12   2.4603850596998978E+11
   6.4000000000000000E+09   4.0043018300061609E-12   2.4973142446618756E+11
   6.5000000000000000E+09   3.9459735653468722E-12   2.5342288371668167E+11
   6.6000000000000000E+09   3.8893416778843701E-12   2.5711292111110074E+11
   6.7000000000000000E+09   3.8343327103957562E-12   2.6080157240626788E+11
   6.8000000000000000E+09   3.7808774074461010E-12   2.6448887182392883E+11
   6.9000000000000000E+09   3.7289104180154169E-12   2.6817485214145087E+11
   7.0000000000000000E+09   3.6783700231078072E-12   2.7185954477606177E+11
   7.1000000000000000E+09   3.6291978859218730E-12   2.7554297986316180E+11
   7.2000000000000000E+09   3.5813388224266951E-12   2.7922518632917444E+11
   7.3000000000000000E+09   3.5347405904200533E-12   2.8290619195938348E+11
   7.4000000000000000E+09   3.4893536953507780E-12   2.8658602346113611E+11
   7.5000000000000000E+09   3.4451312113672187E-12   2.9026470652278723E+11
   7.6000000000000000E+09   3.4020286162136078E-12   2.9394226586870422E+11
   7.7000000000000000E+09   3.3600036387369895E-12   2.9761872531063556E+11
   7.8000000000000000E+09   3.3190161178923423E-12   3.0129410779572382E+11
   7.9000000000000000E+09   3.2790278722446674E-12   3.0496843545140326E+11
   8.0000000000000000E+09   3.2400025790651519E-12   3.0864172962742926E+11
   8.1000000000000000E+09   3.2019056622066804E-12   3.1231401093523254E+11
   8.2000000000000000E+09   3.1647041880219373E-12   3.1598529928480896E+11
   8.3000000000000000E+09   3.1283667686575184E-12   3.1965561391931415E+11
   8.4000000000000000E+09   3.0928634721198926E-12   3.2332497344753015E+11
   8.5000000000000000E+09   3.0581657385651070E-12   3.2699339587435199E+11
   8.6000000000000000E+09   3.0242463023142648E-12   3.3066089862944141E+11
   8.7000000000000000E+09   2.9910791191420528E-12   3.3432749859416473E+11
   8.8000000000000000E+09   2.9586392984259888E-12   3.3799321212694135E+11
   8.9000000000000000E+09   2.9269030397806393E-12   3.4165805508710889E+11
   9.0000000000000000E+09   2.8958475738339292E-12   3.4532204285740765E+11
   9.1000000000000000E+09   2.8654511068324096E-12   3.4898519036517163E+11
   9.2000000000000000E+09   2.8356927687890461E-12   3.5264751210232129E+11
   9.3000000000000000E+09   2.8065525649115096E-12   3.5630902214422986E+11
   9.4000000000000000E+09   2.7780113300707882E-12   3.5996973416754156E+11
   9.5000000000000000E+09   2.7500506860899632E-12   3.6362966146700574E+11
   9.6000000000000000E+09   2.7226530016509390E-12   3.6728881697139838E+11
   9.7000000000000000E+09   2.6958013546335114E-12   3.7094721325857782E+11
   9.8000000000000000E+09   2.6694794967159021E-12   3.7460486256974036E+11
   9.9000000000000000E+09   2.6436718200796159E-12   3.7826177682292065E+11
   1.0000000000000000E+10   2.6183633260738231E-12   3.8191796762578314E+11
   1.1000000000000000E+10   2.3898149516792739E-12   4.1844244019702057E+11
   1.2000000000000000E+10   2.1982590983240645E-12   4.5490542982962854E+11
   1.3000000000000000E+10   2.0353546626277074E-12   4.9131486436323016E+11
   1.4000000000000000E+10   1.8950979781778982E-12   5.2767720271723462E+11
   1.5000000000000000E+10   1.7730565402423214E-12   5.6399780678360730E+11
   1.6000000000000000E+10   1.6658859385840171E-12   6.0028119383130640E+11
   1.7000000000000000E+10   1.5710148648363611E-12   6.3653121455611523E+11
   1.8000000000000000E+10   1.4864336553256439E-12   6.7275118295200525E+11
   1.9000000000000000E+10   1.4105486991575930E-12   7.0894397378638501E+11
   2.0000000000000000E+10   1.3420799411121770E-12   7.4511209754860327E+11
   2.1000000000000000E+10   1.2799872873573519E-12   7.8125775925836694E+11
   2.2000000000000000E+10   1.2234168263030528E-12   8.1738290540095117E+11
   2.3000000000000000E+10   1.1716609037876723E-12   8.5348926192489868E+11
   2.4000000000000000E+10   1.1241280576515255E-12   8.8957836537694141E+11
   2.5000000000000000E+10   1.0803200818031803E-12   9.2565158867627771E+11
   2.6000000000000000E+10   1.0398143212456423E-12   9.6171016263947327E+11
   2.7000000000000000E+10   1.0022498563969597E-12   9.9775519409396814E+11
   2.8000000000000000E+10   9.6731661458493521E-13   1.0337876812227495E+12
   2.9000000000000000E+10   9.3474670943264662E-13   1.0698085266402914E+12
   3.0000000000000000E+10   9.0430749354989830E-13   1.1058185485939707E+12
   3.1000000000000000E+10   8.7579594149847440E-13   1.1418184906052595E+12
   3.2000000000000000E+10   8.4903407487592785E-13   1.1778090298038196E+12
   3.3000000000000000E+10   8.2386521058651199E-13   1.2137907841600657E+12
   3.4000000000000000E+10   8.0015086442261591E-13   1.2497643187845510E+12
   3.5000000000000000E+10   7.7776818011581137E-13   1.2857301514329089E+12
   3.6000000000000000E+10   7.5660778262126379E-13   1.3216887573314475E+12
   3.7000000000000000E+10   7.3657197610216868E-13   1.3576405734193882E+12
   3.8000000000000000E+10   7.1757322368446303E-13   1.3935860020882385E+12
   3.9000000000000000E+10   6.9953285885409248E-13   1.4295254144860386E+12
   4.0000000000000000E+10   6.8237998831287798E-13   1.4654591534438291E+12
   4.1000000000000000E+10   6.6605055388672701E-13   1.5013875360729253E+12
   4.2000000000000000E+10   6.5048652720340519E-13   1.5373108560745073E+12
   4.3000000000000000E+10   6.3563521569998644E-13   1.5732293858180293E+12
   4.4000000000000000E+10   6.2144866244642267E-13   1.6091433780923357E+12
   4.5000000000000000E+10   6.0788312518971650E-13   1.6450530678704175E+12
   4.6000000000000000E+10   5.9489862282189363E-13   1.6809586736921892E+12
   4.7000000000000000E+10   5.8245853919414989E-13   1.7168603989968665E+12
   4.8000000000000000E+10   5.7052927602738284E-13   1.7527584332973032E+12
   4.9000000000000000E+10   5.5907994795377675E-13   1.7886529532314358E+12
   5.0000000000000000E+10   5.4808211383776454E-13   1.8245441235033733E+12
   5.1000000000000000E+10   5.3750953943592235E-13   1.8604320977250532E+12
   5.2000000000000000E+10   5.2733798720997980E-13   1.8963170191678452E+12
   5.3000000000000000E+10   5.1754502973439864E-13   1.9321990214323860E+12
   5.4000000000000000E+10   5.0810988366346713E-13   1.9680782290437065E+12
   5.5000000000000000E+10   4.9901326166119188E-13   2.0039547579778679E+12
   5.6000000000000000E+10   4.9023724006565411E-13   2.0398287161254355E+12
   5.7000000000000000E+10   4.8176514037006883E-13   2.0757002036964490E+12
   5.8000000000000000E+10   4.7358142286548780E-13   2.1115693135708831E+12
   5.9000000000000000E+10   4.6567159101296334E-13   2.1474361315980779E+12
   6.0000000000000000E+10   4.5802210530265465E-13   2.1833007368480918E+12
   6.1000000000000000E+10   4.5062030551920297E-13   2.2191632018175566E+12
   6.2000000000000000E+10   4.4345434047120926E-13   2.2550235925922207E+12
   6.3000000000000000E+10   4.3651310436148997E-13   2.2908819689680366E+12
   6.4000000000000000E+10   4.2978617907701410E-13   2.3267383845323896E+12
   6.5000000000000000E+10   4.2326378176558083E-13   2.3625928867068462E+12
   6.6000000000000000E+10   4.1693671714252717E-13   2.3984455167525015E+12
   6.7000000000000000E+10   4.1079633403676828E-13   2.4342963097389648E+12
   6.8000000000000000E+10   4.0483448574284075E-13   2.4701452944777559E+12
   6.9000000000000000E+10   3.9904349379552253E-13   2.5059924934208276E+12
   7.0000000000000000E+10   3.9341611482713844E-13   2.5418379225248213E+12
   7.1000000000000000E+10   3.8794551020570801E-13   2.5776815910815679E+12
   7.2000000000000000E+10   3.8262521818541427E-13   2.6135235015153018E+12
   7.3000000000000000E+10   3.7744912833009871E-13   2.6493636491470410E+12
   7.4000000000000000E+10   3.7241145799620272E-13   2.6852020219265020E+12
   7.5000000000000000E+10   3.6750673068419155E-13   2.7210386001319990E+12
   7.6000000000000000E+10   3.6272975608748523E-13   2.7568733560386880E+12
   7.7000000000000000E+10   3.5807561168555180E-13   2.7927062535556362E+12
   7.8000000000000000E+10   3.5353962574345343E-13   2.8285372478321616E+12
   7.9000000000000000E+10   3.4911736159398966E-13   2.8643662848339307E+12
   8.0000000000000000E+10   3.4480460309087601E-13   2.9001933008894380E+12
   8.1000000000000000E+10   3.4059734113235688E-13   2.9360182222074302E+12
   8.2000000000000000E+10   3.3649176116439121E-13   2.9718409643660059E+12
   8.3000000000000000E+10   3.3248423158125492E-13   3.0076614317741348E+12
   8.4000000000000000E+10   3.2857129294916994E-13   3.0434795171065063E+12
   8.5000000000000000E+10   3.2474964798554102E-13   3.0792951007125454E+12
   8.6000000000000000E+10   3.2101615223259312E-13   3.1151080500006973E+12
   8.7000000000000000E+10   3.1736780536980646E-13   3.1509182187990688E+12
   8.8000000000000000E+10   3.1380174311456730E-13   3.1867254466936011E+12
   8.9000000000000000E+10   3.1031522966496438E-13   3.2225295583451138E+12
   9.0000000000000000E+10   3.0690565064274121E-13   3.2583303627865337E+12
   9.1000000000000000E+10   3.0357050649807005E-13   3.2941276527018530E+12
   9.2000000000000000E+10   3.0030740634114070E-13   3.3299212036882915E+12
   9.3000000000000000E+10   2.9711406216853979E-13   3.3657107735033560E+12
   9.4000000000000000E+10   2.9398828345511358E-13   3.4014961012984761E+12
   9.5000000000000000E+10   2.9092797208446228E-13   3.4372769068409824E+12
   9.6000000000000000E+10   2.8793111759343197E-13   3.4730528897263281E+12
   9.7000000000000000E+10   2.8499579270800380E-13   3.5088237285824194E+12
   9.8000000000000000E+10   2.8212014914980929E-13   3.5445890802680239E+12
   9.9000000000000000E+10   2.7930241369417512E-13   3.5803485790672754E+12
   1.0000000000000000E+11   2.7654088446211963E-13   3.6161018358823521E+12
