   1.0000000000000000E+00   0.0000000000000000E+00   1.0000000000000000E+30
   2.0000000000000000E+00   0.0000000000000000E+00   1.0000000000000000E+30
   3.0000000000000000E+00   0.0000000000000000E+00   1.0000000000000000E+30
   4.0000000000000000E+00   0.0000000000000000E+00   1.0000000000000000E+30
   5.0000000000000000E+00   0.0000000000000000E+00   1.0000000000000000E+30
   5.1389999999999993E+00   0.0000000000000000E+00   1.0000000000000000E+30
   5.1410000000000000E+00   0.0000000000000000E+00   1.0000000000000000E+30
   6.0000000000000000E+00   0.0000000000000000E+00   1.0000000000000000E+30
   7.0000000000000000E+00   0.0000000000000000E+00   1.0000000000000000E+30
   8.0000000000000000E+00   0.0000000000000000E+00   1.0000000000000000E+30
   9.0000000000000000E+00   0.0000000000000000E+00   1.0000000000000000E+30
   1.0000000000000000E+01   0.0000000000000000E+00   1.0000000000000000E+30
   1.1000000000000000E+01   0.0000000000000000E+00   1.0000000000000000E+30
   1.2000000000000000E+01   0.0000000000000000E+00   1.0000000000000000E+30
   1.3000000000000000E+01   0.0000000000000000E+00   1.0000000000000000E+30
   1.4000000000000000E+01   0.0000000000000000E+00   1.0000000000000000E+30
   1.5000000000000000E+01   0.0000000000000000E+00   1.0000000000000000E+30
   1.6000000000000000E+01   0.0000000000000000E+00   1.0000000000000000E+30
   1.7000000000000000E+01   0.0000000000000000E+00   1.0000000000000000E+30
   1.8000000000000000E+01   0.0000000000000000E+00   1.0000000000000000E+30
   1.9000000000000000E+01   0.0000000000000000E+00   1.0000000000000000E+30
   2.0000000000000000E+01   0.0000000000000000E+00   1.0000000000000000E+30
   2.1000000000000000E+01   0.0000000000000000E+00   1.0000000000000000E+30
   2.2000000000000000E+01   0.0000000000000000E+00   1.0000000000000000E+30
   2.3000000000000000E+01   0.0000000000000000E+00   1.0000000000000000E+30
   2.4000000000000000E+01   0.0000000000000000E+00   1.0000000000000000E+30
   2.5000000000000000E+01   0.0000000000000000E+00   1.0000000000000000E+30
   2.6000000000000000E+01   0.0000000000000000E+00   1.0000000000000000E+30
   2.7000000000000000E+01   0.0000000000000000E+00   1.0000000000000000E+30
   2.8000000000000000E+01   0.0000000000000000E+00   1.0000000000000000E+30
   2.9000000000000000E+01   0.0000000000000000E+00   1.0000000000000000E+30
   3.0000000000000000E+01   0.0000000000000000E+00   1.0000000000000000E+30
   3.1000000000000000E+01   0.0000000000000000E+00   1.0000000000000000E+30
   3.2000000000000000E+01   0.0000000000000000E+00   1.0000000000000000E+30
   3.3000000000000000E+01   0.0000000000000000E+00   1.0000000000000000E+30
   3.3999000000000002E+01   0.0000000000000000E+00   1.0000000000000000E+30
   3.4000999999999998E+01   0.0000000000000000E+00   1.0000000000000000E+30
   3.5000000000000000E+01   0.0000000000000000E+00   1.0000000000000000E+30
   3.6000000000000000E+01   0.0000000000000000E+00   1.0000000000000000E+30
   3.7000000000000000E+01   0.0000000000000000E+00   1.0000000000000000E+30
   3.8000000000000000E+01   0.0000000000000000E+00   1.0000000000000000E+30
   3.9000000000000000E+01   0.0000000000000000E+00   1.0000000000000000E+30
   4.0000000000000000E+01   0.0000000000000000E+00   1.0000000000000000E+30
   4.1000000000000000E+01   0.0000000000000000E+00   1.0000000000000000E+30
   4.2000000000000000E+01   0.0000000000000000E+00   1.0000000000000000E+30
   4.3000000000000000E+01   0.0000000000000000E+00   1.0000000000000000E+30
   4.4000000000000000E+01   0.0000000000000000E+00   1.0000000000000000E+30
   4.5000000000000000E+01   0.0000000000000000E+00   1.0000000000000000E+30
   4.6000000000000000E+01   0.0000000000000000E+00   1.0000000000000000E+30
   4.7000000000000000E+01   0.0000000000000000E+00   1.0000000000000000E+30
   4.8000000000000000E+01   0.0000000000000000E+00   1.0000000000000000E+30
   4.9000000000000000E+01   0.0000000000000000E+00   1.0000000000000000E+30
   5.0000000000000000E+01   0.0000000000000000E+00   1.0000000000000000E+30
   5.1000000000000000E+01   0.0000000000000000E+00   1.0000000000000000E+30
   5.2000000000000000E+01   0.0000000000000000E+00   1.0000000000000000E+30
   5.3000000000000000E+01   0.0000000000000000E+00   1.0000000000000000E+30
   5.4000000000000000E+01   0.0000000000000000E+00   1.0000000000000000E+30
   5.5000000000000000E+01   0.0000000000000000E+00   1.0000000000000000E+30
   5.6000000000000000E+01   0.0000000000000000E+00   1.0000000000000000E+30
   5.7000000000000000E+01   0.0000000000000000E+00   1.0000000000000000E+30
   5.8000000000000000E+01   0.0000000000000000E+00   1.0000000000000000E+30
   5.9000000000000000E+01   0.0000000000000000E+00   1.0000000000000000E+30
   6.0000000000000000E+01   0.0000000000000000E+00   1.0000000000000000E+30
   6.1000000000000000E+01   0.0000000000000000E+00   1.0000000000000000E+30
   6.2000000000000000E+01   0.0000000000000000E+00   1.0000000000000000E+30
   6.3000000000000000E+01   0.0000000000000000E+00   1.0000000000000000E+30
   6.4000000000000000E+01   0.0000000000000000E+00   1.0000000000000000E+30
   6.5000000000000000E+01   0.0000000000000000E+00   1.0000000000000000E+30
   6.5998999999999995E+01   0.0000000000000000E+00   1.0000000000000000E+30
   6.6001000000000005E+01   0.0000000000000000E+00   1.0000000000000000E+30
   6.7000000000000000E+01   0.0000000000000000E+00   1.0000000000000000E+30
   6.8000000000000000E+01   0.0000000000000000E+00   1.0000000000000000E+30
   6.9000000000000000E+01   0.0000000000000000E+00   1.0000000000000000E+30
   7.0000000000000000E+01   0.0000000000000000E+00   1.0000000000000000E+30
   7.1000000000000000E+01   0.0000000000000000E+00   1.0000000000000000E+30
   7.2000000000000000E+01   0.0000000000000000E+00   1.0000000000000000E+30
   7.3000000000000000E+01   0.0000000000000000E+00   1.0000000000000000E+30
   7.4000000000000000E+01   0.0000000000000000E+00   1.0000000000000000E+30
   7.5000000000000000E+01   0.0000000000000000E+00   1.0000000000000000E+30
   7.6000000000000000E+01   0.0000000000000000E+00   1.0000000000000000E+30
   7.7000000000000000E+01   0.0000000000000000E+00   1.0000000000000000E+30
   7.8000000000000000E+01   0.0000000000000000E+00   1.0000000000000000E+30
   7.9000000000000000E+01   0.0000000000000000E+00   1.0000000000000000E+30
   8.0000000000000000E+01   0.0000000000000000E+00   1.0000000000000000E+30
   8.1000000000000000E+01   0.0000000000000000E+00   1.0000000000000000E+30
   8.2000000000000000E+01   0.0000000000000000E+00   1.0000000000000000E+30
   8.3000000000000000E+01   0.0000000000000000E+00   1.0000000000000000E+30
   8.4000000000000000E+01   0.0000000000000000E+00   1.0000000000000000E+30
   8.5000000000000000E+01   0.0000000000000000E+00   1.0000000000000000E+30
   8.6000000000000000E+01   0.0000000000000000E+00   1.0000000000000000E+30
   8.7000000000000000E+01   0.0000000000000000E+00   1.0000000000000000E+30
   8.8000000000000000E+01   0.0000000000000000E+00   1.0000000000000000E+30
   8.9000000000000000E+01   0.0000000000000000E+00   1.0000000000000000E+30
   9.0000000000000000E+01   0.0000000000000000E+00   1.0000000000000000E+30
   9.1000000000000000E+01   0.0000000000000000E+00   1.0000000000000000E+30
   9.2000000000000000E+01   0.0000000000000000E+00   1.0000000000000000E+30
   9.3000000000000000E+01   0.0000000000000000E+00   1.0000000000000000E+30
   9.4000000000000000E+01   0.0000000000000000E+00   1.0000000000000000E+30
   9.5000000000000000E+01   0.0000000000000000E+00   1.0000000000000000E+30
   9.6000000000000000E+01   0.0000000000000000E+00   1.0000000000000000E+30
   9.7000000000000000E+01   0.0000000000000000E+00   1.0000000000000000E+30
   9.8000000000000000E+01   0.0000000000000000E+00   1.0000000000000000E+30
   9.9000000000000000E+01   0.0000000000000000E+00   1.0000000000000000E+30
   1.0000000000000000E+02   0.0000000000000000E+00   1.0000000000000000E+30
   1.1000000000000000E+02   0.0000000000000000E+00   1.0000000000000000E+30
   1.2000000000000000E+02   0.0000000000000000E+00   1.0000000000000000E+30
   1.3000000000000000E+02   0.0000000000000000E+00   1.0000000000000000E+30
   1.4000000000000000E+02   0.0000000000000000E+00   1.0000000000000000E+30
   1.5000000000000000E+02   0.0000000000000000E+00   1.0000000000000000E+30
   1.6000000000000000E+02   0.0000000000000000E+00   1.0000000000000000E+30
   1.7000000000000000E+02   0.0000000000000000E+00   1.0000000000000000E+30
   1.8000000000000000E+02   0.0000000000000000E+00   1.0000000000000000E+30
   1.9000000000000000E+02   0.0000000000000000E+00   1.0000000000000000E+30
   2.0000000000000000E+02   0.0000000000000000E+00   1.0000000000000000E+30
   2.1000000000000000E+02   0.0000000000000000E+00   1.0000000000000000E+30
   2.2000000000000000E+02   0.0000000000000000E+00   1.0000000000000000E+30
   2.3000000000000000E+02   0.0000000000000000E+00   1.0000000000000000E+30
   2.4000000000000000E+02   0.0000000000000000E+00   1.0000000000000000E+30
   2.5000000000000000E+02   0.0000000000000000E+00   1.0000000000000000E+30
   2.6000000000000000E+02   0.0000000000000000E+00   1.0000000000000000E+30
   2.7000000000000000E+02   0.0000000000000000E+00   1.0000000000000000E+30
   2.8000000000000000E+02   0.0000000000000000E+00   1.0000000000000000E+30
   2.9000000000000000E+02   0.0000000000000000E+00   1.0000000000000000E+30
   3.0000000000000000E+02   0.0000000000000000E+00   1.0000000000000000E+30
   3.1000000000000000E+02   0.0000000000000000E+00   1.0000000000000000E+30
   3.2000000000000000E+02   0.0000000000000000E+00   1.0000000000000000E+30
   3.3000000000000000E+02   0.0000000000000000E+00   1.0000000000000000E+30
   3.4000000000000000E+02   0.0000000000000000E+00   1.0000000000000000E+30
   3.5000000000000000E+02   0.0000000000000000E+00   1.0000000000000000E+30
   3.6000000000000000E+02   0.0000000000000000E+00   1.0000000000000000E+30
   3.7000000000000000E+02   0.0000000000000000E+00   1.0000000000000000E+30
   3.8000000000000000E+02   0.0000000000000000E+00   1.0000000000000000E+30
   3.9000000000000000E+02   0.0000000000000000E+00   1.0000000000000000E+30
   4.0000000000000000E+02   0.0000000000000000E+00   1.0000000000000000E+30
   4.1000000000000000E+02   0.0000000000000000E+00   1.0000000000000000E+30
   4.2000000000000000E+02   0.0000000000000000E+00   1.0000000000000000E+30
   4.3000000000000000E+02   0.0000000000000000E+00   1.0000000000000000E+30
   4.4000000000000000E+02   0.0000000000000000E+00   1.0000000000000000E+30
   4.5000000000000000E+02   0.0000000000000000E+00   1.0000000000000000E+30
   4.6000000000000000E+02   0.0000000000000000E+00   1.0000000000000000E+30
   4.7000000000000000E+02   0.0000000000000000E+00   1.0000000000000000E+30
   4.8000000000000000E+02   0.0000000000000000E+00   1.0000000000000000E+30
   4.9000000000000000E+02   0.0000000000000000E+00   1.0000000000000000E+30
   5.0000000000000000E+02   0.0000000000000000E+00   1.0000000000000000E+30
   5.1000000000000000E+02   0.0000000000000000E+00   1.0000000000000000E+30
   5.2000000000000000E+02   0.0000000000000000E+00   1.0000000000000000E+30
   5.3000000000000000E+02   0.0000000000000000E+00   1.0000000000000000E+30
   5.4000000000000000E+02   0.0000000000000000E+00   1.0000000000000000E+30
   5.5000000000000000E+02   0.0000000000000000E+00   1.0000000000000000E+30
   5.6000000000000000E+02   0.0000000000000000E+00   1.0000000000000000E+30
   5.7000000000000000E+02   0.0000000000000000E+00   1.0000000000000000E+30
   5.8000000000000000E+02   0.0000000000000000E+00   1.0000000000000000E+30
   5.9000000000000000E+02   0.0000000000000000E+00   1.0000000000000000E+30
   6.0000000000000000E+02   0.0000000000000000E+00   1.0000000000000000E+30
   6.1000000000000000E+02   0.0000000000000000E+00   1.0000000000000000E+30
   6.2000000000000000E+02   0.0000000000000000E+00   1.0000000000000000E+30
   6.3000000000000000E+02   0.0000000000000000E+00   1.0000000000000000E+30
   6.4000000000000000E+02   0.0000000000000000E+00   1.0000000000000000E+30
   6.5000000000000000E+02   0.0000000000000000E+00   1.0000000000000000E+30
   6.6000000000000000E+02   0.0000000000000000E+00   1.0000000000000000E+30
   6.7000000000000000E+02   0.0000000000000000E+00   1.0000000000000000E+30
   6.8000000000000000E+02   0.0000000000000000E+00   1.0000000000000000E+30
   6.9000000000000000E+02   0.0000000000000000E+00   1.0000000000000000E+30
   7.0000000000000000E+02   0.0000000000000000E+00   1.0000000000000000E+30
   7.1000000000000000E+02   0.0000000000000000E+00   1.0000000000000000E+30
   7.2000000000000000E+02   0.0000000000000000E+00   1.0000000000000000E+30
   7.3000000000000000E+02   0.0000000000000000E+00   1.0000000000000000E+30
   7.4000000000000000E+02   0.0000000000000000E+00   1.0000000000000000E+30
   7.5000000000000000E+02   0.0000000000000000E+00   1.0000000000000000E+30
   7.6000000000000000E+02   0.0000000000000000E+00   1.0000000000000000E+30
   7.7000000000000000E+02   0.0000000000000000E+00   1.0000000000000000E+30
   7.8000000000000000E+02   0.0000000000000000E+00   1.0000000000000000E+30
   7.9000000000000000E+02   0.0000000000000000E+00   1.0000000000000000E+30
   8.0000000000000000E+02   0.0000000000000000E+00   1.0000000000000000E+30
   8.1000000000000000E+02   0.0000000000000000E+00   1.0000000000000000E+30
   8.2000000000000000E+02   0.0000000000000000E+00   1.0000000000000000E+30
   8.3000000000000000E+02   0.0000000000000000E+00   1.0000000000000000E+30
   8.4000000000000000E+02   0.0000000000000000E+00   1.0000000000000000E+30
   8.5000000000000000E+02   0.0000000000000000E+00   1.0000000000000000E+30
   8.6000000000000000E+02   0.0000000000000000E+00   1.0000000000000000E+30
   8.7000000000000000E+02   0.0000000000000000E+00   1.0000000000000000E+30
   8.8000000000000000E+02   0.0000000000000000E+00   1.0000000000000000E+30
   8.9000000000000000E+02   0.0000000000000000E+00   1.0000000000000000E+30
   9.0000000000000000E+02   0.0000000000000000E+00   1.0000000000000000E+30
   9.1000000000000000E+02   0.0000000000000000E+00   1.0000000000000000E+30
   9.2000000000000000E+02   0.0000000000000000E+00   1.0000000000000000E+30
   9.3000000000000000E+02   0.0000000000000000E+00   1.0000000000000000E+30
   9.4000000000000000E+02   0.0000000000000000E+00   1.0000000000000000E+30
   9.5000000000000000E+02   0.0000000000000000E+00   1.0000000000000000E+30
   9.6000000000000000E+02   0.0000000000000000E+00   1.0000000000000000E+30
   9.7000000000000000E+02   0.0000000000000000E+00   1.0000000000000000E+30
   9.8000000000000000E+02   0.0000000000000000E+00   1.0000000000000000E+30
   9.9000000000000000E+02   0.0000000000000000E+00   1.0000000000000000E+30
   1.0000000000000000E+03   0.0000000000000000E+00   1.0000000000000000E+30
   1.0749990000000000E+03   0.0000000000000000E+00   1.0000000000000000E+30
   1.0750010000000000E+03   0.0000000000000000E+00   1.0000000000000000E+30
   1.1000000000000000E+03   0.0000000000000000E+00   1.0000000000000000E+30
   1.2000000000000000E+03   0.0000000000000000E+00   1.0000000000000000E+30
   1.3000000000000000E+03   0.0000000000000000E+00   1.0000000000000000E+30
   1.4000000000000000E+03   0.0000000000000000E+00   1.0000000000000000E+30
   1.5000000000000000E+03   0.0000000000000000E+00   1.0000000000000000E+30
   1.6000000000000000E+03   0.0000000000000000E+00   1.0000000000000000E+30
   1.7000000000000000E+03   0.0000000000000000E+00   1.0000000000000000E+30
   1.8000000000000000E+03   0.0000000000000000E+00   1.0000000000000000E+30
   1.9000000000000000E+03   0.0000000000000000E+00   1.0000000000000000E+30
   2.0000000000000000E+03   0.0000000000000000E+00   1.0000000000000000E+30
   2.1000000000000000E+03   0.0000000000000000E+00   1.0000000000000000E+30
   2.2000000000000000E+03   0.0000000000000000E+00   1.0000000000000000E+30
   2.3000000000000000E+03   0.0000000000000000E+00   1.0000000000000000E+30
   2.4000000000000000E+03   0.0000000000000000E+00   1.0000000000000000E+30
   2.5000000000000000E+03   0.0000000000000000E+00   1.0000000000000000E+30
   2.6000000000000000E+03   0.0000000000000000E+00   1.0000000000000000E+30
   2.7000000000000000E+03   0.0000000000000000E+00   1.0000000000000000E+30
   2.8000000000000000E+03   0.0000000000000000E+00   1.0000000000000000E+30
   2.9000000000000000E+03   0.0000000000000000E+00   1.0000000000000000E+30
   3.0000000000000000E+03   0.0000000000000000E+00   1.0000000000000000E+30
   3.1000000000000000E+03   0.0000000000000000E+00   1.0000000000000000E+30
   3.2000000000000000E+03   0.0000000000000000E+00   1.0000000000000000E+30
   3.3000000000000000E+03   0.0000000000000000E+00   1.0000000000000000E+30
   3.4000000000000000E+03   0.0000000000000000E+00   1.0000000000000000E+30
   3.5000000000000000E+03   0.0000000000000000E+00   1.0000000000000000E+30
   3.6000000000000000E+03   0.0000000000000000E+00   1.0000000000000000E+30
   3.7000000000000000E+03   0.0000000000000000E+00   1.0000000000000000E+30
   3.8000000000000000E+03   0.0000000000000000E+00   1.0000000000000000E+30
   3.9000000000000000E+03   0.0000000000000000E+00   1.0000000000000000E+30
   4.0000000000000000E+03   0.0000000000000000E+00   1.0000000000000000E+30
   4.1000000000000000E+03   0.0000000000000000E+00   1.0000000000000000E+30
   4.2000000000000000E+03   0.0000000000000000E+00   1.0000000000000000E+30
   4.3000000000000000E+03   0.0000000000000000E+00   1.0000000000000000E+30
   4.4000000000000000E+03   0.0000000000000000E+00   1.0000000000000000E+30
   4.5000000000000000E+03   0.0000000000000000E+00   1.0000000000000000E+30
   4.6000000000000000E+03   0.0000000000000000E+00   1.0000000000000000E+30
   4.7000000000000000E+03   0.0000000000000000E+00   1.0000000000000000E+30
   4.8000000000000000E+03   0.0000000000000000E+00   1.0000000000000000E+30
   4.9000000000000000E+03   0.0000000000000000E+00   1.0000000000000000E+30
   5.0000000000000000E+03   0.0000000000000000E+00   1.0000000000000000E+30
   5.1000000000000000E+03   0.0000000000000000E+00   1.0000000000000000E+30
   5.2000000000000000E+03   0.0000000000000000E+00   1.0000000000000000E+30
   5.3000000000000000E+03   0.0000000000000000E+00   1.0000000000000000E+30
   5.4000000000000000E+03   0.0000000000000000E+00   1.0000000000000000E+30
   5.5000000000000000E+03   0.0000000000000000E+00   1.0000000000000000E+30
   5.6000000000000000E+03   0.0000000000000000E+00   1.0000000000000000E+30
   5.7000000000000000E+03   0.0000000000000000E+00   1.0000000000000000E+30
   5.8000000000000000E+03   0.0000000000000000E+00   1.0000000000000000E+30
   5.9000000000000000E+03   0.0000000000000000E+00   1.0000000000000000E+30
   6.0000000000000000E+03   0.0000000000000000E+00   1.0000000000000000E+30
   6.1000000000000000E+03   0.0000000000000000E+00   1.0000000000000000E+30
   6.2000000000000000E+03   0.0000000000000000E+00   1.0000000000000000E+30
   6.3000000000000000E+03   0.0000000000000000E+00   1.0000000000000000E+30
   6.4000000000000000E+03   0.0000000000000000E+00   1.0000000000000000E+30
   6.5000000000000000E+03   0.0000000000000000E+00   1.0000000000000000E+30
   6.6000000000000000E+03   0.0000000000000000E+00   1.0000000000000000E+30
   6.7000000000000000E+03   0.0000000000000000E+00   1.0000000000000000E+30
   6.8000000000000000E+03   0.0000000000000000E+00   1.0000000000000000E+30
   6.9000000000000000E+03   0.0000000000000000E+00   1.0000000000000000E+30
   7.0000000000000000E+03   0.0000000000000000E+00   1.0000000000000000E+30
   7.1000000000000000E+03   0.0000000000000000E+00   1.0000000000000000E+30
   7.2000000000000000E+03   0.0000000000000000E+00   1.0000000000000000E+30
   7.3000000000000000E+03   0.0000000000000000E+00   1.0000000000000000E+30
   7.4000000000000000E+03   0.0000000000000000E+00   1.0000000000000000E+30
   7.5000000000000000E+03   0.0000000000000000E+00   1.0000000000000000E+30
   7.6000000000000000E+03   0.0000000000000000E+00   1.0000000000000000E+30
   7.7000000000000000E+03   0.0000000000000000E+00   1.0000000000000000E+30
   7.8000000000000000E+03   0.0000000000000000E+00   1.0000000000000000E+30
   7.9000000000000000E+03   0.0000000000000000E+00   1.0000000000000000E+30
   8.0000000000000000E+03   0.0000000000000000E+00   1.0000000000000000E+30
   8.1000000000000000E+03   0.0000000000000000E+00   1.0000000000000000E+30
   8.2000000000000000E+03   0.0000000000000000E+00   1.0000000000000000E+30
   8.3000000000000000E+03   0.0000000000000000E+00   1.0000000000000000E+30
   8.4000000000000000E+03   0.0000000000000000E+00   1.0000000000000000E+30
   8.5000000000000000E+03   0.0000000000000000E+00   1.0000000000000000E+30
   8.6000000000000000E+03   0.0000000000000000E+00   1.0000000000000000E+30
   8.7000000000000000E+03   0.0000000000000000E+00   1.0000000000000000E+30
   8.8000000000000000E+03   0.0000000000000000E+00   1.0000000000000000E+30
   8.9000000000000000E+03   0.0000000000000000E+00   1.0000000000000000E+30
   9.0000000000000000E+03   0.0000000000000000E+00   1.0000000000000000E+30
   9.1000000000000000E+03   0.0000000000000000E+00   1.0000000000000000E+30
   9.2000000000000000E+03   0.0000000000000000E+00   1.0000000000000000E+30
   9.3000000000000000E+03   0.0000000000000000E+00   1.0000000000000000E+30
   9.4000000000000000E+03   0.0000000000000000E+00   1.0000000000000000E+30
   9.5000000000000000E+03   0.0000000000000000E+00   1.0000000000000000E+30
   9.6000000000000000E+03   0.0000000000000000E+00   1.0000000000000000E+30
   9.7000000000000000E+03   0.0000000000000000E+00   1.0000000000000000E+30
   9.8000000000000000E+03   0.0000000000000000E+00   1.0000000000000000E+30
   9.9000000000000000E+03   0.0000000000000000E+00   1.0000000000000000E+30
   1.0000000000000000E+04   0.0000000000000000E+00   1.0000000000000000E+30
   1.1000000000000000E+04   0.0000000000000000E+00   1.0000000000000000E+30
   1.2000000000000000E+04   0.0000000000000000E+00   1.0000000000000000E+30
   1.3000000000000000E+04   0.0000000000000000E+00   1.0000000000000000E+30
   1.4000000000000000E+04   0.0000000000000000E+00   1.0000000000000000E+30
   1.5000000000000000E+04   0.0000000000000000E+00   1.0000000000000000E+30
   1.6000000000000000E+04   0.0000000000000000E+00   1.0000000000000000E+30
   1.7000000000000000E+04   0.0000000000000000E+00   1.0000000000000000E+30
   1.8000000000000000E+04   0.0000000000000000E+00   1.0000000000000000E+30
   1.9000000000000000E+04   0.0000000000000000E+00   1.0000000000000000E+30
   2.0000000000000000E+04   0.0000000000000000E+00   1.0000000000000000E+30
   2.1000000000000000E+04   0.0000000000000000E+00   1.0000000000000000E+30
   2.2000000000000000E+04   0.0000000000000000E+00   1.0000000000000000E+30
   2.3000000000000000E+04   0.0000000000000000E+00   1.0000000000000000E+30
   2.4000000000000000E+04   0.0000000000000000E+00   1.0000000000000000E+30
   2.5000000000000000E+04   0.0000000000000000E+00   1.0000000000000000E+30
   2.6000000000000000E+04   0.0000000000000000E+00   1.0000000000000000E+30
   2.7000000000000000E+04   0.0000000000000000E+00   1.0000000000000000E+30
   2.8000000000000000E+04   0.0000000000000000E+00   1.0000000000000000E+30
   2.9000000000000000E+04   0.0000000000000000E+00   1.0000000000000000E+30
   3.0000000000000000E+04   0.0000000000000000E+00   1.0000000000000000E+30
   3.1000000000000000E+04   0.0000000000000000E+00   1.0000000000000000E+30
   3.2000000000000000E+04   0.0000000000000000E+00   1.0000000000000000E+30
   3.3000000000000000E+04   0.0000000000000000E+00   1.0000000000000000E+30
   3.4000000000000000E+04   0.0000000000000000E+00   1.0000000000000000E+30
   3.5000000000000000E+04   0.0000000000000000E+00   1.0000000000000000E+30
   3.6000000000000000E+04   0.0000000000000000E+00   1.0000000000000000E+30
   3.7000000000000000E+04   0.0000000000000000E+00   1.0000000000000000E+30
   3.8000000000000000E+04   0.0000000000000000E+00   1.0000000000000000E+30
   3.9000000000000000E+04   0.0000000000000000E+00   1.0000000000000000E+30
   4.0000000000000000E+04   0.0000000000000000E+00   1.0000000000000000E+30
   4.1000000000000000E+04   0.0000000000000000E+00   1.0000000000000000E+30
   4.2000000000000000E+04   0.0000000000000000E+00   1.0000000000000000E+30
   4.3000000000000000E+04   0.0000000000000000E+00   1.0000000000000000E+30
   4.4000000000000000E+04   0.0000000000000000E+00   1.0000000000000000E+30
   4.5000000000000000E+04   0.0000000000000000E+00   1.0000000000000000E+30
   4.6000000000000000E+04   0.0000000000000000E+00   1.0000000000000000E+30
   4.7000000000000000E+04   0.0000000000000000E+00   1.0000000000000000E+30
   4.8000000000000000E+04   0.0000000000000000E+00   1.0000000000000000E+30
   4.9000000000000000E+04   0.0000000000000000E+00   1.0000000000000000E+30
   5.0000000000000000E+04   0.0000000000000000E+00   1.0000000000000000E+30
   5.1000000000000000E+04   0.0000000000000000E+00   1.0000000000000000E+30
   5.2000000000000000E+04   0.0000000000000000E+00   1.0000000000000000E+30
   5.3000000000000000E+04   0.0000000000000000E+00   1.0000000000000000E+30
   5.4000000000000000E+04   0.0000000000000000E+00   1.0000000000000000E+30
   5.5000000000000000E+04   0.0000000000000000E+00   1.0000000000000000E+30
   5.6000000000000000E+04   0.0000000000000000E+00   1.0000000000000000E+30
   5.7000000000000000E+04   0.0000000000000000E+00   1.0000000000000000E+30
   5.8000000000000000E+04   0.0000000000000000E+00   1.0000000000000000E+30
   5.9000000000000000E+04   0.0000000000000000E+00   1.0000000000000000E+30
   6.0000000000000000E+04   0.0000000000000000E+00   1.0000000000000000E+30
   6.1000000000000000E+04   0.0000000000000000E+00   1.0000000000000000E+30
   6.2000000000000000E+04   0.0000000000000000E+00   1.0000000000000000E+30
   6.3000000000000000E+04   0.0000000000000000E+00   1.0000000000000000E+30
   6.4000000000000000E+04   0.0000000000000000E+00   1.0000000000000000E+30
   6.5000000000000000E+04   0.0000000000000000E+00   1.0000000000000000E+30
   6.6000000000000000E+04   0.0000000000000000E+00   1.0000000000000000E+30
   6.7000000000000000E+04   0.0000000000000000E+00   1.0000000000000000E+30
   6.8000000000000000E+04   0.0000000000000000E+00   1.0000000000000000E+30
   6.9000000000000000E+04   0.0000000000000000E+00   1.0000000000000000E+30
   7.0000000000000000E+04   0.0000000000000000E+00   1.0000000000000000E+30
   7.1000000000000000E+04   0.0000000000000000E+00   1.0000000000000000E+30
   7.2000000000000000E+04   0.0000000000000000E+00   1.0000000000000000E+30
   7.3000000000000000E+04   0.0000000000000000E+00   1.0000000000000000E+30
   7.4000000000000000E+04   0.0000000000000000E+00   1.0000000000000000E+30
   7.5000000000000000E+04   0.0000000000000000E+00   1.0000000000000000E+30
   7.6000000000000000E+04   0.0000000000000000E+00   1.0000000000000000E+30
   7.7000000000000000E+04   0.0000000000000000E+00   1.0000000000000000E+30
   7.8000000000000000E+04   0.0000000000000000E+00   1.0000000000000000E+30
   7.9000000000000000E+04   0.0000000000000000E+00   1.0000000000000000E+30
   8.0000000000000000E+04   0.0000000000000000E+00   1.0000000000000000E+30
   8.1000000000000000E+04   0.0000000000000000E+00   1.0000000000000000E+30
   8.2000000000000000E+04   0.0000000000000000E+00   1.0000000000000000E+30
   8.3000000000000000E+04   0.0000000000000000E+00   1.0000000000000000E+30
   8.4000000000000000E+04   0.0000000000000000E+00   1.0000000000000000E+30
   8.5000000000000000E+04   0.0000000000000000E+00   1.0000000000000000E+30
   8.6000000000000000E+04   0.0000000000000000E+00   1.0000000000000000E+30
   8.7000000000000000E+04   0.0000000000000000E+00   1.0000000000000000E+30
   8.8000000000000000E+04   0.0000000000000000E+00   1.0000000000000000E+30
   8.9000000000000000E+04   0.0000000000000000E+00   1.0000000000000000E+30
   9.0000000000000000E+04   0.0000000000000000E+00   1.0000000000000000E+30
   9.1000000000000000E+04   0.0000000000000000E+00   1.0000000000000000E+30
   9.2000000000000000E+04   0.0000000000000000E+00   1.0000000000000000E+30
   9.3000000000000000E+04   0.0000000000000000E+00   1.0000000000000000E+30
   9.4000000000000000E+04   0.0000000000000000E+00   1.0000000000000000E+30
   9.5000000000000000E+04   0.0000000000000000E+00   1.0000000000000000E+30
   9.6000000000000000E+04   0.0000000000000000E+00   1.0000000000000000E+30
   9.7000000000000000E+04   0.0000000000000000E+00   1.0000000000000000E+30
   9.8000000000000000E+04   0.0000000000000000E+00   1.0000000000000000E+30
   9.9000000000000000E+04   0.0000000000000000E+00   1.0000000000000000E+30
   1.0000000000000000E+05   0.0000000000000000E+00   1.0000000000000000E+30
   1.1000000000000000E+05   0.0000000000000000E+00   1.0000000000000000E+30
   1.2000000000000000E+05   0.0000000000000000E+00   1.0000000000000000E+30
   1.3000000000000000E+05   0.0000000000000000E+00   1.0000000000000000E+30
   1.4000000000000000E+05   0.0000000000000000E+00   1.0000000000000000E+30
   1.5000000000000000E+05   0.0000000000000000E+00   1.0000000000000000E+30
   1.6000000000000000E+05   0.0000000000000000E+00   1.0000000000000000E+30
   1.7000000000000000E+05   0.0000000000000000E+00   1.0000000000000000E+30
   1.8000000000000000E+05   0.0000000000000000E+00   1.0000000000000000E+30
   1.9000000000000000E+05   0.0000000000000000E+00   1.0000000000000000E+30
   2.0000000000000000E+05   0.0000000000000000E+00   1.0000000000000000E+30
   2.1000000000000000E+05   0.0000000000000000E+00   1.0000000000000000E+30
   2.2000000000000000E+05   0.0000000000000000E+00   1.0000000000000000E+30
   2.3000000000000000E+05   0.0000000000000000E+00   1.0000000000000000E+30
   2.4000000000000000E+05   0.0000000000000000E+00   1.0000000000000000E+30
   2.5000000000000000E+05   0.0000000000000000E+00   1.0000000000000000E+30
   2.6000000000000000E+05   0.0000000000000000E+00   1.0000000000000000E+30
   2.7000000000000000E+05   0.0000000000000000E+00   1.0000000000000000E+30
   2.8000000000000000E+05   0.0000000000000000E+00   1.0000000000000000E+30
   2.9000000000000000E+05   0.0000000000000000E+00   1.0000000000000000E+30
   3.0000000000000000E+05   0.0000000000000000E+00   1.0000000000000000E+30
   3.1000000000000000E+05   0.0000000000000000E+00   1.0000000000000000E+30
   3.2000000000000000E+05   0.0000000000000000E+00   1.0000000000000000E+30
   3.3000000000000000E+05   0.0000000000000000E+00   1.0000000000000000E+30
   3.4000000000000000E+05   0.0000000000000000E+00   1.0000000000000000E+30
   3.5000000000000000E+05   0.0000000000000000E+00   1.0000000000000000E+30
   3.6000000000000000E+05   0.0000000000000000E+00   1.0000000000000000E+30
   3.7000000000000000E+05   0.0000000000000000E+00   1.0000000000000000E+30
   3.8000000000000000E+05   0.0000000000000000E+00   1.0000000000000000E+30
   3.9000000000000000E+05   0.0000000000000000E+00   1.0000000000000000E+30
   4.0000000000000000E+05   0.0000000000000000E+00   1.0000000000000000E+30
   4.1000000000000000E+05   0.0000000000000000E+00   1.0000000000000000E+30
   4.2000000000000000E+05   0.0000000000000000E+00   1.0000000000000000E+30
   4.3000000000000000E+05   0.0000000000000000E+00   1.0000000000000000E+30
   4.4000000000000000E+05   0.0000000000000000E+00   1.0000000000000000E+30
   4.5000000000000000E+05   0.0000000000000000E+00   1.0000000000000000E+30
   4.6000000000000000E+05   0.0000000000000000E+00   1.0000000000000000E+30
   4.7000000000000000E+05   0.0000000000000000E+00   1.0000000000000000E+30
   4.8000000000000000E+05   0.0000000000000000E+00   1.0000000000000000E+30
   4.9000000000000000E+05   0.0000000000000000E+00   1.0000000000000000E+30
   5.0000000000000000E+05   0.0000000000000000E+00   1.0000000000000000E+30
   5.1000000000000000E+05   0.0000000000000000E+00   1.0000000000000000E+30
   5.2000000000000000E+05   0.0000000000000000E+00   1.0000000000000000E+30
   5.3000000000000000E+05   0.0000000000000000E+00   1.0000000000000000E+30
   5.4000000000000000E+05   0.0000000000000000E+00   1.0000000000000000E+30
   5.5000000000000000E+05   0.0000000000000000E+00   1.0000000000000000E+30
   5.6000000000000000E+05   0.0000000000000000E+00   1.0000000000000000E+30
   5.7000000000000000E+05   0.0000000000000000E+00   1.0000000000000000E+30
   5.8000000000000000E+05   0.0000000000000000E+00   1.0000000000000000E+30
   5.9000000000000000E+05   0.0000000000000000E+00   1.0000000000000000E+30
   6.0000000000000000E+05   0.0000000000000000E+00   1.0000000000000000E+30
   6.1000000000000000E+05   0.0000000000000000E+00   1.0000000000000000E+30
   6.2000000000000000E+05   0.0000000000000000E+00   1.0000000000000000E+30
   6.3000000000000000E+05   0.0000000000000000E+00   1.0000000000000000E+30
   6.4000000000000000E+05   0.0000000000000000E+00   1.0000000000000000E+30
   6.5000000000000000E+05   0.0000000000000000E+00   1.0000000000000000E+30
   6.6000000000000000E+05   0.0000000000000000E+00   1.0000000000000000E+30
   6.7000000000000000E+05   0.0000000000000000E+00   1.0000000000000000E+30
   6.8000000000000000E+05   0.0000000000000000E+00   1.0000000000000000E+30
   6.9000000000000000E+05   0.0000000000000000E+00   1.0000000000000000E+30
   7.0000000000000000E+05   0.0000000000000000E+00   1.0000000000000000E+30
   7.1000000000000000E+05   0.0000000000000000E+00   1.0000000000000000E+30
   7.2000000000000000E+05   0.0000000000000000E+00   1.0000000000000000E+30
   7.3000000000000000E+05   0.0000000000000000E+00   1.0000000000000000E+30
   7.4000000000000000E+05   0.0000000000000000E+00   1.0000000000000000E+30
   7.5000000000000000E+05   0.0000000000000000E+00   1.0000000000000000E+30
   7.6000000000000000E+05   0.0000000000000000E+00   1.0000000000000000E+30
   7.7000000000000000E+05   0.0000000000000000E+00   1.0000000000000000E+30
   7.8000000000000000E+05   0.0000000000000000E+00   1.0000000000000000E+30
   7.9000000000000000E+05   0.0000000000000000E+00   1.0000000000000000E+30
   8.0000000000000000E+05   0.0000000000000000E+00   1.0000000000000000E+30
   8.1000000000000000E+05   0.0000000000000000E+00   1.0000000000000000E+30
   8.2000000000000000E+05   0.0000000000000000E+00   1.0000000000000000E+30
   8.3000000000000000E+05   0.0000000000000000E+00   1.0000000000000000E+30
   8.4000000000000000E+05   0.0000000000000000E+00   1.0000000000000000E+30
   8.5000000000000000E+05   0.0000000000000000E+00   1.0000000000000000E+30
   8.6000000000000000E+05   0.0000000000000000E+00   1.0000000000000000E+30
   8.7000000000000000E+05   0.0000000000000000E+00   1.0000000000000000E+30
   8.8000000000000000E+05   0.0000000000000000E+00   1.0000000000000000E+30
   8.9000000000000000E+05   0.0000000000000000E+00   1.0000000000000000E+30
   9.0000000000000000E+05   0.0000000000000000E+00   1.0000000000000000E+30
   9.1000000000000000E+05   0.0000000000000000E+00   1.0000000000000000E+30
   9.2000000000000000E+05   0.0000000000000000E+00   1.0000000000000000E+30
   9.3000000000000000E+05   0.0000000000000000E+00   1.0000000000000000E+30
   9.4000000000000000E+05   0.0000000000000000E+00   1.0000000000000000E+30
   9.5000000000000000E+05   0.0000000000000000E+00   1.0000000000000000E+30
   9.6000000000000000E+05   0.0000000000000000E+00   1.0000000000000000E+30
   9.7000000000000000E+05   0.0000000000000000E+00   1.0000000000000000E+30
   9.8000000000000000E+05   0.0000000000000000E+00   1.0000000000000000E+30
   9.9000000000000000E+05   0.0000000000000000E+00   1.0000000000000000E+30
   1.0000000000000000E+06   0.0000000000000000E+00   1.0000000000000000E+30
   1.1000000000000000E+06   5.9742021556700503E-11   1.6738636791038467E+10
   1.2000000000000000E+06   1.1712143390078368E-10   8.5381468335430698E+09
   1.3000000000000000E+06   1.6514790342237032E-10   6.0551782933778610E+09
   1.4000000000000000E+06   2.0994667639760533E-10   4.7631142209946709E+09
   1.5000000000000000E+06   2.5412556902265343E-10   3.9350625119932642E+09
   1.6000000000000000E+06   2.9868607454863129E-10   3.3479967270358391E+09
   1.7000000000000000E+06   3.4389942701311896E-10   2.9078268861490498E+09
   1.8000000000000000E+06   3.8971781646667576E-10   2.5659591574908376E+09
   1.9000000000000000E+06   4.3596907958162107E-10   2.2937406500471382E+09
   2.0000000000000000E+06   4.8244788094035246E-10   2.0727627574005976E+09
   2.1000000000000000E+06   5.2895665002619626E-10   1.8905140902387290E+09
   2.2000000000000000E+06   5.7532205764083748E-10   1.7381568926812832E+09
   2.3000000000000000E+06   6.2139974765827378E-10   1.6092700451979101E+09
   2.4000000000000000E+06   6.6707365832903273E-10   1.4990848274610660E+09
   2.5000000000000000E+06   7.1225308697479713E-10   1.4039953189214957E+09
   2.6000000000000000E+06   7.5686904493053718E-10   1.3212325258879845E+09
   2.7000000000000000E+06   8.0087063228486162E-10   1.2486411159153483E+09
   2.8000000000000000E+06   8.4422174733195680E-10   1.1845229090110013E+09
   2.9000000000000000E+06   8.8689823849325632E-10   1.1275250717589555E+09
   3.0000000000000000E+06   9.2888550666949886E-10   1.0765589438309581E+09
   3.1000000000000000E+06   9.7017652152952609E-10   1.0307402599513087E+09
   3.2000000000000000E+06   1.0107701988887704E-09   9.8934456229456425E+08
   3.3000000000000000E+06   1.0506700837765615E-09   9.5177355426888025E+08
   3.4000000000000000E+06   1.0898832875602741E-09   9.1752943770568359E+08
   3.5000000000000000E+06   1.1284196337346459E-09   8.8619514416846430E+08
   3.6000000000000000E+06   1.1662909737731487E-09   8.5741896532460582E+08
   3.7000000000000000E+06   1.2035106408702623E-09   8.3090249977091777E+08
   3.8000000000000000E+06   1.2400930151074050E-09   8.0639112374436665E+08
   3.9000000000000000E+06   1.2760531784494161E-09   7.8366639955800331E+08
   4.0000000000000000E+06   1.3114066420502292E-09   7.6253998411706865E+08
   4.1000000000000000E+06   1.3461691317000412E-09   7.4284870782702231E+08
   4.2000000000000000E+06   1.3803564199822414E-09   7.2445057343440711E+08
   4.3000000000000000E+06   1.4139841959275421E-09   7.0722148301241970E+08
   4.4000000000000000E+06   1.4470679647456819E-09   6.9105254512060690E+08
   4.5000000000000000E+06   1.4796229716595788E-09   6.7584784715688574E+08
   4.6000000000000000E+06   1.5116641450304037E-09   6.6152260294556856E+08
   4.7000000000000000E+06   1.5432060548971515E-09   6.4800160472844064E+08
   4.8000000000000000E+06   1.5742628838073892E-09   6.3521792343949461E+08
   4.9000000000000000E+06   1.6048484074213445E-09   6.2311181253984654E+08
   5.0000000000000000E+06   1.6349759828592021E-09   6.1162977957096779E+08
   5.1000000000000000E+06   1.6646585431548063E-09   6.0072379654798925E+08
   5.2000000000000000E+06   1.6939085964953329E-09   5.9035062580648243E+08
   5.3000000000000000E+06   1.7227382291832460E-09   5.8047124226998913E+08
   5.4000000000000000E+06   1.7511591114627783E-09   5.7105033657660043E+08
   5.5000000000000000E+06   1.7791825055209808E-09   5.6205588628311050E+08
   5.6000000000000000E+06   1.8068192751085186E-09   5.5345878460364532E+08
   5.7000000000000000E+06   1.8340798963349508E-09   5.4523251794990182E+08
   5.8000000000000000E+06   1.8609744692821742E-09   5.3735288501068258E+08
   5.9000000000000000E+06   1.8875127301517233E-09   5.2979775130820841E+08
   6.0000000000000000E+06   1.9137040637199971E-09   5.2254683415163344E+08
   6.1000000000000000E+06   1.9395575159227693E-09   5.1558151371666718E+08
   6.2000000000000000E+06   1.9650818064290232E-09   5.0888466664765245E+08
   6.3000000000000000E+06   1.9902853410948489E-09   5.0244051913174605E+08
   6.4000000000000000E+06   2.0151762242137430E-09   4.9623451685480660E+08
   6.5000000000000000E+06   2.0397622704996642E-09   4.9025320963262951E+08
   6.6000000000000000E+06   2.0640510167560145E-09   4.8448414883255154E+08
   6.7000000000000000E+06   2.0880497331965757E-09   4.7891579597058237E+08
   6.8000000000000000E+06   2.1117654343953426E-09   4.7353744109668511E+08
   6.9000000000000000E+06   2.1352048898505437E-09   4.6833912977316028E+08
   7.0000000000000000E+06   2.1583746341550515E-09   4.6331159761404192E+08
   7.1000000000000000E+06   2.1812809767705723E-09   4.5844621149198264E+08
   7.2000000000000000E+06   2.2039300114072610E-09   4.5373491663715619E+08
   7.3000000000000000E+06   2.2263276250138927E-09   4.4917018895355082E+08
   7.4000000000000000E+06   2.2484795063857689E-09   4.4474499196455270E+08
   7.5000000000000000E+06   2.2703911543999346E-09   4.4045273787384033E+08
   7.6000000000000000E+06   2.2920678858883327E-09   4.3628725229158384E+08
   7.7000000000000000E+06   2.3135148431604961E-09   4.3224274223108017E+08
   7.8000000000000000E+06   2.3347370011883765E-09   4.2831376702857846E+08
   7.9000000000000000E+06   2.3557391744659388E-09   4.2449521188045216E+08
   8.0000000000000000E+06   2.3765260235562963E-09   4.2078226372778100E+08
   8.1000000000000000E+06   2.3971020613398494E-09   4.1717038924953187E+08
   8.2000000000000000E+06   2.4174716589757228E-09   4.1365531475297540E+08
   8.3000000000000000E+06   2.4376390515896294E-09   4.1023300777360034E+08
   8.4000000000000000E+06   2.4576083437002868E-09   4.0689966021776879E+08
   8.5000000000000000E+06   2.4773835143965945E-09   4.0365167289956951E+08
   8.6000000000000000E+06   2.4969684222772203E-09   4.0048564133943117E+08
   8.7000000000000000E+06   2.5163668101637496E-09   3.9739834270621550E+08
   8.8000000000000000E+06   2.5355823095984942E-09   3.9438672379692882E+08
   8.9000000000000000E+06   2.5546184451371461E-09   3.9144788995928299E+08
   9.0000000000000000E+06   2.5734786384463954E-09   3.8857909487202835E+08
   9.1000000000000000E+06   2.5921662122160392E-09   3.8577773110664135E+08
   9.2000000000000000E+06   2.6106843938946222E-09   3.8304132140162641E+08
   9.3000000000000000E+06   2.6290363192573916E-09   3.8036751058747804E+08
   9.4000000000000000E+06   2.6472250358148086E-09   3.7775405810643631E+08
   9.5000000000000000E+06   2.6652535060693542E-09   3.7519883107658821E+08
   9.6000000000000000E+06   2.6831246106284730E-09   3.7269979785462457E+08
   9.7000000000000000E+06   2.7008411511802894E-09   3.7025502205599618E+08
   9.8000000000000000E+06   2.7184058533392572E-09   3.6786265699494874E+08
   9.9000000000000000E+06   2.7358213693678924E-09   3.6552094051047224E+08
   1.0000000000000000E+07   2.7530902807808553E-09   3.6322819014724481E+08
   1.1000000000000000E+07   2.9182381758143600E-09   3.4267250983410269E+08
   1.2000000000000000E+07   3.0711238001150947E-09   3.2561370530309582E+08
   1.3000000000000000E+07   3.2134696189464019E-09   3.1119012114011192E+08
   1.4000000000000000E+07   3.3466495754281058E-09   2.9880630686350822E+08
   1.5000000000000000E+07   3.4717780591094617E-09   2.8803684537844795E+08
   1.6000000000000000E+07   3.5897721476283222E-09   2.7856921243892223E+08
   1.7000000000000000E+07   3.7013961796499918E-09   2.7016832337427908E+08
   1.8000000000000000E+07   3.8072943510300112E-09   2.6265371358257708E+08
   1.9000000000000000E+07   3.9080150036885968E-09   2.5588438095968053E+08
   2.0000000000000000E+07   4.0040290307747451E-09   2.4974843896336806E+08
   2.1000000000000000E+07   4.0957440350667970E-09   2.4415588265239123E+08
   2.2000000000000000E+07   4.1835153691952305E-09   2.3903342326966688E+08
   2.3000000000000000E+07   4.2676548505417642E-09   2.3432073000773567E+08
   2.4000000000000000E+07   4.3484377174488928E-09   2.2996764929788905E+08
   2.5000000000000000E+07   4.4261082381034694E-09   2.2593211602716869E+08
   2.6000000000000000E+07   4.5008842750560754E-09   2.2217856289751893E+08
   2.7000000000000000E+07   4.5729610314618136E-09   2.1867669396700186E+08
   2.8000000000000000E+07   4.6425141498182945E-09   2.1540052818991184E+08
   2.9000000000000000E+07   4.7097022936468789E-09   2.1232764570893228E+08
   3.0000000000000000E+07   4.7746693127927587E-09   2.0943858820142850E+08
   3.1000000000000000E+07   4.8375460707900267E-09   2.0671637755311108E+08
   3.2000000000000000E+07   4.8984519959634136E-09   2.0414612633216649E+08
   3.3000000000000000E+07   4.9574964051516821E-09   2.0171472014802271E+08
   3.4000000000000000E+07   5.0147796391044901E-09   1.9941055678741136E+08
   3.5000000000000000E+07   5.0703940409729498E-09   1.9722333055758163E+08
   3.6000000000000000E+07   5.1244248033466336E-09   1.9514385289582652E+08
   3.7000000000000000E+07   5.1769507045857601E-09   1.9316390227826524E+08
   3.8000000000000000E+07   5.2280447514645811E-09   1.9127609795609742E+08
   3.9000000000000000E+07   5.2777747421582132E-09   1.8947379319017228E+08
   4.0000000000000000E+07   5.3262037612071455E-09   1.8775098453487581E+08
   4.1000000000000000E+07   5.3733906161527289E-09   1.8610223440558019E+08
   4.2000000000000000E+07   5.4193902239591159E-09   1.8452260469803441E+08
   4.3000000000000000E+07   5.4642539540455270E-09   1.8300759964855549E+08
   4.4000000000000000E+07   5.5080299336924660E-09   1.8155311645694369E+08
   4.5000000000000000E+07   5.5507633207087778E-09   1.8015540245955038E+08
   4.6000000000000000E+07   5.5924965475190744E-09   1.7881101785277221E+08
   4.7000000000000000E+07   5.6332695402262247E-09   1.7751680313877568E+08
   4.8000000000000000E+07   5.6731199156952913E-09   1.7626985060431978E+08
   4.9000000000000000E+07   5.7120831592805489E-09   1.7506747925671878E+08
   5.0000000000000000E+07   5.7501927854575614E-09   1.7390721273363826E+08
   5.1000000000000000E+07   5.7874804833188410E-09   1.7278675977954200E+08
   5.2000000000000000E+07   5.8239762486327313E-09   1.7170399694448712E+08
   5.3000000000000000E+07   5.8597085039464933E-09   1.7065695321303162E+08
   5.4000000000000000E+07   5.8947042080256703E-09   1.6964379631440964E+08
   5.5000000000000000E+07   5.9289889557614340E-09   1.6866282050133699E+08
   5.6000000000000000E+07   5.9625870695382038E-09   1.6771243561520839E+08
   5.7000000000000000E+07   5.9955216829358208E-09   1.6679115728096762E+08
   5.8000000000000000E+07   6.0278148175357120E-09   1.6589759809655526E+08
   5.9000000000000000E+07   6.0594874535123707E-09   1.6503045970007777E+08
   6.0000000000000000E+07   6.0905595946125255E-09   1.6418852561340368E+08
   6.1000000000000000E+07   6.1210503280578731E-09   1.6337065477409440E+08
   6.2000000000000000E+07   6.1509778798468482E-09   1.6257577567892325E+08
   6.3000000000000000E+07   6.1803596658798447E-09   1.6180288107191229E+08
   6.4000000000000000E+07   6.2092123392870650E-09   1.6105102311814627E+08
   6.5000000000000000E+07   6.2375518342975167E-09   1.6031930901182190E+08
   6.6000000000000000E+07   6.2653934069532172E-09   1.5960689697317630E+08
   6.7000000000000000E+07   6.2927516729413157E-09   1.5891299259431714E+08
   6.8000000000000000E+07   6.3196406427893650E-09   1.5823684549864212E+08
   6.9000000000000000E+07   6.3460737546448670E-09   1.5757774628258497E+08
   7.0000000000000000E+07   6.3720639048386348E-09   1.5693502371196386E+08
   7.1000000000000000E+07   6.3976234764118360E-09   1.5630804214831021E+08
   7.2000000000000000E+07   6.4227643657703696E-09   1.5569619918324009E+08
   7.3000000000000000E+07   6.4474980076141972E-09   1.5509892346132505E+08
   7.4000000000000000E+07   6.4718353982758566E-09   1.5451567267400023E+08
   7.5000000000000000E+07   6.4957871175905581E-09   1.5394593170887718E+08
   7.6000000000000000E+07   6.5193633494085968E-09   1.5338921094046935E+08
   7.7000000000000000E+07   6.5425739008517968E-09   1.5284504464975280E+08
   7.8000000000000000E+07   6.5654282204061333E-09   1.5231298956127203E+08
   7.9000000000000000E+07   6.5879354149353937E-09   1.5179262348761305E+08
   8.0000000000000000E+07   6.6101042656927415E-09   1.5128354407208428E+08
   8.1000000000000000E+07   6.6319432434018172E-09   1.5078536762130910E+08
   8.2000000000000000E+07   6.6534605224714239E-09   1.5029772802026796E+08
   8.3000000000000000E+07   6.6746639944045217E-09   1.4982027572299013E+08
   8.4000000000000000E+07   6.6955612804554493E-09   1.4935267681277612E+08
   8.5000000000000000E+07   6.7161597435867463E-09   1.4889461212635675E+08
   8.6000000000000000E+07   6.7364664997713993E-09   1.4844577643693990E+08
   8.7000000000000000E+07   6.7564884286840532E-09   1.4800587769152266E+08
   8.8000000000000000E+07   6.7762321838203970E-09   1.4757463629828081E+08
   8.9000000000000000E+07   6.7957042020814512E-09   1.4715178446020514E+08
   9.0000000000000000E+07   6.8149107128569425E-09   1.4673706555148405E+08
   9.1000000000000000E+07   6.8338577466386973E-09   1.4633023353344753E+08
   9.2000000000000000E+07   6.8525511431933849E-09   1.4593105240714571E+08
   9.3000000000000000E+07   6.8709965593216072E-09   1.4553929569988504E+08
   9.4000000000000000E+07   6.8891994762283061E-09   1.4515474598327053E+08
   9.5000000000000000E+07   6.9071652065277561E-09   1.4477719442050263E+08
   9.6000000000000000E+07   6.9248989009049381E-09   1.4440644034085771E+08
   9.7000000000000000E+07   6.9424055544530504E-09   1.4404229083945873E+08
   9.8000000000000000E+07   6.9596900127065542E-09   1.4368456040057307E+08
   9.9000000000000000E+07   6.9767569773865832E-09   1.4333307054283968E+08
   1.0000000000000000E+08   6.9936110118757375E-09   1.4298764948492506E+08
   1.1000000000000000E+08   7.1513549943916390E-09   1.3983364002825165E+08
   1.2000000000000000E+08   7.2919723505122328E-09   1.3713710803219846E+08
   1.3000000000000000E+08   7.4183792750294827E-09   1.3480033345909318E+08
   1.4000000000000000E+08   7.5328409969094689E-09   1.3275203876071121E+08
   1.5000000000000000E+08   7.6371473307710044E-09   1.3093894312747869E+08
   1.6000000000000000E+08   7.7327335460676999E-09   1.2932037474749492E+08
   1.7000000000000000E+08   7.8207656742238303E-09   1.2786471832238407E+08
   1.8000000000000000E+08   7.9022020169791908E-09   1.2654700523364684E+08
   1.9000000000000000E+08   7.9778383314935371E-09   1.2534723799207266E+08
   2.0000000000000000E+08   8.0483415768924218E-09   1.2424919971974081E+08
   2.1000000000000000E+08   8.1142754921464669E-09   1.2323959187334302E+08
   2.2000000000000000E+08   8.1761202413017965E-09   1.2230739892357318E+08
   2.3000000000000000E+08   8.2342876843098646E-09   1.2144341299921593E+08
   2.4000000000000000E+08   8.2891333779655663E-09   1.2063987324154194E+08
   2.5000000000000000E+08   8.3409661019431143E-09   1.1989018871171768E+08
   2.6000000000000000E+08   8.3900554901700475E-09   1.1918872302711461E+08
   2.7000000000000000E+08   8.4366381964714776E-09   1.1853062519834478E+08
   2.8000000000000000E+08   8.4809229153023866E-09   1.1791169545895410E+08
   2.9000000000000000E+08   8.5230945001229868E-09   1.1732827789080250E+08
   3.0000000000000000E+08   8.5633173646489995E-09   1.1677717377709135E+08
   3.1000000000000000E+08   8.6017383097509614E-09   1.1625557114035852E+08
   3.2000000000000000E+08   8.6384888870085127E-09   1.1576098702909806E+08
   3.3000000000000000E+08   8.6736873859283724E-09   1.1529121992825511E+08
   3.4000000000000000E+08   8.7074405135416576E-09   1.1484431027060339E+08
   3.5000000000000000E+08   8.7398448210411713E-09   1.1441850747652873E+08
   3.6000000000000000E+08   8.7709879212260243E-09   1.1401224229028676E+08
   3.7000000000000000E+08   8.8009495320257807E-09   1.1362410344032761E+08
   3.8000000000000000E+08   8.8298023746966197E-09   1.1325281785079123E+08
   3.9000000000000000E+08   8.8576129500001759E-09   1.1289723378576621E+08
   4.0000000000000000E+08   8.8844422114709477E-09   1.1255630642842977E+08
   4.1000000000000000E+08   8.9103461515121345E-09   1.1222908549184643E+08
   4.2000000000000000E+08   8.9353763133490617E-09   1.1191470453304176E+08
   4.3000000000000000E+08   8.9595802396748403E-09   1.1161237170149972E+08
   4.4000000000000000E+08   8.9830018670386301E-09   1.1132136170084800E+08
   4.5000000000000000E+08   9.0068412607977120E-09   1.1102671525393718E+08
   4.6000000000000000E+08   9.0286080753824996E-09   1.1075904410189329E+08
   4.7000000000000000E+08   9.0507056146047091E-09   1.1048862294077337E+08
   4.8000000000000000E+08   9.0712221695783538E-09   1.1023872872981149E+08
   4.9000000000000000E+08   9.0913138063611786E-09   1.0999510316103067E+08
   5.0000000000000000E+08   9.1101809178070363E-09   1.0976730418661278E+08
   5.1000000000000000E+08   9.1293293801066911E-09   1.0953707094620280E+08
   5.2000000000000000E+08   9.1480925647784361E-09   1.0931240506355982E+08
   5.3000000000000000E+08   9.1667692045247569E-09   1.0908968881930570E+08
   5.4000000000000000E+08   9.1843448672477444E-09   1.0888092884731454E+08
   5.5000000000000000E+08   9.2013435033788916E-09   1.0867978134201629E+08
   5.6000000000000000E+08   9.2178096136594476E-09   1.0848564267569013E+08
   5.7000000000000000E+08   9.2342295534978868E-09   1.0829273781928070E+08
   5.8000000000000000E+08   9.2500167046791345E-09   1.0810791287481122E+08
   5.9000000000000000E+08   9.2653002076241422E-09   1.0792958431904124E+08
   6.0000000000000000E+08   9.2799564078550564E-09   1.0775912688054721E+08
   6.1000000000000000E+08   9.2945395548483251E-09   1.0759005264315312E+08
   6.2000000000000000E+08   9.3092120626284322E-09   1.0742047697188808E+08
   6.3000000000000000E+08   9.3230851740134403E-09   1.0726063114679408E+08
   6.4000000000000000E+08   9.3372596034557318E-09   1.0709780411694871E+08
   6.5000000000000000E+08   9.3505324836232155E-09   1.0694578108267397E+08
   6.6000000000000000E+08   9.3636004480751056E-09   1.0679652613814510E+08
   6.7000000000000000E+08   9.3764431469492873E-09   1.0665024938858180E+08
   6.8000000000000000E+08   9.3893758952709981E-09   1.0650335135732022E+08
   6.9000000000000000E+08   9.4016834023805038E-09   1.0636393050065911E+08
   7.0000000000000000E+08   9.4137338982708239E-09   1.0622777431425874E+08
   7.1000000000000000E+08   9.4253921879915586E-09   1.0609638093087016E+08
   7.2000000000000000E+08   9.4367753053407263E-09   1.0596840209113085E+08
   7.3000000000000000E+08   9.4483463940365167E-09   1.0583862596646193E+08
   7.4000000000000000E+08   9.4593862218597626E-09   1.0571510418816531E+08
   7.5000000000000000E+08   9.4699734955166112E-09   1.0559691645107900E+08
   7.6000000000000000E+08   9.4805648625097602E-09   1.0547894714105393E+08
   7.7000000000000000E+08   9.4905663559407453E-09   1.0536778970772772E+08
   7.8000000000000000E+08   9.5002812517995349E-09   1.0526004162356573E+08
   7.9000000000000000E+08   9.5097613706858297E-09   1.0515510968367040E+08
   8.0000000000000000E+08   9.5196154496784807E-09   1.0504626003918830E+08
   8.1000000000000000E+08   9.5296808095122271E-09   1.0493530895618579E+08
   8.2000000000000000E+08   9.5389588942247147E-09   1.0483324344813374E+08
   8.3000000000000000E+08   9.5484381004917287E-09   1.0472917030781211E+08
   8.4000000000000000E+08   9.5576479522293425E-09   1.0462825215975317E+08
   8.5000000000000000E+08   9.5667025003036150E-09   1.0452922519209346E+08
   8.6000000000000000E+08   9.5755142474051599E-09   1.0443303348130751E+08
   8.7000000000000000E+08   9.5842857675824660E-09   1.0433745656691115E+08
   8.8000000000000000E+08   9.5925837064454640E-09   1.0424720081703104E+08
   8.9000000000000000E+08   9.6009487168283721E-09   1.0415637344747171E+08
   9.0000000000000000E+08   9.6092482320613699E-09   1.0406641350605226E+08
   9.1000000000000000E+08   9.6174355150071814E-09   1.0397782220006426E+08
   9.2000000000000000E+08   9.6254291952527059E-09   1.0389147119727436E+08
   9.3000000000000000E+08   9.6333101523350826E-09   1.0380647816655248E+08
   9.4000000000000000E+08   9.6407709859501949E-09   1.0372614404567148E+08
   9.5000000000000000E+08   9.6482546220335950E-09   1.0364568921266992E+08
   9.6000000000000000E+08   9.6560542100649100E-09   1.0356197037063630E+08
   9.7000000000000000E+08   9.6634362185983805E-09   1.0348285820683399E+08
   9.8000000000000000E+08   9.6702194434942257E-09   1.0341026962658681E+08
   9.9000000000000000E+08   9.6772779331859010E-09   1.0333484342438284E+08
   1.0000000000000000E+09   9.6843297004576245E-09   1.0325959884995924E+08
   1.1000000000000000E+09   9.7483957888357313E-09   1.0258098067224987E+08
   1.2000000000000000E+09   9.8046038142866105E-09   1.0199290241007671E+08
   1.3000000000000000E+09   9.8539733799586726E-09   1.0148190597245090E+08
   1.4000000000000000E+09   9.8968798833525243E-09   1.0104194572292359E+08
   1.5000000000000000E+09   9.9326127550848150E-09   1.0067844429836136E+08
   1.6000000000000000E+09   9.9647575695534924E-09   1.0035367072606151E+08
   1.7000000000000000E+09   9.9936738113956143E-09   1.0006330193203999E+08
   1.8000000000000000E+09   1.0019566841153912E-08   9.9804713702058032E+07
   1.9000000000000000E+09   1.0042964230692955E-08   9.9572195721242860E+07
   2.0000000000000000E+09   1.0064392592119728E-08   9.9360193955766946E+07
   2.1000000000000000E+09   1.0083938896092567E-08   9.9167598128494292E+07
   2.2000000000000000E+09   1.0101670599559813E-08   9.8993526876987636E+07
   2.3000000000000000E+09   1.0118129795738632E-08   9.8832493769862667E+07
   2.4000000000000000E+09   1.0133090282954883E-08   9.8686577547041550E+07
   2.5000000000000000E+09   1.0147135940090169E-08   9.8549975668416440E+07
   2.6000000000000000E+09   1.0160010920574169E-08   9.8425091057233587E+07
   2.7000000000000000E+09   1.0172065012117724E-08   9.8308455442304537E+07
   2.8000000000000000E+09   1.0183127969008223E-08   9.8201653071968049E+07
   2.9000000000000000E+09   1.0193390426882703E-08   9.8102786033068269E+07
   3.0000000000000000E+09   1.0203076268608631E-08   9.8009656467692733E+07
   3.1000000000000000E+09   1.0212229933131869E-08   9.7921806162596062E+07
   3.2000000000000000E+09   1.0220777104016335E-08   9.7839918611182928E+07
   3.3000000000000000E+09   1.0228745255734647E-08   9.7763701705188110E+07
   3.4000000000000000E+09   1.0236211410438866E-08   9.7692394178201735E+07
   3.5000000000000000E+09   1.0243257942873351E-08   9.7625189717666015E+07
   3.6000000000000000E+09   1.0249942462126413E-08   9.7561523266594425E+07
   3.7000000000000000E+09   1.0256241997605308E-08   9.7501599536505327E+07
   3.8000000000000000E+09   1.0262305232545167E-08   9.7443993073668197E+07
   3.9000000000000000E+09   1.0267894154641871E-08   9.7390953289864600E+07
   4.0000000000000000E+09   1.0273223185796696E-08   9.7340433660835475E+07
   4.1000000000000000E+09   1.0278301469563667E-08   9.7292339883318484E+07
   4.2000000000000000E+09   1.0283213709863855E-08   9.7245863814031318E+07
   4.3000000000000000E+09   1.0287711461736182E-08   9.7203348258684292E+07
   4.4000000000000000E+09   1.0292070455664065E-08   9.7162179787611857E+07
   4.5000000000000000E+09   1.0296209758844863E-08   9.7123118450550154E+07
   4.6000000000000000E+09   1.0300311031329068E-08   9.7084446960721374E+07
   4.7000000000000000E+09   1.0304047508749636E-08   9.7049241975141764E+07
   4.8000000000000000E+09   1.0307681961814516E-08   9.7015022747555256E+07
   4.9000000000000000E+09   1.0311116074048996E-08   9.6982711941028282E+07
   5.0000000000000000E+09   1.0314477295958977E-08   9.6951107778557211E+07
   5.1000000000000000E+09   1.0317652178095713E-08   9.6921274601889715E+07
   5.2000000000000000E+09   1.0320688484920640E-08   9.6892760735980064E+07
   5.3000000000000000E+09   1.0323631003948669E-08   9.6865143631878331E+07
   5.4000000000000000E+09   1.0326486419718522E-08   9.6838359085089281E+07
   5.5000000000000000E+09   1.0329142399259491E-08   9.6813458595719561E+07
   5.6000000000000000E+09   1.0331793322139843E-08   9.6788618279569656E+07
   5.7000000000000000E+09   1.0334238052614724E-08   9.6765721372848049E+07
   5.8000000000000000E+09   1.0336691705583431E-08   9.6742751789708853E+07
   5.9000000000000000E+09   1.0339090916606882E-08   9.6720302400453553E+07
   6.0000000000000000E+09   1.0341236957084203E-08   9.6700230750921547E+07
   6.1000000000000000E+09   1.0343421566170246E-08   9.6679806928749204E+07
   6.2000000000000000E+09   1.0345468857068428E-08   9.6660674718165249E+07
   6.3000000000000000E+09   1.0347475443359667E-08   9.6641930244128749E+07
   6.4000000000000000E+09   1.0349442096805788E-08   9.6623565854688555E+07
   6.5000000000000000E+09   1.0351387638519605E-08   9.6605405470354348E+07
   6.6000000000000000E+09   1.0353131729631256E-08   9.6589131300043523E+07
   6.7000000000000000E+09   1.0354914320139477E-08   9.6572503555638358E+07
   6.8000000000000000E+09   1.0356672050905819E-08   9.6556113304035515E+07
   6.9000000000000000E+09   1.0358243201214929E-08   9.6541467561092705E+07
   7.0000000000000000E+09   1.0359856186459409E-08   9.6526436468010545E+07
   7.1000000000000000E+09   1.0361450666230726E-08   9.6511582423407778E+07
   7.2000000000000000E+09   1.0362911677730283E-08   9.6497975771518230E+07
   7.3000000000000000E+09   1.0364388490034172E-08   9.6484225862581804E+07
   7.4000000000000000E+09   1.0365837738253736E-08   9.6470736398818403E+07
   7.5000000000000000E+09   1.0367162200155859E-08   9.6458411732476443E+07
   7.6000000000000000E+09   1.0368579966313953E-08   9.6445222320593417E+07
   7.7000000000000000E+09   1.0369879774879363E-08   9.6433133431542948E+07
   7.8000000000000000E+09   1.0371069055511293E-08   9.6422075163851097E+07
   7.9000000000000000E+09   1.0372400771323528E-08   9.6409695503155842E+07
   8.0000000000000000E+09   1.0373555174990801E-08   9.6398966712093174E+07
   8.1000000000000000E+09   1.0374761045816790E-08   9.6387762145443380E+07
   8.2000000000000000E+09   1.0375907621961786E-08   9.6377110941445425E+07
   8.3000000000000000E+09   1.0376946825917440E-08   9.6367459212800652E+07
   8.4000000000000000E+09   1.0378080275679847E-08   9.6356934369009987E+07
   8.5000000000000000E+09   1.0379089043659185E-08   9.6347569212822422E+07
   8.6000000000000000E+09   1.0380139539819169E-08   9.6337818597130448E+07
   8.7000000000000000E+09   1.0381109402581175E-08   9.6328818165750057E+07
   8.8000000000000000E+09   1.0382097929809610E-08   9.6319646256538287E+07
   8.9000000000000000E+09   1.0383090328722341E-08   9.6310440181160599E+07
   9.0000000000000000E+09   1.0383969122442231E-08   9.6302289443326816E+07
   9.1000000000000000E+09   1.0384861937281426E-08   9.6294010073453367E+07
   9.2000000000000000E+09   1.0385728166064727E-08   9.6285978605476230E+07
   9.3000000000000000E+09   1.0386607378212016E-08   9.6277828128720835E+07
   9.4000000000000000E+09   1.0387504238117769E-08   9.6269515475182295E+07
   9.5000000000000000E+09   1.0388372488725295E-08   9.6261469357718915E+07
   9.6000000000000000E+09   1.0389160499344118E-08   9.6254167992027029E+07
   9.7000000000000000E+09   1.0389945917341183E-08   9.6246891750510961E+07
   9.8000000000000000E+09   1.0390754901517904E-08   9.6239398338028163E+07
   9.9000000000000000E+09   1.0391461871422316E-08   9.6232850812849745E+07
   1.0000000000000000E+10   1.0392215357728724E-08   9.6225873461744323E+07
   1.1000000000000000E+10   1.0398874877908985E-08   9.6164249665544689E+07
   1.2000000000000000E+10   1.0404397185456412E-08   9.6113208884204373E+07
   1.3000000000000000E+10   1.0395335180831946E-08   9.6196994383010313E+07
   1.4000000000000000E+10   1.0408482401747457E-08   9.6075485493650109E+07
   1.5000000000000000E+10   1.0416365882970273E-08   9.6002772102591097E+07
   1.6000000000000000E+10   1.0419251634941073E-08   9.5976182842776284E+07
   1.7000000000000000E+10   1.0421909286469449E-08   9.5951708320689335E+07
   1.8000000000000000E+10   1.0413402914708045E-08   9.6030088165280268E+07
   1.9000000000000000E+10   1.0416070581649517E-08   9.6005493833898097E+07
   2.0000000000000000E+10   1.0418545138134702E-08   9.5982691128315881E+07
   2.1000000000000000E+10   1.0419785548507030E-08   9.5971264988585338E+07
   2.2000000000000000E+10   1.0421963925772404E-08   9.5951205273998976E+07
   2.3000000000000000E+10   1.0417494945768906E-08   9.5992367186715350E+07
   2.4000000000000000E+10   1.0421540042202250E-08   9.5955107973531619E+07
   2.5000000000000000E+10   1.0422264141229632E-08   9.5948441379841954E+07
   2.6000000000000000E+10   1.0424419295954600E-08   9.5928604904454470E+07
   2.7000000000000000E+10   1.0425176787848253E-08   9.5921634745380595E+07
   2.8000000000000000E+10   1.0425676308242117E-08   9.5917038898420498E+07
   2.9000000000000000E+10   1.0426494519741222E-08   9.5909511879244670E+07
   3.0000000000000000E+10   1.0427259073076798E-08   9.5902479548245043E+07
   3.1000000000000000E+10   1.0427391573727697E-08   9.5901260917404041E+07
   3.2000000000000000E+10   1.0433706527824789E-08   9.5843217109201118E+07
   3.3000000000000000E+10   1.0435914799584055E-08   9.5822936388849899E+07
   3.4000000000000000E+10   1.0435619458486860E-08   9.5825648297930345E+07
   3.5000000000000000E+10   1.0436385809835089E-08   9.5818611751360863E+07
   3.6000000000000000E+10   1.0437305932580658E-08   9.5810164659296021E+07
   3.7000000000000000E+10   1.0438013197227173E-08   9.5803672701395631E+07
   3.8000000000000000E+10   1.0438694705840673E-08   9.5797417989480883E+07
   3.9000000000000000E+10   1.0439352028211253E-08   9.5791386026412860E+07
   4.0000000000000000E+10   1.0440170539817562E-08   9.5783875961232603E+07
   4.1000000000000000E+10   1.0440784380363270E-08   9.5778244581007883E+07
   4.2000000000000000E+10   1.0441378710389353E-08   9.5772792821409956E+07
   4.3000000000000000E+10   1.0441772542847025E-08   9.5769180557857946E+07
   4.4000000000000000E+10   1.0442331950122261E-08   9.5764050096903101E+07
   4.5000000000000000E+10   1.0442875378100411E-08   9.5759066712323725E+07
   4.6000000000000000E+10   1.0443404623914496E-08   9.5754213880604267E+07
   4.7000000000000000E+10   1.0443918905328308E-08   9.5749498733642727E+07
   4.8000000000000000E+10   1.0444420764523910E-08   9.5744897926427349E+07
   4.9000000000000000E+10   1.0444727671283470E-08   9.5742084568598241E+07
   5.0000000000000000E+10   1.0445205609536524E-08   9.5737703725716546E+07
   5.1000000000000000E+10   1.0445672293566103E-08   9.5733426427319497E+07
   5.2000000000000000E+10   1.0445947608250878E-08   9.5730903265313730E+07
   5.3000000000000000E+10   1.0446394128391080E-08   9.5726811348445356E+07
   5.4000000000000000E+10   1.0446650474233061E-08   9.5724462349585310E+07
   5.5000000000000000E+10   1.0446897805375545E-08   9.5722196065270320E+07
   5.6000000000000000E+10   1.0447136595675359E-08   9.5720008142131001E+07
   5.7000000000000000E+10   1.0447549465578833E-08   9.5716225445465878E+07
   5.8000000000000000E+10   1.0447773002791457E-08   9.5714177531691983E+07
   5.9000000000000000E+10   1.0447805983657922E-08   9.5713875388207227E+07
   6.0000000000000000E+10   1.0448014732327972E-08   9.5711963049384534E+07
   6.1000000000000000E+10   1.0448401095233695E-08   9.5708423794735029E+07
   6.2000000000000000E+10   1.0448597407073569E-08   9.5706625591968223E+07
   6.3000000000000000E+10   1.0447849487255782E-08   9.5713476847057715E+07
   6.4000000000000000E+10   1.0448600014016489E-08   9.5706601713007450E+07
   6.5000000000000000E+10   1.0448965375149771E-08   9.5703255212066069E+07
   6.6000000000000000E+10   1.0448951225522215E-08   9.5703384810280070E+07
   6.7000000000000000E+10   1.0450242161005345E-08   9.5691562414836630E+07
   6.8000000000000000E+10   1.0450407714079297E-08   9.5690046490028471E+07
   6.9000000000000000E+10   1.0450568639153911E-08   9.5688572988594919E+07
   7.0000000000000000E+10   1.0450186338624319E-08   9.5692073576138914E+07
   7.1000000000000000E+10   1.0450526034917873E-08   9.5688963087479532E+07
   7.2000000000000000E+10   1.0450672563275257E-08   9.5687621437313363E+07
   7.3000000000000000E+10   1.0451004238097648E-08   9.5684584678919420E+07
   7.4000000000000000E+10   1.0450772611141669E-08   9.5686705395722672E+07
   7.5000000000000000E+10   1.0450907671755022E-08   9.5685468804076612E+07
   7.6000000000000000E+10   1.0451135318511621E-08   9.5683384582031548E+07
   7.7000000000000000E+10   1.0451359682630627E-08   9.5681330503046870E+07
   7.8000000000000000E+10   1.0451865947563833E-08   9.5676695914099872E+07
   7.9000000000000000E+10   1.0451989418359614E-08   9.5675565672065616E+07
   8.0000000000000000E+10   1.0452109915369590E-08   9.5674462677580804E+07
   8.1000000000000000E+10   1.0452415989785711E-08   9.5671661075986460E+07
   8.2000000000000000E+10   1.0452531171610915E-08   9.5670606820671454E+07
   8.3000000000000000E+10   1.0452174205585955E-08   9.5673874194095448E+07
   8.4000000000000000E+10   1.0452475514646086E-08   9.5671116244069919E+07
   8.5000000000000000E+10   1.0452582439321847E-08   9.5670137576535508E+07
   8.6000000000000000E+10   1.0452782891316703E-08   9.5668302919667110E+07
   8.7000000000000000E+10   1.0452980988110122E-08   9.5666489888144165E+07
   8.8000000000000000E+10   1.0453176790320109E-08   9.5664697924751833E+07
   8.9000000000000000E+10   1.0453274993447705E-08   9.5663799204251066E+07
   9.0000000000000000E+10   1.0453466589507688E-08   9.5662045833074763E+07
   9.1000000000000000E+10   1.0453560789498328E-08   9.5661183795343935E+07
   9.2000000000000000E+10   1.0454503418618183E-08   9.5652558515512392E+07
   9.3000000000000000E+10   1.0454594961592107E-08   9.5651720958466709E+07
   9.4000000000000000E+10   1.0454308197482336E-08   9.5654344707460001E+07
   9.5000000000000000E+10   1.0454395508648126E-08   9.5653545838473037E+07
   9.6000000000000000E+10   1.0454290069659762E-08   9.5654510572858587E+07
   9.7000000000000000E+10   1.0454373693770867E-08   9.5653745436308637E+07
   9.8000000000000000E+10   1.0454455677089465E-08   9.5652995324420527E+07
   9.9000000000000000E+10   1.0454726592831617E-08   9.5650516646285102E+07
   1.0000000000000000E+11   1.0454805678487055E-08   9.5649793095409602E+07
