   1.0000000000000000E+03   0.0000000000000000E+00   1.0000000000000000E+30   0.0000000000000000E+00
   2.0000000000000000E+03   0.0000000000000000E+00   1.0000000000000000E+30   0.0000000000000000E+00
   3.0000000000000000E+03   0.0000000000000000E+00   1.0000000000000000E+30   0.0000000000000000E+00
   4.0000000000000000E+03   0.0000000000000000E+00   1.0000000000000000E+30   0.0000000000000000E+00
   5.0000000000000000E+03   0.0000000000000000E+00   1.0000000000000000E+30   0.0000000000000000E+00
   6.0000000000000000E+03   0.0000000000000000E+00   1.0000000000000000E+30   0.0000000000000000E+00
   7.0000000000000000E+03   0.0000000000000000E+00   1.0000000000000000E+30   0.0000000000000000E+00
   8.0000000000000000E+03   0.0000000000000000E+00   1.0000000000000000E+30   0.0000000000000000E+00
   9.0000000000000000E+03   0.0000000000000000E+00   1.0000000000000000E+30   0.0000000000000000E+00
   9.2290000000000018E+03   0.0000000000000000E+00   1.0000000000000000E+30   0.0000000000000000E+00
   9.2310000000000000E+03   0.0000000000000000E+00   1.0000000000000000E+30   0.0000000000000000E+00
   1.0000000000000000E+04   0.0000000000000000E+00   1.0000000000000000E+30   0.0000000000000000E+00
   1.1000000000000000E+04   0.0000000000000000E+00   1.0000000000000000E+30   0.0000000000000000E+00
   1.1099000000000000E+04   0.0000000000000000E+00   1.0000000000000000E+30   0.0000000000000000E+00
   1.1101000000000000E+04   0.0000000000000000E+00   1.0000000000000000E+30   0.0000000000000000E+00
   1.2000000000000000E+04   0.0000000000000000E+00   1.0000000000000000E+30   0.0000000000000000E+00
   1.2499000000000000E+04   0.0000000000000000E+00   1.0000000000000000E+30   0.0000000000000000E+00
   1.2501000000000000E+04   0.0000000000000000E+00   1.0000000000000000E+30   0.0000000000000000E+00
   1.3000000000000000E+04   0.0000000000000000E+00   1.0000000000000000E+30   0.0000000000000000E+00
   1.4000000000000000E+04   0.0000000000000000E+00   1.0000000000000000E+30   0.0000000000000000E+00
   1.5000000000000000E+04   0.0000000000000000E+00   1.0000000000000000E+30   0.0000000000000000E+00
   1.6000000000000000E+04   0.0000000000000000E+00   1.0000000000000000E+30   0.0000000000000000E+00
   1.7000000000000000E+04   0.0000000000000000E+00   1.0000000000000000E+30   0.0000000000000000E+00
   1.8000000000000000E+04   0.0000000000000000E+00   1.0000000000000000E+30   0.0000000000000000E+00
   1.9000000000000000E+04   0.0000000000000000E+00   1.0000000000000000E+30   0.0000000000000000E+00
   2.0000000000000000E+04   0.0000000000000000E+00   1.0000000000000000E+30   0.0000000000000000E+00
   2.1000000000000000E+04   0.0000000000000000E+00   1.0000000000000000E+30   0.0000000000000000E+00
   2.2000000000000000E+04   0.0000000000000000E+00   1.0000000000000000E+30   0.0000000000000000E+00
   2.3000000000000000E+04   0.0000000000000000E+00   1.0000000000000000E+30   0.0000000000000000E+00
   2.4000000000000000E+04   0.0000000000000000E+00   1.0000000000000000E+30   0.0000000000000000E+00
   2.5000000000000000E+04   0.0000000000000000E+00   1.0000000000000000E+30   0.0000000000000000E+00
   2.6000000000000000E+04   0.0000000000000000E+00   1.0000000000000000E+30   0.0000000000000000E+00
   2.7000000000000000E+04   0.0000000000000000E+00   1.0000000000000000E+30   0.0000000000000000E+00
   2.8000000000000000E+04   0.0000000000000000E+00   1.0000000000000000E+30   0.0000000000000000E+00
   2.9000000000000000E+04   0.0000000000000000E+00   1.0000000000000000E+30   0.0000000000000000E+00
   3.0000000000000000E+04   0.0000000000000000E+00   1.0000000000000000E+30   0.0000000000000000E+00
   3.1000000000000000E+04   0.0000000000000000E+00   1.0000000000000000E+30   0.0000000000000000E+00
   3.2000000000000000E+04   0.0000000000000000E+00   1.0000000000000000E+30   0.0000000000000000E+00
   3.3000000000000000E+04   0.0000000000000000E+00   1.0000000000000000E+30   0.0000000000000000E+00
   3.4000000000000000E+04   0.0000000000000000E+00   1.0000000000000000E+30   0.0000000000000000E+00
   3.5000000000000000E+04   0.0000000000000000E+00   1.0000000000000000E+30   0.0000000000000000E+00
   3.6000000000000000E+04   0.0000000000000000E+00   1.0000000000000000E+30   0.0000000000000000E+00
   3.7000000000000000E+04   0.0000000000000000E+00   1.0000000000000000E+30   0.0000000000000000E+00
   3.8000000000000000E+04   0.0000000000000000E+00   1.0000000000000000E+30   0.0000000000000000E+00
   3.9000000000000000E+04   0.0000000000000000E+00   1.0000000000000000E+30   0.0000000000000000E+00
   4.0000000000000000E+04   0.0000000000000000E+00   1.0000000000000000E+30   0.0000000000000000E+00
   4.1000000000000000E+04   0.0000000000000000E+00   1.0000000000000000E+30   0.0000000000000000E+00
   4.2000000000000000E+04   0.0000000000000000E+00   1.0000000000000000E+30   0.0000000000000000E+00
   4.3000000000000000E+04   0.0000000000000000E+00   1.0000000000000000E+30   0.0000000000000000E+00
   4.4000000000000000E+04   0.0000000000000000E+00   1.0000000000000000E+30   0.0000000000000000E+00
   4.5000000000000000E+04   0.0000000000000000E+00   1.0000000000000000E+30   0.0000000000000000E+00
   4.6000000000000000E+04   0.0000000000000000E+00   1.0000000000000000E+30   0.0000000000000000E+00
   4.7000000000000000E+04   0.0000000000000000E+00   1.0000000000000000E+30   0.0000000000000000E+00
   4.8000000000000000E+04   0.0000000000000000E+00   1.0000000000000000E+30   0.0000000000000000E+00
   4.9000000000000000E+04   0.0000000000000000E+00   1.0000000000000000E+30   0.0000000000000000E+00
   5.0000000000000000E+04   0.0000000000000000E+00   1.0000000000000000E+30   0.0000000000000000E+00
   5.1000000000000000E+04   0.0000000000000000E+00   1.0000000000000000E+30   0.0000000000000000E+00
   5.2000000000000000E+04   0.0000000000000000E+00   1.0000000000000000E+30   0.0000000000000000E+00
   5.3000000000000000E+04   0.0000000000000000E+00   1.0000000000000000E+30   0.0000000000000000E+00
   5.4000000000000000E+04   0.0000000000000000E+00   1.0000000000000000E+30   0.0000000000000000E+00
   5.5000000000000000E+04   0.0000000000000000E+00   1.0000000000000000E+30   0.0000000000000000E+00
   5.6000000000000000E+04   0.0000000000000000E+00   1.0000000000000000E+30   0.0000000000000000E+00
   5.7000000000000000E+04   0.0000000000000000E+00   1.0000000000000000E+30   0.0000000000000000E+00
   5.8000000000000000E+04   0.0000000000000000E+00   1.0000000000000000E+30   0.0000000000000000E+00
   5.9000000000000000E+04   0.0000000000000000E+00   1.0000000000000000E+30   0.0000000000000000E+00
   6.0000000000000000E+04   0.0000000000000000E+00   1.0000000000000000E+30   0.0000000000000000E+00
   6.0999000000000000E+04   0.0000000000000000E+00   1.0000000000000000E+30   0.0000000000000000E+00
   6.1001000000000000E+04   0.0000000000000000E+00   1.0000000000000000E+30   0.0000000000000000E+00
   6.2000000000000000E+04   0.0000000000000000E+00   1.0000000000000000E+30   0.0000000000000000E+00
   6.3000000000000000E+04   0.0000000000000000E+00   1.0000000000000000E+30   0.0000000000000000E+00
   6.4000000000000000E+04   0.0000000000000000E+00   1.0000000000000000E+30   0.0000000000000000E+00
   6.5000000000000000E+04   0.0000000000000000E+00   1.0000000000000000E+30   0.0000000000000000E+00
   6.6000000000000000E+04   0.0000000000000000E+00   1.0000000000000000E+30   0.0000000000000000E+00
   6.7000000000000000E+04   0.0000000000000000E+00   1.0000000000000000E+30   0.0000000000000000E+00
   6.8000000000000000E+04   0.0000000000000000E+00   1.0000000000000000E+30   0.0000000000000000E+00
   6.9000000000000000E+04   0.0000000000000000E+00   1.0000000000000000E+30   0.0000000000000000E+00
   7.0000000000000000E+04   0.0000000000000000E+00   1.0000000000000000E+30   0.0000000000000000E+00
   7.1000000000000000E+04   0.0000000000000000E+00   1.0000000000000000E+30   0.0000000000000000E+00
   7.2000000000000000E+04   0.0000000000000000E+00   1.0000000000000000E+30   0.0000000000000000E+00
   7.3000000000000000E+04   0.0000000000000000E+00   1.0000000000000000E+30   0.0000000000000000E+00
   7.4000000000000000E+04   0.0000000000000000E+00   1.0000000000000000E+30   0.0000000000000000E+00
   7.5000000000000000E+04   0.0000000000000000E+00   1.0000000000000000E+30   0.0000000000000000E+00
   7.5999000000000000E+04   0.0000000000000000E+00   1.0000000000000000E+30   0.0000000000000000E+00
   7.6001000000000000E+04   0.0000000000000000E+00   1.0000000000000000E+30   0.0000000000000000E+00
   7.7000000000000000E+04   0.0000000000000000E+00   1.0000000000000000E+30   0.0000000000000000E+00
   7.8000000000000000E+04   0.0000000000000000E+00   1.0000000000000000E+30   0.0000000000000000E+00
   7.9000000000000000E+04   0.0000000000000000E+00   1.0000000000000000E+30   0.0000000000000000E+00
   8.0000000000000000E+04   0.0000000000000000E+00   1.0000000000000000E+30   0.0000000000000000E+00
   8.1000000000000000E+04   0.0000000000000000E+00   1.0000000000000000E+30   0.0000000000000000E+00
   8.2000000000000000E+04   0.0000000000000000E+00   1.0000000000000000E+30   0.0000000000000000E+00
   8.3000000000000000E+04   0.0000000000000000E+00   1.0000000000000000E+30   0.0000000000000000E+00
   8.4000000000000000E+04   0.0000000000000000E+00   1.0000000000000000E+30   0.0000000000000000E+00
   8.5000000000000000E+04   0.0000000000000000E+00   1.0000000000000000E+30   0.0000000000000000E+00
   8.6000000000000000E+04   0.0000000000000000E+00   1.0000000000000000E+30   0.0000000000000000E+00
   8.6999000000000000E+04   0.0000000000000000E+00   1.0000000000000000E+30   0.0000000000000000E+00
   8.7001000000000000E+04   0.0000000000000000E+00   1.0000000000000000E+30   0.0000000000000000E+00
   8.8000000000000000E+04   0.0000000000000000E+00   1.0000000000000000E+30   0.0000000000000000E+00
   8.9000000000000000E+04   0.0000000000000000E+00   1.0000000000000000E+30   0.0000000000000000E+00
   9.0000000000000000E+04   0.0000000000000000E+00   1.0000000000000000E+30   0.0000000000000000E+00
   9.0999000000000000E+04   0.0000000000000000E+00   1.0000000000000000E+30   0.0000000000000000E+00
   9.1001000000000000E+04   0.0000000000000000E+00   1.0000000000000000E+30   0.0000000000000000E+00
   9.2000000000000000E+04   0.0000000000000000E+00   1.0000000000000000E+30   0.0000000000000000E+00
   9.3000000000000000E+04   0.0000000000000000E+00   1.0000000000000000E+30   0.0000000000000000E+00
   9.4000000000000000E+04   0.0000000000000000E+00   1.0000000000000000E+30   0.0000000000000000E+00
   9.5000000000000000E+04   0.0000000000000000E+00   1.0000000000000000E+30   0.0000000000000000E+00
   9.6000000000000000E+04   0.0000000000000000E+00   1.0000000000000000E+30   0.0000000000000000E+00
   9.7000000000000000E+04   0.0000000000000000E+00   1.0000000000000000E+30   0.0000000000000000E+00
   9.8000000000000000E+04   0.0000000000000000E+00   1.0000000000000000E+30   0.0000000000000000E+00
   9.9000000000000000E+04   0.0000000000000000E+00   1.0000000000000000E+30   0.0000000000000000E+00
   1.0000000000000000E+05   0.0000000000000000E+00   1.0000000000000000E+30   0.0000000000000000E+00
   1.1000000000000000E+05   0.0000000000000000E+00   1.0000000000000000E+30   0.0000000000000000E+00
   1.1399900000000000E+05   0.0000000000000000E+00   1.0000000000000000E+30   0.0000000000000000E+00
   1.1400100000000000E+05   0.0000000000000000E+00   1.0000000000000000E+30   0.0000000000000000E+00
   1.2000000000000000E+05   0.0000000000000000E+00   1.0000000000000000E+30   0.0000000000000000E+00
   1.3000000000000000E+05   0.0000000000000000E+00   1.0000000000000000E+30   0.0000000000000000E+00
   1.4000000000000000E+05   0.0000000000000000E+00   1.0000000000000000E+30   0.0000000000000000E+00
   1.5000000000000000E+05   0.0000000000000000E+00   1.0000000000000000E+30   0.0000000000000000E+00
   1.6000000000000000E+05   0.0000000000000000E+00   1.0000000000000000E+30   0.0000000000000000E+00
   1.7000000000000000E+05   0.0000000000000000E+00   1.0000000000000000E+30   0.0000000000000000E+00
   1.8000000000000000E+05   0.0000000000000000E+00   1.0000000000000000E+30   0.0000000000000000E+00
   1.9000000000000000E+05   0.0000000000000000E+00   1.0000000000000000E+30   0.0000000000000000E+00
   2.0000000000000000E+05   0.0000000000000000E+00   1.0000000000000000E+30   0.0000000000000000E+00
   2.1000000000000000E+05   0.0000000000000000E+00   1.0000000000000000E+30   0.0000000000000000E+00
   2.2000000000000000E+05   0.0000000000000000E+00   1.0000000000000000E+30   0.0000000000000000E+00
   2.3000000000000000E+05   0.0000000000000000E+00   1.0000000000000000E+30   0.0000000000000000E+00
   2.4000000000000000E+05   0.0000000000000000E+00   1.0000000000000000E+30   0.0000000000000000E+00
   2.5000000000000000E+05   0.0000000000000000E+00   1.0000000000000000E+30   0.0000000000000000E+00
   2.6000000000000000E+05   0.0000000000000000E+00   1.0000000000000000E+30   0.0000000000000000E+00
   2.7000000000000000E+05   0.0000000000000000E+00   1.0000000000000000E+30   0.0000000000000000E+00
   2.8000000000000000E+05   0.0000000000000000E+00   1.0000000000000000E+30   0.0000000000000000E+00
   2.9000000000000000E+05   0.0000000000000000E+00   1.0000000000000000E+30   0.0000000000000000E+00
   3.0000000000000000E+05   0.0000000000000000E+00   1.0000000000000000E+30   0.0000000000000000E+00
   3.1000000000000000E+05   0.0000000000000000E+00   1.0000000000000000E+30   0.0000000000000000E+00
   3.2000000000000000E+05   0.0000000000000000E+00   1.0000000000000000E+30   0.0000000000000000E+00
   3.3000000000000000E+05   0.0000000000000000E+00   1.0000000000000000E+30   0.0000000000000000E+00
   3.3899900000000000E+05   0.0000000000000000E+00   1.0000000000000000E+30   0.0000000000000000E+00
   3.3900100000000000E+05   0.0000000000000000E+00   1.0000000000000000E+30   0.0000000000000000E+00
   3.4000000000000000E+05   0.0000000000000000E+00   1.0000000000000000E+30   0.0000000000000000E+00
   3.5000000000000000E+05   0.0000000000000000E+00   1.0000000000000000E+30   0.0000000000000000E+00
   3.5699900000000000E+05   0.0000000000000000E+00   1.0000000000000000E+30   0.0000000000000000E+00
   3.5700100000000000E+05   0.0000000000000000E+00   1.0000000000000000E+30   0.0000000000000000E+00
   3.6000000000000000E+05   0.0000000000000000E+00   1.0000000000000000E+30   0.0000000000000000E+00
   3.7000000000000000E+05   0.0000000000000000E+00   1.0000000000000000E+30   0.0000000000000000E+00
   3.8000000000000000E+05   0.0000000000000000E+00   1.0000000000000000E+30   0.0000000000000000E+00
   3.9000000000000000E+05   0.0000000000000000E+00   1.0000000000000000E+30   0.0000000000000000E+00
   4.0000000000000000E+05   0.0000000000000000E+00   1.0000000000000000E+30   0.0000000000000000E+00
   4.1000000000000000E+05   0.0000000000000000E+00   1.0000000000000000E+30   0.0000000000000000E+00
   4.2000000000000000E+05   0.0000000000000000E+00   1.0000000000000000E+30   0.0000000000000000E+00
   4.3000000000000000E+05   0.0000000000000000E+00   1.0000000000000000E+30   0.0000000000000000E+00
   4.4000000000000000E+05   0.0000000000000000E+00   1.0000000000000000E+30   0.0000000000000000E+00
   4.5000000000000000E+05   0.0000000000000000E+00   1.0000000000000000E+30   0.0000000000000000E+00
   4.6000000000000000E+05   0.0000000000000000E+00   1.0000000000000000E+30   0.0000000000000000E+00
   4.7000000000000000E+05   0.0000000000000000E+00   1.0000000000000000E+30   0.0000000000000000E+00
   4.8000000000000000E+05   0.0000000000000000E+00   1.0000000000000000E+30   0.0000000000000000E+00
   4.9000000000000000E+05   0.0000000000000000E+00   1.0000000000000000E+30   0.0000000000000000E+00
   5.0000000000000000E+05   0.0000000000000000E+00   1.0000000000000000E+30   0.0000000000000000E+00
   5.1000000000000000E+05   0.0000000000000000E+00   1.0000000000000000E+30   0.0000000000000000E+00
   5.2000000000000000E+05   0.0000000000000000E+00   1.0000000000000000E+30   0.0000000000000000E+00
   5.3000000000000000E+05   0.0000000000000000E+00   1.0000000000000000E+30   0.0000000000000000E+00
   5.4000000000000000E+05   0.0000000000000000E+00   1.0000000000000000E+30   0.0000000000000000E+00
   5.4799900000000000E+05   0.0000000000000000E+00   1.0000000000000000E+30   0.0000000000000000E+00
   5.4800100000000000E+05   0.0000000000000000E+00   1.0000000000000000E+30   0.0000000000000000E+00
   5.5000000000000000E+05   0.0000000000000000E+00   1.0000000000000000E+30   0.0000000000000000E+00
   5.6000000000000000E+05   0.0000000000000000E+00   1.0000000000000000E+30   0.0000000000000000E+00
   5.7000000000000000E+05   0.0000000000000000E+00   1.0000000000000000E+30   0.0000000000000000E+00
   5.8000000000000000E+05   0.0000000000000000E+00   1.0000000000000000E+30   0.0000000000000000E+00
   5.9000000000000000E+05   0.0000000000000000E+00   1.0000000000000000E+30   0.0000000000000000E+00
   6.0000000000000000E+05   0.0000000000000000E+00   1.0000000000000000E+30   0.0000000000000000E+00
   6.1000000000000000E+05   0.0000000000000000E+00   1.0000000000000000E+30   0.0000000000000000E+00
   6.2000000000000000E+05   0.0000000000000000E+00   1.0000000000000000E+30   0.0000000000000000E+00
   6.3000000000000000E+05   0.0000000000000000E+00   1.0000000000000000E+30   0.0000000000000000E+00
   6.4000000000000000E+05   0.0000000000000000E+00   1.0000000000000000E+30   0.0000000000000000E+00
   6.4499900000000000E+05   0.0000000000000000E+00   1.0000000000000000E+30   0.0000000000000000E+00
   6.4500100000000000E+05   0.0000000000000000E+00   1.0000000000000000E+30   0.0000000000000000E+00
   6.5000000000000000E+05   0.0000000000000000E+00   1.0000000000000000E+30   0.0000000000000000E+00
   6.6000000000000000E+05   0.0000000000000000E+00   1.0000000000000000E+30   0.0000000000000000E+00
   6.7000000000000000E+05   0.0000000000000000E+00   1.0000000000000000E+30   0.0000000000000000E+00
   6.8000000000000000E+05   0.0000000000000000E+00   1.0000000000000000E+30   0.0000000000000000E+00
   6.9000000000000000E+05   0.0000000000000000E+00   1.0000000000000000E+30   0.0000000000000000E+00
   7.0000000000000000E+05   0.0000000000000000E+00   1.0000000000000000E+30   0.0000000000000000E+00
   7.1000000000000000E+05   0.0000000000000000E+00   1.0000000000000000E+30   0.0000000000000000E+00
   7.2000000000000000E+05   0.0000000000000000E+00   1.0000000000000000E+30   0.0000000000000000E+00
   7.3000000000000000E+05   0.0000000000000000E+00   1.0000000000000000E+30   0.0000000000000000E+00
   7.4000000000000000E+05   0.0000000000000000E+00   1.0000000000000000E+30   0.0000000000000000E+00
   7.5000000000000000E+05   0.0000000000000000E+00   1.0000000000000000E+30   0.0000000000000000E+00
   7.6000000000000000E+05   0.0000000000000000E+00   1.0000000000000000E+30   0.0000000000000000E+00
   7.6399900000000000E+05   0.0000000000000000E+00   1.0000000000000000E+30   0.0000000000000000E+00
   7.6400100000000000E+05   0.0000000000000000E+00   1.0000000000000000E+30   0.0000000000000000E+00
   7.7000000000000000E+05   0.0000000000000000E+00   1.0000000000000000E+30   0.0000000000000000E+00
   7.8000000000000000E+05   0.0000000000000000E+00   1.0000000000000000E+30   0.0000000000000000E+00
   7.9000000000000000E+05   0.0000000000000000E+00   1.0000000000000000E+30   0.0000000000000000E+00
   8.0000000000000000E+05   0.0000000000000000E+00   1.0000000000000000E+30   0.0000000000000000E+00
   8.1000000000000000E+05   0.0000000000000000E+00   1.0000000000000000E+30   0.0000000000000000E+00
   8.2000000000000000E+05   0.0000000000000000E+00   1.0000000000000000E+30   0.0000000000000000E+00
   8.3000000000000000E+05   0.0000000000000000E+00   1.0000000000000000E+30   0.0000000000000000E+00
   8.4000000000000000E+05   0.0000000000000000E+00   1.0000000000000000E+30   0.0000000000000000E+00
   8.5000000000000000E+05   0.0000000000000000E+00   1.0000000000000000E+30   0.0000000000000000E+00
   8.6000000000000000E+05   0.0000000000000000E+00   1.0000000000000000E+30   0.0000000000000000E+00
   8.7000000000000000E+05   0.0000000000000000E+00   1.0000000000000000E+30   0.0000000000000000E+00
   8.8000000000000000E+05   0.0000000000000000E+00   1.0000000000000000E+30   0.0000000000000000E+00
   8.9000000000000000E+05   0.0000000000000000E+00   1.0000000000000000E+30   0.0000000000000000E+00
   9.0000000000000000E+05   0.0000000000000000E+00   1.0000000000000000E+30   0.0000000000000000E+00
   9.1000000000000000E+05   0.0000000000000000E+00   1.0000000000000000E+30   0.0000000000000000E+00
   9.2000000000000000E+05   0.0000000000000000E+00   1.0000000000000000E+30   0.0000000000000000E+00
   9.3000000000000000E+05   0.0000000000000000E+00   1.0000000000000000E+30   0.0000000000000000E+00
   9.4000000000000000E+05   0.0000000000000000E+00   1.0000000000000000E+30   0.0000000000000000E+00
   9.5000000000000000E+05   0.0000000000000000E+00   1.0000000000000000E+30   0.0000000000000000E+00
   9.6000000000000000E+05   0.0000000000000000E+00   1.0000000000000000E+30   0.0000000000000000E+00
   9.7000000000000000E+05   0.0000000000000000E+00   1.0000000000000000E+30   0.0000000000000000E+00
   9.8000000000000000E+05   0.0000000000000000E+00   1.0000000000000000E+30   0.0000000000000000E+00
   9.9000000000000000E+05   0.0000000000000000E+00   1.0000000000000000E+30   0.0000000000000000E+00
   1.0000000000000000E+06   0.0000000000000000E+00   1.0000000000000000E+30   0.0000000000000000E+00
   1.1000000000000000E+06   0.0000000000000000E+00   1.0000000000000000E+30   0.0000000000000000E+00
   1.2000000000000000E+06   0.0000000000000000E+00   1.0000000000000000E+30   0.0000000000000000E+00
   1.3000000000000000E+06   0.0000000000000000E+00   1.0000000000000000E+30   0.0000000000000000E+00
   1.4000000000000000E+06   0.0000000000000000E+00   1.0000000000000000E+30   0.0000000000000000E+00
   1.5000000000000000E+06   0.0000000000000000E+00   1.0000000000000000E+30   0.0000000000000000E+00
   1.6000000000000000E+06   0.0000000000000000E+00   1.0000000000000000E+30   0.0000000000000000E+00
   1.7000000000000000E+06   0.0000000000000000E+00   1.0000000000000000E+30   0.0000000000000000E+00
   1.8000000000000000E+06   0.0000000000000000E+00   1.0000000000000000E+30   0.0000000000000000E+00
   1.9000000000000000E+06   0.0000000000000000E+00   1.0000000000000000E+30   0.0000000000000000E+00
   2.0000000000000000E+06   0.0000000000000000E+00   1.0000000000000000E+30   0.0000000000000000E+00
   2.1000000000000000E+06   0.0000000000000000E+00   1.0000000000000000E+30   0.0000000000000000E+00
   2.2000000000000000E+06   0.0000000000000000E+00   1.0000000000000000E+30   0.0000000000000000E+00
   2.2099990000000000E+06   0.0000000000000000E+00   1.0000000000000000E+30   0.0000000000000000E+00
   2.2100010000000000E+06   0.0000000000000000E+00   1.0000000000000000E+30   0.0000000000000000E+00
   2.2949990000000000E+06   0.0000000000000000E+00   1.0000000000000000E+30   0.0000000000000000E+00
   2.2950010000000000E+06   0.0000000000000000E+00   1.0000000000000000E+30   0.0000000000000000E+00
   2.3000000000000000E+06   0.0000000000000000E+00   1.0000000000000000E+30   0.0000000000000000E+00
   2.4000000000000000E+06   0.0000000000000000E+00   1.0000000000000000E+30   0.0000000000000000E+00
   2.5000000000000000E+06   0.0000000000000000E+00   1.0000000000000000E+30   0.0000000000000000E+00
   2.6000000000000000E+06   0.0000000000000000E+00   1.0000000000000000E+30   0.0000000000000000E+00
   2.7000000000000000E+06   0.0000000000000000E+00   1.0000000000000000E+30   0.0000000000000000E+00
   2.7479990000000000E+06   0.0000000000000000E+00   1.0000000000000000E+30   0.0000000000000000E+00
   2.7480010000000000E+06   0.0000000000000000E+00   1.0000000000000000E+30   0.0000000000000000E+00
   2.8000000000000000E+06   0.0000000000000000E+00   1.0000000000000000E+30   0.0000000000000000E+00
   2.9000000000000000E+06   0.0000000000000000E+00   1.0000000000000000E+30   0.0000000000000000E+00
   3.0000000000000000E+06   0.0000000000000000E+00   1.0000000000000000E+30   0.0000000000000000E+00
   3.1000000000000000E+06   0.0000000000000000E+00   1.0000000000000000E+30   0.0000000000000000E+00
   3.1529990000000000E+06   0.0000000000000000E+00   1.0000000000000000E+30   0.0000000000000000E+00
   3.1530010000000000E+06   0.0000000000000000E+00   1.0000000000000000E+30   0.0000000000000000E+00
   3.2000000000000000E+06   0.0000000000000000E+00   1.0000000000000000E+30   0.0000000000000000E+00
   3.3000000000000000E+06   0.0000000000000000E+00   1.0000000000000000E+30   0.0000000000000000E+00
   3.4000000000000000E+06   0.0000000000000000E+00   1.0000000000000000E+30   0.0000000000000000E+00
   3.4299990000000000E+06   0.0000000000000000E+00   1.0000000000000000E+30   0.0000000000000000E+00
   3.4300010000000000E+06   0.0000000000000000E+00   1.0000000000000000E+30   0.0000000000000000E+00
   3.5000000000000000E+06   0.0000000000000000E+00   1.0000000000000000E+30   0.0000000000000000E+00
   3.6000000000000000E+06   0.0000000000000000E+00   1.0000000000000000E+30   0.0000000000000000E+00
   3.7000000000000000E+06   0.0000000000000000E+00   1.0000000000000000E+30   0.0000000000000000E+00
   3.8000000000000000E+06   0.0000000000000000E+00   1.0000000000000000E+30   0.0000000000000000E+00
   3.9000000000000000E+06   0.0000000000000000E+00   1.0000000000000000E+30   0.0000000000000000E+00
   4.0000000000000000E+06   0.0000000000000000E+00   1.0000000000000000E+30   0.0000000000000000E+00
   4.1000000000000000E+06   0.0000000000000000E+00   1.0000000000000000E+30   0.0000000000000000E+00
   4.2000000000000000E+06   0.0000000000000000E+00   1.0000000000000000E+30   0.0000000000000000E+00
   4.3000000000000000E+06   0.0000000000000000E+00   1.0000000000000000E+30   0.0000000000000000E+00
   4.4000000000000000E+06   0.0000000000000000E+00   1.0000000000000000E+30   0.0000000000000000E+00
   4.5000000000000000E+06   0.0000000000000000E+00   1.0000000000000000E+30   0.0000000000000000E+00
   4.6000000000000000E+06   0.0000000000000000E+00   1.0000000000000000E+30   0.0000000000000000E+00
   4.7000000000000000E+06   0.0000000000000000E+00   1.0000000000000000E+30   0.0000000000000000E+00
   4.8000000000000000E+06   0.0000000000000000E+00   1.0000000000000000E+30   0.0000000000000000E+00
   4.9000000000000000E+06   0.0000000000000000E+00   1.0000000000000000E+30   0.0000000000000000E+00
   5.0000000000000000E+06   0.0000000000000000E+00   1.0000000000000000E+30   0.0000000000000000E+00
   5.1000000000000000E+06   0.0000000000000000E+00   1.0000000000000000E+30   0.0000000000000000E+00
   5.2000000000000000E+06   0.0000000000000000E+00   1.0000000000000000E+30   0.0000000000000000E+00
   5.3000000000000000E+06   0.0000000000000000E+00   1.0000000000000000E+30   0.0000000000000000E+00
   5.4000000000000000E+06   0.0000000000000000E+00   1.0000000000000000E+30   0.0000000000000000E+00
   5.5000000000000000E+06   0.0000000000000000E+00   1.0000000000000000E+30   0.0000000000000000E+00
   5.6000000000000000E+06   0.0000000000000000E+00   1.0000000000000000E+30   0.0000000000000000E+00
   5.7000000000000000E+06   0.0000000000000000E+00   1.0000000000000000E+30   0.0000000000000000E+00
   5.8000000000000000E+06   0.0000000000000000E+00   1.0000000000000000E+30   0.0000000000000000E+00
   5.9000000000000000E+06   0.0000000000000000E+00   1.0000000000000000E+30   0.0000000000000000E+00
   6.0000000000000000E+06   0.0000000000000000E+00   1.0000000000000000E+30   0.0000000000000000E+00
   6.1000000000000000E+06   0.0000000000000000E+00   1.0000000000000000E+30   0.0000000000000000E+00
   6.2000000000000000E+06   0.0000000000000000E+00   1.0000000000000000E+30   0.0000000000000000E+00
   6.3000000000000000E+06   0.0000000000000000E+00   1.0000000000000000E+30   0.0000000000000000E+00
   6.4000000000000000E+06   0.0000000000000000E+00   1.0000000000000000E+30   0.0000000000000000E+00
   6.5000000000000000E+06   0.0000000000000000E+00   1.0000000000000000E+30   0.0000000000000000E+00
   6.6000000000000000E+06   0.0000000000000000E+00   1.0000000000000000E+30   0.0000000000000000E+00
   6.7000000000000000E+06   0.0000000000000000E+00   1.0000000000000000E+30   0.0000000000000000E+00
   6.8000000000000000E+06   0.0000000000000000E+00   1.0000000000000000E+30   0.0000000000000000E+00
   6.9000000000000000E+06   0.0000000000000000E+00   1.0000000000000000E+30   0.0000000000000000E+00
   7.0000000000000000E+06   0.0000000000000000E+00   1.0000000000000000E+30   0.0000000000000000E+00
   7.1000000000000000E+06   0.0000000000000000E+00   1.0000000000000000E+30   0.0000000000000000E+00
   7.2000000000000000E+06   0.0000000000000000E+00   1.0000000000000000E+30   0.0000000000000000E+00
   7.3000000000000000E+06   0.0000000000000000E+00   1.0000000000000000E+30   0.0000000000000000E+00
   7.4000000000000000E+06   0.0000000000000000E+00   1.0000000000000000E+30   0.0000000000000000E+00
   7.5000000000000000E+06   0.0000000000000000E+00   1.0000000000000000E+30   0.0000000000000000E+00
   7.6000000000000000E+06   0.0000000000000000E+00   1.0000000000000000E+30   0.0000000000000000E+00
   7.7000000000000000E+06   0.0000000000000000E+00   1.0000000000000000E+30   0.0000000000000000E+00
   7.8000000000000000E+06   0.0000000000000000E+00   1.0000000000000000E+30   0.0000000000000000E+00
   7.9000000000000000E+06   0.0000000000000000E+00   1.0000000000000000E+30   0.0000000000000000E+00
   8.0000000000000000E+06   0.0000000000000000E+00   1.0000000000000000E+30   0.0000000000000000E+00
   8.1000000000000000E+06   0.0000000000000000E+00   1.0000000000000000E+30   0.0000000000000000E+00
   8.2000000000000000E+06   0.0000000000000000E+00   1.0000000000000000E+30   0.0000000000000000E+00
   8.3000000000000000E+06   0.0000000000000000E+00   1.0000000000000000E+30   0.0000000000000000E+00
   8.4000000000000000E+06   0.0000000000000000E+00   1.0000000000000000E+30   0.0000000000000000E+00
   8.5000000000000000E+06   0.0000000000000000E+00   1.0000000000000000E+30   0.0000000000000000E+00
   8.6000000000000000E+06   0.0000000000000000E+00   1.0000000000000000E+30   0.0000000000000000E+00
   8.7000000000000000E+06   0.0000000000000000E+00   1.0000000000000000E+30   0.0000000000000000E+00
   8.8000000000000000E+06   0.0000000000000000E+00   1.0000000000000000E+30   0.0000000000000000E+00
   8.9000000000000000E+06   0.0000000000000000E+00   1.0000000000000000E+30   0.0000000000000000E+00
   9.0000000000000000E+06   0.0000000000000000E+00   1.0000000000000000E+30   0.0000000000000000E+00
   9.1000000000000000E+06   0.0000000000000000E+00   1.0000000000000000E+30   0.0000000000000000E+00
   9.2000000000000000E+06   0.0000000000000000E+00   1.0000000000000000E+30   0.0000000000000000E+00
   9.3000000000000000E+06   0.0000000000000000E+00   1.0000000000000000E+30   0.0000000000000000E+00
   9.4000000000000000E+06   0.0000000000000000E+00   1.0000000000000000E+30   0.0000000000000000E+00
   9.5000000000000000E+06   0.0000000000000000E+00   1.0000000000000000E+30   0.0000000000000000E+00
   9.6000000000000000E+06   0.0000000000000000E+00   1.0000000000000000E+30   0.0000000000000000E+00
   9.7000000000000000E+06   0.0000000000000000E+00   1.0000000000000000E+30   0.0000000000000000E+00
   9.8000000000000000E+06   0.0000000000000000E+00   1.0000000000000000E+30   0.0000000000000000E+00
   9.9000000000000000E+06   0.0000000000000000E+00   1.0000000000000000E+30   0.0000000000000000E+00
   1.0000000000000000E+07   0.0000000000000000E+00   1.0000000000000000E+30   0.0000000000000000E+00
   1.1000000000000000E+07   0.0000000000000000E+00   1.0000000000000000E+30   0.0000000000000000E+00
   1.1922999000000000E+07   0.0000000000000000E+00   1.0000000000000000E+30   0.0000000000000000E+00
   1.1923001000000000E+07   0.0000000000000000E+00   1.0000000000000000E+30   0.0000000000000000E+00
   1.2000000000000000E+07   0.0000000000000000E+00   1.0000000000000000E+30   0.0000000000000000E+00
   1.3000000000000000E+07   0.0000000000000000E+00   1.0000000000000000E+30   0.0000000000000000E+00
   1.3737999000000000E+07   0.0000000000000000E+00   1.0000000000000000E+30   0.0000000000000000E+00
   1.3738001000000000E+07   0.0000000000000000E+00   1.0000000000000000E+30   0.0000000000000000E+00
   1.4000000000000000E+07   0.0000000000000000E+00   1.0000000000000000E+30   0.0000000000000000E+00
   1.4355999000000000E+07   0.0000000000000000E+00   1.0000000000000000E+30   0.0000000000000000E+00
   1.4356001000000000E+07   0.0000000000000000E+00   1.0000000000000000E+30   0.0000000000000000E+00
   1.5000000000000000E+07   0.0000000000000000E+00   1.0000000000000000E+30   0.0000000000000000E+00
   1.6000000000000000E+07   0.0000000000000000E+00   1.0000000000000000E+30   0.0000000000000000E+00
   1.7000000000000000E+07   0.0000000000000000E+00   1.0000000000000000E+30   0.0000000000000000E+00
   1.8000000000000000E+07   0.0000000000000000E+00   1.0000000000000000E+30   0.0000000000000000E+00
   1.9000000000000000E+07   0.0000000000000000E+00   1.0000000000000000E+30   0.0000000000000000E+00
   2.0000000000000000E+07   0.0000000000000000E+00   1.0000000000000000E+30   0.0000000000000000E+00
   2.1000000000000000E+07   1.7430004284250914E-03   5.7372332426995558E+02   5.9087714523610579E-01
   2.2000000000000000E+07   3.6781927046154318E-03   2.7187265059418729E+02   1.2652341527819460E+00
   2.3000000000000000E+07   7.4416185237570149E-03   1.3437936879020975E+02   2.6309102857089979E+00
   2.4000000000000000E+07   9.7701859522938330E-03   1.0235219727473266E+02   3.4991976701466263E+00
   2.5000000000000000E+07   1.3823611925174882E-02   7.2339993730498847E+01   5.0729982981008570E+00
   2.6000000000000000E+07   1.7968814427193513E-02   5.5651974372144856E+01   6.7448316956383865E+00
   2.7000000000000000E+07   2.0864874505038575E-02   4.7927438996027227E+01   7.9179039636891311E+00
   2.8000000000000000E+07   2.5292877483532792E-02   3.9536822200283900E+01   9.7957014115797350E+00
   2.9000000000000000E+07   2.9817547186192669E-02   3.3537299153267064E+01   1.1769974378749783E+01
   3.0000000000000000E+07   3.3248380062543152E-02   3.0076653302173263E+01   1.3249275067122733E+01
   3.1000000000000000E+07   3.8049490804450817E-02   2.6281560642672932E+01   1.5428224414227625E+01
   3.2000000000000000E+07   4.1817496614808249E-02   2.3913435307026106E+01   1.7106485708399141E+01
   3.3000000000000000E+07   4.6889273625425443E-02   2.1326839225288314E+01   1.9489952999270823E+01
   3.4000000000000000E+07   5.2061415741282334E-02   1.9208083102646892E+01   2.1968914641670526E+01
   3.5000000000000000E+07   5.6321781555637662E-02   1.7755120175169651E+01   2.3956752344569608E+01
   3.6000000000000000E+07   6.1759592607287694E-02   1.6191816652009443E+01   2.6640385621260567E+01
   3.7000000000000000E+07   6.6333550638466951E-02   1.5075327498300661E+01   2.8830658806396638E+01
   3.8000000000000000E+07   7.2032679235670902E-02   1.3882587883872516E+01   3.1719715529699101E+01
   3.9000000000000000E+07   7.7834680380917454E-02   1.2847743385160323E+01   3.4704902791895535E+01
   4.0000000000000000E+07   8.2869209416257889E-02   1.2067208159027192E+01   3.7209752911034116E+01
   4.1000000000000000E+07   8.8928670684253919E-02   1.1244967368854017E+01   4.0401960428894164E+01
   4.2000000000000000E+07   9.4259002860907756E-02   1.0609066186236225E+01   4.3113913748670761E+01
   4.3000000000000000E+07   1.0057279108980041E-01   9.9430471120873083E+00   4.6514808307156770E+01
   4.4000000000000000E+07   1.0699126624346524E-01   9.3465572949145059E+00   5.0013832997860760E+01
   4.5000000000000000E+07   1.1275838763963308E-01   8.8685198585485381E+00   5.3047655745330303E+01
   4.6000000000000000E+07   1.1942842721985052E-01   8.3732158521952584E+00   5.6758340992900543E+01
   4.7000000000000000E+07   1.2547812895700947E-01   7.9695163476864881E+00   6.0005431654663582E+01
   4.8000000000000000E+07   1.3239728895989333E-01   7.5530247473792826E+00   6.3930154460208755E+01
   4.9000000000000000E+07   1.3942264043215549E-01   7.1724362478030290E+00   6.7956147620498115E+01
   5.0000000000000000E+07   1.4589158318759127E-01   6.8544050187883263E+00   7.1534877605945553E+01
   5.1000000000000000E+07   1.5316421319593876E-01   6.5289402735397966E+00   7.5779098745410238E+01
   5.2000000000000000E+07   1.5990596261204784E-01   6.2536754956794640E+00   7.9578747746882286E+01
   5.3000000000000000E+07   1.6742411304633578E-01   5.9728552942863331E+00   8.4044250031349819E+01
   5.4000000000000000E+07   1.7504985523849348E-01   5.7126582517738642E+00   8.8615165302979804E+01
   5.5000000000000000E+07   1.8219771694866743E-01   5.4885429781852926E+00   9.2758398166419823E+01
   5.6000000000000000E+07   1.9006763483903003E-01   5.2612850201819423E+00   9.7555721048941848E+01
   5.7000000000000000E+07   1.9804607764167356E-01   5.0493299938477376E+00   1.0246129074846958E+02
   5.8000000000000000E+07   2.0559377057116296E-01   4.8639606016363528E+00   1.0695616746327728E+02
   5.9000000000000000E+07   2.1381516383318622E-01   4.6769367619790412E+00   1.1209365148427402E+02
   6.0000000000000000E+07   2.2162455687882726E-01   4.5121353611853943E+00   1.1682416422696394E+02
   6.1000000000000000E+07   2.3008792321019686E-01   4.3461646576141675E+00   1.2219762256349773E+02
   6.2000000000000000E+07   2.3866063522100639E-01   4.1900500225936810E+00   1.2768445005486475E+02
   6.3000000000000000E+07   2.4686079955283713E-01   4.0508659204353101E+00   1.3278110270054151E+02
   6.4000000000000000E+07   2.5569481063040927E-01   3.9109123784504063E+00   1.3853168863705181E+02
   6.5000000000000000E+07   2.6417654742367380E-01   3.7853473737630754E+00   1.4390144703526738E+02
   6.6000000000000000E+07   2.7330431652078696E-01   3.6589250134435485E+00   1.4995880768527124E+02
   6.7000000000000000E+07   2.8206944583248783E-01   3.5452262369241820E+00   1.5561272856140508E+02
   6.8000000000000000E+07   2.9148379609603592E-01   3.4307224394406046E+00   1.6197993253263527E+02
   6.9000000000000000E+07   3.0052923531959608E-01   3.3274632963297428E+00   1.6792405838651999E+02
   7.0000000000000000E+07   3.0970878429492466E-01   3.2288396413313731E+00   1.7400672327453464E+02
   7.1000000000000000E+07   3.1902202216688669E-01   3.1345798425065481E+00   1.8022951231367895E+02
   7.2000000000000000E+07   3.2899888881607764E-01   3.0395239436782311E+00   1.8722374062006480E+02
   7.3000000000000000E+07   3.3858576829705844E-01   2.9534614081081210E+00   1.9374782380504837E+02
   7.4000000000000000E+07   3.4830409693238235E-01   2.8710543711868373E+00   2.0041615959705203E+02
   7.5000000000000000E+07   3.5815308884543468E-01   2.7921021237696553E+00   2.0723004626374649E+02
   7.6000000000000000E+07   3.6813227219020039E-01   2.7164149289343937E+00   2.1419111607535831E+02
   7.7000000000000000E+07   3.7877713470300833E-01   2.6400748840979547E+00   2.2198255320988929E+02
   7.8000000000000000E+07   3.8901748058121616E-01   2.5705785727313288E+00   2.2925413043605693E+02
   7.9000000000000000E+07   3.9938426779766911E-01   2.5038542592433992E+00   2.3667546818019633E+02
   8.0000000000000000E+07   4.0987609131385699E-01   2.4397617260243263E+00   2.4424719043300735E+02
   8.0728999000000000E+07   4.1720645041474913E-01   2.3968948682502154E+00   2.4933462394671776E+02
   8.0729001000000000E+07   4.1720647059206645E-01   2.3968947523294144E+00   2.4933463797492584E+02
   8.1000000000000000E+07   4.2049215972017334E-01   2.3781656254077941E+00   2.5197057812466014E+02
   8.2000000000000000E+07   4.3123070067251962E-01   2.3189443572557904E+00   2.5984591008624517E+02
   8.3000000000000000E+07   4.4209044847170631E-01   2.2619805595370148E+00   2.6787400125413677E+02
   8.4000000000000000E+07   4.5306958186835328E-01   2.2071664927851331E+00   2.7605499527400661E+02
   8.5000000000000000E+07   4.6416675868570156E-01   2.1543981366341747E+00   2.8438960852665889E+02
   8.6000000000000000E+07   4.7537996928991127E-01   2.1035804295534977E+00   2.9287774967247555E+02
   8.7000000000000000E+07   4.8616258223181674E-01   2.0569250628242930E+00   3.0073741254096575E+02
   8.8000000000000000E+07   4.9760522180889000E-01   2.0096252132660690E+00   3.0952746320913627E+02
   8.9000000000000000E+07   5.0915846615850169E-01   1.9640250854410795E+00   3.1847169232777009E+02
   9.0000000000000000E+07   5.2082021861359029E-01   1.9200483473202594E+00   3.2757002699498622E+02
   9.1000000000000000E+07   5.3258805134745701E-01   1.8776237984873729E+00   3.3682182431059562E+02
   9.2000000000000000E+07   5.4445928471910165E-01   1.8366846301756463E+00   3.4622624610520637E+02
   9.3000000000000000E+07   5.5643147904124712E-01   1.7971664754176717E+00   3.5578263213622006E+02
   9.4000000000000000E+07   5.6795842279902209E-01   1.7606922617183556E+00   3.6464679660671220E+02
   9.5000000000000000E+07   5.8013198814782707E-01   1.7237456655211778E+00   3.7450501442684060E+02
   9.6000000000000000E+07   5.9239845259077384E-01   1.6880530251668224E+00   3.8451269864309791E+02
   9.7000000000000000E+07   6.0475477565198232E-01   1.6535627997677347E+00   3.9466836509189858E+02
   9.8000000000000000E+07   6.1719790227800675E-01   1.6202258567456480E+00   4.0497060291641418E+02
   9.9000000000000000E+07   6.2918805467055683E-01   1.5893499448644184E+00   4.1453962593833018E+02
   1.0000000000000000E+08   6.4180524175925691E-01   1.5581050682273847E+00   4.2513476718938881E+02
   1.1000000000000000E+08   7.7016776414805443E-01   1.2984184051200609E+00   5.3580771244551397E+02
   1.2000000000000000E+08   9.0233602935150592E-01   1.1082345905202120E+00   6.5710311774465595E+02
   1.3000000000000000E+08   1.0342387054791087E+00   9.6689477458373840E-01   7.8532896366602984E+02
   1.4000000000000000E+08   1.1625289521516740E+00   8.6019363057508713E-01   9.1737779398902683E+02
   1.5000000000000000E+08   1.2841677205507740E+00   7.7871448098002694E-01   1.0493308021186476E+03
   1.6000000000000000E+08   1.3968089484350874E+00   7.1591752123319974E-01   1.1768531578184995E+03
   1.7000000000000000E+08   1.4996567054860943E+00   6.6681927693302523E-01   1.2976885532142583E+03
   1.8000000000000000E+08   1.5936006780973160E+00   6.2750977314715561E-01   1.4131895365621176E+03
   1.9000000000000000E+08   1.6781479642306536E+00   5.9589501123546629E-01   1.5202118498285051E+03
   2.0000000000000000E+08   1.7544332650850891E+00   5.6998463258817689E-01   1.6200055363571526E+03
   2.1000000000000000E+08   1.8232199318633200E+00   5.4848018197015103E-01   1.7128084871633093E+03
   2.2000000000000000E+08   1.8852679303073192E+00   5.3042858467177623E-01   1.7989924986741928E+03
   2.3000000000000000E+08   1.9412879124494526E+00   5.1512194228739272E-01   1.8789790828701280E+03
   2.4000000000000000E+08   1.9915834264322985E+00   5.0211303565193333E-01   1.9518419571309637E+03
   2.5000000000000000E+08   2.0371076789093427E+00   4.9089206739203656E-01   2.0193858902526224E+03
   2.6000000000000000E+08   2.0787478255344576E+00   4.8105883153137857E-01   2.0836259003823043E+03
   2.7000000000000000E+08   2.1162368241044911E+00   4.7253690542085769E-01   2.1419592170081628E+03
   2.8000000000000000E+08   2.1503302166425033E+00   4.6504485323253597E-01   2.1962355494258695E+03
   2.9000000000000000E+08   2.1813774925915990E+00   4.5842592737671645E-01   2.2468023694611297E+03
   3.0000000000000000E+08   2.2096831006095345E+00   4.5255358097464438E-01   2.2939689110663444E+03
   3.1000000000000000E+08   2.2355133640921556E+00   4.4732454570053587E-01   2.3380083239818350E+03
   3.2000000000000000E+08   2.2588063725389373E+00   4.4271169594584725E-01   2.3776090213069970E+03
   3.3000000000000000E+08   2.2803864746000588E+00   4.3852215891404250E-01   2.4161873557090048E+03
   3.4000000000000000E+08   2.3001137642011882E+00   4.3476110423924730E-01   2.4523041601803839E+03
   3.5000000000000000E+08   2.3178747213613082E+00   4.3142970186615237E-01   2.4845505697291883E+03
   3.6000000000000000E+08   2.3343966582584419E+00   4.2837621295518913E-01   2.5163882736935866E+03
   3.7000000000000000E+08   2.3494949156056379E+00   4.2562339392942528E-01   2.5462187113508676E+03
   3.8000000000000000E+08   2.3630592364910221E+00   4.2318025065039433E-01   2.5727494890519561E+03
   3.9000000000000000E+08   2.3754333335785427E+00   4.2097582191183630E-01   2.5975292243463714E+03
   4.0000000000000000E+08   2.3869832282858083E+00   4.1893884638567053E-01   2.6224549836416236E+03
   4.1000000000000000E+08   2.3972776023107905E+00   4.1713984189235215E-01   2.6442934793150825E+03
   4.2000000000000000E+08   2.4066405752271725E+00   4.1551697012571398E-01   2.6647310616630107E+03
   4.3000000000000000E+08   2.4153961782918780E+00   4.1401075690497324E-01   2.6856454640416123E+03
   4.4000000000000000E+08   2.4231195350545383E+00   4.1269115515487464E-01   2.7037250040898402E+03
   4.5000000000000000E+08   2.4301037031243853E+00   4.1150507227913763E-01   2.7206737651473627E+03
   4.6000000000000000E+08   2.4364028201457306E+00   4.1044116011168724E-01   2.7365725927369431E+03
   4.7000000000000000E+08   2.4422865138980892E+00   4.0945236945354063E-01   2.7531968565090169E+03
   4.8000000000000000E+08   2.4473627190619873E+00   4.0860310251979121E-01   2.7672836834405430E+03
   4.9000000000000000E+08   2.4518858636595104E+00   4.0784932725517303E-01   2.7805089396618232E+03
   5.0000000000000000E+08   2.4558921121035278E+00   4.0718401067849730E-01   2.7929210292832195E+03
   5.1000000000000000E+08   2.4594160125048830E+00   4.0660058929254239E-01   2.8045718426625631E+03
   5.2000000000000000E+08   2.4624895698353497E+00   4.0609309060621263E-01   2.8155109274273141E+03
   5.3000000000000000E+08   2.4651404748188286E+00   4.0565639573683665E-01   2.8257742827515444E+03
   5.4000000000000000E+08   2.4673958469574560E+00   4.0528559745818632E-01   2.8354036040650781E+03
   5.5000000000000000E+08   2.4692806297707826E+00   4.0497624609513411E-01   2.8444357258275481E+03
   5.6000000000000000E+08   2.4708163485853212E+00   4.0472453590998597E-01   2.8528964699458375E+03
   5.7000000000000000E+08   2.4720245929886748E+00   4.0452671985394828E-01   2.8608191575210349E+03
   5.8000000000000000E+08   2.4729252314165771E+00   4.0437939137657047E-01   2.8682317860997136E+03
   5.9000000000000000E+08   2.4735351011571032E+00   4.0427968842334472E-01   2.8751543184164007E+03
   6.0000000000000000E+08   2.4738720006509287E+00   4.0422463237260409E-01   2.8816123448161088E+03
   6.1000000000000000E+08   2.4739512190112398E+00   4.0421168870082597E-01   2.8876268012304945E+03
   6.2000000000000000E+08   2.4736250111351876E+00   4.0426499388485870E-01   2.8915648254861103E+03
   6.3000000000000000E+08   2.4732439005743956E+00   4.0432728845212412E-01   2.8968474388363516E+03
   6.4000000000000000E+08   2.4726459683340885E+00   4.0442506238518916E-01   2.9017414127820239E+03
   6.5000000000000000E+08   2.4718424407420287E+00   4.0455652978423967E-01   2.9062599430031237E+03
   6.6000000000000000E+08   2.4708448721875378E+00   4.0471986374225921E-01   2.9104161889583579E+03
   6.7000000000000000E+08   2.4696629494230651E+00   4.0491355317680455E-01   2.9142208896620446E+03
   6.8000000000000000E+08   2.4681670096465282E+00   4.0515896861582817E-01   2.9161164902850637E+03
   6.9000000000000000E+08   2.4666634337620668E+00   4.0540593674542619E-01   2.9194242965940298E+03
   7.0000000000000000E+08   2.4650027930416019E+00   4.0567905351786071E-01   2.9224076766650010E+03
   7.1000000000000000E+08   2.4631931781493823E+00   4.0597709057935460E-01   2.9250817632240296E+03
   7.2000000000000000E+08   2.4611079794158486E+00   4.0632105879293978E-01   2.9258601853647565E+03
   7.3000000000000000E+08   2.4590434423119825E+00   4.0666219343396565E-01   2.9281494545957717E+03
   7.4000000000000000E+08   2.4568502443754490E+00   4.0702521543156089E-01   2.9301400567291325E+03
   7.5000000000000000E+08   2.4543950804096046E+00   4.0743236815529876E-01   2.9301157423246036E+03
   7.6000000000000000E+08   2.4519886617320021E+00   4.0783222843030353E-01   2.9318080214731567E+03
   7.7000000000000000E+08   2.4494694736284166E+00   4.0825166868427759E-01   2.9331983837041039E+03
   7.8000000000000000E+08   2.4468450122624521E+00   4.0868955532061252E-01   2.9343102003453455E+03
   7.9000000000000000E+08   2.4440068926186580E+00   4.0916414884924451E-01   2.9336736442388374E+03
   8.0000000000000000E+08   2.4412104276697675E+00   4.0963285617067430E-01   2.9345301320772014E+03
   8.1000000000000000E+08   2.4383218159420537E+00   4.1011813677008296E-01   2.9351100349956660E+03
   8.2000000000000000E+08   2.4352399653180332E+00   4.1063715044172411E-01   2.9339878990542838E+03
   8.3000000000000000E+08   2.4322060978318714E+00   4.1114936801261409E-01   2.9343495125807731E+03
   8.4000000000000000E+08   2.4289689950017035E+00   4.1169730945836913E-01   2.9327470851411990E+03
   8.5000000000000000E+08   2.4258070622026713E+00   4.1223393879148174E-01   2.9329434622951367E+03
   8.6000000000000000E+08   2.4225691378734964E+00   4.1278491679200902E-01   2.9328359029348735E+03
   8.7000000000000000E+08   2.4191550613888366E+00   4.1336746699729959E-01   2.9309428636108437E+03
   8.8000000000000000E+08   2.4158078947957899E+00   4.1394019870298127E-01   2.9306770039779785E+03
   8.9000000000000000E+08   2.4122759497796382E+00   4.1454627116410558E-01   2.9283891584290886E+03
   9.0000000000000000E+08   2.4088336069384928E+00   4.1513867837096075E-01   2.9280116733145996E+03
   9.1000000000000000E+08   2.4053270858756925E+00   4.1574387361789356E-01   2.9272999571920282E+03
   9.2000000000000000E+08   2.4016697240363101E+00   4.1637698555793656E-01   2.9248859851820512E+03
   9.3000000000000000E+08   2.3980807238249326E+00   4.1700014101485405E-01   2.9240430001989307E+03
   9.4000000000000000E+08   2.3943371594641367E+00   4.1765212390714623E-01   2.9213424797451366E+03
   9.5000000000000000E+08   2.3906756163356011E+00   4.1829179716685622E-01   2.9203898779769529E+03
   9.6000000000000000E+08   2.3868551584304627E+00   4.1896132510092299E-01   2.9174221388482747E+03
   9.7000000000000000E+08   2.3831293585740525E+00   4.1961633194697878E-01   2.9163741071940622E+03
   9.8000000000000000E+08   2.3793539119370730E+00   4.2028215936396068E-01   2.9149696858533762E+03
   9.9000000000000000E+08   2.3754592956391778E+00   4.2097122094905221E-01   2.9120362772186604E+03
   1.0000000000000000E+09   2.3716278555678980E+00   4.2165131331725958E-01   2.9105043365293282E+03
   1.1000000000000000E+09   2.3316959204580403E+00   4.2887238907359726E-01   2.8843194282957325E+03
   1.2000000000000000E+09   2.2904283245843886E+00   4.3659956055662907E-01   2.8520236154999457E+03
   1.3000000000000000E+09   2.1612282235948514E+00   4.6269986162621130E-01   2.2498758587552379E+03
   1.4000000000000000E+09   2.1263600870216535E+00   4.7028723220660079E-01   2.2134275456694068E+03
   1.5000000000000000E+09   2.0916327889259319E+00   4.7809539288849418E-01   2.1771665839182315E+03
   1.6000000000000000E+09   2.0573141052490165E+00   4.8607064786490667E-01   2.1413613976192369E+03
   1.7000000000000000E+09   2.0235829350374259E+00   4.9417297541180605E-01   2.1061937928458246E+03
   1.8000000000000000E+09   1.9905564678844008E+00   5.0237208345202988E-01   2.0717783808860231E+03
   1.9000000000000000E+09   1.9583090319958603E+00   5.1064463456047327E-01   2.0381899772099050E+03
   2.0000000000000000E+09   1.9268844968944820E+00   5.1897246649276507E-01   2.0054686989136487E+03
   2.1000000000000000E+09   1.8963053962355148E+00   5.2734121939702772E-01   1.9736374686851520E+03
   2.2000000000000000E+09   1.8665789085470617E+00   5.3573947258323873E-01   1.9427009605883252E+03
   2.3000000000000000E+09   1.8377014331173671E+00   5.4415803458544387E-01   1.9126541470219117E+03
   2.4000000000000000E+09   1.8096617568131297E+00   5.5258945282737870E-01   1.8834846302111912E+03
   2.5000000000000000E+09   1.7824433358407643E+00   5.6102765226380003E-01   1.8551735465998952E+03
   2.6000000000000000E+09   1.7560260603171154E+00   5.6946763069075024E-01   1.8276999306632135E+03
   2.7000000000000000E+09   1.7303874024994779E+00   5.7790527055128738E-01   1.8010384435163230E+03
   2.8000000000000000E+09   1.7055034785933443E+00   5.8633712129674143E-01   1.7751664444069997E+03
   2.9000000000000000E+09   1.6813494504345432E+00   5.9476035736744137E-01   1.7500535234200265E+03
   3.0000000000000000E+09   1.6579003824615652E+00   6.0317254919457319E-01   1.7256776656920272E+03
   3.1000000000000000E+09   1.6351312331611159E+00   6.1157170734654187E-01   1.7020097465556462E+03
   3.2000000000000000E+09   1.6130173481818559E+00   6.1995613446263909E-01   1.6790240850503285E+03
   3.3000000000000000E+09   1.5915345896963939E+00   6.2832438985241490E-01   1.6566964010018380E+03
   3.4000000000000000E+09   1.5706594029870702E+00   6.3667527033436178E-01   1.6350008855427182E+03
   3.5000000000000000E+09   1.5503689914399441E+00   6.4500774042908648E-01   1.6139146624238313E+03
   3.6000000000000000E+09   1.5306412879284590E+00   6.5332093671233793E-01   1.5934136074739426E+03
   3.7000000000000000E+09   1.5114550846051644E+00   6.6161410298290735E-01   1.5734775776076947E+03
   3.8000000000000000E+09   1.4927899026254374E+00   6.6988663189726483E-01   1.5540826052261996E+03
   3.9000000000000000E+09   1.4746261565528458E+00   6.7813797792495856E-01   1.5352098628458307E+03
   4.0000000000000000E+09   1.4569450241436877E+00   6.8636769639797857E-01   1.5168389290699827E+03
   4.1000000000000000E+09   1.4397284947575089E+00   6.9457540337730728E-01   1.4989513934805270E+03
   4.2000000000000000E+09   1.4229593221628214E+00   7.0276077778530877E-01   1.4815293174812552E+03
   4.3000000000000000E+09   1.4066209949826751E+00   7.1092355621516712E-01   1.4645548190585962E+03
   4.4000000000000000E+09   1.3906977573804633E+00   7.1906350225487770E-01   1.4480130257215483E+03
   4.5000000000000000E+09   1.3751744997262558E+00   7.2718044160872786E-01   1.4318868574683047E+03
   4.6000000000000000E+09   1.3600367982046493E+00   7.3527422296225753E-01   1.4161612888891925E+03
   4.7000000000000000E+09   1.3452708721992259E+00   7.4334472013447905E-01   1.4008224853414938E+03
   4.8000000000000000E+09   1.3308635423619513E+00   7.5139183557861178E-01   1.3858568593466616E+03
   4.9000000000000000E+09   1.3168021861637047E+00   7.5941550713349160E-01   1.3712498048410389E+03
   5.0000000000000000E+09   1.3030747926253590E+00   7.6741565845599591E-01   1.3569914782260494E+03
   5.1000000000000000E+09   1.2896697967019277E+00   7.7539227681170786E-01   1.3430668126361545E+03
   5.2000000000000000E+09   1.2765762191956334E+00   7.8334531457126544E-01   1.3294674305615299E+03
   5.3000000000000000E+09   1.2637834804506227E+00   7.9127478359143755E-01   1.3161797328287676E+03
   5.4000000000000000E+09   1.2512815054921598E+00   7.9918067645911184E-01   1.3031943870835519E+03
   5.5000000000000000E+09   1.2390606341825641E+00   8.0706300596800296E-01   1.2905012691844572E+03
   5.6000000000000000E+09   1.2271116158135056E+00   8.1492179449141366E-01   1.2780906024362780E+03
   5.7000000000000000E+09   1.2154255966550376E+00   8.2275706777287860E-01   1.2659535582194699E+03
   5.8000000000000000E+09   1.2039940727954646E+00   8.3056887288338088E-01   1.2540799551991117E+03
   5.9000000000000000E+09   1.1928089409626281E+00   8.3835723028113285E-01   1.2424639129183422E+03
   6.0000000000000000E+09   1.1818623698249870E+00   8.4612220976972352E-01   1.2310946160532478E+03
   6.1000000000000000E+09   1.1711469067700475E+00   8.5386384425327122E-01   1.2199665644528297E+03
   6.2000000000000000E+09   1.1606553513233380E+00   8.6158220772414118E-01   1.2090701704815635E+03
   6.3000000000000000E+09   1.1503808396725714E+00   8.6927734321846528E-01   1.1984002563158488E+03
   6.4000000000000000E+09   1.1403167394199047E+00   8.7694932945447623E-01   1.1879480909845695E+03
   6.5000000000000000E+09   1.1304567164908750E+00   8.8459822071221439E-01   1.1777084288064566E+03
   6.6000000000000000E+09   1.1207946654827925E+00   8.9222408956527388E-01   1.1676744221920630E+03
   6.7000000000000000E+09   1.1113247249695000E+00   8.9982700603322308E-01   1.1578400255406614E+03
   6.8000000000000000E+09   1.1020412610888721E+00   9.0740704119549020E-01   1.1481995238694853E+03
   6.9000000000000000E+09   1.0929388506684845E+00   9.1496427214419251E-01   1.1387469238527042E+03
   7.0000000000000000E+09   1.0840122857386270E+00   9.2249876976128342E-01   1.1294773257078857E+03
   7.1000000000000000E+09   1.0752565421213336E+00   9.3001061684045883E-01   1.1203848112245817E+03
   7.2000000000000000E+09   1.0666667989294023E+00   9.3749988375346960E-01   1.1114651969575193E+03
   7.3000000000000000E+09   1.0582383996689040E+00   9.4496665431236937E-01   1.1027130591072798E+03
   7.4000000000000000E+09   1.0499668690438431E+00   9.5241100408306656E-01   1.0941241747493536E+03
   7.5000000000000000E+09   1.0418478819033663E+00   9.5983302108661617E-01   1.0856931648785733E+03
   7.6000000000000000E+09   1.0338772892165058E+00   9.6723277552389364E-01   1.0774168714345124E+03
   7.7000000000000000E+09   1.0260510681516326E+00   9.7461035911344862E-01   1.0692899380242948E+03
   7.8000000000000000E+09   1.0183653631737106E+00   9.8196584071116166E-01   1.0613097380592349E+03
   7.9000000000000000E+09   1.0108164272651861E+00   9.8929931590600462E-01   1.0534708590154116E+03
   8.0000000000000000E+09   1.0034006733018639E+00   9.9661085208297384E-01   1.0457711567126730E+03
   8.1000000000000000E+09   9.9611460906737781E-01   1.0039005460789898E+00   1.0382054012887907E+03
   8.2000000000000000E+09   9.8895489123111913E-01   1.0111684656871773E+00   1.0307716717548635E+03
   8.3000000000000000E+09   9.8191826435898832E-01   1.0184147054773605E+00   1.0234652563783219E+03
   8.4000000000000000E+09   9.7500160153741722E-01   1.0256393409233016E+00   1.0162836315769994E+03
   8.5000000000000000E+09   9.6820187369761290E-01   1.0328424548291242E+00   1.0092235825516436E+03
   8.6000000000000000E+09   9.6151614755451087E-01   1.0400241353651396E+00   1.0022814219714780E+03
   8.7000000000000000E+09   9.5494160389335558E-01   1.0471844518271469E+00   9.9545556218923980E+02
   8.8000000000000000E+09   9.4847549203976145E-01   1.0543234995449715E+00   9.8874172915493421E+02
   8.9000000000000000E+09   9.4211517270529688E-01   1.0614413491807866E+00   9.8213833903446448E+02
   9.0000000000000000E+09   9.3585807228339479E-01   1.0685380931321198E+00   9.7564158589756562E+02
   9.1000000000000000E+09   9.2970171846203331E-01   1.0756138018699786E+00   9.6925002915919015E+02
   9.2000000000000000E+09   9.2364369937335367E-01   1.0826685665462239E+00   9.6296012539577657E+02
   9.3000000000000000E+09   9.1768169668103095E-01   1.0897024574170857E+00   9.5677055855541107E+02
   9.4000000000000000E+09   9.1181344776440376E-01   1.0967155644082824E+00   9.5067802361446672E+02
   9.5000000000000000E+09   9.0603676617483808E-01   1.1037079700660071E+00   9.4468003254871542E+02
   9.6000000000000000E+09   9.0034954811458423E-01   1.1106797377686179E+00   9.3877609400340020E+02
   9.7000000000000000E+09   8.9474972663018826E-01   1.1176309645449192E+00   9.3296231498052634E+02
   9.8000000000000000E+09   8.8923531692381097E-01   1.1245617228287386E+00   9.2723734996860651E+02
   9.9000000000000000E+09   8.8380438688968010E-01   1.1314720936374172E+00   9.2159901050194230E+02
   1.0000000000000000E+10   8.7845506505396054E-01   1.1383621539464555E+00   9.1604554447947748E+02
   1.1000000000000000E+10   8.2907543407833317E-01   1.2061628639517952E+00   8.6478388867182252E+02
   1.2000000000000000E+10   7.8615302601979908E-01   1.2720169825751142E+00   8.2022939373996121E+02
   1.3000000000000000E+10   7.4850417215542520E-01   1.3359978971397803E+00   7.8115218310113255E+02
   1.4000000000000000E+10   7.1521773326198612E-01   1.3981756233016911E+00   7.4660680746975413E+02
   1.5000000000000000E+10   6.8558094860170160E-01   1.4586169613370703E+00   7.1585242800704339E+02
   1.6000000000000000E+10   6.5902824981655184E-01   1.5173856360153934E+00   6.8830119867346320E+02
   1.7000000000000000E+10   6.3510513824907600E-01   1.5745424493917721E+00   6.6348126708433574E+02
   1.8000000000000000E+10   6.1344219556626300E-01   1.6301454435766505E+00   6.4100902605227668E+02
   1.9000000000000000E+10   5.9373606710875404E-01   1.6842500487962291E+00   6.2056919382350213E+02
   2.0000000000000000E+10   5.7573533161739543E-01   1.7369092099849617E+00   6.0190089217073921E+02
   2.1000000000000000E+10   5.5922984234456563E-01   1.7881735277350543E+00   5.8478568259965925E+02
   2.2000000000000000E+10   5.4404259408761468E-01   1.8380913753215367E+00   5.6903946024789718E+02
   2.3000000000000000E+10   5.3002344403970580E-01   1.8867089960743075E+00   5.5450704871894266E+02
   2.4000000000000000E+10   5.1704419378166599E-01   1.9340706501043770E+00   5.4105454270927180E+02
   2.5000000000000000E+10   5.0499473173323128E-01   1.9802186778618922E+00   5.2856786158794614E+02
   2.6000000000000000E+10   4.9377994818456661E-01   2.0251936184865431E+00   5.1694813124957852E+02
   2.7000000000000000E+10   4.8331726724914498E-01   2.0690342923016458E+00   5.0610969008014717E+02
   2.8000000000000000E+10   4.7353464646771859E-01   2.1117778972655832E+00   4.9597741834083484E+02
   2.9000000000000000E+10   4.6436895406684869E-01   2.1534600692880175E+00   4.8648631000758769E+02
   3.0000000000000000E+10   4.5576462644846544E-01   2.1941149926278292E+00   4.7757815582183491E+02
   3.1000000000000000E+10   4.4767257289739398E-01   2.2337754433510915E+00   4.6920212235315518E+02
   3.2000000000000000E+10   4.4004925733490385E-01   2.2724728728241899E+00   4.6131295769186215E+02
   3.3000000000000000E+10   4.3285593524631538E-01   2.3102374683414082E+00   4.5387046329767128E+02
   3.4000000000000000E+10   4.2605801194150728E-01   2.3470982166092638E+00   4.4683871557454358E+02
   3.5000000000000000E+10   4.1962450064700657E-01   2.3830829669338414E+00   4.4018525519779615E+02
   3.6000000000000000E+10   4.1352756804251189E-01   2.4182184630002639E+00   4.3388179459019875E+02
   3.7000000000000000E+10   4.0774213644222818E-01   2.4525304368234879E+00   4.2790166546299082E+02
   3.8000000000000000E+10   4.0224555690808106E-01   2.4860436189442225E+00   4.2222145614272461E+02
   3.9000000000000000E+10   3.9701732069029783E-01   2.5187817958704937E+00   4.1682012941972823E+02
   4.0000000000000000E+10   3.9203881040442978E-01   2.5507678664987115E+00   4.1167815727379514E+02
   4.1000000000000000E+10   3.8729308898545678E-01   2.5820238688471693E+00   4.0677801657857486E+02
   4.2000000000000000E+10   3.8276471353789127E-01   2.6125710250482808E+00   4.0210371584112119E+02
   4.3000000000000000E+10   3.7843957344892321E-01   2.6424297831393866E+00   3.9764040440239097E+02
   4.4000000000000000E+10   3.7430475137368746E-01   2.6716198400635562E+00   3.9337479446882378E+02
   4.5000000000000000E+10   3.7034839788409485E-01   2.7001601889282711E+00   3.8929438529990659E+02
   4.6000000000000000E+10   3.6655962614430387E-01   2.7280691289398282E+00   3.8538831341189854E+02
   4.7000000000000000E+10   3.6292841141679760E-01   2.7553643323106245E+00   3.8164560993865507E+02
   4.8000000000000000E+10   3.5944551274751224E-01   2.7820628288172204E+00   3.7805704383515615E+02
   4.9000000000000000E+10   3.5610239451328729E-01   2.8081810608625015E+00   3.7461378978528137E+02
   5.0000000000000000E+10   3.5289116022838757E-01   2.8337349095194404E+00   3.7130735681618916E+02
   5.1000000000000000E+10   3.4980449633679789E-01   2.8587396973799408E+00   3.6813043126784817E+02
   5.2000000000000000E+10   3.4683561622270309E-01   2.8832102391638474E+00   3.6507564191464598E+02
   5.3000000000000000E+10   3.4397821683594976E-01   2.9071608347714664E+00   3.6213672081804407E+02
   5.4000000000000000E+10   3.4122643411445430E-01   2.9306053107965830E+00   3.5930758686138466E+02
   5.5000000000000000E+10   3.3857480550058305E-01   2.9535570389577557E+00   3.5658236974330879E+02
   5.6000000000000000E+10   3.3601823742988896E-01   2.9760289430976279E+00   3.5395584725188621E+02
   5.7000000000000000E+10   3.3355197404704701E-01   2.9980335234320985E+00   3.5142314418041695E+02
   5.8000000000000000E+10   3.3117156906254713E-01   3.0195828791424240E+00   3.4897949255860067E+02
   5.9000000000000000E+10   3.2887286249340475E-01   3.0406887099723963E+00   3.4662077486115487E+02
   6.0000000000000000E+10   3.2665195627112870E-01   3.0613623485235673E+00   3.4434282138657113E+02
   6.1000000000000000E+10   3.2450519504677633E-01   3.0816147638433140E+00   3.4214184635462874E+02
   6.2000000000000000E+10   3.2242914760060415E-01   3.1014565756279238E+00   3.4001440633339871E+02
   6.3000000000000000E+10   3.2042058831602138E-01   3.1208980835330395E+00   3.3795676088450983E+02
   6.4000000000000000E+10   3.1847648595450956E-01   3.1399492399035007E+00   3.3596639801098127E+02
   6.5000000000000000E+10   3.1659398362344660E-01   3.1586197202957247E+00   3.3403979180181932E+02
   6.6000000000000000E+10   3.1477039097361920E-01   3.1769188865156313E+00   3.3217422870746691E+02
   6.7000000000000000E+10   3.1300317140837564E-01   3.1948558076917979E+00   3.3036742225314754E+02
   6.8000000000000000E+10   3.1128992890386620E-01   3.2124392958078132E+00   3.2861654901629328E+02
   6.9000000000000000E+10   3.0962840082430410E-01   3.2296778891657336E+00   3.2691926870313603E+02
   7.0000000000000000E+10   3.0801644882015966E-01   3.2465798623107500E+00   3.2527365696345981E+02
   7.1000000000000000E+10   3.0645204806262816E-01   3.2631532610793155E+00   3.2367728506056091E+02
   7.2000000000000000E+10   3.0493328246902923E-01   3.2794058815195615E+00   3.2212828694919222E+02
   7.3000000000000000E+10   3.0345833604445738E-01   3.2953452952879099E+00   3.2062475782758088E+02
   7.4000000000000000E+10   3.0202548698752057E-01   3.3109788514017668E+00   3.1916494539668258E+02
   7.5000000000000000E+10   3.0063310129229714E-01   3.3263136883510649E+00   3.1774711659889596E+02
   7.6000000000000000E+10   2.9927962754486820E-01   3.3413567378557349E+00   3.1636966822332835E+02
   7.7000000000000000E+10   2.9796359172408560E-01   3.3561147327221126E+00   3.1503109838092035E+02
   7.8000000000000000E+10   2.9668359214996964E-01   3.3705942170691845E+00   3.1372989145218651E+02
   7.9000000000000000E+10   2.9543829556473744E-01   3.3848015474381072E+00   3.1246469002705680E+02
   8.0000000000000000E+10   2.9422643275600119E-01   3.3987429023050741E+00   3.1123418388146962E+02
   8.1000000000000000E+10   2.9304679479834250E-01   3.4124242876914628E+00   3.1003713789269557E+02
   8.2000000000000000E+10   2.9189822944422783E-01   3.4258515438890917E+00   3.0887232538224038E+02
   8.3000000000000000E+10   2.9077963771280224E-01   3.4390303525574994E+00   3.0773850361679990E+02
   8.4000000000000000E+10   2.8968997174932082E-01   3.4519662312140245E+00   3.0663475785179111E+02
   8.5000000000000000E+10   2.8862823092845175E-01   3.4646645505993172E+00   3.0556009007877924E+02
   8.6000000000000000E+10   2.8759345893678673E-01   3.4771305428744155E+00   3.0451331975781187E+02
   8.7000000000000000E+10   2.8658474252442073E-01   3.4893692915797403E+00   3.0349355084349639E+02
   8.8000000000000000E+10   2.8560120845326314E-01   3.5013857448843533E+00   3.0249991680780607E+02
   8.9000000000000000E+10   2.8464202125392651E-01   3.5131847209162044E+00   3.0153149789165468E+02
   9.0000000000000000E+10   2.8370638173536411E-01   3.5247709053396656E+00   3.0058760378479030E+02
   9.1000000000000000E+10   2.8279352399117613E-01   3.5361488689224818E+00   2.9966725334610629E+02
   9.2000000000000000E+10   2.8190271490001129E-01   3.5473230555962982E+00   2.9876975468398763E+02
   9.3000000000000000E+10   2.8103325189008532E-01   3.5582977931419637E+00   2.9789443086115301E+02
   9.4000000000000000E+10   2.8018446086631005E-01   3.5690773032454142E+00   2.9704045725336590E+02
   9.5000000000000000E+10   2.7935569604295635E-01   3.5796656884570228E+00   2.9620734985429567E+02
   9.6000000000000000E+10   2.7854633683585533E-01   3.5900669574746211E+00   2.9539427297297857E+02
   9.7000000000000000E+10   2.7775578834850490E-01   3.6002850055649724E+00   2.9460079738375919E+02
   9.8000000000000000E+10   2.7698347847109972E-01   3.6103236392286826E+00   2.9382615927352896E+02
   9.9000000000000000E+10   2.7622885808763514E-01   3.6201865616906130E+00   2.9306986557329463E+02
   1.0000000000000000E+11   2.7549139924763721E-01   3.6298773853956416E+00   2.9233136193017651E+02
   1.1000000000000000E+11   2.6895793349245539E-01   3.7180535521479663E+00   2.8581763309842796E+02
   1.2000000000000000E+11   2.6368543588526938E-01   3.7923975461242549E+00   2.8060963169229569E+02
   1.3000000000000000E+11   2.5938023524788839E-01   3.8553438701461014E+00   2.7640206525328972E+02
   1.4000000000000000E+11   2.5583125997959166E-01   3.9088264666318451E+00   2.7297592527671947E+02
   1.5000000000000000E+11   2.5288307193226628E-01   3.9543967587828348E+00   2.7016963676997511E+02
   1.6000000000000000E+11   2.5041880335731265E-01   3.9933103528697083E+00   2.6786181946383937E+02
   1.7000000000000000E+11   2.4834899769333998E-01   4.0265916483979325E+00   2.6595980843241887E+02
   1.8000000000000000E+11   2.4660410100370111E-01   4.0550826037762926E+00   2.6439121832082321E+02
   1.9000000000000000E+11   2.4512928706411150E-01   4.0794799021238886E+00   2.6309916804860251E+02
   2.0000000000000000E+11   2.4388081000758663E-01   4.1003636160175629E+00   2.6203856305173719E+02
   2.1000000000000000E+11   2.4282338259559272E-01   4.1182195442250222E+00   2.6117254862399432E+02
   2.2000000000000000E+11   2.4192826395145448E-01   4.1334566853282633E+00   2.6047136638270780E+02
   2.3000000000000000E+11   2.4117183825113606E-01   4.1464211047671506E+00   2.5991075379741676E+02
   2.4000000000000000E+11   2.4053454571696814E-01   4.1574069829315858E+00   2.5947041336532072E+02
   2.5000000000000000E+11   2.4000006823470249E-01   4.1666654820367528E+00   2.5913339879640102E+02
   2.6000000000000000E+11   2.3955470254904912E-01   4.1744118957349583E+00   2.5888555636708566E+02
   2.7000000000000000E+11   2.3918687090698496E-01   4.1808314821296371E+00   2.5871509528538394E+02
   2.8000000000000000E+11   2.3888673644919056E-01   4.1860842291371529E+00   2.5861167109124699E+02
   2.9000000000000000E+11   2.3864589931813446E-01   4.1903087497301534E+00   2.5856683985029247E+02
   3.0000000000000000E+11   2.3845715137123150E-01   4.1936255392198083E+00   2.5857303372476224E+02
   3.1000000000000000E+11   2.3831428066160215E-01   4.1961396405780853E+00   2.5862384940897698E+02
   3.2000000000000000E+11   2.3821191214512424E-01   4.1979428778136709E+00   2.5871402295320439E+02
   3.3000000000000000E+11   2.3814537606261463E-01   4.1991157524598508E+00   2.5883854567673433E+02
   3.4000000000000000E+11   2.3811060146409627E-01   4.1997290076594345E+00   2.5899324989333053E+02
   3.5000000000000000E+11   2.3810402826437732E-01   4.1998449471407362E+00   2.5917470270571044E+02
   3.6000000000000000E+11   2.3812253261743235E-01   4.1995185798170560E+00   2.5937954333521634E+02
   3.7000000000000000E+11   2.3816336610212763E-01   4.1987985657340214E+00   2.5960505717852919E+02
   3.8000000000000000E+11   2.3822410330733046E-01   4.1977280473164820E+00   2.5984875909385931E+02
   3.9000000000000000E+11   2.3830259891666308E-01   4.1963453380116542E+00   2.6010849678824513E+02
   4.0000000000000000E+11   2.3839695079806808E-01   4.1946845236583616E+00   2.6038235323141396E+02
   4.1000000000000000E+11   2.3850546876832704E-01   4.1927759776919533E+00   2.6066859323415122E+02
   4.2000000000000000E+11   2.3862664702390654E-01   4.1906468220199073E+00   2.6096577087760147E+02
   4.3000000000000000E+11   2.3875914204522963E-01   4.1883212991717143E+00   2.6127244546088889E+02
   4.4000000000000000E+11   2.3890175283567053E-01   4.1858211090140216E+00   2.6158759269322701E+02
   4.5000000000000000E+11   2.3905340370116868E-01   4.1831657048901967E+00   2.6191003299062197E+02
   4.6000000000000000E+11   2.3921312870468908E-01   4.1803725632237763E+00   2.6223867896726983E+02
   4.7000000000000000E+11   2.3938006199045136E-01   4.1774573524836383E+00   2.6257299086760355E+02
   4.8000000000000000E+11   2.3955342210778385E-01   4.1744342084583685E+00   2.6291185760360003E+02
   4.9000000000000000E+11   2.3973250655755415E-01   4.1713158317974015E+00   2.6325490570046583E+02
   5.0000000000000000E+11   2.3991668075819469E-01   4.1681136836328276E+00   2.6360125244104700E+02
   5.1000000000000000E+11   2.4010537137554933E-01   4.1648381053329206E+00   2.6395061366865565E+02
   5.2000000000000000E+11   2.4029806034218407E-01   4.1614984264791888E+00   2.6430224946561810E+02
   5.3000000000000000E+11   2.4049427821316133E-01   4.1581030843222528E+00   2.6465577276394129E+02
   5.4000000000000000E+11   2.4069359992291917E-01   4.1546597014637898E+00   2.6501085067850960E+02
   5.5000000000000000E+11   2.4089564025091872E-01   4.1511751684604690E+00   2.6536716920138554E+02
   5.6000000000000000E+11   2.4110004788816394E-01   4.1476557502131133E+00   2.6572424164548232E+02
   5.7000000000000000E+11   2.4130650556011896E-01   4.1441070877007942E+00   2.6608177159976680E+02
   5.8000000000000000E+11   2.4151472427779722E-01   4.1405343007152275E+00   2.6643961379491935E+02
   5.9000000000000000E+11   2.4172444062291182E-01   4.1369420378967474E+00   2.6679752153936812E+02
   6.0000000000000000E+11   2.4193541483774114E-01   4.1333345127279948E+00   2.6715519976767081E+02
   6.1000000000000000E+11   2.4214743010020603E-01   4.1297155191206354E+00   2.6751253970697456E+02
   6.2000000000000000E+11   2.4236028636476539E-01   4.1260885395016649E+00   2.6786922108568194E+02
   6.3000000000000000E+11   2.4257380298660253E-01   4.1224567026111663E+00   2.6822525470182825E+02
   6.4000000000000000E+11   2.4278781496582866E-01   4.1188228500707327E+00   2.6858034649667104E+02
   6.5000000000000000E+11   2.4300217252834386E-01   4.1151895458192245E+00   2.6893450540046325E+02
   6.6000000000000000E+11   2.4321673787622744E-01   4.1115591333557742E+00   2.6928748523908422E+02
   6.7000000000000000E+11   2.4343138604929121E-01   4.1079337230471795E+00   2.6963931347345249E+02
   6.8000000000000000E+11   2.4364600262639774E-01   4.1043152328395944E+00   2.6998978394857915E+02
   6.9000000000000000E+11   2.4386048345952258E-01   4.1007053943858276E+00   2.7033880869169195E+02
   7.0000000000000000E+11   2.4407473437629831E-01   4.0971057596574747E+00   2.7068641930023284E+02
   7.1000000000000000E+11   2.4428866766549437E-01   4.0935177614104674E+00   2.7103249196896599E+02
   7.2000000000000000E+11   2.4450220664100408E-01   4.0899426378931327E+00   2.7137697038874393E+02
   7.3000000000000000E+11   2.4471527784006719E-01   4.0863815648385735E+00   2.7171984844023052E+02
   7.4000000000000000E+11   2.4492781668584473E-01   4.0828355616407768E+00   2.7206098488190617E+02
   7.5000000000000000E+11   2.4513976361035947E-01   4.0793055572553412E+00   2.7240037377474664E+02
   7.6000000000000000E+11   2.4535106459080058E-01   4.0757923821028124E+00   2.7273796509268175E+02
   7.7000000000000000E+11   2.4556167190967323E-01   4.0722967563433006E+00   2.7307377878380009E+02
   7.8000000000000000E+11   2.4577153974445731E-01   4.0688193638684007E+00   2.7340775850093195E+02
   7.9000000000000000E+11   2.4598062889417974E-01   4.0653607745274840E+00   2.7373989623634725E+02
   8.0000000000000000E+11   2.4618890189943685E-01   4.0619215256440757E+00   2.7407014307405035E+02
   8.1000000000000000E+11   2.4639632767843839E-01   4.0585020459601111E+00   2.7439849138902161E+02
   8.2000000000000000E+11   2.4660287565185268E-01   4.0551027531883825E+00   2.7472494715829100E+02
   8.3000000000000000E+11   2.4680851991184372E-01   4.0517239856921679E+00   2.7504948410483138E+02
   8.4000000000000000E+11   2.4701323712441289E-01   4.0483660375509807E+00   2.7537211287838880E+02
   8.5000000000000000E+11   2.4721700579242623E-01   4.0450291710095465E+00   2.7569278521260480E+02
   8.6000000000000000E+11   2.4741980691296353E-01   4.0417136060241798E+00   2.7601156834268409E+02
   8.7000000000000000E+11   2.4762162470119245E-01   4.0384195088240391E+00   2.7632832439267861E+02
   8.8000000000000000E+11   2.4782244473696333E-01   4.0351470225442725E+00   2.7664321975196219E+02
   8.9000000000000000E+11   2.4802225373992337E-01   4.0318962710846185E+00   2.7695624587494501E+02
   9.0000000000000000E+11   2.4822104072360571E-01   4.0286673405478979E+00   2.7726726741393225E+02
   9.1000000000000000E+11   2.4841879628286054E-01   4.0254602911019512E+00   2.7757637103998894E+02
   9.2000000000000000E+11   2.4861551207848545E-01   4.0222751655347633E+00   2.7788357364208269E+02
   9.3000000000000000E+11   2.4881118282678055E-01   4.0191119572635463E+00   2.7818883405022211E+02
   9.4000000000000000E+11   2.4900580100938155E-01   4.0159706960494628E+00   2.7849219479358169E+02
   9.5000000000000000E+11   2.4919936396924938E-01   4.0128513334544378E+00   2.7879366003465105E+02
   9.6000000000000000E+11   2.4939186839797975E-01   4.0097538320864548E+00   2.7909323394939662E+02
   9.7000000000000000E+11   2.4958331127684935E-01   4.0066781504102806E+00   2.7939093191241312E+02
   9.8000000000000000E+11   2.4977369096531027E-01   4.0036242253347840E+00   2.7968677519410772E+02
   9.9000000000000000E+11   2.4996300836772486E-01   4.0005919537057375E+00   2.7998069268047738E+02
   1.0000000000000000E+12   2.5015126288236805E-01   3.9975812573460541E+00   2.8027289353466819E+02
   1.1000000000000000E+12   2.5197579468278958E-01   3.9686351669567812E+00   2.8309536121414823E+02
   1.2000000000000000E+12   2.5369791122047070E-01   3.9416958349766302E+00   2.8574794594506210E+02
   1.3000000000000000E+12   2.5532380696846868E-01   3.9165952124609187E+00   2.8824523102793705E+02
   1.4000000000000000E+12   2.5686064621212590E-01   3.8931615829314694E+00   2.9060120491577629E+02
   1.5000000000000000E+12   2.5831565439088322E-01   3.8712326682563356E+00   2.9282897296069513E+02
   1.6000000000000000E+12   2.5969569550395705E-01   3.8506606667447167E+00   2.9494014370171089E+02
   1.7000000000000000E+12   2.6100711884985534E-01   3.8313131243567784E+00   2.9694545709904554E+02
   1.8000000000000000E+12   2.6225568288242090E-01   3.8130727578869581E+00   2.9885406594566138E+02
   1.9000000000000000E+12   2.6344659357872918E-01   3.7958357571291090E+00   3.0067445671079088E+02
   2.0000000000000000E+12   2.6458451695001528E-01   3.7795106513693617E+00   3.0241385091311355E+02
   2.1000000000000000E+12   2.6567364621572126E-01   3.7640165452768386E+00   3.0407890306366698E+02
   2.2000000000000000E+12   2.6671774198241521E-01   3.7492818909134682E+00   3.0567533049531295E+02
   2.3000000000000000E+12   2.6772018055345498E-01   3.7352432600811460E+00   3.0720858467606797E+02
   2.4000000000000000E+12   2.6868398786806730E-01   3.7218444163149504E+00   3.0868312299744952E+02
   2.5000000000000000E+12   2.6961190158830461E-01   3.7090350763780187E+00   3.1010320518869810E+02
   2.6000000000000000E+12   2.7050639980664165E-01   3.6967702084490481E+00   3.1147259768263308E+02
   2.7000000000000000E+12   2.7136971083332900E-01   3.6850096384344990E+00   3.1279474360228306E+02
   2.8000000000000000E+12   2.7220385826919885E-01   3.6737172145849590E+00   3.1407268421724751E+02
   2.9000000000000000E+12   2.7301068313426080E-01   3.6628603266349899E+00   3.1530924844170431E+02
   3.0000000000000000E+12   2.7379188510118646E-01   3.6524091998943864E+00   3.1650698297622324E+02
   3.1000000000000000E+12   2.7454897869678491E-01   3.6423373517787216E+00   3.1766821146659180E+02
   3.2000000000000000E+12   2.7528337250120077E-01   3.6326204191487745E+00   3.1879506099122517E+02
   3.3000000000000000E+12   2.7599635755643026E-01   3.6232362225850752E+00   3.1988950479550539E+02
   3.4000000000000000E+12   2.7668913135094603E-01   3.6141643696572365E+00   3.2095330146584007E+02
   3.5000000000000000E+12   2.7736275563826546E-01   3.6053867351397142E+00   3.2198812910725741E+02
   3.6000000000000000E+12   2.7801826227732485E-01   3.5968860167987611E+00   3.2299551628150522E+02
   3.7000000000000000E+12   2.7865656497887864E-01   3.5886468351312568E+00   3.2397686118165132E+02
   3.8000000000000000E+12   2.7927853858283602E-01   3.5806546577992528E+00   3.2493345904043861E+02
   3.9000000000000000E+12   2.7988499081260382E-01   3.5728961281441038E+00   3.2586653213975109E+02
   4.0000000000000000E+12   2.8047666394594928E-01   3.5653590068110281E+00   3.2677718926109844E+02
   4.1000000000000000E+12   2.8105422334120206E-01   3.5580322832793452E+00   3.2766649175656977E+02
   4.2000000000000000E+12   2.8161836170454063E-01   3.5509048271829244E+00   3.2853545429312254E+02
   4.3000000000000000E+12   2.8216961050488260E-01   3.5439677512071999E+00   3.2938490197603386E+02
   4.4000000000000000E+12   2.8270859789041630E-01   3.5372111335206751E+00   3.3021574541964611E+02
   4.5000000000000000E+12   2.8323585566335563E-01   3.5306264373129568E+00   3.3102879691630869E+02
   4.6000000000000000E+12   2.8375183300915308E-01   3.5242063087139348E+00   3.3182478181436318E+02
   4.7000000000000000E+12   2.8425702576263828E-01   3.5179429508103879E+00   3.3260439306975587E+02
   4.8000000000000000E+12   2.8475187315990086E-01   3.5118294004635247E+00   3.3336832481081689E+02
   4.9000000000000000E+12   2.8523674056827725E-01   3.5058597220249395E+00   3.3411714249808665E+02
   5.0000000000000000E+12   2.8571211236575195E-01   3.5000266237220585E+00   3.3485150730978631E+02
   5.1000000000000000E+12   2.8617821841514701E-01   3.4943260375929142E+00   3.3557190315935532E+02
   5.2000000000000000E+12   2.8663554255493956E-01   3.4887508753675576E+00   3.3627886345031226E+02
   5.3000000000000000E+12   2.8708430052658285E-01   3.4832974083422727E+00   3.3697298043026910E+02
   5.4000000000000000E+12   2.8752487164335777E-01   3.4779599910243157E+00   3.3765462631979688E+02
   5.5000000000000000E+12   2.8795754073611962E-01   3.4727342004784885E+00   3.3832422601761726E+02
   5.6000000000000000E+12   2.8838253369342554E-01   3.4676163885260918E+00   3.3898226295550984E+02
   5.7000000000000000E+12   2.8880016264057196E-01   3.4626019281178744E+00   3.3962908932568325E+02
   5.8000000000000000E+12   2.8921066705213178E-01   3.4576871254190111E+00   3.4026510405038420E+02
   5.9000000000000000E+12   2.8961423756822613E-01   3.4528689210744492E+00   3.4089064871695086E+02
   6.0000000000000000E+12   2.9001123008275559E-01   3.4481423347456137E+00   3.4150615057598549E+02
   6.1000000000000000E+12   2.9040170095828238E-01   3.4435060011706167E+00   3.4211180430706577E+02
   6.2000000000000000E+12   2.9078597335583339E-01   3.4389554229849493E+00   3.4270800154373887E+02
   6.3000000000000000E+12   2.9116415966455417E-01   3.4344886443169553E+00   3.4329504173307163E+02
   6.4000000000000000E+12   2.9153649190793740E-01   3.4301023294050759E+00   3.4387315297975294E+02
   6.5000000000000000E+12   2.9190316615310757E-01   3.4257936053885940E+00   3.4444269243943438E+02
   6.6000000000000000E+12   2.9226429487417366E-01   3.4215606132474123E+00   3.4500383505171538E+02
   6.7000000000000000E+12   2.9262003187424124E-01   3.4174010357218756E+00   3.4555683614148296E+02
   6.8000000000000000E+12   2.9297060272525249E-01   3.4133117476561261E+00   3.4610195932925552E+02
   6.9000000000000000E+12   2.9331616573166702E-01   3.4092904409326872E+00   3.4663945091920164E+02
   7.0000000000000000E+12   2.9365678630405684E-01   3.4053359113062842E+00   3.4716948567005369E+02
   7.1000000000000000E+12   2.9399262964231054E-01   3.4014458158922607E+00   3.4769228578125416E+02
   7.2000000000000000E+12   2.9432381072970060E-01   3.3976184173504551E+00   3.4820799355736420E+02
   7.3000000000000000E+12   2.9465054756862302E-01   3.3938508115858972E+00   3.4871702063299597E+02
   7.4000000000000000E+12   2.9497281893984689E-01   3.3901428734826169E+00   3.4921926561750161E+02
   7.5000000000000000E+12   2.9529084967394736E-01   3.3864916610324185E+00   3.4971505546618710E+02
   7.6000000000000000E+12   2.9560475683114218E-01   3.3828954943753784E+00   3.5020452948527083E+02
   7.7000000000000000E+12   2.9591454403710993E-01   3.3793540065897965E+00   3.5068787604966099E+02
   7.8000000000000000E+12   2.9622035669049829E-01   3.3758652213252049E+00   3.5116517740174049E+02
   7.9000000000000000E+12   2.9652237823641875E-01   3.3724267488597279E+00   3.5163668679648845E+02
   8.0000000000000000E+12   2.9682062944146675E-01   3.3690380681481606E+00   3.5210247636494660E+02
   8.1000000000000000E+12   2.9711521402104690E-01   3.3656977253583609E+00   3.5256272482102599E+02
   8.2000000000000000E+12   2.9740620466502354E-01   3.3624046314915539E+00   3.5301754299712661E+02
   8.3000000000000000E+12   2.9769368941138852E-01   3.3591575353083192E+00   3.5346706700679198E+02
   8.4000000000000000E+12   2.9797771137908124E-01   3.3559557034379002E+00   3.5391140604588350E+02
   8.5000000000000000E+12   2.9825852064962693E-01   3.3527960838199475E+00   3.5435075276275069E+02
   8.6000000000000000E+12   2.9853606072854699E-01   3.3496790892182391E+00   3.5478517082192889E+02
   8.7000000000000000E+12   2.9881031523021678E-01   3.3466046820691435E+00   3.5521472029929629E+02
   8.8000000000000000E+12   2.9908151185030563E-01   3.3435700983767722E+00   3.5563957780585758E+02
   8.9000000000000000E+12   2.9934973074402671E-01   3.3405742424238154E+00   3.5605987431850855E+02
   9.0000000000000000E+12   2.9961491996784340E-01   3.3376174995134642E+00   3.5647566110675149E+02
   9.1000000000000000E+12   2.9987713475421796E-01   3.3346990620662336E+00   3.5688700975099982E+02
   9.2000000000000000E+12   3.0013662757660192E-01   3.3318159402080196E+00   3.5729411392119766E+02
   9.3000000000000000E+12   3.0039330426367589E-01   3.3289690076521525E+00   3.5769699309737018E+02
   9.4000000000000000E+12   3.0064722133527277E-01   3.3261574664108742E+00   3.5809575299586436E+02
   9.5000000000000000E+12   3.0089847090790123E-01   3.3233801321179843E+00   3.5849045846534904E+02
   9.6000000000000000E+12   3.0114719959974862E-01   3.3206352286492753E+00   3.5888126969200658E+02
   9.7000000000000000E+12   3.0139328806063875E-01   3.3179239207171909E+00   3.5926817856216343E+02
   9.8000000000000000E+12   3.0163689291729856E-01   3.3152443334382697E+00   3.5965129885699275E+02
   9.9000000000000000E+12   3.0187796152325630E-01   3.3125969015891923E+00   3.6003067209586493E+02
   1.0000000000000000E+13   3.0211664370461355E-01   3.3099798400306715E+00   3.6040643566524511E+02
   1.1000000000000000E+13   3.0438129877298187E-01   3.2853529570679534E+00   3.6397924728126367E+02
   1.2000000000000000E+13   3.0644985415413328E-01   3.2631766223554344E+00   3.6725663819206113E+02
   1.3000000000000000E+13   3.0835338637512894E-01   3.2430323264990673E+00   3.7028622968656703E+02
   1.4000000000000000E+13   3.1011634721963882E-01   3.2245962167603945E+00   3.7310523815373824E+02
   1.5000000000000000E+13   3.1175824284056169E-01   3.2076136652829952E+00   3.7574323583197383E+02
   1.6000000000000000E+13   3.1329426823064865E-01   3.1918873129967245E+00   3.7822385770798826E+02
   1.7000000000000000E+13   3.1473705038479682E-01   3.1772554225103220E+00   3.8056646599449869E+02
   1.8000000000000000E+13   3.1609807133743273E-01   3.1635751390982274E+00   3.8278771094371842E+02
   1.9000000000000000E+13   3.1738542236587935E-01   3.1507433219387382E+00   3.8490063065647388E+02
   2.0000000000000000E+13   3.1860665668898130E-01   3.1386663743695227E+00   3.8691666621431159E+02
   2.1000000000000000E+13   3.1976860283243796E-01   3.1272613731999526E+00   3.8884577552341079E+02
   2.2000000000000000E+13   3.2087573379716960E-01   3.1164712524884020E+00   3.9069575728666484E+02
   2.3000000000000000E+13   3.2193493635120546E-01   3.1062177076335682E+00   3.9247490940604621E+02
   2.4000000000000000E+13   3.2294861943905812E-01   3.0964677964468112E+00   3.9418860585038084E+02
   2.5000000000000000E+13   3.2392052755813222E-01   3.0871769922655972E+00   3.9584236634145935E+02
   2.6000000000000000E+13   3.2485453072496973E-01   3.0783009175470792E+00   3.9744134405102545E+02
   2.7000000000000000E+13   3.2575332562210424E-01   3.0698074934162527E+00   3.9898972618038493E+02
   2.8000000000000000E+13   3.2662031609181136E-01   3.0616589070929230E+00   4.0049172202628461E+02
   2.9000000000000000E+13   3.2745556859226982E-01   3.0538494254319639E+00   4.0194955912649181E+02
   3.0000000000000000E+13   3.2826369000049327E-01   3.0463314416483209E+00   4.0336756541649970E+02
   3.1000000000000000E+13   3.2904447836886358E-01   3.0391028135685225E+00   4.0474739234837637E+02
   3.2000000000000000E+13   3.2980012453009916E-01   3.0321395464140743E+00   4.0609176383817550E+02
   3.3000000000000000E+13   3.3053326572816721E-01   3.0254140919734440E+00   4.0740336718497946E+02
   3.4000000000000000E+13   3.3124415564206344E-01   3.0189211883954941E+00   4.0868368203413536E+02
   3.5000000000000000E+13   3.3193620978612387E-01   3.0126270365150254E+00   4.0993563830014114E+02
   3.6000000000000000E+13   3.3260578147760966E-01   3.0065622899201410E+00   4.1115829911288188E+02
   3.7000000000000000E+13   3.3325962845474683E-01   3.0006634906147647E+00   4.1235623783288889E+02
   3.8000000000000000E+13   3.3389309311752779E-01   2.9949706076969012E+00   4.1352782877456070E+02
   3.9000000000000000E+13   3.3451215651637478E-01   2.9894279789830267E+00   4.1467697284020142E+02
   4.0000000000000000E+13   3.3511440151107880E-01   2.9840555806938078E+00   4.1580314114833061E+02
   4.1000000000000000E+13   3.3570308212105887E-01   2.9788228147377782E+00   4.1690869228609529E+02
   4.2000000000000000E+13   3.3627833103551835E-01   2.9737271412066639E+00   4.1799435190337834E+02
   4.3000000000000000E+13   3.3683885271795350E-01   2.9687786665077316E+00   4.1905989253490083E+02
   4.4000000000000000E+13   3.3738667161304808E-01   2.9639582240133939E+00   4.2010700365450390E+02
   4.5000000000000000E+13   3.3792168774652936E-01   2.9592655229340803E+00   4.2113609823805911E+02
   4.6000000000000000E+13   3.3844398664034914E-01   2.9546986782857516E+00   4.2214761039345973E+02
   4.7000000000000000E+13   3.3895507416826182E-01   2.9502434871459893E+00   4.2314276807191112E+02
   4.8000000000000000E+13   3.3945848046288080E-01   2.9458683684567677E+00   4.2412376478186684E+02
   4.9000000000000000E+13   3.3994839387522469E-01   2.9416229581218203E+00   4.2508800124029335E+02
   5.0000000000000000E+13   3.4042878885353017E-01   2.9374718964507176E+00   4.2603778804804870E+02
   5.1000000000000000E+13   3.4090116722539876E-01   2.9334015138141640E+00   4.2697430345072047E+02
   5.2000000000000000E+13   3.4136605346400684E-01   2.9294066877843163E+00   4.2789807328584681E+02
   5.3000000000000000E+13   3.4181941763491952E-01   2.9255213379014382E+00   4.2880728542042226E+02
   5.4000000000000000E+13   3.4226505460069595E-01   2.9217122418958361E+00   4.2970417784869187E+02
   5.5000000000000000E+13   3.4269958401794198E-01   2.9180076271923499E+00   4.3058719702314716E+02
   5.6000000000000000E+13   3.4312948788267816E-01   2.9143516815492037E+00   4.3145999262870299E+02
   5.7000000000000000E+13   3.4355180080182313E-01   2.9107691988983264E+00   4.3232121902225157E+02
   5.8000000000000000E+13   3.4396415373616401E-01   2.9072796951017321E+00   4.3316982230419370E+02
   5.9000000000000000E+13   3.4437128021403901E-01   2.9038426182882167E+00   4.3400851545974427E+02
   6.0000000000000000E+13   3.4477008415309623E-01   2.9004836729278027E+00   4.3483582660247504E+02
   6.1000000000000000E+13   3.4516484749129467E-01   2.8971664040186509E+00   4.3565420904604269E+02
   6.2000000000000000E+13   3.4555339376760252E-01   2.8939087794708138E+00   4.3646264342646026E+02
   6.3000000000000000E+13   3.4593066696459790E-01   2.8907526724201613E+00   4.3725865096107844E+02
   6.4000000000000000E+13   3.4630945983016842E-01   2.8875907706662249E+00   4.3804908328204414E+02
   6.5000000000000000E+13   3.4667618440049580E-01   2.8845361896701722E+00   4.3882703068408387E+02
   6.6000000000000000E+13   3.4703801003182733E-01   2.8815287406364760E+00   4.3959631194903295E+02
   6.7000000000000000E+13   3.4740019661169858E-01   2.8785245654818534E+00   4.4035978383926158E+02
   6.8000000000000000E+13   3.4775534813203796E-01   2.8755848195332825E+00   4.4111377354463059E+02
   6.9000000000000000E+13   3.4809826358307883E-01   2.8727520491102227E+00   4.4185569740042678E+02
   7.0000000000000000E+13   3.4844235933937978E-01   2.8699151328670949E+00   4.4259260956100059E+02
   7.1000000000000000E+13   3.4877851242361052E-01   2.8671491057495126E+00   4.4331994164270162E+02
   7.2000000000000000E+13   3.4911396911350562E-01   2.8643941190301536E+00   4.4404148669414150E+02
   7.3000000000000000E+13   3.4943937275508025E-01   2.8617267485221065E+00   4.4475252916754073E+02
   7.4000000000000000E+13   3.4976846780116072E-01   2.8590341670492965E+00   4.4546033311537531E+02
   7.5000000000000000E+13   3.5008753388815828E-01   2.8564284734556358E+00   4.4615785380113061E+02
   7.6000000000000000E+13   3.5040366743264656E-01   2.8538514089388545E+00   4.4684883330852489E+02
   7.7000000000000000E+13   3.5071469758605778E-01   2.8513204803874004E+00   4.4753231401684315E+02
   7.8000000000000000E+13   3.5101813284229433E-01   2.8488556756390726E+00   4.4820699140423858E+02
   7.9000000000000000E+13   3.5132698548989733E-01   2.8463512377382010E+00   4.4887978969433453E+02
   8.0000000000000000E+13   3.5162002671247850E-01   2.8439790797743876E+00   4.4953973970554688E+02
   8.1000000000000000E+13   3.5191881084043053E-01   2.8415645006638397E+00   4.5019810883334577E+02
   8.2000000000000000E+13   3.5220304350542370E-01   2.8392713193138572E+00   4.5084442014149437E+02
   8.3000000000000000E+13   3.5250349313169438E-01   2.8368513205808226E+00   4.5149478010947780E+02
   8.4000000000000000E+13   3.5278462377889219E-01   2.8345906612606515E+00   4.5213077190101558E+02
   8.5000000000000000E+13   3.5306806374550403E-01   2.8323150765649903E+00   4.5276364187347502E+02
   8.6000000000000000E+13   3.5334153989509370E-01   2.8301229464752371E+00   4.5338724865965986E+02
   8.7000000000000000E+13   3.5361640825923579E-01   2.8279230732610725E+00   4.5400740476270045E+02
   8.8000000000000000E+13   3.5389448125532708E-01   2.8257010294504203E+00   4.5462516527293195E+02
   8.9000000000000000E+13   3.5415835200858015E-01   2.8235957004220906E+00   4.5523153868483894E+02
   9.0000000000000000E+13   3.5442370196743211E-01   2.8214817306205155E+00   4.5583476964547538E+02
   9.1000000000000000E+13   3.5468471581191657E-01   2.8194053913794344E+00   4.5643188771595476E+02
   9.2000000000000000E+13   3.5494585799369838E-01   2.8173310872041615E+00   4.5702529644679186E+02
   9.3000000000000000E+13   3.5520443783183336E-01   2.8152801414982216E+00   4.5761358204488721E+02
   9.4000000000000000E+13   3.5546482664038181E-01   2.8132178630761810E+00   4.5819912481393851E+02
   9.5000000000000000E+13   3.5570839369565505E-01   2.8112915458936358E+00   4.5877229533803876E+02
   9.6000000000000000E+13   3.5596913672040226E-01   2.8092323093320735E+00   4.5935081730553384E+02
   9.7000000000000000E+13   3.5620391386248446E-01   2.8073807195337519E+00   4.5991227053539188E+02
   9.8000000000000000E+13   3.5644449865345840E-01   2.8054858576235673E+00   4.6047329841731471E+02
   9.9000000000000000E+13   3.5669347502007115E-01   2.8035275945087870E+00   4.6103526838502654E+02
   1.0000000000000000E+14   3.5692953020459606E-01   2.8016734827930567E+00   4.6158715309536700E+02
