   1.0000000000000000E+00   0.0000000000000000E+00   1.0000000000000000E+30
   2.0000000000000000E+00   0.0000000000000000E+00   1.0000000000000000E+30
   3.0000000000000000E+00   0.0000000000000000E+00   1.0000000000000000E+30
   4.0000000000000000E+00   0.0000000000000000E+00   1.0000000000000000E+30
   5.0000000000000000E+00   0.0000000000000000E+00   1.0000000000000000E+30
   6.0000000000000000E+00   0.0000000000000000E+00   1.0000000000000000E+30
   7.0000000000000000E+00   0.0000000000000000E+00   1.0000000000000000E+30
   7.4189999999999996E+00   0.0000000000000000E+00   1.0000000000000000E+30
   7.4210000000000003E+00   0.0000000000000000E+00   1.0000000000000000E+30
   8.0000000000000000E+00   0.0000000000000000E+00   1.0000000000000000E+30
   9.0000000000000000E+00   0.0000000000000000E+00   1.0000000000000000E+30
   1.0000000000000000E+01   0.0000000000000000E+00   1.0000000000000000E+30
   1.1000000000000000E+01   0.0000000000000000E+00   1.0000000000000000E+30
   1.2000000000000000E+01   0.0000000000000000E+00   1.0000000000000000E+30
   1.3000000000000000E+01   0.0000000000000000E+00   1.0000000000000000E+30
   1.4000000000000000E+01   0.0000000000000000E+00   1.0000000000000000E+30
   1.5000000000000000E+01   0.0000000000000000E+00   1.0000000000000000E+30
   1.5049000000000001E+01   0.0000000000000000E+00   1.0000000000000000E+30
   1.5051000000000000E+01   0.0000000000000000E+00   1.0000000000000000E+30
   1.6000000000000000E+01   0.0000000000000000E+00   1.0000000000000000E+30
   1.7000000000000000E+01   0.0000000000000000E+00   1.0000000000000000E+30
   1.8000000000000000E+01   0.0000000000000000E+00   1.0000000000000000E+30
   1.9000000000000000E+01   0.0000000000000000E+00   1.0000000000000000E+30
   2.0000000000000000E+01   0.0000000000000000E+00   1.0000000000000000E+30
   2.1000000000000000E+01   0.0000000000000000E+00   1.0000000000000000E+30
   2.2000000000000000E+01   0.0000000000000000E+00   1.0000000000000000E+30
   2.3000000000000000E+01   0.0000000000000000E+00   1.0000000000000000E+30
   2.4000000000000000E+01   0.0000000000000000E+00   1.0000000000000000E+30
   2.4998999999999999E+01   0.0000000000000000E+00   1.0000000000000000E+30
   2.5001000000000001E+01   0.0000000000000000E+00   1.0000000000000000E+30
   2.6000000000000000E+01   0.0000000000000000E+00   1.0000000000000000E+30
   2.6998999999999999E+01   0.0000000000000000E+00   1.0000000000000000E+30
   2.7001000000000001E+01   0.0000000000000000E+00   1.0000000000000000E+30
   2.8000000000000000E+01   0.0000000000000000E+00   1.0000000000000000E+30
   2.9000000000000000E+01   0.0000000000000000E+00   1.0000000000000000E+30
   3.0000000000000000E+01   0.0000000000000000E+00   1.0000000000000000E+30
   3.1000000000000000E+01   0.0000000000000000E+00   1.0000000000000000E+30
   3.2000000000000000E+01   0.0000000000000000E+00   1.0000000000000000E+30
   3.3000000000000000E+01   0.0000000000000000E+00   1.0000000000000000E+30
   3.4000000000000000E+01   0.0000000000000000E+00   1.0000000000000000E+30
   3.5000000000000000E+01   0.0000000000000000E+00   1.0000000000000000E+30
   3.6000000000000000E+01   0.0000000000000000E+00   1.0000000000000000E+30
   3.7000000000000000E+01   0.0000000000000000E+00   1.0000000000000000E+30
   3.8000000000000000E+01   0.0000000000000000E+00   1.0000000000000000E+30
   3.9000000000000000E+01   0.0000000000000000E+00   1.0000000000000000E+30
   4.0000000000000000E+01   0.0000000000000000E+00   1.0000000000000000E+30
   4.1000000000000000E+01   0.0000000000000000E+00   1.0000000000000000E+30
   4.2000000000000000E+01   0.0000000000000000E+00   1.0000000000000000E+30
   4.3000000000000000E+01   0.0000000000000000E+00   1.0000000000000000E+30
   4.4000000000000000E+01   0.0000000000000000E+00   1.0000000000000000E+30
   4.5000000000000000E+01   0.0000000000000000E+00   1.0000000000000000E+30
   4.6000000000000000E+01   0.0000000000000000E+00   1.0000000000000000E+30
   4.7000000000000000E+01   0.0000000000000000E+00   1.0000000000000000E+30
   4.8000000000000000E+01   0.0000000000000000E+00   1.0000000000000000E+30
   4.9000000000000000E+01   0.0000000000000000E+00   1.0000000000000000E+30
   5.0000000000000000E+01   0.0000000000000000E+00   1.0000000000000000E+30
   5.1000000000000000E+01   0.0000000000000000E+00   1.0000000000000000E+30
   5.2000000000000000E+01   0.0000000000000000E+00   1.0000000000000000E+30
   5.3000000000000000E+01   0.0000000000000000E+00   1.0000000000000000E+30
   5.4000000000000000E+01   0.0000000000000000E+00   1.0000000000000000E+30
   5.5000000000000000E+01   0.0000000000000000E+00   1.0000000000000000E+30
   5.6000000000000000E+01   0.0000000000000000E+00   1.0000000000000000E+30
   5.7000000000000000E+01   0.0000000000000000E+00   1.0000000000000000E+30
   5.8000000000000000E+01   0.0000000000000000E+00   1.0000000000000000E+30
   5.9000000000000000E+01   0.0000000000000000E+00   1.0000000000000000E+30
   6.0000000000000000E+01   0.0000000000000000E+00   1.0000000000000000E+30
   6.1000000000000000E+01   0.0000000000000000E+00   1.0000000000000000E+30
   6.2000000000000000E+01   0.0000000000000000E+00   1.0000000000000000E+30
   6.3000000000000000E+01   0.0000000000000000E+00   1.0000000000000000E+30
   6.4000000000000000E+01   0.0000000000000000E+00   1.0000000000000000E+30
   6.5000000000000000E+01   0.0000000000000000E+00   1.0000000000000000E+30
   6.6000000000000000E+01   0.0000000000000000E+00   1.0000000000000000E+30
   6.7000000000000000E+01   0.0000000000000000E+00   1.0000000000000000E+30
   6.8000000000000000E+01   0.0000000000000000E+00   1.0000000000000000E+30
   6.9000000000000000E+01   0.0000000000000000E+00   1.0000000000000000E+30
   7.0000000000000000E+01   0.0000000000000000E+00   1.0000000000000000E+30
   7.1000000000000000E+01   0.0000000000000000E+00   1.0000000000000000E+30
   7.2000000000000000E+01   0.0000000000000000E+00   1.0000000000000000E+30
   7.3000000000000000E+01   0.0000000000000000E+00   1.0000000000000000E+30
   7.4000000000000000E+01   0.0000000000000000E+00   1.0000000000000000E+30
   7.5000000000000000E+01   0.0000000000000000E+00   1.0000000000000000E+30
   7.6000000000000000E+01   0.0000000000000000E+00   1.0000000000000000E+30
   7.7000000000000000E+01   0.0000000000000000E+00   1.0000000000000000E+30
   7.8000000000000000E+01   0.0000000000000000E+00   1.0000000000000000E+30
   7.9000000000000000E+01   0.0000000000000000E+00   1.0000000000000000E+30
   8.0000000000000000E+01   0.0000000000000000E+00   1.0000000000000000E+30
   8.1000000000000000E+01   0.0000000000000000E+00   1.0000000000000000E+30
   8.2000000000000000E+01   0.0000000000000000E+00   1.0000000000000000E+30
   8.3000000000000000E+01   0.0000000000000000E+00   1.0000000000000000E+30
   8.4000000000000000E+01   0.0000000000000000E+00   1.0000000000000000E+30
   8.5000000000000000E+01   0.0000000000000000E+00   1.0000000000000000E+30
   8.6000000000000000E+01   0.0000000000000000E+00   1.0000000000000000E+30
   8.7000000000000000E+01   0.0000000000000000E+00   1.0000000000000000E+30
   8.8000000000000000E+01   0.0000000000000000E+00   1.0000000000000000E+30
   8.9000000000000000E+01   0.0000000000000000E+00   1.0000000000000000E+30
   8.9998999999999995E+01   0.0000000000000000E+00   1.0000000000000000E+30
   9.0001000000000005E+01   0.0000000000000000E+00   1.0000000000000000E+30
   9.1000000000000000E+01   0.0000000000000000E+00   1.0000000000000000E+30
   9.2000000000000000E+01   0.0000000000000000E+00   1.0000000000000000E+30
   9.3000000000000000E+01   0.0000000000000000E+00   1.0000000000000000E+30
   9.4000000000000000E+01   0.0000000000000000E+00   1.0000000000000000E+30
   9.5000000000000000E+01   0.0000000000000000E+00   1.0000000000000000E+30
   9.6000000000000000E+01   0.0000000000000000E+00   1.0000000000000000E+30
   9.7000000000000000E+01   0.0000000000000000E+00   1.0000000000000000E+30
   9.8000000000000000E+01   0.0000000000000000E+00   1.0000000000000000E+30
   9.9000000000000000E+01   0.0000000000000000E+00   1.0000000000000000E+30
   1.0000000000000000E+02   0.0000000000000000E+00   1.0000000000000000E+30
   1.1000000000000000E+02   0.0000000000000000E+00   1.0000000000000000E+30
   1.1099900000000000E+02   0.0000000000000000E+00   1.0000000000000000E+30
   1.1100100000000000E+02   0.0000000000000000E+00   1.0000000000000000E+30
   1.2000000000000000E+02   0.0000000000000000E+00   1.0000000000000000E+30
   1.3000000000000000E+02   0.0000000000000000E+00   1.0000000000000000E+30
   1.4000000000000000E+02   0.0000000000000000E+00   1.0000000000000000E+30
   1.4399900000000000E+02   0.0000000000000000E+00   1.0000000000000000E+30
   1.4400100000000000E+02   0.0000000000000000E+00   1.0000000000000000E+30
   1.4799900000000000E+02   0.0000000000000000E+00   1.0000000000000000E+30
   1.4800100000000000E+02   0.0000000000000000E+00   1.0000000000000000E+30
   1.5000000000000000E+02   0.0000000000000000E+00   1.0000000000000000E+30
   1.5299900000000000E+02   0.0000000000000000E+00   1.0000000000000000E+30
   1.5300100000000000E+02   0.0000000000000000E+00   1.0000000000000000E+30
   1.6000000000000000E+02   0.0000000000000000E+00   1.0000000000000000E+30
   1.7000000000000000E+02   0.0000000000000000E+00   1.0000000000000000E+30
   1.8000000000000000E+02   0.0000000000000000E+00   1.0000000000000000E+30
   1.9000000000000000E+02   0.0000000000000000E+00   1.0000000000000000E+30
   2.0000000000000000E+02   0.0000000000000000E+00   1.0000000000000000E+30
   2.1000000000000000E+02   0.0000000000000000E+00   1.0000000000000000E+30
   2.2000000000000000E+02   0.0000000000000000E+00   1.0000000000000000E+30
   2.3000000000000000E+02   0.0000000000000000E+00   1.0000000000000000E+30
   2.4000000000000000E+02   0.0000000000000000E+00   1.0000000000000000E+30
   2.5000000000000000E+02   0.0000000000000000E+00   1.0000000000000000E+30
   2.6000000000000000E+02   0.0000000000000000E+00   1.0000000000000000E+30
   2.7000000000000000E+02   0.0000000000000000E+00   1.0000000000000000E+30
   2.8000000000000000E+02   0.0000000000000000E+00   1.0000000000000000E+30
   2.9000000000000000E+02   0.0000000000000000E+00   1.0000000000000000E+30
   3.0000000000000000E+02   0.0000000000000000E+00   1.0000000000000000E+30
   3.1000000000000000E+02   0.0000000000000000E+00   1.0000000000000000E+30
   3.2000000000000000E+02   0.0000000000000000E+00   1.0000000000000000E+30
   3.3000000000000000E+02   0.0000000000000000E+00   1.0000000000000000E+30
   3.4000000000000000E+02   0.0000000000000000E+00   1.0000000000000000E+30
   3.5000000000000000E+02   0.0000000000000000E+00   1.0000000000000000E+30
   3.6000000000000000E+02   0.0000000000000000E+00   1.0000000000000000E+30
   3.7000000000000000E+02   0.0000000000000000E+00   1.0000000000000000E+30
   3.8000000000000000E+02   0.0000000000000000E+00   1.0000000000000000E+30
   3.9000000000000000E+02   0.0000000000000000E+00   1.0000000000000000E+30
   4.0000000000000000E+02   0.0000000000000000E+00   1.0000000000000000E+30
   4.1000000000000000E+02   0.0000000000000000E+00   1.0000000000000000E+30
   4.1899900000000002E+02   0.0000000000000000E+00   1.0000000000000000E+30
   4.1900099999999998E+02   0.0000000000000000E+00   1.0000000000000000E+30
   4.2000000000000000E+02   0.0000000000000000E+00   1.0000000000000000E+30
   4.3000000000000000E+02   0.0000000000000000E+00   1.0000000000000000E+30
   4.4000000000000000E+02   0.0000000000000000E+00   1.0000000000000000E+30
   4.4099900000000002E+02   0.0000000000000000E+00   1.0000000000000000E+30
   4.4100099999999998E+02   0.0000000000000000E+00   1.0000000000000000E+30
   4.5000000000000000E+02   0.0000000000000000E+00   1.0000000000000000E+30
   4.6000000000000000E+02   0.0000000000000000E+00   1.0000000000000000E+30
   4.7000000000000000E+02   0.0000000000000000E+00   1.0000000000000000E+30
   4.8000000000000000E+02   0.0000000000000000E+00   1.0000000000000000E+30
   4.9000000000000000E+02   0.0000000000000000E+00   1.0000000000000000E+30
   5.0000000000000000E+02   0.0000000000000000E+00   1.0000000000000000E+30
   5.1000000000000000E+02   0.0000000000000000E+00   1.0000000000000000E+30
   5.2000000000000000E+02   0.0000000000000000E+00   1.0000000000000000E+30
   5.3000000000000000E+02   0.0000000000000000E+00   1.0000000000000000E+30
   5.4000000000000000E+02   0.0000000000000000E+00   1.0000000000000000E+30
   5.5000000000000000E+02   0.0000000000000000E+00   1.0000000000000000E+30
   5.6000000000000000E+02   0.0000000000000000E+00   1.0000000000000000E+30
   5.7000000000000000E+02   0.0000000000000000E+00   1.0000000000000000E+30
   5.8000000000000000E+02   0.0000000000000000E+00   1.0000000000000000E+30
   5.9000000000000000E+02   0.0000000000000000E+00   1.0000000000000000E+30
   6.0000000000000000E+02   0.0000000000000000E+00   1.0000000000000000E+30
   6.1000000000000000E+02   0.0000000000000000E+00   1.0000000000000000E+30
   6.2000000000000000E+02   0.0000000000000000E+00   1.0000000000000000E+30
   6.3000000000000000E+02   0.0000000000000000E+00   1.0000000000000000E+30
   6.4000000000000000E+02   0.0000000000000000E+00   1.0000000000000000E+30
   6.5000000000000000E+02   0.0000000000000000E+00   1.0000000000000000E+30
   6.5099900000000002E+02   0.0000000000000000E+00   1.0000000000000000E+30
   6.5100099999999998E+02   0.0000000000000000E+00   1.0000000000000000E+30
   6.6000000000000000E+02   0.0000000000000000E+00   1.0000000000000000E+30
   6.7000000000000000E+02   0.0000000000000000E+00   1.0000000000000000E+30
   6.8000000000000000E+02   0.0000000000000000E+00   1.0000000000000000E+30
   6.9000000000000000E+02   0.0000000000000000E+00   1.0000000000000000E+30
   7.0000000000000000E+02   0.0000000000000000E+00   1.0000000000000000E+30
   7.1000000000000000E+02   0.0000000000000000E+00   1.0000000000000000E+30
   7.2000000000000000E+02   0.0000000000000000E+00   1.0000000000000000E+30
   7.3000000000000000E+02   0.0000000000000000E+00   1.0000000000000000E+30
   7.4000000000000000E+02   0.0000000000000000E+00   1.0000000000000000E+30
   7.5000000000000000E+02   0.0000000000000000E+00   1.0000000000000000E+30
   7.6000000000000000E+02   0.0000000000000000E+00   1.0000000000000000E+30
   7.6899900000000002E+02   0.0000000000000000E+00   1.0000000000000000E+30
   7.6900099999999998E+02   0.0000000000000000E+00   1.0000000000000000E+30
   7.7000000000000000E+02   0.0000000000000000E+00   1.0000000000000000E+30
   7.8000000000000000E+02   0.0000000000000000E+00   1.0000000000000000E+30
   7.9000000000000000E+02   0.0000000000000000E+00   1.0000000000000000E+30
   8.0000000000000000E+02   0.0000000000000000E+00   1.0000000000000000E+30
   8.1000000000000000E+02   0.0000000000000000E+00   1.0000000000000000E+30
   8.2000000000000000E+02   0.0000000000000000E+00   1.0000000000000000E+30
   8.3000000000000000E+02   0.0000000000000000E+00   1.0000000000000000E+30
   8.4000000000000000E+02   0.0000000000000000E+00   1.0000000000000000E+30
   8.5000000000000000E+02   0.0000000000000000E+00   1.0000000000000000E+30
   8.6000000000000000E+02   0.0000000000000000E+00   1.0000000000000000E+30
   8.7000000000000000E+02   0.0000000000000000E+00   1.0000000000000000E+30
   8.8000000000000000E+02   0.0000000000000000E+00   1.0000000000000000E+30
   8.9000000000000000E+02   0.0000000000000000E+00   1.0000000000000000E+30
   8.9899900000000002E+02   0.0000000000000000E+00   1.0000000000000000E+30
   8.9900099999999998E+02   0.0000000000000000E+00   1.0000000000000000E+30
   9.0000000000000000E+02   0.0000000000000000E+00   1.0000000000000000E+30
   9.1000000000000000E+02   0.0000000000000000E+00   1.0000000000000000E+30
   9.2000000000000000E+02   0.0000000000000000E+00   1.0000000000000000E+30
   9.3000000000000000E+02   0.0000000000000000E+00   1.0000000000000000E+30
   9.4000000000000000E+02   0.0000000000000000E+00   1.0000000000000000E+30
   9.5000000000000000E+02   0.0000000000000000E+00   1.0000000000000000E+30
   9.6000000000000000E+02   0.0000000000000000E+00   1.0000000000000000E+30
   9.7000000000000000E+02   0.0000000000000000E+00   1.0000000000000000E+30
   9.8000000000000000E+02   0.0000000000000000E+00   1.0000000000000000E+30
   9.9000000000000000E+02   0.0000000000000000E+00   1.0000000000000000E+30
   1.0000000000000000E+03   0.0000000000000000E+00   1.0000000000000000E+30
   1.1000000000000000E+03   0.0000000000000000E+00   1.0000000000000000E+30
   1.2000000000000000E+03   0.0000000000000000E+00   1.0000000000000000E+30
   1.3000000000000000E+03   0.0000000000000000E+00   1.0000000000000000E+30
   1.4000000000000000E+03   0.0000000000000000E+00   1.0000000000000000E+30
   1.5000000000000000E+03   0.0000000000000000E+00   1.0000000000000000E+30
   1.6000000000000000E+03   0.0000000000000000E+00   1.0000000000000000E+30
   1.7000000000000000E+03   0.0000000000000000E+00   1.0000000000000000E+30
   1.8000000000000000E+03   0.0000000000000000E+00   1.0000000000000000E+30
   1.9000000000000000E+03   0.0000000000000000E+00   1.0000000000000000E+30
   2.0000000000000000E+03   0.0000000000000000E+00   1.0000000000000000E+30
   2.1000000000000000E+03   0.0000000000000000E+00   1.0000000000000000E+30
   2.2000000000000000E+03   0.0000000000000000E+00   1.0000000000000000E+30
   2.3000000000000000E+03   0.0000000000000000E+00   1.0000000000000000E+30
   2.4000000000000000E+03   0.0000000000000000E+00   1.0000000000000000E+30
   2.4899989999999998E+03   0.0000000000000000E+00   1.0000000000000000E+30
   2.4900010000000002E+03   0.0000000000000000E+00   1.0000000000000000E+30
   2.5000000000000000E+03   0.0000000000000000E+00   1.0000000000000000E+30
   2.5919989999999998E+03   0.0000000000000000E+00   1.0000000000000000E+30
   2.5920010000000002E+03   0.0000000000000000E+00   1.0000000000000000E+30
   2.6000000000000000E+03   0.0000000000000000E+00   1.0000000000000000E+30
   2.7000000000000000E+03   0.0000000000000000E+00   1.0000000000000000E+30
   2.8000000000000000E+03   0.0000000000000000E+00   1.0000000000000000E+30
   2.9000000000000000E+03   0.0000000000000000E+00   1.0000000000000000E+30
   3.0000000000000000E+03   0.0000000000000000E+00   1.0000000000000000E+30
   3.0719989999999998E+03   0.0000000000000000E+00   1.0000000000000000E+30
   3.0720010000000002E+03   0.0000000000000000E+00   1.0000000000000000E+30
   3.1000000000000000E+03   0.0000000000000000E+00   1.0000000000000000E+30
   3.2000000000000000E+03   0.0000000000000000E+00   1.0000000000000000E+30
   3.3000000000000000E+03   0.0000000000000000E+00   1.0000000000000000E+30
   3.4000000000000000E+03   0.0000000000000000E+00   1.0000000000000000E+30
   3.5000000000000000E+03   0.0000000000000000E+00   1.0000000000000000E+30
   3.5599989999999998E+03   0.0000000000000000E+00   1.0000000000000000E+30
   3.5600010000000002E+03   0.0000000000000000E+00   1.0000000000000000E+30
   3.6000000000000000E+03   0.0000000000000000E+00   1.0000000000000000E+30
   3.7000000000000000E+03   0.0000000000000000E+00   1.0000000000000000E+30
   3.8000000000000000E+03   0.0000000000000000E+00   1.0000000000000000E+30
   3.8569989999999998E+03   0.0000000000000000E+00   1.0000000000000000E+30
   3.8570010000000002E+03   0.0000000000000000E+00   1.0000000000000000E+30
   3.9000000000000000E+03   0.0000000000000000E+00   1.0000000000000000E+30
   4.0000000000000000E+03   0.0000000000000000E+00   1.0000000000000000E+30
   4.1000000000000000E+03   0.0000000000000000E+00   1.0000000000000000E+30
   4.2000000000000000E+03   0.0000000000000000E+00   1.0000000000000000E+30
   4.3000000000000000E+03   0.0000000000000000E+00   1.0000000000000000E+30
   4.4000000000000000E+03   0.0000000000000000E+00   1.0000000000000000E+30
   4.5000000000000000E+03   0.0000000000000000E+00   1.0000000000000000E+30
   4.6000000000000000E+03   0.0000000000000000E+00   1.0000000000000000E+30
   4.7000000000000000E+03   0.0000000000000000E+00   1.0000000000000000E+30
   4.8000000000000000E+03   0.0000000000000000E+00   1.0000000000000000E+30
   4.9000000000000000E+03   0.0000000000000000E+00   1.0000000000000000E+30
   5.0000000000000000E+03   0.0000000000000000E+00   1.0000000000000000E+30
   5.1000000000000000E+03   0.0000000000000000E+00   1.0000000000000000E+30
   5.2000000000000000E+03   0.0000000000000000E+00   1.0000000000000000E+30
   5.3000000000000000E+03   0.0000000000000000E+00   1.0000000000000000E+30
   5.4000000000000000E+03   0.0000000000000000E+00   1.0000000000000000E+30
   5.5000000000000000E+03   0.0000000000000000E+00   1.0000000000000000E+30
   5.6000000000000000E+03   0.0000000000000000E+00   1.0000000000000000E+30
   5.7000000000000000E+03   0.0000000000000000E+00   1.0000000000000000E+30
   5.8000000000000000E+03   0.0000000000000000E+00   1.0000000000000000E+30
   5.9000000000000000E+03   0.0000000000000000E+00   1.0000000000000000E+30
   6.0000000000000000E+03   0.0000000000000000E+00   1.0000000000000000E+30
   6.1000000000000000E+03   0.0000000000000000E+00   1.0000000000000000E+30
   6.2000000000000000E+03   0.0000000000000000E+00   1.0000000000000000E+30
   6.3000000000000000E+03   0.0000000000000000E+00   1.0000000000000000E+30
   6.4000000000000000E+03   0.0000000000000000E+00   1.0000000000000000E+30
   6.5000000000000000E+03   0.0000000000000000E+00   1.0000000000000000E+30
   6.6000000000000000E+03   0.0000000000000000E+00   1.0000000000000000E+30
   6.7000000000000000E+03   0.0000000000000000E+00   1.0000000000000000E+30
   6.8000000000000000E+03   0.0000000000000000E+00   1.0000000000000000E+30
   6.9000000000000000E+03   0.0000000000000000E+00   1.0000000000000000E+30
   7.0000000000000000E+03   0.0000000000000000E+00   1.0000000000000000E+30
   7.1000000000000000E+03   0.0000000000000000E+00   1.0000000000000000E+30
   7.2000000000000000E+03   0.0000000000000000E+00   1.0000000000000000E+30
   7.3000000000000000E+03   0.0000000000000000E+00   1.0000000000000000E+30
   7.4000000000000000E+03   0.0000000000000000E+00   1.0000000000000000E+30
   7.5000000000000000E+03   0.0000000000000000E+00   1.0000000000000000E+30
   7.6000000000000000E+03   0.0000000000000000E+00   1.0000000000000000E+30
   7.7000000000000000E+03   0.0000000000000000E+00   1.0000000000000000E+30
   7.8000000000000000E+03   0.0000000000000000E+00   1.0000000000000000E+30
   7.9000000000000000E+03   0.0000000000000000E+00   1.0000000000000000E+30
   8.0000000000000000E+03   0.0000000000000000E+00   1.0000000000000000E+30
   8.1000000000000000E+03   0.0000000000000000E+00   1.0000000000000000E+30
   8.2000000000000000E+03   0.0000000000000000E+00   1.0000000000000000E+30
   8.3000000000000000E+03   0.0000000000000000E+00   1.0000000000000000E+30
   8.4000000000000000E+03   0.0000000000000000E+00   1.0000000000000000E+30
   8.5000000000000000E+03   0.0000000000000000E+00   1.0000000000000000E+30
   8.6000000000000000E+03   0.0000000000000000E+00   1.0000000000000000E+30
   8.7000000000000000E+03   0.0000000000000000E+00   1.0000000000000000E+30
   8.8000000000000000E+03   0.0000000000000000E+00   1.0000000000000000E+30
   8.9000000000000000E+03   0.0000000000000000E+00   1.0000000000000000E+30
   9.0000000000000000E+03   0.0000000000000000E+00   1.0000000000000000E+30
   9.1000000000000000E+03   0.0000000000000000E+00   1.0000000000000000E+30
   9.2000000000000000E+03   0.0000000000000000E+00   1.0000000000000000E+30
   9.3000000000000000E+03   0.0000000000000000E+00   1.0000000000000000E+30
   9.4000000000000000E+03   0.0000000000000000E+00   1.0000000000000000E+30
   9.5000000000000000E+03   0.0000000000000000E+00   1.0000000000000000E+30
   9.6000000000000000E+03   0.0000000000000000E+00   1.0000000000000000E+30
   9.7000000000000000E+03   0.0000000000000000E+00   1.0000000000000000E+30
   9.8000000000000000E+03   0.0000000000000000E+00   1.0000000000000000E+30
   9.9000000000000000E+03   0.0000000000000000E+00   1.0000000000000000E+30
   1.0000000000000000E+04   0.0000000000000000E+00   1.0000000000000000E+30
   1.1000000000000000E+04   0.0000000000000000E+00   1.0000000000000000E+30
   1.2000000000000000E+04   0.0000000000000000E+00   1.0000000000000000E+30
   1.3000000000000000E+04   0.0000000000000000E+00   1.0000000000000000E+30
   1.3040999000000000E+04   0.0000000000000000E+00   1.0000000000000000E+30
   1.3041001000000000E+04   0.0000000000000000E+00   1.0000000000000000E+30
   1.4000000000000000E+04   0.0000000000000000E+00   1.0000000000000000E+30
   1.5000000000000000E+04   0.0000000000000000E+00   1.0000000000000000E+30
   1.5205999000000000E+04   0.0000000000000000E+00   1.0000000000000000E+30
   1.5206001000000000E+04   0.0000000000000000E+00   1.0000000000000000E+30
   1.5866999000000000E+04   0.0000000000000000E+00   1.0000000000000000E+30
   1.5867001000000000E+04   0.0000000000000000E+00   1.0000000000000000E+30
   1.6000000000000000E+04   0.0000000000000000E+00   1.0000000000000000E+30
   1.7000000000000000E+04   0.0000000000000000E+00   1.0000000000000000E+30
   1.8000000000000000E+04   0.0000000000000000E+00   1.0000000000000000E+30
   1.9000000000000000E+04   0.0000000000000000E+00   1.0000000000000000E+30
   2.0000000000000000E+04   0.0000000000000000E+00   1.0000000000000000E+30
   2.1000000000000000E+04   0.0000000000000000E+00   1.0000000000000000E+30
   2.2000000000000000E+04   0.0000000000000000E+00   1.0000000000000000E+30
   2.3000000000000000E+04   0.0000000000000000E+00   1.0000000000000000E+30
   2.4000000000000000E+04   0.0000000000000000E+00   1.0000000000000000E+30
   2.5000000000000000E+04   0.0000000000000000E+00   1.0000000000000000E+30
   2.6000000000000000E+04   0.0000000000000000E+00   1.0000000000000000E+30
   2.7000000000000000E+04   0.0000000000000000E+00   1.0000000000000000E+30
   2.8000000000000000E+04   0.0000000000000000E+00   1.0000000000000000E+30
   2.9000000000000000E+04   0.0000000000000000E+00   1.0000000000000000E+30
   3.0000000000000000E+04   0.0000000000000000E+00   1.0000000000000000E+30
   3.1000000000000000E+04   0.0000000000000000E+00   1.0000000000000000E+30
   3.2000000000000000E+04   0.0000000000000000E+00   1.0000000000000000E+30
   3.3000000000000000E+04   0.0000000000000000E+00   1.0000000000000000E+30
   3.4000000000000000E+04   0.0000000000000000E+00   1.0000000000000000E+30
   3.5000000000000000E+04   0.0000000000000000E+00   1.0000000000000000E+30
   3.6000000000000000E+04   0.0000000000000000E+00   1.0000000000000000E+30
   3.7000000000000000E+04   0.0000000000000000E+00   1.0000000000000000E+30
   3.8000000000000000E+04   0.0000000000000000E+00   1.0000000000000000E+30
   3.9000000000000000E+04   0.0000000000000000E+00   1.0000000000000000E+30
   4.0000000000000000E+04   0.0000000000000000E+00   1.0000000000000000E+30
   4.1000000000000000E+04   0.0000000000000000E+00   1.0000000000000000E+30
   4.2000000000000000E+04   0.0000000000000000E+00   1.0000000000000000E+30
   4.3000000000000000E+04   0.0000000000000000E+00   1.0000000000000000E+30
   4.4000000000000000E+04   0.0000000000000000E+00   1.0000000000000000E+30
   4.5000000000000000E+04   0.0000000000000000E+00   1.0000000000000000E+30
   4.6000000000000000E+04   0.0000000000000000E+00   1.0000000000000000E+30
   4.7000000000000000E+04   0.0000000000000000E+00   1.0000000000000000E+30
   4.8000000000000000E+04   0.0000000000000000E+00   1.0000000000000000E+30
   4.9000000000000000E+04   0.0000000000000000E+00   1.0000000000000000E+30
   5.0000000000000000E+04   0.0000000000000000E+00   1.0000000000000000E+30
   5.1000000000000000E+04   0.0000000000000000E+00   1.0000000000000000E+30
   5.2000000000000000E+04   0.0000000000000000E+00   1.0000000000000000E+30
   5.3000000000000000E+04   0.0000000000000000E+00   1.0000000000000000E+30
   5.4000000000000000E+04   0.0000000000000000E+00   1.0000000000000000E+30
   5.5000000000000000E+04   0.0000000000000000E+00   1.0000000000000000E+30
   5.6000000000000000E+04   0.0000000000000000E+00   1.0000000000000000E+30
   5.7000000000000000E+04   0.0000000000000000E+00   1.0000000000000000E+30
   5.8000000000000000E+04   0.0000000000000000E+00   1.0000000000000000E+30
   5.9000000000000000E+04   0.0000000000000000E+00   1.0000000000000000E+30
   6.0000000000000000E+04   0.0000000000000000E+00   1.0000000000000000E+30
   6.1000000000000000E+04   0.0000000000000000E+00   1.0000000000000000E+30
   6.2000000000000000E+04   0.0000000000000000E+00   1.0000000000000000E+30
   6.3000000000000000E+04   0.0000000000000000E+00   1.0000000000000000E+30
   6.4000000000000000E+04   0.0000000000000000E+00   1.0000000000000000E+30
   6.5000000000000000E+04   0.0000000000000000E+00   1.0000000000000000E+30
   6.6000000000000000E+04   0.0000000000000000E+00   1.0000000000000000E+30
   6.7000000000000000E+04   0.0000000000000000E+00   1.0000000000000000E+30
   6.8000000000000000E+04   0.0000000000000000E+00   1.0000000000000000E+30
   6.9000000000000000E+04   0.0000000000000000E+00   1.0000000000000000E+30
   7.0000000000000000E+04   0.0000000000000000E+00   1.0000000000000000E+30
   7.1000000000000000E+04   0.0000000000000000E+00   1.0000000000000000E+30
   7.2000000000000000E+04   0.0000000000000000E+00   1.0000000000000000E+30
   7.3000000000000000E+04   0.0000000000000000E+00   1.0000000000000000E+30
   7.4000000000000000E+04   0.0000000000000000E+00   1.0000000000000000E+30
   7.5000000000000000E+04   0.0000000000000000E+00   1.0000000000000000E+30
   7.6000000000000000E+04   0.0000000000000000E+00   1.0000000000000000E+30
   7.7000000000000000E+04   0.0000000000000000E+00   1.0000000000000000E+30
   7.8000000000000000E+04   0.0000000000000000E+00   1.0000000000000000E+30
   7.9000000000000000E+04   0.0000000000000000E+00   1.0000000000000000E+30
   8.0000000000000000E+04   0.0000000000000000E+00   1.0000000000000000E+30
   8.1000000000000000E+04   0.0000000000000000E+00   1.0000000000000000E+30
   8.2000000000000000E+04   0.0000000000000000E+00   1.0000000000000000E+30
   8.3000000000000000E+04   0.0000000000000000E+00   1.0000000000000000E+30
   8.4000000000000000E+04   0.0000000000000000E+00   1.0000000000000000E+30
   8.5000000000000000E+04   0.0000000000000000E+00   1.0000000000000000E+30
   8.6000000000000000E+04   0.0000000000000000E+00   1.0000000000000000E+30
   8.7000000000000000E+04   0.0000000000000000E+00   1.0000000000000000E+30
   8.8000000000000000E+04   0.0000000000000000E+00   1.0000000000000000E+30
   8.8010998999999996E+04   0.0000000000000000E+00   1.0000000000000000E+30
   8.8011001000000004E+04   0.0000000000000000E+00   1.0000000000000000E+30
   8.9000000000000000E+04   0.0000000000000000E+00   1.0000000000000000E+30
   9.0000000000000000E+04   0.0000000000000000E+00   1.0000000000000000E+30
   9.1000000000000000E+04   0.0000000000000000E+00   1.0000000000000000E+30
   9.2000000000000000E+04   0.0000000000000000E+00   1.0000000000000000E+30
   9.3000000000000000E+04   0.0000000000000000E+00   1.0000000000000000E+30
   9.4000000000000000E+04   0.0000000000000000E+00   1.0000000000000000E+30
   9.5000000000000000E+04   0.0000000000000000E+00   1.0000000000000000E+30
   9.6000000000000000E+04   0.0000000000000000E+00   1.0000000000000000E+30
   9.7000000000000000E+04   0.0000000000000000E+00   1.0000000000000000E+30
   9.8000000000000000E+04   0.0000000000000000E+00   1.0000000000000000E+30
   9.9000000000000000E+04   0.0000000000000000E+00   1.0000000000000000E+30
   1.0000000000000000E+05   0.0000000000000000E+00   1.0000000000000000E+30
   1.1000000000000000E+05   0.0000000000000000E+00   1.0000000000000000E+30
   1.2000000000000000E+05   0.0000000000000000E+00   1.0000000000000000E+30
   1.3000000000000000E+05   0.0000000000000000E+00   1.0000000000000000E+30
   1.4000000000000000E+05   0.0000000000000000E+00   1.0000000000000000E+30
   1.5000000000000000E+05   0.0000000000000000E+00   1.0000000000000000E+30
   1.6000000000000000E+05   0.0000000000000000E+00   1.0000000000000000E+30
   1.7000000000000000E+05   0.0000000000000000E+00   1.0000000000000000E+30
   1.8000000000000000E+05   0.0000000000000000E+00   1.0000000000000000E+30
   1.9000000000000000E+05   0.0000000000000000E+00   1.0000000000000000E+30
   2.0000000000000000E+05   0.0000000000000000E+00   1.0000000000000000E+30
   2.1000000000000000E+05   0.0000000000000000E+00   1.0000000000000000E+30
   2.2000000000000000E+05   0.0000000000000000E+00   1.0000000000000000E+30
   2.3000000000000000E+05   0.0000000000000000E+00   1.0000000000000000E+30
   2.4000000000000000E+05   0.0000000000000000E+00   1.0000000000000000E+30
   2.5000000000000000E+05   0.0000000000000000E+00   1.0000000000000000E+30
   2.6000000000000000E+05   0.0000000000000000E+00   1.0000000000000000E+30
   2.7000000000000000E+05   0.0000000000000000E+00   1.0000000000000000E+30
   2.8000000000000000E+05   0.0000000000000000E+00   1.0000000000000000E+30
   2.9000000000000000E+05   0.0000000000000000E+00   1.0000000000000000E+30
   3.0000000000000000E+05   0.0000000000000000E+00   1.0000000000000000E+30
   3.1000000000000000E+05   0.0000000000000000E+00   1.0000000000000000E+30
   3.2000000000000000E+05   0.0000000000000000E+00   1.0000000000000000E+30
   3.3000000000000000E+05   0.0000000000000000E+00   1.0000000000000000E+30
   3.4000000000000000E+05   0.0000000000000000E+00   1.0000000000000000E+30
   3.5000000000000000E+05   0.0000000000000000E+00   1.0000000000000000E+30
   3.6000000000000000E+05   0.0000000000000000E+00   1.0000000000000000E+30
   3.7000000000000000E+05   0.0000000000000000E+00   1.0000000000000000E+30
   3.8000000000000000E+05   0.0000000000000000E+00   1.0000000000000000E+30
   3.9000000000000000E+05   0.0000000000000000E+00   1.0000000000000000E+30
   4.0000000000000000E+05   0.0000000000000000E+00   1.0000000000000000E+30
   4.1000000000000000E+05   0.0000000000000000E+00   1.0000000000000000E+30
   4.2000000000000000E+05   0.0000000000000000E+00   1.0000000000000000E+30
   4.3000000000000000E+05   0.0000000000000000E+00   1.0000000000000000E+30
   4.4000000000000000E+05   0.0000000000000000E+00   1.0000000000000000E+30
   4.5000000000000000E+05   0.0000000000000000E+00   1.0000000000000000E+30
   4.6000000000000000E+05   0.0000000000000000E+00   1.0000000000000000E+30
   4.7000000000000000E+05   0.0000000000000000E+00   1.0000000000000000E+30
   4.8000000000000000E+05   0.0000000000000000E+00   1.0000000000000000E+30
   4.9000000000000000E+05   0.0000000000000000E+00   1.0000000000000000E+30
   5.0000000000000000E+05   0.0000000000000000E+00   1.0000000000000000E+30
   5.1000000000000000E+05   0.0000000000000000E+00   1.0000000000000000E+30
   5.2000000000000000E+05   0.0000000000000000E+00   1.0000000000000000E+30
   5.3000000000000000E+05   0.0000000000000000E+00   1.0000000000000000E+30
   5.4000000000000000E+05   0.0000000000000000E+00   1.0000000000000000E+30
   5.5000000000000000E+05   0.0000000000000000E+00   1.0000000000000000E+30
   5.6000000000000000E+05   0.0000000000000000E+00   1.0000000000000000E+30
   5.7000000000000000E+05   0.0000000000000000E+00   1.0000000000000000E+30
   5.8000000000000000E+05   0.0000000000000000E+00   1.0000000000000000E+30
   5.9000000000000000E+05   0.0000000000000000E+00   1.0000000000000000E+30
   6.0000000000000000E+05   0.0000000000000000E+00   1.0000000000000000E+30
   6.1000000000000000E+05   0.0000000000000000E+00   1.0000000000000000E+30
   6.2000000000000000E+05   0.0000000000000000E+00   1.0000000000000000E+30
   6.3000000000000000E+05   0.0000000000000000E+00   1.0000000000000000E+30
   6.4000000000000000E+05   0.0000000000000000E+00   1.0000000000000000E+30
   6.5000000000000000E+05   0.0000000000000000E+00   1.0000000000000000E+30
   6.6000000000000000E+05   0.0000000000000000E+00   1.0000000000000000E+30
   6.7000000000000000E+05   0.0000000000000000E+00   1.0000000000000000E+30
   6.8000000000000000E+05   0.0000000000000000E+00   1.0000000000000000E+30
   6.9000000000000000E+05   0.0000000000000000E+00   1.0000000000000000E+30
   7.0000000000000000E+05   0.0000000000000000E+00   1.0000000000000000E+30
   7.1000000000000000E+05   0.0000000000000000E+00   1.0000000000000000E+30
   7.2000000000000000E+05   0.0000000000000000E+00   1.0000000000000000E+30
   7.3000000000000000E+05   0.0000000000000000E+00   1.0000000000000000E+30
   7.4000000000000000E+05   0.0000000000000000E+00   1.0000000000000000E+30
   7.5000000000000000E+05   0.0000000000000000E+00   1.0000000000000000E+30
   7.6000000000000000E+05   0.0000000000000000E+00   1.0000000000000000E+30
   7.7000000000000000E+05   0.0000000000000000E+00   1.0000000000000000E+30
   7.8000000000000000E+05   0.0000000000000000E+00   1.0000000000000000E+30
   7.9000000000000000E+05   0.0000000000000000E+00   1.0000000000000000E+30
   8.0000000000000000E+05   0.0000000000000000E+00   1.0000000000000000E+30
   8.1000000000000000E+05   0.0000000000000000E+00   1.0000000000000000E+30
   8.2000000000000000E+05   0.0000000000000000E+00   1.0000000000000000E+30
   8.3000000000000000E+05   0.0000000000000000E+00   1.0000000000000000E+30
   8.4000000000000000E+05   0.0000000000000000E+00   1.0000000000000000E+30
   8.5000000000000000E+05   0.0000000000000000E+00   1.0000000000000000E+30
   8.6000000000000000E+05   0.0000000000000000E+00   1.0000000000000000E+30
   8.7000000000000000E+05   0.0000000000000000E+00   1.0000000000000000E+30
   8.8000000000000000E+05   0.0000000000000000E+00   1.0000000000000000E+30
   8.9000000000000000E+05   0.0000000000000000E+00   1.0000000000000000E+30
   9.0000000000000000E+05   0.0000000000000000E+00   1.0000000000000000E+30
   9.1000000000000000E+05   0.0000000000000000E+00   1.0000000000000000E+30
   9.2000000000000000E+05   0.0000000000000000E+00   1.0000000000000000E+30
   9.3000000000000000E+05   0.0000000000000000E+00   1.0000000000000000E+30
   9.4000000000000000E+05   0.0000000000000000E+00   1.0000000000000000E+30
   9.5000000000000000E+05   0.0000000000000000E+00   1.0000000000000000E+30
   9.6000000000000000E+05   0.0000000000000000E+00   1.0000000000000000E+30
   9.7000000000000000E+05   0.0000000000000000E+00   1.0000000000000000E+30
   9.8000000000000000E+05   0.0000000000000000E+00   1.0000000000000000E+30
   9.9000000000000000E+05   0.0000000000000000E+00   1.0000000000000000E+30
   1.0000000000000000E+06   0.0000000000000000E+00   1.0000000000000000E+30
   1.1000000000000000E+06   0.0000000000000000E+00   1.0000000000000000E+30
   1.2000000000000000E+06   0.0000000000000000E+00   1.0000000000000000E+30
   1.3000000000000000E+06   0.0000000000000000E+00   1.0000000000000000E+30
   1.4000000000000000E+06   0.0000000000000000E+00   1.0000000000000000E+30
   1.5000000000000000E+06   0.0000000000000000E+00   1.0000000000000000E+30
   1.6000000000000000E+06   0.0000000000000000E+00   1.0000000000000000E+30
   1.7000000000000000E+06   0.0000000000000000E+00   1.0000000000000000E+30
   1.8000000000000000E+06   0.0000000000000000E+00   1.0000000000000000E+30
   1.9000000000000000E+06   0.0000000000000000E+00   1.0000000000000000E+30
   2.0000000000000000E+06   0.0000000000000000E+00   1.0000000000000000E+30
   2.1000000000000000E+06   0.0000000000000000E+00   1.0000000000000000E+30
   2.2000000000000000E+06   0.0000000000000000E+00   1.0000000000000000E+30
   2.3000000000000000E+06   0.0000000000000000E+00   1.0000000000000000E+30
   2.4000000000000000E+06   0.0000000000000000E+00   1.0000000000000000E+30
   2.5000000000000000E+06   0.0000000000000000E+00   1.0000000000000000E+30
   2.6000000000000000E+06   0.0000000000000000E+00   1.0000000000000000E+30
   2.7000000000000000E+06   0.0000000000000000E+00   1.0000000000000000E+30
   2.8000000000000000E+06   0.0000000000000000E+00   1.0000000000000000E+30
   2.9000000000000000E+06   0.0000000000000000E+00   1.0000000000000000E+30
   3.0000000000000000E+06   0.0000000000000000E+00   1.0000000000000000E+30
   3.1000000000000000E+06   0.0000000000000000E+00   1.0000000000000000E+30
   3.2000000000000000E+06   0.0000000000000000E+00   1.0000000000000000E+30
   3.3000000000000000E+06   0.0000000000000000E+00   1.0000000000000000E+30
   3.4000000000000000E+06   0.0000000000000000E+00   1.0000000000000000E+30
   3.5000000000000000E+06   0.0000000000000000E+00   1.0000000000000000E+30
   3.6000000000000000E+06   0.0000000000000000E+00   1.0000000000000000E+30
   3.7000000000000000E+06   0.0000000000000000E+00   1.0000000000000000E+30
   3.8000000000000000E+06   0.0000000000000000E+00   1.0000000000000000E+30
   3.9000000000000000E+06   0.0000000000000000E+00   1.0000000000000000E+30
   4.0000000000000000E+06   0.0000000000000000E+00   1.0000000000000000E+30
   4.1000000000000000E+06   0.0000000000000000E+00   1.0000000000000000E+30
   4.2000000000000000E+06   0.0000000000000000E+00   1.0000000000000000E+30
   4.3000000000000000E+06   0.0000000000000000E+00   1.0000000000000000E+30
   4.4000000000000000E+06   0.0000000000000000E+00   1.0000000000000000E+30
   4.5000000000000000E+06   0.0000000000000000E+00   1.0000000000000000E+30
   4.6000000000000000E+06   0.0000000000000000E+00   1.0000000000000000E+30
   4.7000000000000000E+06   0.0000000000000000E+00   1.0000000000000000E+30
   4.8000000000000000E+06   0.0000000000000000E+00   1.0000000000000000E+30
   4.9000000000000000E+06   0.0000000000000000E+00   1.0000000000000000E+30
   5.0000000000000000E+06   0.0000000000000000E+00   1.0000000000000000E+30
   5.1000000000000000E+06   0.0000000000000000E+00   1.0000000000000000E+30
   5.2000000000000000E+06   0.0000000000000000E+00   1.0000000000000000E+30
   5.3000000000000000E+06   0.0000000000000000E+00   1.0000000000000000E+30
   5.4000000000000000E+06   0.0000000000000000E+00   1.0000000000000000E+30
   5.5000000000000000E+06   0.0000000000000000E+00   1.0000000000000000E+30
   5.6000000000000000E+06   0.0000000000000000E+00   1.0000000000000000E+30
   5.7000000000000000E+06   0.0000000000000000E+00   1.0000000000000000E+30
   5.8000000000000000E+06   0.0000000000000000E+00   1.0000000000000000E+30
   5.9000000000000000E+06   0.0000000000000000E+00   1.0000000000000000E+30
   6.0000000000000000E+06   0.0000000000000000E+00   1.0000000000000000E+30
   6.1000000000000000E+06   0.0000000000000000E+00   1.0000000000000000E+30
   6.2000000000000000E+06   0.0000000000000000E+00   1.0000000000000000E+30
   6.3000000000000000E+06   0.0000000000000000E+00   1.0000000000000000E+30
   6.4000000000000000E+06   0.0000000000000000E+00   1.0000000000000000E+30
   6.5000000000000000E+06   0.0000000000000000E+00   1.0000000000000000E+30
   6.6000000000000000E+06   0.0000000000000000E+00   1.0000000000000000E+30
   6.7000000000000000E+06   0.0000000000000000E+00   1.0000000000000000E+30
   6.8000000000000000E+06   0.0000000000000000E+00   1.0000000000000000E+30
   6.9000000000000000E+06   0.0000000000000000E+00   1.0000000000000000E+30
   7.0000000000000000E+06   0.0000000000000000E+00   1.0000000000000000E+30
   7.1000000000000000E+06   0.0000000000000000E+00   1.0000000000000000E+30
   7.2000000000000000E+06   0.0000000000000000E+00   1.0000000000000000E+30
   7.3000000000000000E+06   0.0000000000000000E+00   1.0000000000000000E+30
   7.4000000000000000E+06   0.0000000000000000E+00   1.0000000000000000E+30
   7.5000000000000000E+06   0.0000000000000000E+00   1.0000000000000000E+30
   7.6000000000000000E+06   0.0000000000000000E+00   1.0000000000000000E+30
   7.7000000000000000E+06   0.0000000000000000E+00   1.0000000000000000E+30
   7.8000000000000000E+06   0.0000000000000000E+00   1.0000000000000000E+30
   7.9000000000000000E+06   0.0000000000000000E+00   1.0000000000000000E+30
   8.0000000000000000E+06   0.0000000000000000E+00   1.0000000000000000E+30
   8.1000000000000000E+06   0.0000000000000000E+00   1.0000000000000000E+30
   8.2000000000000000E+06   0.0000000000000000E+00   1.0000000000000000E+30
   8.3000000000000000E+06   0.0000000000000000E+00   1.0000000000000000E+30
   8.4000000000000000E+06   0.0000000000000000E+00   1.0000000000000000E+30
   8.5000000000000000E+06   0.0000000000000000E+00   1.0000000000000000E+30
   8.6000000000000000E+06   0.0000000000000000E+00   1.0000000000000000E+30
   8.7000000000000000E+06   0.0000000000000000E+00   1.0000000000000000E+30
   8.8000000000000000E+06   0.0000000000000000E+00   1.0000000000000000E+30
   8.9000000000000000E+06   0.0000000000000000E+00   1.0000000000000000E+30
   9.0000000000000000E+06   0.0000000000000000E+00   1.0000000000000000E+30
   9.1000000000000000E+06   0.0000000000000000E+00   1.0000000000000000E+30
   9.2000000000000000E+06   0.0000000000000000E+00   1.0000000000000000E+30
   9.3000000000000000E+06   0.0000000000000000E+00   1.0000000000000000E+30
   9.4000000000000000E+06   0.0000000000000000E+00   1.0000000000000000E+30
   9.5000000000000000E+06   0.0000000000000000E+00   1.0000000000000000E+30
   9.6000000000000000E+06   0.0000000000000000E+00   1.0000000000000000E+30
   9.7000000000000000E+06   0.0000000000000000E+00   1.0000000000000000E+30
   9.8000000000000000E+06   0.0000000000000000E+00   1.0000000000000000E+30
   9.9000000000000000E+06   0.0000000000000000E+00   1.0000000000000000E+30
   1.0000000000000000E+07   0.0000000000000000E+00   1.0000000000000000E+30
   1.1000000000000000E+07   0.0000000000000000E+00   1.0000000000000000E+30
   1.2000000000000000E+07   0.0000000000000000E+00   1.0000000000000000E+30
   1.3000000000000000E+07   0.0000000000000000E+00   1.0000000000000000E+30
   1.4000000000000000E+07   0.0000000000000000E+00   1.0000000000000000E+30
   1.5000000000000000E+07   0.0000000000000000E+00   1.0000000000000000E+30
   1.6000000000000000E+07   0.0000000000000000E+00   1.0000000000000000E+30
   1.7000000000000000E+07   0.0000000000000000E+00   1.0000000000000000E+30
   1.8000000000000000E+07   0.0000000000000000E+00   1.0000000000000000E+30
   1.9000000000000000E+07   0.0000000000000000E+00   1.0000000000000000E+30
   2.0000000000000000E+07   0.0000000000000000E+00   1.0000000000000000E+30
   2.1000000000000000E+07   0.0000000000000000E+00   1.0000000000000000E+30
   2.2000000000000000E+07   0.0000000000000000E+00   1.0000000000000000E+30
   2.3000000000000000E+07   0.0000000000000000E+00   1.0000000000000000E+30
   2.4000000000000000E+07   0.0000000000000000E+00   1.0000000000000000E+30
   2.5000000000000000E+07   0.0000000000000000E+00   1.0000000000000000E+30
   2.6000000000000000E+07   0.0000000000000000E+00   1.0000000000000000E+30
   2.7000000000000000E+07   0.0000000000000000E+00   1.0000000000000000E+30
   2.8000000000000000E+07   0.0000000000000000E+00   1.0000000000000000E+30
   2.9000000000000000E+07   0.0000000000000000E+00   1.0000000000000000E+30
   3.0000000000000000E+07   0.0000000000000000E+00   1.0000000000000000E+30
   3.1000000000000000E+07   0.0000000000000000E+00   1.0000000000000000E+30
   3.2000000000000000E+07   0.0000000000000000E+00   1.0000000000000000E+30
   3.3000000000000000E+07   0.0000000000000000E+00   1.0000000000000000E+30
   3.4000000000000000E+07   0.0000000000000000E+00   1.0000000000000000E+30
   3.5000000000000000E+07   0.0000000000000000E+00   1.0000000000000000E+30
   3.6000000000000000E+07   0.0000000000000000E+00   1.0000000000000000E+30
   3.7000000000000000E+07   0.0000000000000000E+00   1.0000000000000000E+30
   3.8000000000000000E+07   0.0000000000000000E+00   1.0000000000000000E+30
   3.9000000000000000E+07   0.0000000000000000E+00   1.0000000000000000E+30
   4.0000000000000000E+07   0.0000000000000000E+00   1.0000000000000000E+30
   4.1000000000000000E+07   0.0000000000000000E+00   1.0000000000000000E+30
   4.2000000000000000E+07   0.0000000000000000E+00   1.0000000000000000E+30
   4.3000000000000000E+07   0.0000000000000000E+00   1.0000000000000000E+30
   4.4000000000000000E+07   0.0000000000000000E+00   1.0000000000000000E+30
   4.5000000000000000E+07   0.0000000000000000E+00   1.0000000000000000E+30
   4.6000000000000000E+07   0.0000000000000000E+00   1.0000000000000000E+30
   4.7000000000000000E+07   0.0000000000000000E+00   1.0000000000000000E+30
   4.8000000000000000E+07   0.0000000000000000E+00   1.0000000000000000E+30
   4.9000000000000000E+07   0.0000000000000000E+00   1.0000000000000000E+30
   5.0000000000000000E+07   0.0000000000000000E+00   1.0000000000000000E+30
   5.1000000000000000E+07   0.0000000000000000E+00   1.0000000000000000E+30
   5.2000000000000000E+07   0.0000000000000000E+00   1.0000000000000000E+30
   5.3000000000000000E+07   0.0000000000000000E+00   1.0000000000000000E+30
   5.4000000000000000E+07   0.0000000000000000E+00   1.0000000000000000E+30
   5.5000000000000000E+07   0.0000000000000000E+00   1.0000000000000000E+30
   5.6000000000000000E+07   0.0000000000000000E+00   1.0000000000000000E+30
   5.7000000000000000E+07   0.0000000000000000E+00   1.0000000000000000E+30
   5.8000000000000000E+07   0.0000000000000000E+00   1.0000000000000000E+30
   5.9000000000000000E+07   0.0000000000000000E+00   1.0000000000000000E+30
   6.0000000000000000E+07   0.0000000000000000E+00   1.0000000000000000E+30
   6.1000000000000000E+07   0.0000000000000000E+00   1.0000000000000000E+30
   6.2000000000000000E+07   0.0000000000000000E+00   1.0000000000000000E+30
   6.3000000000000000E+07   0.0000000000000000E+00   1.0000000000000000E+30
   6.4000000000000000E+07   0.0000000000000000E+00   1.0000000000000000E+30
   6.5000000000000000E+07   0.0000000000000000E+00   1.0000000000000000E+30
   6.6000000000000000E+07   0.0000000000000000E+00   1.0000000000000000E+30
   6.7000000000000000E+07   0.0000000000000000E+00   1.0000000000000000E+30
   6.8000000000000000E+07   0.0000000000000000E+00   1.0000000000000000E+30
   6.9000000000000000E+07   0.0000000000000000E+00   1.0000000000000000E+30
   7.0000000000000000E+07   0.0000000000000000E+00   1.0000000000000000E+30
   7.1000000000000000E+07   0.0000000000000000E+00   1.0000000000000000E+30
   7.2000000000000000E+07   0.0000000000000000E+00   1.0000000000000000E+30
   7.3000000000000000E+07   0.0000000000000000E+00   1.0000000000000000E+30
   7.4000000000000000E+07   0.0000000000000000E+00   1.0000000000000000E+30
   7.5000000000000000E+07   0.0000000000000000E+00   1.0000000000000000E+30
   7.6000000000000000E+07   0.0000000000000000E+00   1.0000000000000000E+30
   7.7000000000000000E+07   0.0000000000000000E+00   1.0000000000000000E+30
   7.8000000000000000E+07   0.0000000000000000E+00   1.0000000000000000E+30
   7.9000000000000000E+07   0.0000000000000000E+00   1.0000000000000000E+30
   8.0000000000000000E+07   0.0000000000000000E+00   1.0000000000000000E+30
   8.1000000000000000E+07   0.0000000000000000E+00   1.0000000000000000E+30
   8.2000000000000000E+07   0.0000000000000000E+00   1.0000000000000000E+30
   8.3000000000000000E+07   0.0000000000000000E+00   1.0000000000000000E+30
   8.4000000000000000E+07   0.0000000000000000E+00   1.0000000000000000E+30
   8.5000000000000000E+07   0.0000000000000000E+00   1.0000000000000000E+30
   8.6000000000000000E+07   0.0000000000000000E+00   1.0000000000000000E+30
   8.7000000000000000E+07   0.0000000000000000E+00   1.0000000000000000E+30
   8.8000000000000000E+07   0.0000000000000000E+00   1.0000000000000000E+30
   8.9000000000000000E+07   0.0000000000000000E+00   1.0000000000000000E+30
   9.0000000000000000E+07   0.0000000000000000E+00   1.0000000000000000E+30
   9.1000000000000000E+07   0.0000000000000000E+00   1.0000000000000000E+30
   9.2000000000000000E+07   0.0000000000000000E+00   1.0000000000000000E+30
   9.3000000000000000E+07   0.0000000000000000E+00   1.0000000000000000E+30
   9.4000000000000000E+07   0.0000000000000000E+00   1.0000000000000000E+30
   9.5000000000000000E+07   0.0000000000000000E+00   1.0000000000000000E+30
   9.6000000000000000E+07   0.0000000000000000E+00   1.0000000000000000E+30
   9.7000000000000000E+07   0.0000000000000000E+00   1.0000000000000000E+30
   9.8000000000000000E+07   0.0000000000000000E+00   1.0000000000000000E+30
   9.9000000000000000E+07   0.0000000000000000E+00   1.0000000000000000E+30
   1.0000000000000000E+08   0.0000000000000000E+00   1.0000000000000000E+30
   1.1000000000000000E+08   0.0000000000000000E+00   1.0000000000000000E+30
   1.2000000000000000E+08   0.0000000000000000E+00   1.0000000000000000E+30
   1.3000000000000000E+08   0.0000000000000000E+00   1.0000000000000000E+30
   1.4000000000000000E+08   0.0000000000000000E+00   1.0000000000000000E+30
   1.5000000000000000E+08   0.0000000000000000E+00   1.0000000000000000E+30
   1.6000000000000000E+08   0.0000000000000000E+00   1.0000000000000000E+30
   1.7000000000000000E+08   0.0000000000000000E+00   1.0000000000000000E+30
   1.8000000000000000E+08   0.0000000000000000E+00   1.0000000000000000E+30
   1.9000000000000000E+08   0.0000000000000000E+00   1.0000000000000000E+30
   2.0000000000000000E+08   0.0000000000000000E+00   1.0000000000000000E+30
   2.1000000000000000E+08   0.0000000000000000E+00   1.0000000000000000E+30
   2.2000000000000000E+08   0.0000000000000000E+00   1.0000000000000000E+30
   2.3000000000000000E+08   0.0000000000000000E+00   1.0000000000000000E+30
   2.4000000000000000E+08   0.0000000000000000E+00   1.0000000000000000E+30
   2.5000000000000000E+08   0.0000000000000000E+00   1.0000000000000000E+30
   2.6000000000000000E+08   0.0000000000000000E+00   1.0000000000000000E+30
   2.7000000000000000E+08   0.0000000000000000E+00   1.0000000000000000E+30
   2.8000000000000000E+08   0.0000000000000000E+00   1.0000000000000000E+30
   2.9000000000000000E+08   0.0000000000000000E+00   1.0000000000000000E+30
   3.0000000000000000E+08   0.0000000000000000E+00   1.0000000000000000E+30
   3.1000000000000000E+08   0.0000000000000000E+00   1.0000000000000000E+30
   3.2000000000000000E+08   0.0000000000000000E+00   1.0000000000000000E+30
   3.3000000000000000E+08   0.0000000000000000E+00   1.0000000000000000E+30
   3.4000000000000000E+08   0.0000000000000000E+00   1.0000000000000000E+30
   3.5000000000000000E+08   0.0000000000000000E+00   1.0000000000000000E+30
   3.6000000000000000E+08   0.0000000000000000E+00   1.0000000000000000E+30
   3.7000000000000000E+08   0.0000000000000000E+00   1.0000000000000000E+30
   3.8000000000000000E+08   0.0000000000000000E+00   1.0000000000000000E+30
   3.9000000000000000E+08   0.0000000000000000E+00   1.0000000000000000E+30
   4.0000000000000000E+08   0.0000000000000000E+00   1.0000000000000000E+30
   4.1000000000000000E+08   0.0000000000000000E+00   1.0000000000000000E+30
   4.2000000000000000E+08   0.0000000000000000E+00   1.0000000000000000E+30
   4.3000000000000000E+08   0.0000000000000000E+00   1.0000000000000000E+30
   4.4000000000000000E+08   0.0000000000000000E+00   1.0000000000000000E+30
   4.5000000000000000E+08   0.0000000000000000E+00   1.0000000000000000E+30
   4.6000000000000000E+08   0.0000000000000000E+00   1.0000000000000000E+30
   4.7000000000000000E+08   0.0000000000000000E+00   1.0000000000000000E+30
   4.8000000000000000E+08   0.0000000000000000E+00   1.0000000000000000E+30
   4.9000000000000000E+08   0.0000000000000000E+00   1.0000000000000000E+30
   5.0000000000000000E+08   0.0000000000000000E+00   1.0000000000000000E+30
   5.1000000000000000E+08   0.0000000000000000E+00   1.0000000000000000E+30
   5.2000000000000000E+08   0.0000000000000000E+00   1.0000000000000000E+30
   5.3000000000000000E+08   0.0000000000000000E+00   1.0000000000000000E+30
   5.4000000000000000E+08   0.0000000000000000E+00   1.0000000000000000E+30
   5.5000000000000000E+08   0.0000000000000000E+00   1.0000000000000000E+30
   5.6000000000000000E+08   0.0000000000000000E+00   1.0000000000000000E+30
   5.7000000000000000E+08   0.0000000000000000E+00   1.0000000000000000E+30
   5.8000000000000000E+08   0.0000000000000000E+00   1.0000000000000000E+30
   5.9000000000000000E+08   0.0000000000000000E+00   1.0000000000000000E+30
   6.0000000000000000E+08   0.0000000000000000E+00   1.0000000000000000E+30
   6.1000000000000000E+08   0.0000000000000000E+00   1.0000000000000000E+30
   6.2000000000000000E+08   0.0000000000000000E+00   1.0000000000000000E+30
   6.3000000000000000E+08   0.0000000000000000E+00   1.0000000000000000E+30
   6.4000000000000000E+08   0.0000000000000000E+00   1.0000000000000000E+30
   6.5000000000000000E+08   0.0000000000000000E+00   1.0000000000000000E+30
   6.6000000000000000E+08   0.0000000000000000E+00   1.0000000000000000E+30
   6.7000000000000000E+08   0.0000000000000000E+00   1.0000000000000000E+30
   6.8000000000000000E+08   0.0000000000000000E+00   1.0000000000000000E+30
   6.9000000000000000E+08   0.0000000000000000E+00   1.0000000000000000E+30
   7.0000000000000000E+08   0.0000000000000000E+00   1.0000000000000000E+30
   7.1000000000000000E+08   0.0000000000000000E+00   1.0000000000000000E+30
   7.2000000000000000E+08   0.0000000000000000E+00   1.0000000000000000E+30
   7.3000000000000000E+08   0.0000000000000000E+00   1.0000000000000000E+30
   7.4000000000000000E+08   0.0000000000000000E+00   1.0000000000000000E+30
   7.5000000000000000E+08   0.0000000000000000E+00   1.0000000000000000E+30
   7.6000000000000000E+08   0.0000000000000000E+00   1.0000000000000000E+30
   7.7000000000000000E+08   0.0000000000000000E+00   1.0000000000000000E+30
   7.8000000000000000E+08   0.0000000000000000E+00   1.0000000000000000E+30
   7.9000000000000000E+08   0.0000000000000000E+00   1.0000000000000000E+30
   8.0000000000000000E+08   0.0000000000000000E+00   1.0000000000000000E+30
   8.1000000000000000E+08   0.0000000000000000E+00   1.0000000000000000E+30
   8.2000000000000000E+08   0.0000000000000000E+00   1.0000000000000000E+30
   8.3000000000000000E+08   0.0000000000000000E+00   1.0000000000000000E+30
   8.4000000000000000E+08   0.0000000000000000E+00   1.0000000000000000E+30
   8.5000000000000000E+08   0.0000000000000000E+00   1.0000000000000000E+30
   8.6000000000000000E+08   0.0000000000000000E+00   1.0000000000000000E+30
   8.7000000000000000E+08   0.0000000000000000E+00   1.0000000000000000E+30
   8.8000000000000000E+08   0.0000000000000000E+00   1.0000000000000000E+30
   8.9000000000000000E+08   0.0000000000000000E+00   1.0000000000000000E+30
   9.0000000000000000E+08   0.0000000000000000E+00   1.0000000000000000E+30
   9.1000000000000000E+08   0.0000000000000000E+00   1.0000000000000000E+30
   9.2000000000000000E+08   0.0000000000000000E+00   1.0000000000000000E+30
   9.3000000000000000E+08   0.0000000000000000E+00   1.0000000000000000E+30
   9.4000000000000000E+08   0.0000000000000000E+00   1.0000000000000000E+30
   9.5000000000000000E+08   0.0000000000000000E+00   1.0000000000000000E+30
   9.6000000000000000E+08   0.0000000000000000E+00   1.0000000000000000E+30
   9.7000000000000000E+08   0.0000000000000000E+00   1.0000000000000000E+30
   9.8000000000000000E+08   0.0000000000000000E+00   1.0000000000000000E+30
   9.9000000000000000E+08   0.0000000000000000E+00   1.0000000000000000E+30
   1.0000000000000000E+09   0.0000000000000000E+00   1.0000000000000000E+30
   1.1000000000000000E+09   0.0000000000000000E+00   1.0000000000000000E+30
   1.2000000000000000E+09   0.0000000000000000E+00   1.0000000000000000E+30
   1.3000000000000000E+09   0.0000000000000000E+00   1.0000000000000000E+30
   1.4000000000000000E+09   0.0000000000000000E+00   1.0000000000000000E+30
   1.5000000000000000E+09   0.0000000000000000E+00   1.0000000000000000E+30
   1.6000000000000000E+09   0.0000000000000000E+00   1.0000000000000000E+30
   1.7000000000000000E+09   0.0000000000000000E+00   1.0000000000000000E+30
   1.8000000000000000E+09   0.0000000000000000E+00   1.0000000000000000E+30
   1.9000000000000000E+09   0.0000000000000000E+00   1.0000000000000000E+30
   2.0000000000000000E+09   0.0000000000000000E+00   1.0000000000000000E+30
   2.1000000000000000E+09   0.0000000000000000E+00   1.0000000000000000E+30
   2.2000000000000000E+09   0.0000000000000000E+00   1.0000000000000000E+30
   2.3000000000000000E+09   0.0000000000000000E+00   1.0000000000000000E+30
   2.4000000000000000E+09   0.0000000000000000E+00   1.0000000000000000E+30
   2.5000000000000000E+09   0.0000000000000000E+00   1.0000000000000000E+30
   2.6000000000000000E+09   0.0000000000000000E+00   1.0000000000000000E+30
   2.7000000000000000E+09   0.0000000000000000E+00   1.0000000000000000E+30
   2.8000000000000000E+09   0.0000000000000000E+00   1.0000000000000000E+30
   2.9000000000000000E+09   0.0000000000000000E+00   1.0000000000000000E+30
   3.0000000000000000E+09   0.0000000000000000E+00   1.0000000000000000E+30
   3.1000000000000000E+09   0.0000000000000000E+00   1.0000000000000000E+30
   3.2000000000000000E+09   0.0000000000000000E+00   1.0000000000000000E+30
   3.3000000000000000E+09   0.0000000000000000E+00   1.0000000000000000E+30
   3.4000000000000000E+09   0.0000000000000000E+00   1.0000000000000000E+30
   3.5000000000000000E+09   0.0000000000000000E+00   1.0000000000000000E+30
   3.6000000000000000E+09   0.0000000000000000E+00   1.0000000000000000E+30
   3.7000000000000000E+09   0.0000000000000000E+00   1.0000000000000000E+30
   3.8000000000000000E+09   0.0000000000000000E+00   1.0000000000000000E+30
   3.9000000000000000E+09   0.0000000000000000E+00   1.0000000000000000E+30
   4.0000000000000000E+09   0.0000000000000000E+00   1.0000000000000000E+30
   4.1000000000000000E+09   0.0000000000000000E+00   1.0000000000000000E+30
   4.2000000000000000E+09   0.0000000000000000E+00   1.0000000000000000E+30
   4.3000000000000000E+09   0.0000000000000000E+00   1.0000000000000000E+30
   4.4000000000000000E+09   0.0000000000000000E+00   1.0000000000000000E+30
   4.5000000000000000E+09   0.0000000000000000E+00   1.0000000000000000E+30
   4.6000000000000000E+09   0.0000000000000000E+00   1.0000000000000000E+30
   4.7000000000000000E+09   0.0000000000000000E+00   1.0000000000000000E+30
   4.8000000000000000E+09   0.0000000000000000E+00   1.0000000000000000E+30
   4.9000000000000000E+09   0.0000000000000000E+00   1.0000000000000000E+30
   5.0000000000000000E+09   0.0000000000000000E+00   1.0000000000000000E+30
   5.1000000000000000E+09   0.0000000000000000E+00   1.0000000000000000E+30
   5.2000000000000000E+09   0.0000000000000000E+00   1.0000000000000000E+30
   5.3000000000000000E+09   0.0000000000000000E+00   1.0000000000000000E+30
   5.4000000000000000E+09   0.0000000000000000E+00   1.0000000000000000E+30
   5.5000000000000000E+09   0.0000000000000000E+00   1.0000000000000000E+30
   5.6000000000000000E+09   0.0000000000000000E+00   1.0000000000000000E+30
   5.7000000000000000E+09   0.0000000000000000E+00   1.0000000000000000E+30
   5.8000000000000000E+09   0.0000000000000000E+00   1.0000000000000000E+30
   5.9000000000000000E+09   0.0000000000000000E+00   1.0000000000000000E+30
   6.0000000000000000E+09   0.0000000000000000E+00   1.0000000000000000E+30
   6.1000000000000000E+09   0.0000000000000000E+00   1.0000000000000000E+30
   6.2000000000000000E+09   0.0000000000000000E+00   1.0000000000000000E+30
   6.3000000000000000E+09   0.0000000000000000E+00   1.0000000000000000E+30
   6.4000000000000000E+09   0.0000000000000000E+00   1.0000000000000000E+30
   6.5000000000000000E+09   0.0000000000000000E+00   1.0000000000000000E+30
   6.6000000000000000E+09   0.0000000000000000E+00   1.0000000000000000E+30
   6.7000000000000000E+09   0.0000000000000000E+00   1.0000000000000000E+30
   6.8000000000000000E+09   0.0000000000000000E+00   1.0000000000000000E+30
   6.9000000000000000E+09   0.0000000000000000E+00   1.0000000000000000E+30
   7.0000000000000000E+09   0.0000000000000000E+00   1.0000000000000000E+30
   7.1000000000000000E+09   0.0000000000000000E+00   1.0000000000000000E+30
   7.2000000000000000E+09   0.0000000000000000E+00   1.0000000000000000E+30
   7.3000000000000000E+09   0.0000000000000000E+00   1.0000000000000000E+30
   7.4000000000000000E+09   0.0000000000000000E+00   1.0000000000000000E+30
   7.5000000000000000E+09   0.0000000000000000E+00   1.0000000000000000E+30
   7.6000000000000000E+09   0.0000000000000000E+00   1.0000000000000000E+30
   7.7000000000000000E+09   0.0000000000000000E+00   1.0000000000000000E+30
   7.8000000000000000E+09   0.0000000000000000E+00   1.0000000000000000E+30
   7.9000000000000000E+09   0.0000000000000000E+00   1.0000000000000000E+30
   8.0000000000000000E+09   0.0000000000000000E+00   1.0000000000000000E+30
   8.1000000000000000E+09   0.0000000000000000E+00   1.0000000000000000E+30
   8.2000000000000000E+09   0.0000000000000000E+00   1.0000000000000000E+30
   8.3000000000000000E+09   0.0000000000000000E+00   1.0000000000000000E+30
   8.4000000000000000E+09   0.0000000000000000E+00   1.0000000000000000E+30
   8.5000000000000000E+09   0.0000000000000000E+00   1.0000000000000000E+30
   8.6000000000000000E+09   0.0000000000000000E+00   1.0000000000000000E+30
   8.7000000000000000E+09   0.0000000000000000E+00   1.0000000000000000E+30
   8.8000000000000000E+09   0.0000000000000000E+00   1.0000000000000000E+30
   8.9000000000000000E+09   0.0000000000000000E+00   1.0000000000000000E+30
   9.0000000000000000E+09   0.0000000000000000E+00   1.0000000000000000E+30
   9.1000000000000000E+09   0.0000000000000000E+00   1.0000000000000000E+30
   9.2000000000000000E+09   0.0000000000000000E+00   1.0000000000000000E+30
   9.3000000000000000E+09   0.0000000000000000E+00   1.0000000000000000E+30
   9.4000000000000000E+09   0.0000000000000000E+00   1.0000000000000000E+30
   9.5000000000000000E+09   0.0000000000000000E+00   1.0000000000000000E+30
   9.6000000000000000E+09   0.0000000000000000E+00   1.0000000000000000E+30
   9.7000000000000000E+09   0.0000000000000000E+00   1.0000000000000000E+30
   9.8000000000000000E+09   0.0000000000000000E+00   1.0000000000000000E+30
   9.9000000000000000E+09   0.0000000000000000E+00   1.0000000000000000E+30
   1.0000000000000000E+10   0.0000000000000000E+00   1.0000000000000000E+30
   1.1000000000000000E+10   0.0000000000000000E+00   1.0000000000000000E+30
   1.2000000000000000E+10   0.0000000000000000E+00   1.0000000000000000E+30
   1.3000000000000000E+10   0.0000000000000000E+00   1.0000000000000000E+30
   1.4000000000000000E+10   0.0000000000000000E+00   1.0000000000000000E+30
   1.5000000000000000E+10   0.0000000000000000E+00   1.0000000000000000E+30
   1.6000000000000000E+10   0.0000000000000000E+00   1.0000000000000000E+30
   1.7000000000000000E+10   0.0000000000000000E+00   1.0000000000000000E+30
   1.8000000000000000E+10   0.0000000000000000E+00   1.0000000000000000E+30
   1.9000000000000000E+10   0.0000000000000000E+00   1.0000000000000000E+30
   2.0000000000000000E+10   0.0000000000000000E+00   1.0000000000000000E+30
   2.1000000000000000E+10   0.0000000000000000E+00   1.0000000000000000E+30
   2.2000000000000000E+10   0.0000000000000000E+00   1.0000000000000000E+30
   2.3000000000000000E+10   0.0000000000000000E+00   1.0000000000000000E+30
   2.4000000000000000E+10   0.0000000000000000E+00   1.0000000000000000E+30
   2.5000000000000000E+10   0.0000000000000000E+00   1.0000000000000000E+30
   2.6000000000000000E+10   0.0000000000000000E+00   1.0000000000000000E+30
   2.7000000000000000E+10   0.0000000000000000E+00   1.0000000000000000E+30
   2.8000000000000000E+10   0.0000000000000000E+00   1.0000000000000000E+30
   2.9000000000000000E+10   0.0000000000000000E+00   1.0000000000000000E+30
   3.0000000000000000E+10   0.0000000000000000E+00   1.0000000000000000E+30
   3.1000000000000000E+10   0.0000000000000000E+00   1.0000000000000000E+30
   3.2000000000000000E+10   0.0000000000000000E+00   1.0000000000000000E+30
   3.3000000000000000E+10   0.0000000000000000E+00   1.0000000000000000E+30
   3.4000000000000000E+10   0.0000000000000000E+00   1.0000000000000000E+30
   3.5000000000000000E+10   0.0000000000000000E+00   1.0000000000000000E+30
   3.6000000000000000E+10   0.0000000000000000E+00   1.0000000000000000E+30
   3.7000000000000000E+10   0.0000000000000000E+00   1.0000000000000000E+30
   3.8000000000000000E+10   0.0000000000000000E+00   1.0000000000000000E+30
   3.9000000000000000E+10   0.0000000000000000E+00   1.0000000000000000E+30
   4.0000000000000000E+10   0.0000000000000000E+00   1.0000000000000000E+30
   4.1000000000000000E+10   0.0000000000000000E+00   1.0000000000000000E+30
   4.2000000000000000E+10   0.0000000000000000E+00   1.0000000000000000E+30
   4.3000000000000000E+10   0.0000000000000000E+00   1.0000000000000000E+30
   4.4000000000000000E+10   0.0000000000000000E+00   1.0000000000000000E+30
   4.5000000000000000E+10   0.0000000000000000E+00   1.0000000000000000E+30
   4.6000000000000000E+10   0.0000000000000000E+00   1.0000000000000000E+30
   4.7000000000000000E+10   0.0000000000000000E+00   1.0000000000000000E+30
   4.8000000000000000E+10   0.0000000000000000E+00   1.0000000000000000E+30
   4.9000000000000000E+10   0.0000000000000000E+00   1.0000000000000000E+30
   5.0000000000000000E+10   0.0000000000000000E+00   1.0000000000000000E+30
   5.1000000000000000E+10   0.0000000000000000E+00   1.0000000000000000E+30
   5.2000000000000000E+10   0.0000000000000000E+00   1.0000000000000000E+30
   5.3000000000000000E+10   0.0000000000000000E+00   1.0000000000000000E+30
   5.4000000000000000E+10   0.0000000000000000E+00   1.0000000000000000E+30
   5.5000000000000000E+10   0.0000000000000000E+00   1.0000000000000000E+30
   5.6000000000000000E+10   0.0000000000000000E+00   1.0000000000000000E+30
   5.7000000000000000E+10   0.0000000000000000E+00   1.0000000000000000E+30
   5.8000000000000000E+10   0.0000000000000000E+00   1.0000000000000000E+30
   5.9000000000000000E+10   0.0000000000000000E+00   1.0000000000000000E+30
   6.0000000000000000E+10   0.0000000000000000E+00   1.0000000000000000E+30
   6.1000000000000000E+10   0.0000000000000000E+00   1.0000000000000000E+30
   6.2000000000000000E+10   0.0000000000000000E+00   1.0000000000000000E+30
   6.3000000000000000E+10   0.0000000000000000E+00   1.0000000000000000E+30
   6.4000000000000000E+10   0.0000000000000000E+00   1.0000000000000000E+30
   6.5000000000000000E+10   0.0000000000000000E+00   1.0000000000000000E+30
   6.6000000000000000E+10   0.0000000000000000E+00   1.0000000000000000E+30
   6.7000000000000000E+10   0.0000000000000000E+00   1.0000000000000000E+30
   6.8000000000000000E+10   0.0000000000000000E+00   1.0000000000000000E+30
   6.9000000000000000E+10   0.0000000000000000E+00   1.0000000000000000E+30
   7.0000000000000000E+10   0.0000000000000000E+00   1.0000000000000000E+30
   7.1000000000000000E+10   0.0000000000000000E+00   1.0000000000000000E+30
   7.2000000000000000E+10   0.0000000000000000E+00   1.0000000000000000E+30
   7.3000000000000000E+10   0.0000000000000000E+00   1.0000000000000000E+30
   7.4000000000000000E+10   0.0000000000000000E+00   1.0000000000000000E+30
   7.5000000000000000E+10   0.0000000000000000E+00   1.0000000000000000E+30
   7.6000000000000000E+10   0.0000000000000000E+00   1.0000000000000000E+30
   7.7000000000000000E+10   0.0000000000000000E+00   1.0000000000000000E+30
   7.8000000000000000E+10   0.0000000000000000E+00   1.0000000000000000E+30
   7.9000000000000000E+10   0.0000000000000000E+00   1.0000000000000000E+30
   8.0000000000000000E+10   0.0000000000000000E+00   1.0000000000000000E+30
   8.1000000000000000E+10   0.0000000000000000E+00   1.0000000000000000E+30
   8.2000000000000000E+10   0.0000000000000000E+00   1.0000000000000000E+30
   8.3000000000000000E+10   0.0000000000000000E+00   1.0000000000000000E+30
   8.4000000000000000E+10   0.0000000000000000E+00   1.0000000000000000E+30
   8.5000000000000000E+10   0.0000000000000000E+00   1.0000000000000000E+30
   8.6000000000000000E+10   0.0000000000000000E+00   1.0000000000000000E+30
   8.7000000000000000E+10   0.0000000000000000E+00   1.0000000000000000E+30
   8.8000000000000000E+10   0.0000000000000000E+00   1.0000000000000000E+30
   8.9000000000000000E+10   0.0000000000000000E+00   1.0000000000000000E+30
   9.0000000000000000E+10   0.0000000000000000E+00   1.0000000000000000E+30
   9.1000000000000000E+10   0.0000000000000000E+00   1.0000000000000000E+30
   9.2000000000000000E+10   0.0000000000000000E+00   1.0000000000000000E+30
   9.3000000000000000E+10   0.0000000000000000E+00   1.0000000000000000E+30
   9.4000000000000000E+10   0.0000000000000000E+00   1.0000000000000000E+30
   9.5000000000000000E+10   0.0000000000000000E+00   1.0000000000000000E+30
   9.6000000000000000E+10   0.0000000000000000E+00   1.0000000000000000E+30
   9.7000000000000000E+10   0.0000000000000000E+00   1.0000000000000000E+30
   9.8000000000000000E+10   0.0000000000000000E+00   1.0000000000000000E+30
   9.9000000000000000E+10   0.0000000000000000E+00   1.0000000000000000E+30
   1.0000000000000000E+11   0.0000000000000000E+00   1.0000000000000000E+30
