   1.0000000000000000E+00   0.0000000000000000E+00   1.0000000000000000E+30   0.0000000000000000E+00
   2.0000000000000000E+00   0.0000000000000000E+00   1.0000000000000000E+30   0.0000000000000000E+00
   3.0000000000000000E+00   0.0000000000000000E+00   1.0000000000000000E+30   0.0000000000000000E+00
   4.0000000000000000E+00   0.0000000000000000E+00   1.0000000000000000E+30   0.0000000000000000E+00
   5.0000000000000000E+00   0.0000000000000000E+00   1.0000000000000000E+30   0.0000000000000000E+00
   6.0000000000000000E+00   0.0000000000000000E+00   1.0000000000000000E+30   0.0000000000000000E+00
   7.0000000000000000E+00   0.0000000000000000E+00   1.0000000000000000E+30   0.0000000000000000E+00
   7.4189999999999996E+00   0.0000000000000000E+00   1.0000000000000000E+30   0.0000000000000000E+00
   7.4210000000000003E+00   0.0000000000000000E+00   1.0000000000000000E+30   0.0000000000000000E+00
   8.0000000000000000E+00   0.0000000000000000E+00   1.0000000000000000E+30   0.0000000000000000E+00
   9.0000000000000000E+00   0.0000000000000000E+00   1.0000000000000000E+30   0.0000000000000000E+00
   1.0000000000000000E+01   0.0000000000000000E+00   1.0000000000000000E+30   0.0000000000000000E+00
   1.1000000000000000E+01   0.0000000000000000E+00   1.0000000000000000E+30   0.0000000000000000E+00
   1.2000000000000000E+01   0.0000000000000000E+00   1.0000000000000000E+30   0.0000000000000000E+00
   1.3000000000000000E+01   0.0000000000000000E+00   1.0000000000000000E+30   0.0000000000000000E+00
   1.4000000000000000E+01   0.0000000000000000E+00   1.0000000000000000E+30   0.0000000000000000E+00
   1.5000000000000000E+01   0.0000000000000000E+00   1.0000000000000000E+30   0.0000000000000000E+00
   1.5049000000000001E+01   0.0000000000000000E+00   1.0000000000000000E+30   0.0000000000000000E+00
   1.5051000000000000E+01   0.0000000000000000E+00   1.0000000000000000E+30   0.0000000000000000E+00
   1.6000000000000000E+01   0.0000000000000000E+00   1.0000000000000000E+30   0.0000000000000000E+00
   1.7000000000000000E+01   0.0000000000000000E+00   1.0000000000000000E+30   0.0000000000000000E+00
   1.8000000000000000E+01   0.0000000000000000E+00   1.0000000000000000E+30   0.0000000000000000E+00
   1.9000000000000000E+01   0.0000000000000000E+00   1.0000000000000000E+30   0.0000000000000000E+00
   2.0000000000000000E+01   0.0000000000000000E+00   1.0000000000000000E+30   0.0000000000000000E+00
   2.1000000000000000E+01   0.0000000000000000E+00   1.0000000000000000E+30   0.0000000000000000E+00
   2.2000000000000000E+01   0.0000000000000000E+00   1.0000000000000000E+30   0.0000000000000000E+00
   2.3000000000000000E+01   0.0000000000000000E+00   1.0000000000000000E+30   0.0000000000000000E+00
   2.4000000000000000E+01   0.0000000000000000E+00   1.0000000000000000E+30   0.0000000000000000E+00
   2.4998999999999999E+01   0.0000000000000000E+00   1.0000000000000000E+30   0.0000000000000000E+00
   2.5001000000000001E+01   0.0000000000000000E+00   1.0000000000000000E+30   0.0000000000000000E+00
   2.6000000000000000E+01   0.0000000000000000E+00   1.0000000000000000E+30   0.0000000000000000E+00
   2.6998999999999999E+01   0.0000000000000000E+00   1.0000000000000000E+30   0.0000000000000000E+00
   2.7001000000000001E+01   0.0000000000000000E+00   1.0000000000000000E+30   0.0000000000000000E+00
   2.8000000000000000E+01   0.0000000000000000E+00   1.0000000000000000E+30   0.0000000000000000E+00
   2.9000000000000000E+01   0.0000000000000000E+00   1.0000000000000000E+30   0.0000000000000000E+00
   3.0000000000000000E+01   0.0000000000000000E+00   1.0000000000000000E+30   0.0000000000000000E+00
   3.1000000000000000E+01   0.0000000000000000E+00   1.0000000000000000E+30   0.0000000000000000E+00
   3.2000000000000000E+01   0.0000000000000000E+00   1.0000000000000000E+30   0.0000000000000000E+00
   3.3000000000000000E+01   0.0000000000000000E+00   1.0000000000000000E+30   0.0000000000000000E+00
   3.4000000000000000E+01   0.0000000000000000E+00   1.0000000000000000E+30   0.0000000000000000E+00
   3.5000000000000000E+01   0.0000000000000000E+00   1.0000000000000000E+30   0.0000000000000000E+00
   3.6000000000000000E+01   0.0000000000000000E+00   1.0000000000000000E+30   0.0000000000000000E+00
   3.7000000000000000E+01   0.0000000000000000E+00   1.0000000000000000E+30   0.0000000000000000E+00
   3.8000000000000000E+01   0.0000000000000000E+00   1.0000000000000000E+30   0.0000000000000000E+00
   3.9000000000000000E+01   0.0000000000000000E+00   1.0000000000000000E+30   0.0000000000000000E+00
   4.0000000000000000E+01   0.0000000000000000E+00   1.0000000000000000E+30   0.0000000000000000E+00
   4.1000000000000000E+01   0.0000000000000000E+00   1.0000000000000000E+30   0.0000000000000000E+00
   4.2000000000000000E+01   0.0000000000000000E+00   1.0000000000000000E+30   0.0000000000000000E+00
   4.3000000000000000E+01   0.0000000000000000E+00   1.0000000000000000E+30   0.0000000000000000E+00
   4.4000000000000000E+01   0.0000000000000000E+00   1.0000000000000000E+30   0.0000000000000000E+00
   4.5000000000000000E+01   0.0000000000000000E+00   1.0000000000000000E+30   0.0000000000000000E+00
   4.6000000000000000E+01   0.0000000000000000E+00   1.0000000000000000E+30   0.0000000000000000E+00
   4.7000000000000000E+01   0.0000000000000000E+00   1.0000000000000000E+30   0.0000000000000000E+00
   4.8000000000000000E+01   0.0000000000000000E+00   1.0000000000000000E+30   0.0000000000000000E+00
   4.9000000000000000E+01   0.0000000000000000E+00   1.0000000000000000E+30   0.0000000000000000E+00
   5.0000000000000000E+01   0.0000000000000000E+00   1.0000000000000000E+30   0.0000000000000000E+00
   5.1000000000000000E+01   0.0000000000000000E+00   1.0000000000000000E+30   0.0000000000000000E+00
   5.2000000000000000E+01   0.0000000000000000E+00   1.0000000000000000E+30   0.0000000000000000E+00
   5.3000000000000000E+01   0.0000000000000000E+00   1.0000000000000000E+30   0.0000000000000000E+00
   5.4000000000000000E+01   0.0000000000000000E+00   1.0000000000000000E+30   0.0000000000000000E+00
   5.5000000000000000E+01   0.0000000000000000E+00   1.0000000000000000E+30   0.0000000000000000E+00
   5.6000000000000000E+01   0.0000000000000000E+00   1.0000000000000000E+30   0.0000000000000000E+00
   5.7000000000000000E+01   0.0000000000000000E+00   1.0000000000000000E+30   0.0000000000000000E+00
   5.8000000000000000E+01   0.0000000000000000E+00   1.0000000000000000E+30   0.0000000000000000E+00
   5.9000000000000000E+01   0.0000000000000000E+00   1.0000000000000000E+30   0.0000000000000000E+00
   6.0000000000000000E+01   0.0000000000000000E+00   1.0000000000000000E+30   0.0000000000000000E+00
   6.1000000000000000E+01   0.0000000000000000E+00   1.0000000000000000E+30   0.0000000000000000E+00
   6.2000000000000000E+01   0.0000000000000000E+00   1.0000000000000000E+30   0.0000000000000000E+00
   6.3000000000000000E+01   0.0000000000000000E+00   1.0000000000000000E+30   0.0000000000000000E+00
   6.4000000000000000E+01   0.0000000000000000E+00   1.0000000000000000E+30   0.0000000000000000E+00
   6.5000000000000000E+01   0.0000000000000000E+00   1.0000000000000000E+30   0.0000000000000000E+00
   6.6000000000000000E+01   0.0000000000000000E+00   1.0000000000000000E+30   0.0000000000000000E+00
   6.7000000000000000E+01   0.0000000000000000E+00   1.0000000000000000E+30   0.0000000000000000E+00
   6.8000000000000000E+01   0.0000000000000000E+00   1.0000000000000000E+30   0.0000000000000000E+00
   6.9000000000000000E+01   0.0000000000000000E+00   1.0000000000000000E+30   0.0000000000000000E+00
   7.0000000000000000E+01   0.0000000000000000E+00   1.0000000000000000E+30   0.0000000000000000E+00
   7.1000000000000000E+01   0.0000000000000000E+00   1.0000000000000000E+30   0.0000000000000000E+00
   7.2000000000000000E+01   0.0000000000000000E+00   1.0000000000000000E+30   0.0000000000000000E+00
   7.3000000000000000E+01   0.0000000000000000E+00   1.0000000000000000E+30   0.0000000000000000E+00
   7.4000000000000000E+01   0.0000000000000000E+00   1.0000000000000000E+30   0.0000000000000000E+00
   7.5000000000000000E+01   0.0000000000000000E+00   1.0000000000000000E+30   0.0000000000000000E+00
   7.6000000000000000E+01   0.0000000000000000E+00   1.0000000000000000E+30   0.0000000000000000E+00
   7.7000000000000000E+01   0.0000000000000000E+00   1.0000000000000000E+30   0.0000000000000000E+00
   7.8000000000000000E+01   0.0000000000000000E+00   1.0000000000000000E+30   0.0000000000000000E+00
   7.9000000000000000E+01   0.0000000000000000E+00   1.0000000000000000E+30   0.0000000000000000E+00
   8.0000000000000000E+01   0.0000000000000000E+00   1.0000000000000000E+30   0.0000000000000000E+00
   8.1000000000000000E+01   0.0000000000000000E+00   1.0000000000000000E+30   0.0000000000000000E+00
   8.2000000000000000E+01   0.0000000000000000E+00   1.0000000000000000E+30   0.0000000000000000E+00
   8.3000000000000000E+01   0.0000000000000000E+00   1.0000000000000000E+30   0.0000000000000000E+00
   8.4000000000000000E+01   0.0000000000000000E+00   1.0000000000000000E+30   0.0000000000000000E+00
   8.5000000000000000E+01   0.0000000000000000E+00   1.0000000000000000E+30   0.0000000000000000E+00
   8.6000000000000000E+01   0.0000000000000000E+00   1.0000000000000000E+30   0.0000000000000000E+00
   8.7000000000000000E+01   0.0000000000000000E+00   1.0000000000000000E+30   0.0000000000000000E+00
   8.8000000000000000E+01   0.0000000000000000E+00   1.0000000000000000E+30   0.0000000000000000E+00
   8.9000000000000000E+01   0.0000000000000000E+00   1.0000000000000000E+30   0.0000000000000000E+00
   8.9998999999999995E+01   0.0000000000000000E+00   1.0000000000000000E+30   0.0000000000000000E+00
   9.0001000000000005E+01   0.0000000000000000E+00   1.0000000000000000E+30   0.0000000000000000E+00
   9.1000000000000000E+01   0.0000000000000000E+00   1.0000000000000000E+30   0.0000000000000000E+00
   9.2000000000000000E+01   0.0000000000000000E+00   1.0000000000000000E+30   0.0000000000000000E+00
   9.3000000000000000E+01   0.0000000000000000E+00   1.0000000000000000E+30   0.0000000000000000E+00
   9.4000000000000000E+01   0.0000000000000000E+00   1.0000000000000000E+30   0.0000000000000000E+00
   9.5000000000000000E+01   0.0000000000000000E+00   1.0000000000000000E+30   0.0000000000000000E+00
   9.6000000000000000E+01   0.0000000000000000E+00   1.0000000000000000E+30   0.0000000000000000E+00
   9.7000000000000000E+01   0.0000000000000000E+00   1.0000000000000000E+30   0.0000000000000000E+00
   9.8000000000000000E+01   0.0000000000000000E+00   1.0000000000000000E+30   0.0000000000000000E+00
   9.9000000000000000E+01   0.0000000000000000E+00   1.0000000000000000E+30   0.0000000000000000E+00
   1.0000000000000000E+02   0.0000000000000000E+00   1.0000000000000000E+30   0.0000000000000000E+00
   1.1000000000000000E+02   0.0000000000000000E+00   1.0000000000000000E+30   0.0000000000000000E+00
   1.1099900000000000E+02   0.0000000000000000E+00   1.0000000000000000E+30   0.0000000000000000E+00
   1.1100100000000000E+02   0.0000000000000000E+00   1.0000000000000000E+30   0.0000000000000000E+00
   1.2000000000000000E+02   0.0000000000000000E+00   1.0000000000000000E+30   0.0000000000000000E+00
   1.3000000000000000E+02   0.0000000000000000E+00   1.0000000000000000E+30   0.0000000000000000E+00
   1.4000000000000000E+02   0.0000000000000000E+00   1.0000000000000000E+30   0.0000000000000000E+00
   1.4399900000000000E+02   0.0000000000000000E+00   1.0000000000000000E+30   0.0000000000000000E+00
   1.4400100000000000E+02   0.0000000000000000E+00   1.0000000000000000E+30   0.0000000000000000E+00
   1.4799900000000000E+02   0.0000000000000000E+00   1.0000000000000000E+30   0.0000000000000000E+00
   1.4800100000000000E+02   0.0000000000000000E+00   1.0000000000000000E+30   0.0000000000000000E+00
   1.5000000000000000E+02   0.0000000000000000E+00   1.0000000000000000E+30   0.0000000000000000E+00
   1.5299900000000000E+02   0.0000000000000000E+00   1.0000000000000000E+30   0.0000000000000000E+00
   1.5300100000000000E+02   0.0000000000000000E+00   1.0000000000000000E+30   0.0000000000000000E+00
   1.6000000000000000E+02   0.0000000000000000E+00   1.0000000000000000E+30   0.0000000000000000E+00
   1.7000000000000000E+02   0.0000000000000000E+00   1.0000000000000000E+30   0.0000000000000000E+00
   1.8000000000000000E+02   0.0000000000000000E+00   1.0000000000000000E+30   0.0000000000000000E+00
   1.9000000000000000E+02   0.0000000000000000E+00   1.0000000000000000E+30   0.0000000000000000E+00
   2.0000000000000000E+02   0.0000000000000000E+00   1.0000000000000000E+30   0.0000000000000000E+00
   2.1000000000000000E+02   0.0000000000000000E+00   1.0000000000000000E+30   0.0000000000000000E+00
   2.2000000000000000E+02   0.0000000000000000E+00   1.0000000000000000E+30   0.0000000000000000E+00
   2.3000000000000000E+02   0.0000000000000000E+00   1.0000000000000000E+30   0.0000000000000000E+00
   2.4000000000000000E+02   0.0000000000000000E+00   1.0000000000000000E+30   0.0000000000000000E+00
   2.5000000000000000E+02   0.0000000000000000E+00   1.0000000000000000E+30   0.0000000000000000E+00
   2.6000000000000000E+02   0.0000000000000000E+00   1.0000000000000000E+30   0.0000000000000000E+00
   2.7000000000000000E+02   0.0000000000000000E+00   1.0000000000000000E+30   0.0000000000000000E+00
   2.8000000000000000E+02   0.0000000000000000E+00   1.0000000000000000E+30   0.0000000000000000E+00
   2.9000000000000000E+02   0.0000000000000000E+00   1.0000000000000000E+30   0.0000000000000000E+00
   3.0000000000000000E+02   0.0000000000000000E+00   1.0000000000000000E+30   0.0000000000000000E+00
   3.1000000000000000E+02   0.0000000000000000E+00   1.0000000000000000E+30   0.0000000000000000E+00
   3.2000000000000000E+02   0.0000000000000000E+00   1.0000000000000000E+30   0.0000000000000000E+00
   3.3000000000000000E+02   0.0000000000000000E+00   1.0000000000000000E+30   0.0000000000000000E+00
   3.4000000000000000E+02   0.0000000000000000E+00   1.0000000000000000E+30   0.0000000000000000E+00
   3.5000000000000000E+02   0.0000000000000000E+00   1.0000000000000000E+30   0.0000000000000000E+00
   3.6000000000000000E+02   0.0000000000000000E+00   1.0000000000000000E+30   0.0000000000000000E+00
   3.7000000000000000E+02   0.0000000000000000E+00   1.0000000000000000E+30   0.0000000000000000E+00
   3.8000000000000000E+02   0.0000000000000000E+00   1.0000000000000000E+30   0.0000000000000000E+00
   3.9000000000000000E+02   0.0000000000000000E+00   1.0000000000000000E+30   0.0000000000000000E+00
   4.0000000000000000E+02   0.0000000000000000E+00   1.0000000000000000E+30   0.0000000000000000E+00
   4.1000000000000000E+02   0.0000000000000000E+00   1.0000000000000000E+30   0.0000000000000000E+00
   4.1899900000000002E+02   0.0000000000000000E+00   1.0000000000000000E+30   0.0000000000000000E+00
   4.1900099999999998E+02   0.0000000000000000E+00   1.0000000000000000E+30   0.0000000000000000E+00
   4.2000000000000000E+02   0.0000000000000000E+00   1.0000000000000000E+30   0.0000000000000000E+00
   4.3000000000000000E+02   0.0000000000000000E+00   1.0000000000000000E+30   0.0000000000000000E+00
   4.4000000000000000E+02   0.0000000000000000E+00   1.0000000000000000E+30   0.0000000000000000E+00
   4.4099900000000002E+02   0.0000000000000000E+00   1.0000000000000000E+30   0.0000000000000000E+00
   4.4100099999999998E+02   0.0000000000000000E+00   1.0000000000000000E+30   0.0000000000000000E+00
   4.5000000000000000E+02   0.0000000000000000E+00   1.0000000000000000E+30   0.0000000000000000E+00
   4.6000000000000000E+02   4.3326198061281585E-06   2.3080723551731376E+05   1.9106853345025176E-03
   4.7000000000000000E+02   9.6348324322393143E-06   1.0379007699748667E+05   4.2945282388632431E-03
   4.8000000000000000E+02   1.5622619572141097E-05   6.4009751718158826E+04   7.0315975879573726E-03
   4.9000000000000000E+02   2.2163518274748457E-05   4.5119190356132640E+04   1.0065897839102240E-02
   5.0000000000000000E+02   2.7010068882945376E-05   3.7023230275114824E+04   1.2305302599814971E-02
   5.1000000000000000E+02   3.4947073955832028E-05   2.8614698937709447E+04   1.6073499040227954E-02
   5.2000000000000000E+02   4.3220451142513100E-05   2.3137194859504052E+04   2.0060006436084247E-02
   5.3000000000000000E+02   5.1769002687235856E-05   1.9316578417427379E+04   2.4236352955933578E-02
   5.4000000000000000E+02   6.0556538843244094E-05   1.6513493325445626E+04   2.8586339528425930E-02
   5.5000000000000000E+02   6.9531635048242341E-05   1.4381942827982999E+04   3.3083767078977158E-02
   5.6000000000000000E+02   7.6952451814408713E-05   1.2995037538397944E+04   3.6773912806534574E-02
   5.7000000000000000E+02   8.6735614189172789E-05   1.1529289431432080E+04   4.1792249933147410E-02
   5.8000000000000000E+02   9.6636260560450590E-05   1.0348082533413557E+04   4.6934670971520244E-02
   5.9000000000000000E+02   1.0666730413636757E-04   9.3749439727244044E+03   5.2208394171407470E-02
   6.0000000000000000E+02   1.1682771589180298E-04   8.5596126943552063E+03   5.7612231111605169E-02
   6.1000000000000000E+02   1.2703914769599464E-04   7.8715893339666100E+03   6.3104014206874143E-02
   6.2000000000000000E+02   1.3587411996194586E-04   7.3597532795801681E+03   6.7811668014019208E-02
   6.3000000000000000E+02   1.4660416431458559E-04   6.8210886414807701E+03   7.3716089826588505E-02
   6.4000000000000000E+02   1.5741892328732587E-04   6.3524764311516055E+03   7.9735385327774841E-02
   6.5000000000000000E+02   1.6827672094302929E-04   5.9425926200365757E+03   8.5845866587185307E-02
   6.5099900000000002E+02   1.6921920200742397E-04   5.9094948335480758E+03   8.6368617830092309E-02
   6.5100099999999998E+02   1.6922081529167500E-04   5.9094384947641620E+03   8.6369501039969335E-02
   6.6000000000000000E+02   1.7916805793098629E-04   5.5813520085437885E+03   9.2041174635456441E-02
   6.7000000000000000E+02   1.9009742258565234E-04   5.2604605911972812E+03   9.8323813389720641E-02
   6.8000000000000000E+02   1.9980077340591728E-04   5.0049856312036891E+03   1.0384847865285811E-01
   6.9000000000000000E+02   2.1108094169536540E-04   4.7375191335047784E+03   1.1047820828030507E-01
   7.0000000000000000E+02   2.2238633675075218E-04   4.4966791333083902E+03   1.1719399487664618E-01
   7.1000000000000000E+02   2.3370993184979719E-04   4.2788083162964986E+03   1.2399176846397217E-01
   7.2000000000000000E+02   2.4504473347413753E-04   4.0808875417252830E+03   1.3086587105673098E-01
   7.3000000000000000E+02   2.5637348445524275E-04   3.9005593816570313E+03   1.3780401852299728E-01
   7.4000000000000000E+02   2.6663517869524570E-04   3.7504428518900118E+03   1.4403271164545867E-01
   7.5000000000000000E+02   2.7823230497352848E-04   3.5941189506917322E+03   1.5129230326641552E-01
   7.6000000000000000E+02   2.8981283980503294E-04   3.4505027474722465E+03   1.5861459193793115E-01
   7.6899900000000002E+02   3.0033040746059274E-04   3.3296661781781559E+03   1.6534013664476113E-01
   7.6900099999999998E+02   3.0033233165271717E-04   3.3296448454185370E+03   1.6534133439294546E-01
   7.7000000000000000E+02   3.0138720146032349E-04   3.3179909271351275E+03   1.6600628850568500E-01
   7.8000000000000000E+02   3.1296014314056124E-04   3.1952950620643905E+03   1.7346944601415895E-01
   7.9000000000000000E+02   3.2450061385416219E-04   3.0816582690639298E+03   1.8098316535902034E-01
   8.0000000000000000E+02   3.3509573664686974E-04   2.9842217928717464E+03   1.8782481682276045E-01
   8.1000000000000000E+02   3.4682978477112118E-04   2.8832587162602458E+03   1.9562840062838013E-01
   8.2000000000000000E+02   3.5853461524917797E-04   2.7891309722075516E+03   2.0348770092323165E-01
   8.3000000000000000E+02   3.7022104390787338E-04   2.7010890289878885E+03   2.1141155349511276E-01
   8.4000000000000000E+02   3.8187380571047129E-04   2.6186661275169504E+03   2.1938709954706739E-01
   8.5000000000000000E+02   3.9349037141524180E-04   2.5413582457008129E+03   2.2741113791556580E-01
   8.6000000000000000E+02   4.0427153116049156E-04   2.4735850113645788E+03   2.3480546575835157E-01
   8.7000000000000000E+02   4.1600169000306189E-04   2.4038363882431340E+03   2.4307682216706303E-01
   8.8000000000000000E+02   4.2770092086038180E-04   2.3380824104571871E+03   2.5140606350143385E-01
   8.9000000000000000E+02   4.3935407019656675E-04   2.2760685921325385E+03   2.5977828601084973E-01
   8.9899900000000002E+02   4.4986329055798137E-04   2.2228975357372788E+03   2.6740611415099691E-01
   8.9900099999999998E+02   4.4986534217933031E-04   2.2228873981614015E+03   2.6740757224705747E-01
   9.0000000000000000E+02   4.5097773144018596E-04   2.2174043867011469E+03   2.6820922091752181E-01
   9.1000000000000000E+02   4.6253257777052726E-04   2.1620098735966712E+03   2.7666353728502968E-01
   9.2000000000000000E+02   4.7332377316846013E-04   2.1127187280409244E+03   2.8450969337405974E-01
   9.3000000000000000E+02   4.8493844970771478E-04   2.0621173689212033E+03   2.9318143567978083E-01
   9.4000000000000000E+02   4.9650582105834941E-04   2.0140750774450239E+03   3.0189862868330136E-01
   9.5000000000000000E+02   5.0800549510528117E-04   1.9684826436626558E+03   3.1064271597636584E-01
   9.6000000000000000E+02   5.1945093372824866E-04   1.9251096399475362E+03   3.1942535965474639E-01
   9.7000000000000000E+02   5.3081719810105579E-04   1.8838877179891645E+03   3.2822294331068552E-01
   9.8000000000000000E+02   5.4149006164733659E-04   1.8467559625337749E+03   3.3644016641855251E-01
   9.9000000000000000E+02   5.5285750544526054E-04   1.8087843434351496E+03   3.4541521160214983E-01
   1.0000000000000000E+03   5.6415532855899977E-04   1.7725614726608392E+03   3.5441626122827163E-01
   1.1000000000000000E+03   6.7185519576360244E-04   1.4884159656805841E+03   4.4432381835183776E-01
   1.2000000000000000E+03   7.7094833640709969E-04   1.2971037782640076E+03   5.3499310989841897E-01
   1.3000000000000000E+03   8.5743317384784443E-04   1.1662716471679867E+03   6.2154239073120232E-01
   1.4000000000000000E+03   9.2954206497691556E-04   1.0757985439043409E+03   7.0057834778075667E-01
   1.5000000000000000E+03   9.8790878292888797E-04   1.0122392039427618E+03   7.7121141940167715E-01
   1.6000000000000000E+03   1.0334538488368744E-03   9.6762908292951283E+02   8.3272794725369148E-01
   1.7000000000000000E+03   1.0670770905877719E-03   9.3713941459391276E+02   8.8421726203778794E-01
   1.8000000000000000E+03   1.0906860257726518E-03   9.1685414167802435E+02   9.2646814624390039E-01
   1.9000000000000000E+03   1.1063637832816940E-03   9.0386183560148925E+02   9.6102133982552485E-01
   2.0000000000000000E+03   1.1156972617131099E-03   8.9630048788014324E+02   9.8901521602331899E-01
   2.1000000000000000E+03   1.1193937666284699E-03   8.9334069012365967E+02   1.0102260455534759E+00
   2.2000000000000000E+03   1.1196939374789202E-03   8.9310120071881397E+02   1.0279249113923716E+00
   2.3000000000000000E+03   1.1163596616554975E-03   8.9576866161310181E+02   1.0405653596372655E+00
   2.4000000000000000E+03   1.1105494182333830E-03   9.0045520134597848E+02   1.0497677215709837E+00
   2.4899989999999998E+03   1.1034316579504586E-03   9.0626364831459068E+02   1.0549959738026298E+00
   2.4900010000000002E+03   1.1034314457463144E-03   9.0626382260081630E+02   1.0549959708350196E+00
   2.5000000000000000E+03   1.1023762329078006E-03   9.0713131338312985E+02   1.0549950147694258E+00
   2.5919989999999998E+03   1.0942477804059823E-03   9.1386979978975626E+02   1.0593861703109972E+00
   2.5920010000000002E+03   1.0942475564844605E-03   9.1386998679964722E+02   1.0593861558214199E+00
   2.6000000000000000E+03   1.0933769873537843E-03   9.1459762878330082E+02   1.0593903959463595E+00
   2.7000000000000000E+03   1.0826105410744345E-03   9.2369320458264917E+02   1.0600945321346424E+00
   2.8000000000000000E+03   1.0717707158733568E-03   9.3303538265190184E+02   1.0611397848613717E+00
   2.9000000000000000E+03   1.0597716357050705E-03   9.4359951362039988E+02   1.0592830400024089E+00
   3.0000000000000000E+03   1.0473425966860048E-03   9.5479741124269583E+02   1.0562234389098060E+00
   3.0719989999999998E+03   1.0385313384914225E-03   9.6289824190823822E+02   1.0543640038688189E+00
   3.0720010000000002E+03   1.0385310676766643E-03   9.6289849300044216E+02   1.0543638726482500E+00
   3.1000000000000000E+03   1.0346725297689810E-03   9.6648936859595335E+02   1.0522957063032621E+00
   3.2000000000000000E+03   1.0218930092964298E-03   9.7857602596625759E+02   1.0477323747055620E+00
   3.3000000000000000E+03   1.0090894786716170E-03   9.9099239575505010E+02   1.0426728610829179E+00
   3.4000000000000000E+03   9.9631094979351817E-04   1.0037027096884227E+03   1.0371742549392269E+00
   3.5000000000000000E+03   9.8357559308001477E-04   1.0166986727156916E+03   1.0312110224622493E+00
   3.5599989999999998E+03   9.7590510349330963E-04   1.0246897945511723E+03   1.0271994717261057E+00
   3.5600010000000002E+03   9.7590483162054845E-04   1.0246900800147082E+03   1.0271992770589109E+00
   3.6000000000000000E+03   9.7032799899146355E-04   1.0305793515588305E+03   1.0227343023773614E+00
   3.7000000000000000E+03   9.5802132925073809E-04   1.0438180961817345E+03   1.0167957497028299E+00
   3.8000000000000000E+03   9.4577813251145264E-04   1.0573304304938463E+03   1.0103212520526679E+00
   3.8569989999999998E+03   9.3878309576255663E-04   1.0652087841310331E+03   1.0061945811678159E+00
   3.8570010000000002E+03   9.3878284014813681E-04   1.0652090741690629E+03   1.0061943928833128E+00
   3.9000000000000000E+03   9.3316558571602832E-04   1.0716211734626809E+03   1.0015794278450814E+00
   4.0000000000000000E+03   9.2140620484787623E-04   1.0852976621370806E+03   9.9521038966469477E-01
   4.1000000000000000E+03   9.0924556573060910E-04   1.0998128972963061E+03   9.8632983710815414E-01
   4.2000000000000000E+03   8.9792296170982148E-04   1.1136812874189161E+03   9.7988487468075824E-01
   4.3000000000000000E+03   8.8631104404209612E-04   1.1282720741461326E+03   9.7128040718412167E-01
   4.4000000000000000E+03   8.7484380403089106E-04   1.1430611903432875E+03   9.6226728438736386E-01
   4.5000000000000000E+03   8.6430386242458386E-04   1.1570004988694084E+03   9.5628774611807166E-01
   4.6000000000000000E+03   8.5342880667950329E-04   1.1717439019790907E+03   9.4785246947484503E-01
   4.7000000000000000E+03   8.4274529041032306E-04   1.1865981470072784E+03   9.3925701216573565E-01
   4.8000000000000000E+03   8.3229260082912841E-04   1.2015005287849513E+03   9.3069723435242968E-01
   4.9000000000000000E+03   8.2269090899398940E-04   1.2155233381912892E+03   9.2517866572521013E-01
   5.0000000000000000E+03   8.1278636813315647E-04   1.2303355951907070E+03   9.1724092303405680E-01
   5.1000000000000000E+03   8.0308706434841957E-04   1.2451950036218611E+03   9.0930778315241834E-01
   5.2000000000000000E+03   7.9360154375210639E-04   1.2600781939914743E+03   9.0144745621583156E-01
   5.3000000000000000E+03   7.8433382702476531E-04   1.2749673232803527E+03   8.9370908386814474E-01
   5.4000000000000000E+03   7.7528231548347384E-04   1.2898527156219088E+03   8.8611543017274652E-01
   5.5000000000000000E+03   7.6644245729390857E-04   1.3047293902933263E+03   8.7867438829671696E-01
   5.6000000000000000E+03   7.5780880786814045E-04   1.3195940580490076E+03   8.7138930753267663E-01
   5.7000000000000000E+03   7.4937535103116837E-04   1.3344447460461074E+03   8.6425914128855663E-01
   5.8000000000000000E+03   7.4113622153657011E-04   1.3492796208593575E+03   8.5728294111176295E-01
   5.9000000000000000E+03   7.3308456613977748E-04   1.3640991042353085E+03   8.5045383624040760E-01
   6.0000000000000000E+03   7.2521489855170425E-04   1.3789016221220186E+03   8.4377023070338730E-01
   6.1000000000000000E+03   7.1752052954539595E-04   1.3936883459398389E+03   8.3722371906176163E-01
   6.2000000000000000E+03   7.0999525272542473E-04   1.4084601216153885E+03   8.3080645233572004E-01
   6.3000000000000000E+03   7.0263213570400176E-04   1.4232198460408458E+03   8.2450507619032098E-01
   6.4000000000000000E+03   6.9542184069337841E-04   1.4379761196498209E+03   8.1828902871416587E-01
   6.5000000000000000E+03   6.8834864113935697E-04   1.4527521959581366E+03   8.1208461477839389E-01
   6.6000000000000000E+03   6.8105841654874928E-04   1.4683028293923469E+03   8.0361561921807600E-01
   6.7000000000000000E+03   6.7432776450702264E-04   1.4829583662939715E+03   7.9791010586863431E-01
   6.8000000000000000E+03   6.6773536976056508E-04   1.4975992665456342E+03   7.9230802017178770E-01
   6.9000000000000000E+03   6.6127514228955808E-04   1.5122298360371783E+03   7.8679297416732308E-01
   7.0000000000000000E+03   6.5493547810159655E-04   1.5268679639994639E+03   7.8130969325274457E-01
   7.1000000000000000E+03   6.4835629510539899E-04   1.5423618272071174E+03   7.7336796188356227E-01
   7.2000000000000000E+03   6.4229909725289859E-04   1.5569070613316783E+03   7.6825882998035833E-01
   7.3000000000000000E+03   6.3634928037163035E-04   1.5714640227392047E+03   7.6317775922232289E-01
   7.4000000000000000E+03   6.3050038791895779E-04   1.5860418473343375E+03   7.5809544002971085E-01
   7.5000000000000000E+03   6.2471714641993401E-04   1.6007244330185256E+03   7.5276439804847761E-01
   7.6000000000000000E+03   6.1880274727304087E-04   1.6160238531694165E+03   7.4570947677905441E-01
   7.7000000000000000E+03   6.1329325674682464E-04   1.6305413258649492E+03   7.4094658647599465E-01
   7.8000000000000000E+03   6.0787060103894284E-04   1.6450869614204880E+03   7.3614715808440845E-01
   7.9000000000000000E+03   6.0225023282868648E-04   1.6604393746817461E+03   7.2911198164033175E-01
   8.0000000000000000E+03   5.9705116985226759E-04   1.6748983177563105E+03   7.2463495515411636E-01
   8.1000000000000000E+03   5.9193616806525642E-04   1.6893713443267043E+03   7.2015648797318521E-01
   8.2000000000000000E+03   5.8661995484170996E-04   1.7046811854019427E+03   7.1338872146671328E-01
   8.3000000000000000E+03   5.8170541581741215E-04   1.7190831867961908E+03   7.0917247147659868E-01
   8.4000000000000000E+03   5.7686716402534279E-04   1.7335013368104765E+03   7.0494440995244412E-01
   8.5000000000000000E+03   5.7184025203240656E-04   1.7487401358086445E+03   6.9850013454323023E-01
   8.6000000000000000E+03   5.6718661818591046E-04   1.7630881405460516E+03   6.9451899156389840E-01
   8.7000000000000000E+03   5.6259479900406476E-04   1.7774782165961246E+03   6.9045327058789641E-01
   8.8000000000000000E+03   5.5784385739041315E-04   1.7926163150347988E+03   6.8439076801456467E-01
   8.9000000000000000E+03   5.5342910172884641E-04   1.8069161828969955E+03   6.8061436461042057E-01
   9.0000000000000000E+03   5.4882787275859380E-04   1.8220648943605274E+03   6.7460050778981051E-01
   9.1000000000000000E+03   5.4456965850911156E-04   1.8363123695465097E+03   6.7100540749624138E-01
   9.2000000000000000E+03   5.4036856845716302E-04   1.8505887617689477E+03   6.6735661796419510E-01
   9.3000000000000000E+03   5.3601131111859278E-04   1.8656322716644122E+03   6.6170500212776617E-01
   9.4000000000000000E+03   5.3196059922393116E-04   1.8798384719824819E+03   6.5827480811356376E-01
   9.5000000000000000E+03   5.2774039262373188E-04   1.8948710653515957E+03   6.5271321351539169E-01
   9.6000000000000000E+03   5.2382642251296225E-04   1.9090293215884026E+03   6.4943974397741910E-01
   9.7000000000000000E+03   5.1974290299354714E-04   1.9240281959413608E+03   6.4402020942430416E-01
   9.8000000000000000E+03   5.1595782611275930E-04   1.9381429050781692E+03   6.4088567310521727E-01
   9.9000000000000000E+03   5.1221613334600472E-04   1.9523008646127414E+03   6.3765680688843940E-01
   1.0000000000000000E+04   5.0834278332586051E-04   1.9671765446485645E+03   6.3260855021961393E-01
   1.1000000000000000E+04   4.7366649163575346E-04   2.1111900834416501E+03   5.9498342843417595E-01
   1.2000000000000000E+04   4.4377692945356842E-04   2.2533843776676731E+03   5.6269826038852289E-01
   1.3000000000000000E+04   4.1759275260629634E-04   2.3946775746436228E+03   5.3301525789773219E-01
   1.3040999000000000E+04   4.1656902015222986E-04   2.4005625757637063E+03   5.3160243394411044E-01
   1.3041001000000000E+04   4.1656897030860189E-04   2.4005628629976495E+03   5.3160236484460455E-01
   1.4000000000000000E+04   3.9456893072455540E-04   2.5344114098484101E+03   5.0704094074107986E-01
   1.5000000000000000E+04   3.7415044315248965E-04   2.6727216773399296E+03   4.8410648416309965E-01
   1.5205999000000000E+04   3.7014671780767801E-04   2.7016314123298084E+03   4.7851531605967323E-01
   1.5206001000000000E+04   3.7014667935866038E-04   2.7016316929619998E+03   4.7851526207300388E-01
   1.5866999000000000E+04   3.5817970279104392E-04   2.7918946612767263E+03   4.6564398016288394E-01
   1.5867001000000000E+04   3.5817966705925557E-04   2.7918949397944602E+03   4.6564393023900758E-01
   1.6000000000000000E+04   3.5582062401247371E-04   2.8104048290493247E+03   4.6234506733269287E-01
   1.7000000000000000E+04   3.3934570363118767E-04   2.9468473868961482E+03   4.4285927859300439E-01
   1.8000000000000000E+04   3.2445106589876904E-04   3.0821288789108403E+03   4.2532251688615985E-01
   1.9000000000000000E+04   3.1091314541818082E-04   3.2163323253990811E+03   4.0945192925616253E-01
   2.0000000000000000E+04   2.9854891242184971E-04   3.3495348949287072E+03   3.9501129528323464E-01
   2.1000000000000000E+04   2.8715627697760551E-04   3.4824243109893337E+03   3.8074060895393969E-01
   2.2000000000000000E+04   2.7671825422297363E-04   3.6137840013771611E+03   3.6868386162606176E-01
   2.3000000000000000E+04   2.6702864516060066E-04   3.7449165777647718E+03   3.5659678200818462E-01
   2.4000000000000000E+04   2.5804848613227298E-04   3.8752407153724225E+03   3.4542916663675516E-01
   2.5000000000000000E+04   2.4970014201981756E-04   4.0048034891411266E+03   3.3508028100204268E-01
   2.6000000000000000E+04   2.4191747047674976E-04   4.1336411050813640E+03   3.2546228152742879E-01
   2.7000000000000000E+04   2.3464344268910641E-04   4.2617854074233046E+03   3.1649971860883125E-01
   2.8000000000000000E+04   2.2782835002360471E-04   4.3892693771270906E+03   3.0812650101438160E-01
   2.9000000000000000E+04   2.2142885805620483E-04   4.5161231863742541E+03   3.0028529000251691E-01
   3.0000000000000000E+04   2.1540682440037586E-04   4.6423784519533319E+03   2.9292509674441702E-01
   3.1000000000000000E+04   2.0970471983313582E-04   4.7686098853459771E+03   2.8526592036648379E-01
   3.2000000000000000E+04   2.0434313715861181E-04   4.8937293119063588E+03   2.7876600287110437E-01
   3.3000000000000000E+04   1.9926986057851217E-04   5.0183203676503845E+03   2.7262853168822310E-01
   3.4000000000000000E+04   1.9444166117873758E-04   5.1429307584487524E+03   2.6615461711660571E-01
   3.5000000000000000E+04   1.8987895184905421E-04   5.2665131667408723E+03   2.6067698770935199E-01
   3.6000000000000000E+04   1.8552384086666305E-04   5.3901428265421982E+03   2.5484635644002024E-01
   3.7000000000000000E+04   1.8139599848525104E-04   5.5128007693141490E+03   2.4991410670598796E-01
   3.8000000000000000E+04   1.7744625708675062E-04   5.6355091193110729E+03   2.4464547122877570E-01
   3.9000000000000000E+04   1.7367744857890629E-04   5.7577999226864131E+03   2.3961598343961421E-01
   4.0000000000000000E+04   1.7009188389536012E-04   5.8791752851370402E+03   2.3538237849821658E-01
   4.1000000000000000E+04   1.6664916412947905E-04   6.0006301575148873E+03   2.3080281632058727E-01
   4.2000000000000000E+04   1.6335333965210067E-04   6.1216991469518480E+03   2.2641708832580212E-01
   4.3000000000000000E+04   1.6019517608278119E-04   6.2423852231558340E+03   2.2222206682737639E-01
   4.4000000000000000E+04   1.5716599968605319E-04   6.3626993242657400E+03   2.1820536643758878E-01
   4.5000000000000000E+04   1.5426934091947449E-04   6.4821693930875099E+03   2.1486173462237090E-01
   4.6000000000000000E+04   1.5147449878355820E-04   6.6017713082444288E+03   2.1115956627326729E-01
   4.7000000000000000E+04   1.4878663834222791E-04   6.7210336300486533E+03   2.0760296725629457E-01
   4.8000000000000000E+04   1.4619961627425809E-04   6.8399632330367058E+03   2.0418513464394847E-01
   4.9000000000000000E+04   1.4370770762705886E-04   6.9585690044902594E+03   2.0089794694430291E-01
   5.0000000000000000E+04   1.4130562313797605E-04   7.0768592062579355E+03   1.9773392869221040E-01
   5.1000000000000000E+04   1.3898845380018012E-04   7.1948422524195621E+03   1.9468614336254131E-01
   5.2000000000000000E+04   1.3675166302420900E-04   7.3125253315783903E+03   1.9174820486670854E-01
   5.3000000000000000E+04   1.3459102366286533E-04   7.4299159987435896E+03   1.8891416492018967E-01
   5.4000000000000000E+04   1.3250258980385661E-04   7.5470222995663617E+03   1.8617844122506275E-01
   5.5000000000000000E+04   1.3048267382154998E-04   7.6638527607704827E+03   1.8353580212977055E-01
   5.6000000000000000E+04   1.2852792865114475E-04   7.7804101450528869E+03   1.8098170020679052E-01
   5.7000000000000000E+04   1.2663515600749842E-04   7.8967012915496189E+03   1.7851165266514632E-01
   5.8000000000000000E+04   1.2480133538530689E-04   8.0127347749336041E+03   1.7611882776182936E-01
   5.9000000000000000E+04   1.2301712977028288E-04   8.1289492111168502E+03   1.7341981703103698E-01
   6.0000000000000000E+04   1.2129338608194195E-04   8.2444726155507924E+03   1.7118452055489353E-01
   6.1000000000000000E+04   1.1909020441050316E-04   8.3969962512870206E+03   1.2812697635020745E-01
   6.2000000000000000E+04   1.1779582121677258E-04   8.4892654906642238E+03   1.2678553304762111E-01
   6.3000000000000000E+04   1.1653911240587031E-04   8.5808101619763838E+03   1.2548264630598868E-01
   6.4000000000000000E+04   1.1531843819827462E-04   8.6716401611391411E+03   1.2421665782145874E-01
   6.5000000000000000E+04   1.1413225364837647E-04   8.7617651280315804E+03   1.2298600421162562E-01
   6.6000000000000000E+04   1.1297910183688012E-04   8.8511944575715061E+03   1.2178921026386950E-01
   6.7000000000000000E+04   1.1185760764465559E-04   8.9399373100912089E+03   1.2062488275542804E-01
   6.8000000000000000E+04   1.1076647204985693E-04   9.0280026211351360E+03   1.1949170478875351E-01
   6.9000000000000000E+04   1.0970446689814149E-04   9.1153991106714111E+03   1.1838843059288535E-01
   7.0000000000000000E+04   1.0867043010053346E-04   9.2021352917705171E+03   1.1731388074645333E-01
   7.1000000000000000E+04   1.0766326121826418E-04   9.2882194788128745E+03   1.1626693778261954E-01
   7.2000000000000000E+04   1.0668191739917346E-04   9.3736597952048796E+03   1.1524654214102642E-01
   7.3000000000000000E+04   1.0572540963250035E-04   9.4584641807109801E+03   1.1425168843457177E-01
   7.4000000000000000E+04   1.0479279929386601E-04   9.5426403983707169E+03   1.1328142200307907E-01
   7.5000000000000000E+04   1.0388319495431301E-04   9.6261960410419797E+03   1.1233483572827382E-01
   7.6000000000000000E+04   1.0299574942988765E-04   9.7091385376124726E+03   1.1141106708703459E-01
   7.7000000000000000E+04   1.0212965705088707E-04   9.7914751588927847E+03   1.1050929542234857E-01
   7.8000000000000000E+04   1.0128415113196514E-04   9.8732130232012332E+03   1.0962873941342392E-01
   7.9000000000000000E+04   1.0045850162599194E-04   9.9543591016618047E+03   1.0876865472812750E-01
   8.0000000000000000E+04   9.9652012945923644E-05   1.0034920223263849E+04   1.0792833184235395E-01
   8.1000000000000000E+04   9.8864021941256504E-05   1.0114903079647973E+04   1.0710709401288333E-01
   8.2000000000000000E+04   9.8093896015953271E-05   1.0194314229678139E+04   1.0630429539096568E-01
   8.3000000000000000E+04   9.7341031376445227E-05   1.0273160103807797E+04   1.0551931926534841E-01
   8.4000000000000000E+04   9.6604851399962032E-05   1.0351447008181964E+04   1.0475157642485999E-01
   8.5000000000000000E+04   9.5884805112131551E-05   1.0429181128652865E+04   1.0400050363022059E-01
   8.6000000000000000E+04   9.5180365767226111E-05   1.0506368534510662E+04   1.0326556218776059E-01
   8.7000000000000000E+04   9.4491029521674060E-05   1.0583015182098563E+04   1.0254623661634327E-01
   8.8000000000000000E+04   9.3816314194204993E-05   1.0659126918266524E+04   1.0184203340071576E-01
   8.8010998999999996E+04   9.3808972553428179E-05   1.0659961118649475E+04   1.0183437016926226E-01
   8.8011001000000004E+04   9.3808971218672780E-05   1.0659961270324102E+04   1.0183436877601462E-01
   8.9000000000000000E+04   9.3155758106050319E-05   1.0734709483675510E+04   1.0115247982477872E-01
   9.0000000000000000E+04   9.2508918995678482E-05   1.0809768515906177E+04   1.0047712287911970E-01
   9.1000000000000000E+04   9.1875373001316558E-05   1.0884309552524704E+04   9.9815528236604542E-02
   9.2000000000000000E+04   9.1254713707706871E-05   1.0958338033945809E+04   9.9167279291931129E-02
   9.3000000000000000E+04   9.0646551251535927E-05   1.1031859306208917E+04   9.8531976259992479E-02
   9.4000000000000000E+04   9.0050511481631985E-05   1.1104878623637520E+04   9.7909235329044511E-02
   9.5000000000000000E+04   8.9466235170119598E-05   1.1177401151378564E+04   9.7298687864859262E-02
   9.6000000000000000E+04   8.8893377270719674E-05   1.1249431967856926E+04   9.6699979662166716E-02
   9.7000000000000000E+04   8.8331606221159458E-05   1.1320976067119840E+04   9.6112770240265780E-02
   9.8000000000000000E+04   8.7780603286616128E-05   1.1392038361081413E+04   9.5536732179759817E-02
   9.9000000000000000E+04   8.7240061941081846E-05   1.1462623681713532E+04   9.4971550497440965E-02
   1.0000000000000000E+05   8.6709687284540626E-05   1.1532736783128603E+04   9.4416922057038707E-02
   1.1000000000000000E+05   8.1907529547342446E-05   1.2208889775170199E+04   8.9391820742982867E-02
   1.2000000000000000E+05   7.7866210728278363E-05   1.2842540951293962E+04   8.5158571266488167E-02
   1.3000000000000000E+05   7.4419069434569239E-05   1.3437416076254764E+04   8.1545075228212527E-02
   1.4000000000000000E+05   7.1445058248722595E-05   1.3996769328939272E+04   7.8426023621411781E-02
   1.5000000000000000E+05   6.8854075021982674E-05   1.4523468649905406E+04   7.5707935423681774E-02
   1.6000000000000000E+05   6.6577628710707718E-05   1.5020060332055196E+04   7.3319610304090732E-02
   1.7000000000000000E+05   6.4562701190252952E-05   1.5488819110173328E+04   7.1205834475648072E-02
   1.8000000000000000E+05   6.2767594677101633E-05   1.5931787814147547E+04   6.9323112962582228E-02
   1.9000000000000000E+05   6.1159052177162034E-05   1.6350809314429163E+04   6.7636704119229230E-02
   2.0000000000000000E+05   5.9710216833201218E-05   1.6747552647371413E+04   6.6118514146609630E-02
   2.1000000000000000E+05   5.8399157649941930E-05   1.7123534657712557E+04   6.4745573366737030E-02
   2.2000000000000000E+05   5.7207785924059119E-05   1.7480138128880870E+04   6.3498914533394915E-02
   2.3000000000000000E+05   5.6121046435283489E-05   1.7818627119741246E+04   6.2362734342606405E-02
   2.4000000000000000E+05   5.5126305242246186E-05   1.8140160048920665E+04   6.1323757897575451E-02
   2.5000000000000000E+05   5.4212880382926495E-05   1.8445800941337449E+04   6.0370750904721722E-02
   2.6000000000000000E+05   5.3371677936448171E-05   1.8736529160479848E+04   5.9494140936589515E-02
   2.7000000000000000E+05   5.2594906791516690E-05   1.9013247878999860E+04   5.8685720269908107E-02
   2.8000000000000000E+05   5.1875852912784128E-05   1.9276791490662185E+04   5.7938410463198406E-02
   2.9000000000000000E+05   5.1208699080527795E-05   1.9527932127849192E+04   5.7246074174366918E-02
   3.0000000000000000E+05   5.0588379745841215E-05   1.9767385415861405E+04   5.6603363494539094E-02
   3.1000000000000000E+05   5.0010463255322609E-05   1.9995815573525411E+04   5.6005596771735340E-02
   3.2000000000000000E+05   4.9471055591608466E-05   2.0213839952297789E+04   5.5448657854116491E-02
   3.3000000000000000E+05   4.8966721178713886E-05   2.0422033085496969E+04   5.4928913126861753E-02
   3.4000000000000000E+05   4.8494417308397230E-05   2.0620930315350783E+04   5.4443142768256646E-02
   3.5000000000000000E+05   4.8051439534638657E-05   2.0811031046825017E+04   5.3988483460387572E-02
   3.6000000000000000E+05   4.7635375940880084E-05   2.0992801678338652E+04   5.3562380377774575E-02
   3.7000000000000000E+05   4.7244068648383185E-05   2.1166678243623770E+04   5.3162546749000304E-02
   3.8000000000000000E+05   4.6875581252029873E-05   2.1333068802356382E+04   5.2786929625802288E-02
   3.9000000000000000E+05   4.6528171150576329E-05   2.1492355604602642E+04   5.2433680777852168E-02
   4.0000000000000000E+05   4.6200265926801052E-05   2.1644897057181097E+04   5.2101131834386916E-02
   4.1000000000000000E+05   4.5890443105607493E-05   2.1791029511279812E+04   5.1787772968179623E-02
   4.2000000000000000E+05   4.5597412736767246E-05   2.1931068891407849E+04   5.1492234544385257E-02
   4.3000000000000000E+05   4.5320002353770106E-05   2.2065312181450307E+04   5.1213271264173077E-02
   4.4000000000000000E+05   4.5057143933067436E-05   2.2194038785181416E+04   5.0949748412318335E-02
   4.5000000000000000E+05   4.4807862560014841E-05   2.2317511768400429E+04   5.0700629895873102E-02
   4.6000000000000000E+05   4.4571266534977124E-05   2.2435979000400497E+04   5.0464967800388671E-02
   4.7000000000000000E+05   4.4346538716811291E-05   2.2549674200861835E+04   5.0241893247357901E-02
   4.8000000000000000E+05   4.4132928927917582E-05   2.2658817900649705E+04   5.0030608368086329E-02
   4.9000000000000000E+05   4.3929747263456550E-05   2.2763618329119352E+04   4.9830379232827439E-02
   5.0000000000000000E+05   4.3736358191793374E-05   2.2864272228949292E+04   4.9640529611203819E-02
   5.1000000000000000E+05   4.3552175333146872E-05   2.2960965608505805E+04   4.9460435448406642E-02
   5.2000000000000000E+05   4.3376656828486857E-05   2.3053874436521070E+04   4.9289519963904294E-02
   5.3000000000000000E+05   4.3209301216117179E-05   2.3143165287454303E+04   4.9127249288556885E-02
   5.4000000000000000E+05   4.3049643771735106E-05   2.3228995930892353E+04   4.8973128584170175E-02
   5.5000000000000000E+05   4.2897253222335779E-05   2.3311515886973371E+04   4.8826698566204613E-02
   5.6000000000000000E+05   4.2751728817821684E-05   2.3390866934558573E+04   4.8687532398297532E-02
   5.7000000000000000E+05   4.2612697701767703E-05   2.3467183584542621E+04   4.8555232904568688E-02
   5.8000000000000000E+05   4.2479812544292725E-05   2.3540593522095303E+04   4.8429430061189715E-02
   5.9000000000000000E+05   4.2352749416714663E-05   2.3611218014699811E+04   4.8309778740949286E-02
   6.0000000000000000E+05   4.2231205877700890E-05   2.3679172290176648E+04   4.8195956680339172E-02
   6.1000000000000000E+05   4.2114899228983990E-05   2.3744565897281973E+04   4.8087662633206324E-02
   6.2000000000000000E+05   4.2003564958358983E-05   2.3807503029596865E+04   4.7984614712421408E-02
   6.3000000000000000E+05   4.1896955311291871E-05   2.3868082837286383E+04   4.7886548875972372E-02
   6.4000000000000000E+05   4.1794838000787895E-05   2.3926399714269704E+04   4.7793217556196720E-02
   6.5000000000000000E+05   4.1696995036557844E-05   2.3982543565147804E+04   4.7704388414421997E-02
   6.6000000000000000E+05   4.1603221651957356E-05   2.4036600058662814E+04   4.7619843202477440E-02
   6.7000000000000000E+05   4.1513325335213102E-05   2.4088650859095695E+04   4.7539376730139193E-02
   6.8000000000000000E+05   4.1427124932377948E-05   2.4138773850039401E+04   4.7462795914506417E-02
   6.9000000000000000E+05   4.1344449840891956E-05   2.4187043335885552E+04   4.7389918918898273E-02
   7.0000000000000000E+05   4.1265139255937862E-05   2.4233530239598182E+04   4.7320574355009498E-02
   7.1000000000000000E+05   4.1189041497307701E-05   2.4278302277691135E+04   4.7254600562062453E-02
   7.2000000000000000E+05   4.1116013371030849E-05   2.4321424136528061E+04   4.7191844932597399E-02
   7.3000000000000000E+05   4.1045919602828495E-05   2.4362957625904663E+04   4.7132163304909123E-02
   7.4000000000000000E+05   4.0978632303962254E-05   2.4402961830995748E+04   4.7075419396135472E-02
   7.5000000000000000E+05   4.0914030483628081E-05   2.4441493252544609E+04   4.7021484282630185E-02
   7.6000000000000000E+05   4.0851999591424342E-05   2.4478605943438819E+04   4.6970235915932218E-02
   7.7000000000000000E+05   4.0792431118573300E-05   2.4514351623056067E+04   4.6921558690124127E-02
   7.8000000000000000E+05   4.0735222192807964E-05   2.4548779806988652E+04   4.6875343019825044E-02
   7.9000000000000000E+05   4.0680275239670408E-05   2.4581937907460975E+04   4.6831484971551506E-02
   8.0000000000000000E+05   4.0627497644743816E-05   2.4613871342612096E+04   4.6789885907718765E-02
   8.1000000000000000E+05   4.0576801451881219E-05   2.4644623632689960E+04   4.6750452163461076E-02
   8.2000000000000000E+05   4.0528103080668610E-05   2.4674236492380704E+04   4.6713094745209856E-02
   8.3000000000000000E+05   4.0481323058719147E-05   2.4702749921228507E+04   4.6677729047528337E-02
   8.4000000000000000E+05   4.0436385786369759E-05   2.4730202280765625E+04   4.6644274598068823E-02
   8.5000000000000000E+05   4.0393219300140518E-05   2.4756630378220965E+04   4.6612654809620992E-02
   8.6000000000000000E+05   4.0351755065160055E-05   2.4782069537872620E+04   4.6582796756888353E-02
   8.7000000000000000E+05   4.0311927786057773E-05   2.4806553665881958E+04   4.6554630971073714E-02
   8.8000000000000000E+05   4.0273675207288910E-05   2.4830115326028543E+04   4.6528091234198897E-02
   8.9000000000000000E+05   4.0236937955037755E-05   2.4852785793924904E+04   4.6503114404215638E-02
   9.0000000000000000E+05   4.0201659372850154E-05   2.4874595118711484E+04   4.6479640241543128E-02
   9.1000000000000000E+05   4.0167785370200253E-05   2.4895572180135227E+04   4.6457611248250041E-02
   9.2000000000000000E+05   4.0135264285429988E-05   2.4915744739795395E+04   4.6436972520389877E-02
   9.3000000000000000E+05   4.0104046752781023E-05   2.4935139492641225E+04   4.6417671606942844E-02
   9.4000000000000000E+05   4.0074085576835477E-05   2.4953782116441918E+04   4.6399658377066784E-02
   9.5000000000000000E+05   4.0045335627437572E-05   2.4971697310855783E+04   4.6382884903283912E-02
   9.6000000000000000E+05   4.0017753723898724E-05   2.4988908845295759E+04   4.6367305341483749E-02
   9.7000000000000000E+05   3.9991298533624989E-05   2.5005439599796755E+04   4.6352875822709090E-02
   9.8000000000000000E+05   3.9965930478623744E-05   2.5021311602762813E+04   4.6339554352552589E-02
   9.9000000000000000E+05   3.9941611648229260E-05   2.5036546066471339E+04   4.6327300716962394E-02
   1.0000000000000000E+06   3.9918305710070438E-05   2.5051163425198280E+04   4.6316076389449741E-02
   1.1000000000000000E+06   3.9733948595685075E-05   2.5167395523046394E+04   4.6253022451070346E-02
   1.2000000000000000E+06   3.9620124367277744E-05   2.5239698662478204E+04   4.6260354995088251E-02
   1.3000000000000000E+06   3.9557557024442983E-05   2.5279619754629712E+04   4.6317760001765421E-02
   1.4000000000000000E+06   3.9532822381994494E-05   2.5295436544785058E+04   4.6411165119798294E-02
   1.5000000000000000E+06   3.9536351224520444E-05   2.5293178784282962E+04   4.6530603590673444E-02
   1.6000000000000000E+06   3.9561187070361124E-05   2.5277300153341228E+04   4.6668885532689969E-02
   1.7000000000000000E+06   3.9602187630420110E-05   2.5251130299475124E+04   4.6820744211303805E-02
   1.8000000000000000E+06   3.9655496896093586E-05   2.5217184962282212E+04   4.6982272092840248E-02
   1.9000000000000000E+06   3.9718187651640959E-05   2.5177382431715389E+04   4.7150539341622111E-02
   2.0000000000000000E+06   3.9788014052129224E-05   2.5133197115337953E+04   4.7323330196442845E-02
   2.1000000000000000E+06   3.9863237211483177E-05   2.5085769996420055E+04   4.7498957463227312E-02
   2.2000000000000000E+06   3.9942500248103783E-05   2.5035989079012994E+04   4.7676129865573055E-02
   2.3000000000000000E+06   4.0024737212827210E-05   2.4984548797475130E+04   4.7853855679436896E-02
   2.4000000000000000E+06   4.0109106098663877E-05   2.4931994184565294E+04   4.8031371981115435E-02
   2.5000000000000000E+06   4.0194938697345055E-05   2.4878754201609267E+04   4.8208091929112351E-02
   2.6000000000000000E+06   4.0281702905337596E-05   2.4825166958557093E+04   4.8383565220111016E-02
   2.7000000000000000E+06   4.0368973808329937E-05   2.4771499140601270E+04   4.8557447964921056E-02
   2.8000000000000000E+06   4.0456411588776862E-05   2.4717960904802869E+04   4.8729479717426215E-02
   2.9000000000000000E+06   4.0543744392576125E-05   2.4664717454737802E+04   4.8899465753212669E-02
   3.0000000000000000E+06   4.0630754789039073E-05   2.4611898183830181E+04   4.9067263209992364E-02
   3.1000000000000000E+06   4.0717269284103598E-05   2.4559603764744839E+04   4.9232770352041322E-02
   3.2000000000000000E+06   4.0803149903357036E-05   2.4507911824663472E+04   4.9395918060234606E-02
   3.3000000000000000E+06   4.0888287581140818E-05   2.4456881399485093E+04   4.9556663161745715E-02
   3.4000000000000000E+06   4.0972596714039976E-05   2.4406556581690431E+04   4.9714983041219081E-02
   3.5000000000000000E+06   4.1056010953870042E-05   2.4356969339363877E+04   4.9870871449910009E-02
   3.6000000000000000E+06   4.1138479653610231E-05   2.4308141876415750E+04   5.0024335059835022E-02
   3.7000000000000000E+06   4.1219965040110906E-05   2.4260088503881700E+04   5.0175390732075748E-02
   3.8000000000000000E+06   4.1300439963773646E-05   2.4212817124397276E+04   5.0324063350354810E-02
   3.9000000000000000E+06   4.1379886010553809E-05   2.4166330466569030E+04   5.0470384044809968E-02
   4.0000000000000000E+06   4.1458291785908107E-05   2.4120627187536596E+04   5.0614388655495536E-02
   4.1000000000000000E+06   4.1535651827943734E-05   2.4075702582985232E+04   5.0756116684312000E-02
   4.2000000000000000E+06   4.1611965545200209E-05   2.4031549264688521E+04   5.0895610347971312E-02
   4.3000000000000000E+06   4.1687236107853350E-05   2.3988157847951275E+04   5.1032913671633526E-02
   4.4000000000000000E+06   4.1761470030270451E-05   2.3945517226169446E+04   5.1168072055608319E-02
   4.5000000000000000E+06   4.1834676360923628E-05   2.3903615062600718E+04   5.1301131648784824E-02
   4.6000000000000000E+06   4.1906866292702085E-05   2.3862438031405516E+04   5.1432139011580356E-02
   4.7000000000000000E+06   4.1978052613606150E-05   2.3821972143507079E+04   5.1561140710704119E-02
   4.8000000000000000E+06   4.2048249502463111E-05   2.3782202870096218E+04   5.1688183145182781E-02
   4.9000000000000000E+06   4.2117472121658503E-05   2.3743115377661990E+04   5.1813312267774553E-02
   5.0000000000000000E+06   4.2185736456689987E-05   2.3704694619392285E+04   5.1936573470042026E-02
   5.1000000000000000E+06   4.2253059059003134E-05   2.3666925478781959E+04   5.2058011420409250E-02
   5.2000000000000000E+06   4.2319456928221719E-05   2.3629792832552321E+04   5.2177669995546364E-02
   5.3000000000000000E+06   4.2384947308615319E-05   2.3593281660084464E+04   5.2295592167002296E-02
   5.4000000000000000E+06   4.2449547630502286E-05   2.3557377070408314E+04   5.2411819980981433E-02
   5.5000000000000000E+06   4.2513275243426322E-05   2.3522064443967454E+04   5.2526394416463049E-02
   5.6000000000000000E+06   4.2576147716446903E-05   2.3487329259093731E+04   5.2639355589384075E-02
   5.7000000000000000E+06   4.2638182315192458E-05   2.3453157374480503E+04   5.2750742461455155E-02
   5.8000000000000000E+06   4.2699396187678549E-05   2.3419534918120524E+04   5.2860592979155553E-02
   5.9000000000000000E+06   4.2759806420655738E-05   2.3386448249142115E+04   5.2968944135571502E-02
   6.0000000000000000E+06   4.2819429788286372E-05   2.3353884088236009E+04   5.3075831846897459E-02
   6.1000000000000000E+06   4.2878282806294745E-05   2.3321829479915534E+04   5.3181291013943727E-02
   6.2000000000000000E+06   4.2936381596961573E-05   2.3290271858184853E+04   5.3285355469321602E-02
   6.3000000000000000E+06   4.2993742171194408E-05   2.3259198885692607E+04   5.3388058176599876E-02
   6.4000000000000000E+06   4.3050380269957100E-05   2.3228598533375898E+04   5.3489431162694404E-02
   6.5000000000000000E+06   4.3106310954775835E-05   2.3198459294026139E+04   5.3589505298053799E-02
   6.6000000000000000E+06   4.3161549437487744E-05   2.3168769727517134E+04   5.3688310825467794E-02
   6.7000000000000000E+06   4.3216110118750585E-05   2.3139518972257538E+04   5.3785876805238560E-02
   6.8000000000000000E+06   4.3270007495467548E-05   2.3110696250855704E+04   5.3882231689528465E-02
   6.9000000000000000E+06   4.3323255453760154E-05   2.3082291243494426E+04   5.3977402919857677E-02
   7.0000000000000000E+06   4.3375867679643437E-05   2.3054293861867951E+04   5.4071417199542171E-02
   7.1000000000000000E+06   4.3427857327572246E-05   2.3026694420060703E+04   5.4164300316634356E-02
   7.2000000000000000E+06   4.3479237451444156E-05   2.2999483399789602E+04   5.4256077427009337E-02
   7.3000000000000000E+06   4.3530020715468178E-05   2.2972651599144658E+04   5.4346772901249688E-02
   7.4000000000000000E+06   4.3580219470124223E-05   2.2946190087122792E+04   5.4436410391446387E-02
   7.5000000000000000E+06   4.3629845636412984E-05   2.2920090259622906E+04   5.4525012781295852E-02
   7.6000000000000000E+06   4.3678910909684695E-05   2.2894343727290037E+04   5.4612602328626692E-02
   7.7000000000000000E+06   4.3727426823206075E-05   2.2868942278334609E+04   5.4699200722363048E-02
   7.8000000000000000E+06   4.3775404431431216E-05   2.2843878040381718E+04   5.4784828908825724E-02
   7.9000000000000000E+06   4.3822854461959102E-05   2.2819143396239990E+04   5.4869507200673420E-02
   8.0000000000000000E+06   4.3869787415697359E-05   2.2794730927786150E+04   5.4953255353834267E-02
   8.1000000000000000E+06   4.3916213812101959E-05   2.2770633285432061E+04   5.5036092731475236E-02
   8.2000000000000000E+06   4.3962143444745655E-05   2.2746843571375499E+04   5.5118037868987856E-02
   8.3000000000000000E+06   4.4007586233973028E-05   2.2723354893480137E+04   5.5199109003919125E-02
   8.4000000000000000E+06   4.4052551302489138E-05   2.2700160840479999E+04   5.5279323530922825E-02
   8.5000000000000000E+06   4.4097048296217145E-05   2.2677254796797475E+04   5.5358698813582248E-02
   8.6000000000000000E+06   4.4141085848997815E-05   2.2654630731579618E+04   5.5437251268903434E-02
   8.7000000000000000E+06   4.4184673088899859E-05   2.2632282420376709E+04   5.5514997290178413E-02
   8.8000000000000000E+06   4.4227818272937271E-05   2.2610204144116553E+04   5.5591952433232929E-02
   8.9000000000000000E+06   4.4270529997167371E-05   2.2588390065896765E+04   5.5668132159213811E-02
   9.0000000000000000E+06   4.4312815893414318E-05   2.2566834895017768E+04   5.5743551057375940E-02
   9.1000000000000000E+06   4.4354684456885039E-05   2.2545532952039146E+04   5.5818223960300159E-02
   9.2000000000000000E+06   4.4396143021595746E-05   2.2524479198870209E+04   5.5892164729730624E-02
   9.3000000000000000E+06   4.4437199128217511E-05   2.2503668539383765E+04   5.5965387092994430E-02
   9.4000000000000000E+06   4.4477860170999994E-05   2.2483095997770371E+04   5.6037904438598740E-02
   9.5000000000000000E+06   4.4518133030281421E-05   2.2462756902222201E+04   5.6109729602743186E-02
   9.6000000000000000E+06   4.4558024967506140E-05   2.2442646430788805E+04   5.6180875418764153E-02
   9.7000000000000000E+06   4.4597542956205095E-05   2.2422759948502156E+04   5.6251354320655970E-02
   9.8000000000000000E+06   4.4636693025567791E-05   2.2403093334607081E+04   5.6321177953881578E-02
   9.9000000000000000E+06   4.4675482082009961E-05   2.2383642064887372E+04   5.6390358284018796E-02
   1.0000000000000000E+07   4.4713916309104158E-05   2.2364402014958174E+04   5.6458906636460832E-02
   1.1000000000000000E+07   4.5080019444046032E-05   2.2182776589997138E+04   5.7111939797784811E-02
   1.2000000000000000E+07   4.5416544337497725E-05   2.2018407930133071E+04   5.7712412483585766E-02
   1.3000000000000000E+07   4.5727784413280672E-05   2.1868542568390239E+04   5.8268007210129022E-02
   1.4000000000000000E+07   4.6017186111446414E-05   2.1731011487276879E+04   5.8784864977690074E-02
   1.5000000000000000E+07   4.6287553182963608E-05   2.1604079957461559E+04   5.9267965717673690E-02
   1.6000000000000000E+07   4.6541190859037573E-05   2.1486343205715712E+04   5.9721397923718063E-02
   1.7000000000000000E+07   4.6780017794742950E-05   2.1376648559385078E+04   6.0148558471576248E-02
   1.8000000000000000E+07   4.7005644509156061E-05   2.1274040818761961E+04   6.0552297466037068E-02
   1.9000000000000000E+07   4.7219435288404161E-05   2.1177720442700287E+04   6.0935028676086939E-02
   2.0000000000000000E+07   4.7422556318573234E-05   2.1087011701398857E+04   6.1298814168218398E-02
   2.1000000000000000E+07   4.7616011970443042E-05   2.1001338806381682E+04   6.1645429058886043E-02
   2.2000000000000000E+07   4.7800670698254540E-05   2.0920208553402485E+04   6.1976410592732227E-02
   2.3000000000000000E+07   4.7977291509644248E-05   2.0843194114010857E+04   6.2293100528808328E-02
   2.4000000000000000E+07   4.8146538344853257E-05   2.0769925198721947E+04   6.2596674878334577E-02
   2.5000000000000000E+07   4.8308999773640231E-05   2.0700076687277004E+04   6.2888172759539215E-02
   2.6000000000000000E+07   4.8465193687407554E-05   2.0633364357312465E+04   6.3168513001379670E-02
   2.7000000000000000E+07   4.8615582930351994E-05   2.0569536344604308E+04   6.3438514868765311E-02
   2.8000000000000000E+07   4.8760580110803972E-05   2.0508369624142932E+04   6.3698910275222217E-02
   2.9000000000000000E+07   4.8900559318046084E-05   2.0449663847320531E+04   6.3950358597670509E-02
   3.0000000000000000E+07   4.9035851253021395E-05   2.0393242381784574E+04   6.4193450198728089E-02
   3.1000000000000000E+07   4.9166757378660665E-05   2.0338945525702286E+04   6.4428720422709793E-02
   3.2000000000000000E+07   4.9293556799874942E-05   2.0286626993865801E+04   6.4656658359699790E-02
   3.3000000000000000E+07   4.9416493503321097E-05   2.0236158600221075E+04   6.4877703048599092E-02
   3.4000000000000000E+07   4.9535796335578248E-05   2.0187421500717192E+04   6.5092258905059860E-02
   3.5000000000000000E+07   4.9651674539199456E-05   2.0140307638778850E+04   6.5300695900335742E-02
   3.6000000000000000E+07   4.9764315102709292E-05   2.0094720442471389E+04   6.5503350442252015E-02
   3.7000000000000000E+07   4.9873897264386503E-05   2.0050568631099759E+04   6.5700536295410131E-02
   3.8000000000000000E+07   4.9980578761943609E-05   2.0007771513870979E+04   6.5892538139913387E-02
   3.9000000000000000E+07   5.0084514433931411E-05   1.9966251271521105E+04   6.6079624451713753E-02
   4.0000000000000000E+07   5.0185832215181521E-05   1.9925942359833858E+04   6.6262034422421900E-02
   4.1000000000000000E+07   5.0284671201214083E-05   1.9886776150896974E+04   6.6440002231354378E-02
   4.2000000000000000E+07   5.0381140077911819E-05   1.9848697319146650E+04   6.6613733024163041E-02
   4.3000000000000000E+07   5.0475353917585655E-05   1.9811649099732203E+04   6.6783426141595617E-02
   4.4000000000000000E+07   5.0567413779409938E-05   1.9775581254012650E+04   6.6949263658671168E-02
   4.5000000000000000E+07   5.0657421556551907E-05   1.9740444129862401E+04   6.7111420136920605E-02
   4.6000000000000000E+07   5.0745455925222776E-05   1.9706197959351768E+04   6.7270048776272531E-02
   4.7000000000000000E+07   5.0831611060357447E-05   1.9672797677268194E+04   6.7425305440774616E-02
   4.8000000000000000E+07   5.0915961359941764E-05   1.9640206593187340E+04   6.7577327887208438E-02
   4.9000000000000000E+07   5.0998577889123214E-05   1.9608389907932637E+04   6.7726246205764340E-02
   5.0000000000000000E+07   5.1079534784232885E-05   1.9577312209755633E+04   6.7872187141202273E-02
   5.1000000000000000E+07   5.1158901630681730E-05   1.9546940378412390E+04   6.8015269890443764E-02
   5.2000000000000000E+07   5.1236727133212340E-05   1.9517249753288528E+04   6.8155596597014298E-02
   5.3000000000000000E+07   5.1313080550177715E-05   1.9488208255634279E+04   6.8293277733562238E-02
   5.4000000000000000E+07   5.1388008763107302E-05   1.9459792742892274E+04   6.8428406449276905E-02
   5.5000000000000000E+07   5.1461568960370565E-05   1.9431976525435482E+04   6.8561078604138528E-02
   5.6000000000000000E+07   5.1533811330668572E-05   1.9404735923439930E+04   6.8691382556156338E-02
   5.7000000000000000E+07   5.1604777374989232E-05   1.9378050848537525E+04   6.8819398369249843E-02
   5.8000000000000000E+07   5.1674509202956202E-05   1.9351901264749544E+04   6.8945203642390290E-02
   5.9000000000000000E+07   5.1743064228104866E-05   1.9326261691645974E+04   6.9068882585167954E-02
   6.0000000000000000E+07   5.1810465493765699E-05   1.9301119773191946E+04   6.9190496161622483E-02
   6.1000000000000000E+07   5.1876752189801123E-05   1.9276457329890407E+04   6.9310112792272283E-02
   6.2000000000000000E+07   5.1941964641071357E-05   1.9252255992051632E+04   6.9427799426707654E-02
   6.3000000000000000E+07   5.2006146188084549E-05   1.9228496500844671E+04   6.9543622817009765E-02
   6.4000000000000000E+07   5.2069308395918129E-05   1.9205171545516307E+04   6.9657628609889624E-02
   6.5000000000000000E+07   5.2131497235425603E-05   1.9182261262975138E+04   6.9769881474115544E-02
   6.6000000000000000E+07   5.2192743845035146E-05   1.9159751458346167E+04   6.9880435439936495E-02
   6.7000000000000000E+07   5.2253077306127411E-05   1.9137628854688257E+04   6.9989341722139581E-02
   6.8000000000000000E+07   5.2312500180812597E-05   1.9115890017559977E+04   7.0096634023050705E-02
   6.9000000000000000E+07   5.2371076602372514E-05   1.9094509123661937E+04   7.0202381874958544E-02
   7.0000000000000000E+07   5.2428796547842700E-05   1.9073487584012593E+04   7.0306608662669703E-02
   7.1000000000000000E+07   5.2485710375018957E-05   1.9052804903560173E+04   7.0409373034519135E-02
   7.2000000000000000E+07   5.2541823216286341E-05   1.9032457170044130E+04   7.0510705124679093E-02
   7.3000000000000000E+07   5.2597171562197735E-05   1.9012429191510233E+04   7.0610652917404468E-02
   7.4000000000000000E+07   5.2651770242148608E-05   1.8992713737846629E+04   7.0709250252818684E-02
   7.5000000000000000E+07   5.2705631811537263E-05   1.8973304476754231E+04   7.0806528603586757E-02
   7.6000000000000000E+07   5.2758787253757876E-05   1.8954188525794299E+04   7.0902529642838955E-02
   7.7000000000000000E+07   5.2811244810162857E-05   1.8935361277595992E+04   7.0997280402695151E-02
   7.8000000000000000E+07   5.2863023183754455E-05   1.8916814434239812E+04   7.1090813393864791E-02
   7.9000000000000000E+07   5.2914134979001448E-05   1.8898541956640547E+04   7.1183156636580466E-02
   8.0000000000000000E+07   5.2964628186879315E-05   1.8880525253035299E+04   7.1274358781314315E-02
   8.1000000000000000E+07   5.3014485520759879E-05   1.8862769112574173E+04   7.1364428287804774E-02
   8.2000000000000000E+07   5.3063731867965222E-05   1.8845263323888157E+04   7.1453398422448564E-02
   8.3000000000000000E+07   5.3112379758949577E-05   1.8828002144481154E+04   7.1541294323758123E-02
   8.4000000000000000E+07   5.3160448195600932E-05   1.8810977595985561E+04   7.1628144416630943E-02
   8.5000000000000000E+07   5.3207942222988184E-05   1.8794186698841284E+04   7.1713968091420763E-02
   8.6000000000000000E+07   5.3254897781884292E-05   1.8777615611914101E+04   7.1798802848150267E-02
   8.7000000000000000E+07   5.3301287703090942E-05   1.8761272815215871E+04   7.1882647489537738E-02
   8.8000000000000000E+07   5.3347170229254435E-05   1.8745136728013771E+04   7.1965551937557534E-02
   8.9000000000000000E+07   5.3392528185815939E-05   1.8729212381923815E+04   7.2047520024155084E-02
   9.0000000000000000E+07   5.3437364508065228E-05   1.8713497740875140E+04   7.2128567266058610E-02
   9.1000000000000000E+07   5.3481732921795308E-05   1.8697973034311908E+04   7.2208739434153901E-02
   9.2000000000000000E+07   5.3525603067177996E-05   1.8682647979602159E+04   7.2288031030963887E-02
   9.3000000000000000E+07   5.3568984245829308E-05   1.8667518417205316E+04   7.2366460123067342E-02
   9.4000000000000000E+07   5.3611936783483758E-05   1.8652562470156281E+04   7.2444075228223326E-02
   9.5000000000000000E+07   5.3654417046705192E-05   1.8637794519871837E+04   7.2520861633692799E-02
   9.6000000000000000E+07   5.3696445660806248E-05   1.8623206577151781E+04   7.2596843111649365E-02
   9.7000000000000000E+07   5.3738035188387868E-05   1.8608793501554890E+04   7.2672038210733148E-02
   9.8000000000000000E+07   5.3779230787004831E-05   1.8594538920806568E+04   7.2746484850702370E-02
   9.9000000000000000E+07   5.3819994651742054E-05   1.8580455209458702E+04   7.2820170473320692E-02
   1.0000000000000000E+08   5.3860334726540399E-05   1.8566538902463166E+04   7.2893109870270145E-02
   1.1000000000000000E+08   5.4243006941756173E-05   1.8435556145951818E+04   7.3585020915906657E-02
   1.2000000000000000E+08   5.4592363856919754E-05   1.8317580140344977E+04   7.4216889511621351E-02
   1.3000000000000000E+08   5.4913780554154597E-05   1.8210365229067142E+04   7.4798329882484249E-02
   1.4000000000000000E+08   5.5211397672233458E-05   1.8112202229267477E+04   7.5336799190334369E-02
   1.5000000000000000E+08   5.5488449641493507E-05   1.8021768610601328E+04   7.5838184325001057E-02
   1.6000000000000000E+08   5.5747667464516891E-05   1.7937970241292966E+04   7.6307308709252328E-02
   1.7000000000000000E+08   5.5991173345056591E-05   1.7859957922962320E+04   7.6748052244383580E-02
   1.8000000000000000E+08   5.6220732434043287E-05   1.7787032589324132E+04   7.7163634778890558E-02
   1.9000000000000000E+08   5.6437900576454083E-05   1.7718589631897124E+04   7.7556801285417920E-02
   2.0000000000000000E+08   5.6643859564378083E-05   1.7654164241111765E+04   7.7929793577479992E-02
   2.1000000000000000E+08   5.6839897466058666E-05   1.7593275930821997E+04   7.8284694654479112E-02
   2.2000000000000000E+08   5.7026724084171134E-05   1.7535638177707799E+04   7.8623056274277514E-02
   2.3000000000000000E+08   5.7205210312577776E-05   1.7480925155870442E+04   7.8946378181258964E-02
   2.4000000000000000E+08   5.7376285623024582E-05   1.7428803366084561E+04   7.9256071517202681E-02
   2.5000000000000000E+08   5.7540159364851598E-05   1.7379166325542887E+04   7.9553008256695298E-02
   2.6000000000000000E+08   5.7697736168200442E-05   1.7331702531357558E+04   7.9838393174122710E-02
   2.7000000000000000E+08   5.7849237832832138E-05   1.7286312447014705E+04   8.0112943872842957E-02
   2.8000000000000000E+08   5.7995430630953249E-05   1.7242737731587451E+04   8.0377643574078519E-02
   2.9000000000000000E+08   5.8136495726121502E-05   1.7200899151386016E+04   8.0633067112721696E-02
   3.0000000000000000E+08   5.8272668642529203E-05   1.7160703693432173E+04   8.0879774940372670E-02
   3.1000000000000000E+08   5.8404244677028223E-05   1.7122043192749719E+04   8.1118322585041217E-02
   3.2000000000000000E+08   5.8531678671725371E-05   1.7084765424352430E+04   8.1349326177510659E-02
   3.3000000000000000E+08   5.8655389030933241E-05   1.7048731864562822E+04   8.1573348372710505E-02
   3.4000000000000000E+08   5.8775390410444152E-05   1.7013923565913126E+04   8.1790680034626889E-02
   3.5000000000000000E+08   5.8891863777102839E-05   1.6980274283470721E+04   8.2001688084292354E-02
   3.6000000000000000E+08   5.9005045242202076E-05   1.6947703300543726E+04   8.2206751047754878E-02
   3.7000000000000000E+08   5.9115074523377255E-05   1.6916159001111413E+04   8.2406169819568276E-02
   3.8000000000000000E+08   5.9222189221514627E-05   1.6885562880149548E+04   8.2600287178813486E-02
   3.9000000000000000E+08   5.9326524243203116E-05   1.6855866962652333E+04   8.2789368320506235E-02
   4.0000000000000000E+08   5.9428093577738895E-05   1.6827058379247574E+04   8.2973591406176106E-02
   4.1000000000000000E+08   5.9527282225791681E-05   1.6799019921771687E+04   8.3153346343429718E-02
   4.2000000000000000E+08   5.9623998163539129E-05   1.6771770273727023E+04   8.3328723297938209E-02
   4.3000000000000000E+08   5.9718869056079263E-05   1.6745126219000325E+04   8.3500237257130225E-02
   4.4000000000000000E+08   5.9811049548741426E-05   1.6719318713594494E+04   8.3667503328966802E-02
   4.5000000000000000E+08   5.9901450728167451E-05   1.6694086501143291E+04   8.3831190015074386E-02
   4.6000000000000000E+08   5.9989889753589712E-05   1.6669475541754291E+04   8.3991296710065139E-02
   4.7000000000000000E+08   6.0076222791607989E-05   1.6645520532620594E+04   8.4147839305881600E-02
   4.8000000000000000E+08   6.0161006444285198E-05   1.6622062347412604E+04   8.4301250667340830E-02
   4.9000000000000000E+08   6.0243753635383543E-05   1.6599231283833225E+04   8.4451326728263498E-02
   5.0000000000000000E+08   6.0324896283185840E-05   1.6576903759695761E+04   8.4598413544968193E-02
   5.1000000000000000E+08   6.0404412067390673E-05   1.6555082083811063E+04   8.4742577514147516E-02
   5.2000000000000000E+08   6.0482385123105920E-05   1.6533739500593420E+04   8.4883944742689524E-02
   5.3000000000000000E+08   6.0558809131560607E-05   1.6512874251334044E+04   8.5022582356201318E-02
   5.4000000000000000E+08   6.0633525129429694E-05   1.6492526170388039E+04   8.5158461221291684E-02
   5.5000000000000000E+08   6.0707146668121977E-05   1.6472525145463831E+04   8.5292015560411036E-02
   5.6000000000000000E+08   6.0779463482294443E-05   1.6452925753306597E+04   8.5423178123267926E-02
   5.7000000000000000E+08   6.0850838125568122E-05   1.6433627387949207E+04   8.5552224792390025E-02
   5.8000000000000000E+08   6.0921238337608359E-05   1.6414636788213029E+04   8.5679189802259317E-02
   5.9000000000000000E+08   6.0989926850853454E-05   1.6396150178133994E+04   8.5803678407757045E-02
   6.0000000000000000E+08   6.1057232274242329E-05   1.6378076154982566E+04   8.5925937691927523E-02
   6.1000000000000000E+08   6.1123429586806277E-05   1.6360338527467935E+04   8.6046179915913221E-02
   6.2000000000000000E+08   6.1188751321019651E-05   1.6342873132900144E+04   8.6164589435974132E-02
   6.3000000000000000E+08   6.1253027902096911E-05   1.6325723547876507E+04   8.6281105406933692E-02
   6.4000000000000000E+08   6.1316292242023489E-05   1.6308879148348833E+04   8.6395787433623847E-02
   6.5000000000000000E+08   6.1378575741259458E-05   1.6292329822306181E+04   8.6508692361589104E-02
   6.6000000000000000E+08   6.1439908339460539E-05   1.6276065948453537E+04   8.6619874420374582E-02
   6.7000000000000000E+08   6.1500318636189717E-05   1.6260078356920132E+04   8.6729385400658235E-02
   6.8000000000000000E+08   6.1559833960340141E-05   1.6244358304219098E+04   8.6837274792667965E-02
   6.9000000000000000E+08   6.1618480445258832E-05   1.6228897447225901E+04   8.6943589921011116E-02
   7.0000000000000000E+08   6.1676283090134000E-05   1.6213687821274763E+04   8.7048376064771227E-02
   7.1000000000000000E+08   6.1733265835839236E-05   1.6198721814899520E+04   8.7151676580461260E-02
   7.2000000000000000E+08   6.1789451615010119E-05   1.6183992151778162E+04   8.7253533004015046E-02
   7.3000000000000000E+08   6.1844862415609696E-05   1.6169491869507327E+04   8.7353985155984457E-02
   7.4000000000000000E+08   6.1899519324329333E-05   1.6155214304014064E+04   8.7453071230013765E-02
   7.5000000000000000E+08   6.1953442580018554E-05   1.6141153071653904E+04   8.7550827883196417E-02
   7.6000000000000000E+08   6.2006651617726481E-05   1.6127302054060921E+04   8.7647290316918744E-02
   7.7000000000000000E+08   6.2059165108852287E-05   1.6113655384277117E+04   8.7742492351806631E-02
   7.8000000000000000E+08   6.2111001003681800E-05   1.6100207432508172E+04   8.7836466500848948E-02
   7.9000000000000000E+08   6.2162176563620501E-05   1.6086952794784143E+04   8.7929244033274651E-02
   8.0000000000000000E+08   6.2212708405205285E-05   1.6073886278777265E+04   8.8020855042760540E-02
   8.1000000000000000E+08   6.2262612523679111E-05   1.6061002895111251E+04   8.8111328500693628E-02
   8.2000000000000000E+08   6.2311904313979867E-05   1.6048297849495304E+04   8.8200692305498388E-02
   8.3000000000000000E+08   6.2360598629722581E-05   1.6035766525233064E+04   8.8288973352687802E-02
   8.4000000000000000E+08   6.2408709773597998E-05   1.6023404483568576E+04   8.8376197561414058E-02
   8.5000000000000000E+08   6.2456251557106010E-05   1.6011207446314065E+04   8.8462389941015199E-02
   8.6000000000000000E+08   6.2503237293137689E-05   1.5999171295880886E+04   8.8547574615180064E-02
   8.7000000000000000E+08   6.2549679841313033E-05   1.5987292061877457E+04   8.8631774876366171E-02
   8.8000000000000000E+08   6.2595591608854794E-05   1.5975565919222654E+04   8.8715013211779409E-02
   8.9000000000000000E+08   6.2640984605199168E-05   1.5963989172625501E+04   8.8797311360410816E-02
   9.0000000000000000E+08   6.2685870414823131E-05   1.5952558262053475E+04   8.8878690319294490E-02
   9.1000000000000000E+08   6.2730260245104388E-05   1.5941269749124665E+04   8.8959170393861087E-02
   9.2000000000000000E+08   6.2774164939922457E-05   1.5930120312345734E+04   8.9038771226420232E-02
   9.3000000000000000E+08   6.2817594988453368E-05   1.5919106743641050E+04   8.9117511820645159E-02
   9.4000000000000000E+08   6.2860560542610637E-05   1.5908225942753734E+04   8.9195410570244368E-02
   9.5000000000000000E+08   6.2903071434040436E-05   1.5897474911834643E+04   8.9272485286425576E-02
   9.6000000000000000E+08   6.2945137180774459E-05   1.5886850752712848E+04   8.9348753218186458E-02
   9.7000000000000000E+08   6.2986767016474555E-05   1.5876350658519184E+04   8.9424231085445560E-02
   9.8000000000000000E+08   6.3027969875137184E-05   1.5865971916612103E+04   8.9498935084429548E-02
   9.9000000000000000E+08   6.3068754431710544E-05   1.5855711897446432E+04   8.9572880926136508E-02
   1.0000000000000000E+09   6.3109129092550717E-05   1.5845568056144168E+04   8.9646083843771110E-02
   1.1000000000000000E+09   6.3492013697115566E-05   1.5750012352268961E+04   9.0340300317014774E-02
   1.2000000000000000E+09   6.3841560329850391E-05   1.5663777558588748E+04   9.0974088777964923E-02
   1.3000000000000000E+09   6.4163112334562946E-05   1.5585278887123546E+04   9.1557131884790671E-02
   1.4000000000000000E+09   6.4460823174287052E-05   1.5513298632507889E+04   9.2096956681538666E-02
   1.5000000000000000E+09   6.4737985490718219E-05   1.5446881647921757E+04   9.2599530522036386E-02
   1.6000000000000000E+09   6.4997253630612201E-05   1.5385265440338904E+04   9.3069664248335016E-02
   1.7000000000000000E+09   6.5240798701652876E-05   1.5327831968658367E+04   9.3511293018081532E-02
   1.8000000000000000E+09   6.5470419150053189E-05   1.5274073588991034E+04   9.3927676701793639E-02
   1.9000000000000000E+09   6.5687621525182933E-05   1.5223568410322576E+04   9.4321546111411872E-02
   2.0000000000000000E+09   6.5893680335172097E-05   1.5175962169868812E+04   9.4695211582067021E-02
   2.1000000000000000E+09   6.6089683459080519E-05   1.5130954600791076E+04   9.5050645144903537E-02
   2.2000000000000000E+09   6.6276566804595772E-05   1.5088289092407513E+04   9.5389543460359508E-02
   2.3000000000000000E+09   6.6455141447595308E-05   1.5047744662293326E+04   9.5713376869007105E-02
   2.4000000000000000E+09   6.6626114849762711E-05   1.5009129712199656E+04   9.6023427911295117E-02
   2.5000000000000000E+09   6.6790107771620230E-05   1.4972277083596951E+04   9.6320821997775044E-02
   2.6000000000000000E+09   6.6947667932493502E-05   1.4937040092394966E+04   9.6606552101190679E-02
   2.7000000000000000E+09   6.7099281006833433E-05   1.4903289349675142E+04   9.6881498735650676E-02
   2.8000000000000000E+09   6.7245379654376117E-05   1.4870910167207649E+04   9.7146446321980787E-02
   2.9000000000000000E+09   6.7386350961264738E-05   1.4839800430428764E+04   9.7402096678094061E-02
   3.0000000000000000E+09   6.7522542648741028E-05   1.4809868834503161E+04   9.7649080239611913E-02
   3.1000000000000000E+09   6.7654268221952041E-05   1.4781033425996415E+04   9.7887965415035666E-02
   3.2000000000000000E+09   6.7781811344086134E-05   1.4753220372403764E+04   9.8119266481387524E-02
   3.3000000000000000E+09   6.7905429443990102E-05   1.4726362946056062E+04   9.8343450208270677E-02
   3.4000000000000000E+09   6.8025356870592932E-05   1.4700400644752750E+04   9.8560941544564531E-02
   3.5000000000000000E+09   6.8141807665203391E-05   1.4675278426912793E+04   9.8772128526219971E-02
   3.6000000000000000E+09   6.8254977713999945E-05   1.4650946106673298E+04   9.8977366353944010E-02
   3.7000000000000000E+09   6.8365046828019896E-05   1.4627357785852391E+04   9.9176981046739790E-02
   3.8000000000000000E+09   6.8472180423694395E-05   1.4604471389872026E+04   9.9371272534278077E-02
   3.9000000000000000E+09   6.8576531025102378E-05   1.4582248256826393E+04   9.9560517371885288E-02
   4.0000000000000000E+09   6.8678239509912332E-05   1.4560652793897989E+04   9.9744971071726099E-02
   4.1000000000000000E+09   6.8777436452950979E-05   1.4539652123906604E+04   9.9924870298216520E-02
   4.2000000000000000E+09   6.8874242869992623E-05   1.4519215868370493E+04   1.0010043453412387E-01
   4.3000000000000000E+09   6.8968771267921471E-05   1.4499315873198932E+04   1.0027186778880055E-01
   4.4000000000000000E+09   6.9061126396843968E-05   1.4479926004301304E+04   1.0043936000278451E-01
   4.5000000000000000E+09   6.9151405982826624E-05   1.4461021953022109E+04   1.0060308833395296E-01
   4.6000000000000000E+09   6.9239701237991738E-05   1.4442581093219700E+04   1.0076321821645270E-01
   4.7000000000000000E+09   6.9326097529733916E-05   1.4424582309297028E+04   1.0091990443503390E-01
   4.8000000000000000E+09   6.9410674781657201E-05   1.4407005884118922E+04   1.0107329196674066E-01
   4.9000000000000000E+09   6.9493508064787893E-05   1.4389833350587412E+04   1.0122351687584791E-01
   5.0000000000000000E+09   6.9574667849960333E-05   1.4373047416575922E+04   1.0137070694960446E-01
   5.1000000000000000E+09   6.9654220403539936E-05   1.4356631862456084E+04   1.0151498237285331E-01
   5.2000000000000000E+09   6.9732228142166931E-05   1.4340571449419989E+04   1.0165645633554467E-01
   5.3000000000000000E+09   6.9808749919031394E-05   1.4324851843928784E+04   1.0179523556148236E-01
   5.4000000000000000E+09   6.9883841321627079E-05   1.4309459541551108E+04   1.0193142081069149E-01
   5.5000000000000000E+09   6.9957554801580146E-05   1.4294381826756086E+04   1.0206510725076044E-01
   5.6000000000000000E+09   7.0029940048547823E-05   1.4279606684037661E+04   1.0219638494929394E-01
   5.7000000000000000E+09   7.0101044058210800E-05   1.4265122772916420E+04   1.0232533915788761E-01
   5.8000000000000000E+09   7.0170911423700482E-05   1.4250919358334664E+04   1.0245205071007377E-01
   5.9000000000000000E+09   7.0239584427410671E-05   1.4236986282762728E+04   1.0257659627956159E-01
   6.0000000000000000E+09   7.0307103169689171E-05   1.4223313931544837E+04   1.0269904864381338E-01
   6.1000000000000000E+09   7.0373505884752409E-05   1.4209893161179949E+04   1.0281947704542792E-01
   6.2000000000000000E+09   7.0438828870275454E-05   1.4196715306577040E+04   1.0293794730609405E-01
   6.3000000000000000E+09   7.0503106609044874E-05   1.4183772149860270E+04   1.0305452204415694E-01
   6.4000000000000000E+09   7.0566372037169628E-05   1.4171055860336242E+04   1.0316926096944840E-01
   6.5000000000000000E+09   7.0628656580365247E-05   1.4158558981822684E+04   1.0328222102759145E-01
   6.6000000000000000E+09   7.0689990158515713E-05   1.4146274426656355E+04   1.0339345651582300E-01
   6.7000000000000000E+09   7.0750401453602090E-05   1.4134195417333389E+04   1.0350301934952265E-01
   6.8000000000000000E+09   7.0809917650416652E-05   1.4122315534060166E+04   1.0361095900222327E-01
   6.9000000000000000E+09   7.0868565005121072E-05   1.4110628597146544E+04   1.0371732293911681E-01
   7.0000000000000000E+09   7.0926368506797469E-05   1.4099128731004490E+04   1.0382215649568419E-01
   7.1000000000000000E+09   7.0983352024930386E-05   1.4087810331199711E+04   1.0392550304428450E-01
   7.2000000000000000E+09   7.1039538596358548E-05   1.4076668004305700E+04   1.0402740423949478E-01
   7.3000000000000000E+09   7.1094950132833421E-05   1.4065696623059805E+04   1.0412789990843610E-01
   7.4000000000000000E+09   7.1149607747575985E-05   1.4054891258821724E+04   1.0422702831052708E-01
   7.5000000000000000E+09   7.1203531673516318E-05   1.4044247195282640E+04   1.0432482614638580E-01
   7.6000000000000000E+09   7.1256741377267137E-05   1.4033759903579141E+04   1.0442132868107824E-01
   7.7000000000000000E+09   7.1309255463233620E-05   1.4023425058975559E+04   1.0451656973698918E-01
   7.8000000000000000E+09   7.1361091970861750E-05   1.4013238480267672E+04   1.0461058192110533E-01
   7.9000000000000000E+09   7.1412268113087463E-05   1.4003196179351344E+04   1.0470339651139000E-01
   8.0000000000000000E+09   7.1462800523278825E-05   1.3993294310852718E+04   1.0479504364784979E-01
   8.1000000000000000E+09   7.1512705165658426E-05   1.3983529188044429E+04   1.0488555231746789E-01
   8.2000000000000000E+09   7.1561997492646250E-05   1.3973897250461192E+04   1.0497495048605436E-01
   8.3000000000000000E+09   7.1610692289476573E-05   1.3964395092811488E+04   1.0506326503889886E-01
   8.4000000000000000E+09   7.1658803933950278E-05   1.3955019412851565E+04   1.0515052197012838E-01
   8.5000000000000000E+09   7.1706346129293908E-05   1.3945767062191364E+04   1.0523674625182461E-01
   8.6000000000000000E+09   7.1753332354275193E-05   1.3936634957420460E+04   1.0532196213483429E-01
   8.7000000000000000E+09   7.1799775307317365E-05   1.3927620187107837E+04   1.0540619283979760E-01
   8.8000000000000000E+09   7.1845687503904461E-05   1.3918719894574815E+04   1.0548946094383739E-01
   8.9000000000000000E+09   7.1891080897655904E-05   1.3909931350505072E+04   1.0557178817556050E-01
   9.0000000000000000E+09   7.1935967109061313E-05   1.3901251907601540E+04   1.0565319557609457E-01
   9.1000000000000000E+09   7.1980357310303251E-05   1.3892679021987300E+04   1.0573370345091558E-01
   9.2000000000000000E+09   7.2024262336024784E-05   1.3884210230915818E+04   1.0581333145714684E-01
   9.3000000000000000E+09   7.2067692758701017E-05   1.3875843137482243E+04   1.0589209866834336E-01
   9.4000000000000000E+09   7.2110658643280052E-05   1.3867575457143457E+04   1.0597002344434585E-01
   9.5000000000000000E+09   7.2153169858820055E-05   1.3859404956936338E+04   1.0604712363683491E-01
   9.6000000000000000E+09   7.2195235933550294E-05   1.3851329482743389E+04   1.0612341651814070E-01
   9.7000000000000000E+09   7.2236866048680339E-05   1.3843346959793374E+04   1.0619891879291329E-01
   9.8000000000000000E+09   7.2278069279460791E-05   1.3835455345846787E+04   1.0627364675850852E-01
   9.9000000000000000E+09   7.2318854111396363E-05   1.3827652723308502E+04   1.0634761602655865E-01
   1.0000000000000000E+10   7.2359228978499793E-05   1.3819937195532193E+04   1.0642084186148311E-01
   1.1000000000000000E+10   7.2742116004793596E-05   1.3747194265480284E+04   1.0711526483890137E-01
   1.2000000000000000E+10   7.3091664497629551E-05   1.3681450639729670E+04   1.0774922516203078E-01
   1.3000000000000000E+10   7.3413217810433450E-05   1.3621525248793558E+04   1.0833241343728738E-01
   1.4000000000000000E+10   7.3710929751819856E-05   1.3566509110208464E+04   1.0887236258399255E-01
   1.5000000000000000E+10   7.3988093003358768E-05   1.3515688260198896E+04   1.0937504413112545E-01
   1.6000000000000000E+10   7.4247361864240337E-05   1.3468492009567668E+04   1.0984527200241248E-01
   1.7000000000000000E+10   7.4490907478609971E-05   1.3424457210259518E+04   1.1028698375425544E-01
   1.8000000000000000E+10   7.4720528419669732E-05   1.3383202998558509E+04   1.1070344118123189E-01
   1.9000000000000000E+10   7.4937731171623265E-05   1.3344412545794701E+04   1.1109737651331522E-01
   2.0000000000000000E+10   7.5143790342263472E-05   1.3307819521017234E+04   1.1147110131121299E-01
   2.1000000000000000E+10   7.5339793840658334E-05   1.3273197987705855E+04   1.1182658856711482E-01
   2.2000000000000000E+10   7.5526677372892554E-05   1.3240354730061412E+04   1.1216553559058938E-01
   2.3000000000000000E+10   7.5705252323046688E-05   1.3209123136302838E+04   1.1248941354533600E-01
   2.4000000000000000E+10   7.5876225807737705E-05   1.3179358743197032E+04   1.1279950529355638E-01
   2.5000000000000000E+10   7.6040218904021534E-05   1.3150935313090127E+04   1.1309693688253686E-01
   2.6000000000000000E+10   7.6197779246015793E-05   1.3123742055150353E+04   1.1338270161021506E-01
   2.7000000000000000E+10   7.6349392446759128E-05   1.3097681172739287E+04   1.1365768027446735E-01
   2.8000000000000000E+10   7.6495491191995544E-05   1.3072665910335900E+04   1.1392265758671724E-01
   2.9000000000000000E+10   7.6636462553955766E-05   1.3048618982066819E+04   1.1417833559334499E-01
   3.0000000000000000E+10   7.6772654222627057E-05   1.3025471245271498E+04   1.1442534491649181E-01
   3.1000000000000000E+10   7.6904380147943432E-05   1.3003160523188249E+04   1.1466425441219345E-01
   3.2000000000000000E+10   7.7031923232099265E-05   1.2981630965995399E+04   1.1489557805390711E-01
   3.3000000000000000E+10   7.7155541296331924E-05   1.2960831888396608E+04   1.1511978298576808E-01
   3.4000000000000000E+10   7.7275468929863006E-05   1.2940717330458689E+04   1.1533729442325058E-01
   3.5000000000000000E+10   7.7391919689935053E-05   1.2921245577140682E+04   1.1554850021674688E-01
   3.6000000000000000E+10   7.7505089784254857E-05   1.2902378447449395E+04   1.1575375585709588E-01
   3.7000000000000000E+10   7.7615158939449528E-05   1.2884081069525830E+04   1.1595338739716518E-01
   3.8000000000000000E+10   7.7722292724377126E-05   1.2866321423973592E+04   1.1614769493480678E-01
   3.9000000000000000E+10   7.7826643090749188E-05   1.2849070193532021E+04   1.1633695474775838E-01
   4.0000000000000000E+10   7.7928351803271414E-05   1.2832300143142773E+04   1.1652142294577635E-01
   4.1000000000000000E+10   7.8027548530427342E-05   1.2815986389858754E+04   1.1670133570090756E-01
   4.2000000000000000E+10   7.8124355304895178E-05   1.2800105627717627E+04   1.1687691316077579E-01
   4.3000000000000000E+10   7.8218883558205742E-05   1.2784636580191802E+04   1.1704835873009979E-01
   4.4000000000000000E+10   7.8311238840387453E-05   1.2769559194921971E+04   1.1721586287440329E-01
   4.5000000000000000E+10   7.8401518268925833E-05   1.2754855034438111E+04   1.1737960242133726E-01
   4.6000000000000000E+10   7.8489813448969072E-05   1.2740506774807918E+04   1.1753974307698893E-01
   4.7000000000000000E+10   7.8576210082940086E-05   1.2726498248572479E+04   1.1769643986018143E-01
   4.8000000000000000E+10   7.8660787281880715E-05   1.2712814536377609E+04   1.1784983728547964E-01
   4.9000000000000000E+10   7.8743620679230127E-05   1.2699441445213681E+04   1.1800007178373610E-01
   5.0000000000000000E+10   7.8824780131659728E-05   1.2686365865273798E+04   1.1814727079519456E-01
   5.1000000000000000E+10   7.8904332643358729E-05   1.2673575284134526E+04   1.1829155497316042E-01
   5.2000000000000000E+10   7.8982340597067840E-05   1.2661058059820583E+04   1.1843303750796007E-01
   5.3000000000000000E+10   7.9058862543168835E-05   1.2648803281908667E+04   1.1857182495927408E-01
   5.4000000000000000E+10   7.9133953661378344E-05   1.2636800687086792E+04   1.1870801785856856E-01
   5.5000000000000000E+10   7.9207667202590461E-05   1.2625040419916513E+04   1.1884171187295958E-01
   5.6000000000000000E+10   7.9280052540138283E-05   1.2613513336078018E+04   1.1897299689396176E-01
   5.7000000000000000E+10   7.9351156785212952E-05   1.2602210736596970E+04   1.1910195825753821E-01
   5.8000000000000000E+10   7.9421024045673951E-05   1.2591124478890046E+04   1.1922867651666617E-01
   5.9000000000000000E+10   7.9489697028301543E-05   1.2580246716048745E+04   1.1935322861424845E-01
   6.0000000000000000E+10   7.9557215867970889E-05   1.2569570077207696E+04   1.1947568735989521E-01
   6.1000000000000000E+10   7.9623618408579532E-05   1.2559087617302370E+04   1.1959612177112297E-01
   6.2000000000000000E+10   7.9688941182249026E-05   1.2548792657603455E+04   1.1971459782132726E-01
   6.3000000000000000E+10   7.9753219268574794E-05   1.2538678804079709E+04   1.1983117849909559E-01
   6.4000000000000000E+10   7.9816484894956920E-05   1.2528740163339160E+04   1.1994592309464375E-01
   6.5000000000000000E+10   7.9878769187247719E-05   1.2518971062959814E+04   1.2005888838054800E-01
   6.6000000000000000E+10   7.9940102473203395E-05   1.2509366001065719E+04   1.2017012890851612E-01
   6.7000000000000000E+10   8.0000513969128305E-05   1.2499919692839647E+04   1.2027969692412246E-01
   6.8000000000000000E+10   8.0060030100616352E-05   1.2490627329807881E+04   1.2038764144884863E-01
   6.9000000000000000E+10   8.0118677870570434E-05   1.2481484050641389E+04   1.2049401040591758E-01
   7.0000000000000000E+10   8.0176480854614183E-05   1.2472485563607146E+04   1.2059884828222345E-01
   7.1000000000000000E+10   8.0233464798051571E-05   1.2463627272198828E+04   1.2070219959006624E-01
   7.2000000000000000E+10   8.0289651122834947E-05   1.2454905283746999E+04   1.2080410501306714E-01
   7.3000000000000000E+10   8.0345062660887700E-05   1.2446315515624137E+04   1.2090460493991630E-01
   7.4000000000000000E+10   8.0399720277035309E-05   1.2437854218326574E+04   1.2100373748460382E-01
   7.5000000000000000E+10   8.0453644091760989E-05   1.2429517783674974E+04   1.2110153928446289E-01
   7.6000000000000000E+10   8.0506854061006546E-05   1.2421302653836397E+04   1.2119804590465294E-01
   7.7000000000000000E+10   8.0559367919009887E-05   1.2413205637429370E+04   1.2129329064585877E-01
   7.8000000000000000E+10   8.0611204816313640E-05   1.2405223346787465E+04   1.2138730679044581E-01
   7.9000000000000000E+10   8.0662380963234518E-05   1.2397352868319060E+04   1.2148012501411876E-01
   8.0000000000000000E+10   8.0712913338020417E-05   1.2389591189851682E+04   1.2157177566895713E-01
   8.1000000000000000E+10   8.0762818024856698E-05   1.2381935455647748E+04   1.2166228781775310E-01
   8.2000000000000000E+10   8.0812110069321196E-05   1.2374382987180921E+04   1.2175168918358331E-01
   8.3000000000000000E+10   8.0860804576535911E-05   1.2366931113744804E+04   1.2184000684814217E-01
   8.4000000000000000E+10   8.0908916218198605E-05   1.2359577247372312E+04   1.2192726698613393E-01
   8.5000000000000000E+10   8.0956458708037363E-05   1.2352318962053612E+04   1.2201349457894191E-01
   8.6000000000000000E+10   8.1003444675640368E-05   1.2345154011712339E+04   1.2209871336633343E-01
   8.7000000000000000E+10   8.1049888147942482E-05   1.2338079951136688E+04   1.2218294737500056E-01
   8.8000000000000000E+10   8.1095799732140735E-05   1.2331094869315035E+04   1.2226621803052899E-01
   8.9000000000000000E+10   8.1141193478080590E-05   1.2324196343872354E+04   1.2234854833098062E-01
   9.0000000000000000E+10   8.1186079374861235E-05   1.2317382582088869E+04   1.2242995833379773E-01
   9.1000000000000000E+10   8.1230469891187693E-05   1.2310651425992617E+04   1.2251046913019482E-01
   9.2000000000000000E+10   8.1274375009022989E-05   1.2304001105994126E+04   1.2259009986380752E-01
   9.3000000000000000E+10   8.1317805758175833E-05   1.2297429704065256E+04   1.2266886988651392E-01
   9.4000000000000000E+10   8.1360770942565274E-05   1.2290935648900460E+04   1.2274679679768616E-01
   9.5000000000000000E+10   8.1403282677418738E-05   1.2284516878302748E+04   1.2282389980869350E-01
   9.6000000000000000E+10   8.1445348370755153E-05   1.2278172050388986E+04   1.2290019491189347E-01
   9.7000000000000000E+10   8.1486978678239278E-05   1.2271899341717102E+04   1.2297569970472244E-01
   9.8000000000000000E+10   8.1528181762463082E-05   1.2265697313274521E+04   1.2305042993441892E-01
   9.9000000000000000E+10   8.1568966593253316E-05   1.2259564412364538E+04   1.2312440150700460E-01
   1.0000000000000000E+11   8.1609341459179153E-05   1.2253499196537425E+04   1.2319762960029980E-01
