   1.0000000000000000E+00   0.0000000000000000E+00   1.0000000000000000E+30   0.0000000000000000E+00
   2.0000000000000000E+00   0.0000000000000000E+00   1.0000000000000000E+30   0.0000000000000000E+00
   3.0000000000000000E+00   0.0000000000000000E+00   1.0000000000000000E+30   0.0000000000000000E+00
   4.0000000000000000E+00   0.0000000000000000E+00   1.0000000000000000E+30   0.0000000000000000E+00
   5.0000000000000000E+00   0.0000000000000000E+00   1.0000000000000000E+30   0.0000000000000000E+00
   6.0000000000000000E+00   0.0000000000000000E+00   1.0000000000000000E+30   0.0000000000000000E+00
   7.0000000000000000E+00   0.0000000000000000E+00   1.0000000000000000E+30   0.0000000000000000E+00
   7.4189999999999996E+00   0.0000000000000000E+00   1.0000000000000000E+30   0.0000000000000000E+00
   7.4210000000000003E+00   0.0000000000000000E+00   1.0000000000000000E+30   0.0000000000000000E+00
   8.0000000000000000E+00   3.5636106282993191E-01   2.8061427139620903E+00   2.6771986272429742E+00
   9.0000000000000000E+00   1.4968823662312303E+00   6.6805516756653782E-01   1.1754859010941665E+01
   1.0000000000000000E+01   2.6860914375429843E+00   3.7228814552743522E-01   2.1891806392773464E+01
   1.1000000000000000E+01   3.8995780122656258E+00   2.5643800351079721E-01   3.3049935966117111E+01
   1.2000000000000000E+01   4.9526964731647354E+00   2.0191021303613380E-01   4.3730204384691696E+01
   1.3000000000000000E+01   5.5724925061473813E+00   1.7945291068526958E-01   5.0609000310596443E+01
   1.4000000000000000E+01   6.2362245808487327E+00   1.6035342971306255E-01   5.8972801045532009E+01
   1.5000000000000000E+01   6.5770906589765925E+00   1.5204290952492389E-01   6.3924685896267214E+01
   1.5049000000000001E+01   6.5828349531899910E+00   1.5191023428521597E-01   6.4026609282140527E+01
   1.5051000000000000E+01   6.5830358621065379E+00   1.5190559810804452E-01   6.4030295805735619E+01
   1.6000000000000000E+01   6.8167848806833780E+00   1.4669672250237575E-01   6.7998738070897801E+01
   1.7000000000000000E+01   6.9835416136449942E+00   1.4319381988733643E-01   7.1426384733915640E+01
   1.8000000000000000E+01   7.0922766565012969E+00   1.4099844780918513E-01   7.4299609408224342E+01
   1.9000000000000000E+01   6.9896093676616875E+00   1.4306951181372549E-01   7.3751729234512538E+01
   2.0000000000000000E+01   7.0545700058340071E+00   1.4175208399279013E-01   7.6269463759030501E+01
   2.1000000000000000E+01   7.0872318949827111E+00   1.4109881189409559E-01   7.8452982202640882E+01
   2.2000000000000000E+01   6.9309874687873405E+00   1.4427958562951523E-01   7.7013189102947791E+01
   2.3000000000000000E+01   6.9456331466593504E+00   1.4397535528938371E-01   7.9046949954502551E+01
   2.4000000000000000E+01   6.9319743207846880E+00   1.4425904565191780E-01   8.0678690601703622E+01
   2.4998999999999999E+01   6.7809053910998189E+00   1.4747293205307596E-01   7.9222607691082132E+01
   2.5001000000000001E+01   6.7805761018562354E+00   1.4748009387082056E-01   7.9219034844734537E+01
   2.6000000000000000E+01   6.7596498750284155E+00   1.4793665625999547E-01   8.0790836523650469E+01
   2.6998999999999999E+01   6.6087547125734929E+00   1.5131443721121154E-01   7.9203911668774452E+01
   2.7001000000000001E+01   6.6084431114001116E+00   1.5132157198643617E-01   7.9200430155021493E+01
   2.8000000000000000E+01   6.5788951646398042E+00   1.5200120612573256E-01   8.0635789515080390E+01
   2.9000000000000000E+01   6.4354053739639987E+00   1.5539036655651001E-01   7.9073199307843979E+01
   3.0000000000000000E+01   6.3943077783229576E+00   1.5638909396730216E-01   8.0248856481047312E+01
   3.1000000000000000E+01   6.2639979159534267E+00   1.5964245413510691E-01   7.8868466150567656E+01
   3.2000000000000000E+01   6.1285488711404499E+00   1.6317076375274334E-01   7.7252730429854779E+01
   3.3000000000000000E+01   6.0953094407590802E+00   1.6406057965048368E-01   7.8588356978168207E+01
   3.4000000000000000E+01   5.9698253737743858E+00   1.6750908735003017E-01   7.7075895203694543E+01
   3.5000000000000000E+01   5.8467123841392015E+00   1.7103629087566755E-01   7.5541742011703661E+01
   3.6000000000000000E+01   5.8144033028106810E+00   1.7198669371913028E-01   7.6843067403703301E+01
   3.7000000000000000E+01   5.7001448893533260E+00   1.7543413709847802E-01   7.5403198107554701E+01
   3.8000000000000000E+01   5.5888862427769457E+00   1.7892652606633319E-01   7.3970510614664519E+01
   3.9000000000000000E+01   5.5565934464743725E+00   1.7996637861538972E-01   7.5207973133879563E+01
   4.0000000000000000E+01   5.4532260414921501E+00   1.8337769100185203E-01   7.3865462539539678E+01
   4.1000000000000000E+01   5.3526533440942954E+00   1.8682323246345162E-01   7.2534147601208005E+01
   4.2000000000000000E+01   5.3198687275709915E+00   1.8797456313486743E-01   7.3687221869044862E+01
   4.3000000000000000E+01   5.2265670972979903E+00   1.9133017550219075E-01   7.2452334385560320E+01
   4.4000000000000000E+01   5.1354868534142781E+00   1.9472350500423538E-01   7.1218103055834518E+01
   4.5000000000000000E+01   5.0985464047250524E+00   1.9613433332160224E-01   7.2130664120205594E+01
   4.6000000000000000E+01   5.0176362348306558E+00   1.9929703015502676E-01   7.1142567685165787E+01
   4.7000000000000000E+01   4.9350663426766808E+00   2.0263152115147054E-01   7.0004785219160681E+01
   4.8000000000000000E+01   4.8547378157961152E+00   2.0598434723833031E-01   6.8882242810015242E+01
   4.9000000000000000E+01   4.8215229931248746E+00   2.0740334567022167E-01   6.9793124204104743E+01
   5.0000000000000000E+01   4.7492191726969466E+00   2.1056092878361068E-01   6.8869772742395398E+01
   5.1000000000000000E+01   4.6760889555329568E+00   2.1385392996357686E-01   6.7834022720496748E+01
   5.2000000000000000E+01   4.6048859035122822E+00   2.1716064652921602E-01   6.6812951314700825E+01
   5.3000000000000000E+01   4.5357205918695280E+00   2.2047213441510102E-01   6.5814788117390862E+01
   5.4000000000000000E+01   4.5093092310965099E+00   2.2176345616395760E-01   6.6833111874774048E+01
   5.5000000000000000E+01   4.4443623305352205E+00   2.2500415709345942E-01   6.5897265197784989E+01
   5.6000000000000000E+01   4.3809109603120024E+00   2.2826302772626578E-01   6.4967198846008785E+01
   5.7000000000000000E+01   4.3191535427136802E+00   2.3152684666350398E-01   6.4055521813373275E+01
   5.8000000000000000E+01   4.2590928458666184E+00   2.3479178223843705E-01   6.3165140254982546E+01
   5.9000000000000000E+01   4.2354768512374088E+00   2.3610092443495395E-01   6.4149499333605945E+01
   6.0000000000000000E+01   4.1787408953830445E+00   2.3930653396214821E-01   6.3306353299835628E+01
   6.1000000000000000E+01   4.1233212577990974E+00   2.4252294145369832E-01   6.2472359033530957E+01
   6.2000000000000000E+01   4.0693098397182448E+00   2.4574191678391324E-01   6.1654891334627393E+01
   6.3000000000000000E+01   4.0166972440927093E+00   2.4896076035371692E-01   6.0855815691890136E+01
   6.4000000000000000E+01   3.9948840134847590E+00   2.5032015863902257E-01   6.1784859623006383E+01
   6.5000000000000000E+01   3.9451178382087062E+00   2.5347785313658805E-01   6.1032569155754530E+01
   6.6000000000000000E+01   3.8963554807985661E+00   2.5665009389621918E-01   6.0282719761343749E+01
   6.7000000000000000E+01   3.8487429309726817E+00   2.5982509560524819E-01   5.9545929430663094E+01
   6.8000000000000000E+01   3.8022826077814931E+00   2.6299991430238984E-01   5.8824386244521797E+01
   6.9000000000000000E+01   3.7569506250771219E+00   2.6617331442290976E-01   5.8118646273283645E+01
   7.0000000000000000E+01   3.7377258683647820E+00   2.6754236003869653E-01   5.9013491380292706E+01
   7.1000000000000000E+01   3.6945986102141415E+00   2.7066539711117343E-01   5.8342051607985326E+01
   7.2000000000000000E+01   3.6523407803200860E+00   2.7379701406514467E-01   5.7675841669186461E+01
   7.3000000000000000E+01   3.6110240607781687E+00   2.7692975265983194E-01   5.7021187172957610E+01
   7.4000000000000000E+01   3.5706424337278442E+00   2.8006164676533402E-01   5.6379410142808389E+01
   7.5000000000000000E+01   3.5311761690138743E+00   2.8319176165013110E-01   5.5750889266739499E+01
   7.6000000000000000E+01   3.5135868880571590E+00   2.8460944096730478E-01   5.6587582571555664E+01
   7.7000000000000000E+01   3.4760763346281829E+00   2.8768067894198440E-01   5.5999267940177376E+01
   7.8000000000000000E+01   3.4391389257647020E+00   2.9077045783419386E-01   5.5405445835670491E+01
   7.9000000000000000E+01   3.4029543729897855E+00   2.9386230034034072E-01   5.4820062233451296E+01
   8.0000000000000000E+01   3.3675300990037327E+00   2.9695354476440916E-01   5.4245076247818240E+01
   8.1000000000000000E+01   3.3328540634780515E+00   3.0004314048975628E-01   5.3681042444057745E+01
   8.2000000000000000E+01   3.2989079884436094E+00   3.0313061276734482E-01   5.3128022924835065E+01
   8.3000000000000000E+01   3.2833642142378263E+00   3.0456566337162572E-01   5.3923280979197003E+01
   8.4000000000000000E+01   3.2509998696712272E+00   3.0759767458899651E-01   5.3405640022643304E+01
   8.5000000000000000E+01   3.2190741578224342E+00   3.1064832649784535E-01   5.2881032177514768E+01
   8.6000000000000000E+01   3.1877527232090936E+00   3.1370061821900208E-01   5.2363227328729288E+01
   8.7000000000000000E+01   3.1570425938296847E+00   3.1675214073907676E-01   5.1853950785781741E+01
   8.8000000000000000E+01   3.1269347634028684E+00   3.1980200281241428E-01   5.1353673373558095E+01
   8.9000000000000000E+01   3.0974163521739770E+00   3.2284971934694290E-01   5.0862524742832619E+01
   8.9998999999999995E+01   3.0685005966981671E+00   3.2589206633234530E-01   5.0380880675403546E+01
   9.0001000000000005E+01   3.0684431771195371E+00   3.2589816472949573E-01   5.0379918551840376E+01
   9.1000000000000000E+01   3.0550861287800894E+00   3.2732301409757797E-01   5.1146692900467976E+01
   9.2000000000000000E+01   3.0272894758354174E+00   3.3032850276864850E-01   5.0685938179006463E+01
   9.3000000000000000E+01   2.9999221320649485E+00   3.3334198555069366E-01   5.0225507231488784E+01
   9.4000000000000000E+01   2.9730418207208595E+00   3.3635584707568456E-01   4.9771184510403465E+01
   9.5000000000000000E+01   2.9466489961217466E+00   3.3936855095946528E-01   4.9323976618040952E+01
   9.6000000000000000E+01   2.9207361916230044E+00   3.4237943257871462E-01   4.8884203554359893E+01
   9.7000000000000000E+01   2.8952926922112097E+00   3.4538822368120387E-01   4.8451881042553516E+01
   9.8000000000000000E+01   2.8703076401040626E+00   3.4839471073691086E-01   4.8026981930988285E+01
   9.9000000000000000E+01   2.8579071192787606E+00   3.4990640292479708E-01   4.8706445713566950E+01
   1.0000000000000000E+02   2.8343163910696285E+00   3.5281876192467532E-01   4.8342288890492291E+01
   1.1000000000000000E+02   2.6248210286286997E+00   3.8097835589287238E-01   4.5583945133412257E+01
   1.1099900000000000E+02   2.6047348235080361E+00   3.8391624013887454E-01   4.5231631432428337E+01
   1.1100100000000000E+02   2.6046948831137442E+00   3.8392212711093626E-01   4.5230926277130166E+01
   1.2000000000000000E+02   2.4460270067558447E+00   4.0882623014301711E-01   4.3232099830191551E+01
   1.3000000000000000E+02   2.2910649345921525E+00   4.3647824420044939E-01   4.1153118791577604E+01
   1.4000000000000000E+02   2.1501479247199318E+00   4.6508428025027887E-01   3.8615472690995396E+01
   1.4399900000000000E+02   2.1048270565856586E+00   4.7509841574449752E-01   3.8476932686935939E+01
   1.4400100000000000E+02   2.1048018163669893E+00   4.7510411299723154E-01   3.8476456424945155E+01
   1.4799900000000000E+02   2.0557033253943908E+00   4.8645151644542300E-01   3.7561955074360895E+01
   1.4800100000000000E+02   2.0556793716864745E+00   4.8645718479901007E-01   3.7561509260368588E+01
   1.5000000000000000E+02   2.0320118659311039E+00   4.9212311048281326E-01   3.7119058209261752E+01
   1.5299900000000000E+02   1.9975586074538894E+00   5.0061109409681415E-01   3.6474368515199579E+01
   1.5300100000000000E+02   1.9975360936413042E+00   5.0061673638001813E-01   3.6473953069172225E+01
   1.6000000000000000E+02   1.9268893232331838E+00   5.1897116660653397E-01   3.5790140410780296E+01
   1.7000000000000000E+02   1.8282715634258189E+00   5.4696469605762399E-01   3.3913211734951872E+01
   1.8000000000000000E+02   1.7439456476594051E+00   5.7341236600012513E-01   3.2885683246987412E+01
   1.9000000000000000E+02   1.6674162412338658E+00   5.9973027446344984E-01   3.1952661140815152E+01
   2.0000000000000000E+02   1.5945251222484209E+00   6.2714596718922311E-01   3.0519542815038886E+01
   2.1000000000000000E+02   1.5310329022435327E+00   6.5315382741587602E-01   2.9773738503919255E+01
   2.2000000000000000E+02   1.4700213835281437E+00   6.8026221332912673E-01   2.8553881188617137E+01
   2.3000000000000000E+02   1.4164163016778475E+00   7.0600712432879220E-01   2.7946724894323715E+01
   2.4000000000000000E+02   1.3645600577216210E+00   7.3283692743409212E-01   2.6893774344288332E+01
   2.5000000000000000E+02   1.3186380357471161E+00   7.5835822484327053E-01   2.6391276216650684E+01
   2.6000000000000000E+02   1.2739937577315115E+00   7.8493320232636943E-01   2.5472078141200548E+01
   2.7000000000000000E+02   1.2324132516871849E+00   8.1141613710416627E-01   2.4614468759618639E+01
   2.8000000000000000E+02   1.1953085409988247E+00   8.3660407811055992E-01   2.4239902435602676E+01
   2.9000000000000000E+02   1.1589295644090811E+00   8.6286520830097513E-01   2.3478645230810805E+01
   3.0000000000000000E+02   1.1262503557934602E+00   8.8790205024662150E-01   2.3158157415079305E+01
   3.1000000000000000E+02   1.0941499881992225E+00   9.1395147903426244E-01   2.2479565686666263E+01
   3.2000000000000000E+02   1.0639080144465747E+00   9.3993088351738918E-01   2.1837676145362451E+01
   3.3000000000000000E+02   1.0365754609566922E+00   9.6471510050707243E-01   2.1591774559618813E+01
   3.4000000000000000E+02   1.0095827803884256E+00   9.9050817766053956E-01   2.1012285702251784E+01
   3.5000000000000000E+02   9.8402420712592975E-01   1.0162351624669188E+00   2.0462315943202274E+01
   3.6000000000000000E+02   9.5979125505818619E-01   1.0418932186867824E+00   1.9941066579411466E+01
   3.7000000000000000E+02   9.3776501200652962E-01   1.0663652271055695E+00   1.9769679490299414E+01
   3.8000000000000000E+02   9.1586474339928092E-01   1.0918642814969017E+00   1.9292122302274677E+01
   3.9000000000000000E+02   8.9501397706935371E-01   1.1173009870464974E+00   1.8837550921303961E+01
   4.0000000000000000E+02   8.7596414016296120E-01   1.1415992437932034E+00   1.8702815117514504E+01
   4.1000000000000000E+02   8.5697884394482937E-01   1.1668899495777729E+00   1.8283727184888043E+01
   4.1899900000000002E+02   8.4061761067220264E-01   1.1896015349956168E+00   1.7922313519228389E+01
   4.1900099999999998E+02   8.4061404759255132E-01   1.1896065773156146E+00   1.7922234869670657E+01
   4.2000000000000000E+02   8.3883818119449405E-01   1.1921250396304253E+00   1.7883012081664194E+01
   4.3000000000000000E+02   8.2148724201010070E-01   1.2173043583161387E+00   1.7499897556381132E+01
   4.4000000000000000E+02   8.0555938476053801E-01   1.2413734094814894E+00   1.7404938793952507E+01
   4.4099900000000002E+02   8.0393738531196801E-01   1.2438779664562434E+00   1.7368721476340113E+01
   4.4100099999999998E+02   8.0393414214896142E-01   1.2438829844033537E+00   1.7368648040359727E+01
   4.5000000000000000E+02   7.8962574562043941E-01   1.2664227395653893E+00   1.7048689499109070E+01
   4.6000000000000000E+02   7.7434032074121706E-01   1.2914218376782656E+00   1.6706785893517250E+01
   4.7000000000000000E+02   7.5966438624809973E-01   1.3163707791264141E+00   1.6378649111583087E+01
   4.8000000000000000E+02   7.4613094494257481E-01   1.3402473209001726E+00   1.6311691249498303E+01
   4.9000000000000000E+02   7.3256006541734742E-01   1.3650757763191599E+00   1.6005299286554184E+01
   5.0000000000000000E+02   7.1949586366870233E-01   1.3898620554967613E+00   1.5709486981210876E+01
   5.1000000000000000E+02   7.0691210849130337E-01   1.4146030149833011E+00   1.5424629235592128E+01
   5.2000000000000000E+02   6.9478248326075054E-01   1.4392993837536086E+00   1.5150188138042893E+01
   5.3000000000000000E+02   6.8355378748099882E-01   1.4629426656900761E+00   1.5111417665260953E+01
   5.4000000000000000E+02   6.7225321872844546E-01   1.4875347148080327E+00   1.4852655497151828E+01
   5.5000000000000000E+02   6.6133787514677267E-01   1.5120863896961401E+00   1.4602562591313310E+01
   5.6000000000000000E+02   6.5078853850366869E-01   1.5365974365486814E+00   1.4360935375228490E+01
   5.7000000000000000E+02   6.4058687781269374E-01   1.5610685055156532E+00   1.4127385907892990E+01
   5.8000000000000000E+02   6.3110708391395154E-01   1.5845171532511992E+00   1.4107569905169017E+01
   5.9000000000000000E+02   6.2154542934672929E-01   1.6088928544628551E+00   1.3886420655795925E+01
   6.0000000000000000E+02   6.1228221520293813E-01   1.6332337852873202E+00   1.3671725823874180E+01
   6.1000000000000000E+02   6.0330437469058862E-01   1.6575381216369620E+00   1.3463692063941012E+01
   6.2000000000000000E+02   5.9459878285354228E-01   1.6818063353592732E+00   1.3262054144788612E+01
   6.3000000000000000E+02   5.8615306101595332E-01   1.7060390306019118E+00   1.3066532475050368E+01
   6.4000000000000000E+02   5.7827925616530995E-01   1.7292683238046758E+00   1.3064152163807599E+01
   6.5000000000000000E+02   5.7031473455815396E-01   1.7534177874165235E+00   1.2877584227444400E+01
   6.5099900000000002E+02   5.6953169091386169E-01   1.7558285446687185E+00   1.2859231442809305E+01
   6.5100099999999998E+02   5.6953012530373515E-01   1.7558333713544860E+00   1.2859194633187375E+01
   6.6000000000000000E+02   5.6257693557963073E-01   1.7775346566060097E+00   1.2696233856292318E+01
   6.7000000000000000E+02   5.5505639742429802E-01   1.8016187267463868E+00   1.2520024481233413E+01
   6.8000000000000000E+02   5.4774398845268479E-01   1.8256704246538384E+00   1.2348763834738639E+01
   6.9000000000000000E+02   5.4063105939910738E-01   1.8496902510770754E+00   1.2182253628125006E+01
   7.0000000000000000E+02   5.3397803545193445E-01   1.8727362056262224E+00   1.2191126249498538E+01
   7.1000000000000000E+02   5.2723740311539991E-01   1.8966787904103299E+00   1.2031918016637185E+01
   7.2000000000000000E+02   5.2067215834829095E-01   1.9205943393867329E+00   1.1876369431656574E+01
   7.3000000000000000E+02   5.1427621560731285E-01   1.9444803583208536E+00   1.1724856341985195E+01
   7.4000000000000000E+02   5.0804304732966721E-01   1.9683371424057774E+00   1.1577251574614241E+01
   7.5000000000000000E+02   5.0196643205699842E-01   1.9921650854263697E+00   1.1433415293798037E+01
   7.6000000000000000E+02   4.9604045339510694E-01   2.0159646116674250E+00   1.1293207516035444E+01
   7.6899900000000002E+02   4.9105404091720140E-01   2.0364357416389005E+00   1.1325391629614549E+01
   7.6900099999999998E+02   4.9105289971321997E-01   2.0364404743032991E+00   1.1325367095854109E+01
   7.7000000000000000E+02   4.9048206475389411E-01   2.0388105332694750E+00   1.1312084838650273E+01
   7.8000000000000000E+02   4.8483862214976314E-01   2.0625419558491926E+00   1.1177233380161345E+01
   7.9000000000000000E+02   4.7932933398170646E-01   2.0862482829773255E+00   1.1045321495986567E+01
   8.0000000000000000E+02   4.7394979542816157E-01   2.1099281182231757E+00   1.0916534921535252E+01
   8.1000000000000000E+02   4.6869543484612086E-01   2.1335816943220576E+00   1.0790786666862104E+01
   8.2000000000000000E+02   4.6356187320440928E-01   2.1572093345110943E+00   1.0667977795026582E+01
   8.3000000000000000E+02   4.5854492756525705E-01   2.1808113881222400E+00   1.0548008411855132E+01
   8.4000000000000000E+02   4.5364060778310816E-01   2.2043881937441410E+00   1.0430783223246410E+01
   8.5000000000000000E+02   4.4902898696451954E-01   2.2270277176538182E+00   1.0457513948253819E+01
   8.6000000000000000E+02   4.4433676883598244E-01   2.2505452398631656E+00   1.0344052321695431E+01
   8.7000000000000000E+02   4.3974616616841750E-01   2.2740391547086558E+00   1.0233006089545867E+01
   8.8000000000000000E+02   4.3525394356857106E-01   2.2975093385741086E+00   1.0124363121398444E+01
   8.9000000000000000E+02   4.3085693643033601E-01   2.3209560191487997E+00   1.0018058037586286E+01
   8.9899900000000002E+02   4.2697895147164622E-01   2.3420358229682097E+00   9.9243340858089386E+00
   8.9900099999999998E+02   4.2697809761876054E-01   2.3420405064731877E+00   9.9243133609782959E+00
   9.0000000000000000E+02   4.2655210542680477E-01   2.3443794727010143E+00   9.9140199502305233E+00
   9.1000000000000000E+02   4.2233653755539236E-01   2.3677799836791134E+00   9.8121787258136113E+00
   9.2000000000000000E+02   4.1820744182007874E-01   2.3911578322181559E+00   9.7124667071185673E+00
   9.3000000000000000E+02   4.1431475256508715E-01   2.4136239267582060E+00   9.7437391918115228E+00
   9.4000000000000000E+02   4.1034953120367584E-01   2.4369468561757732E+00   9.6471179622665382E+00
   9.5000000000000000E+02   4.0646274740420957E-01   2.4602500632254585E+00   9.5521566914685270E+00
   9.6000000000000000E+02   4.0265236162706419E-01   2.4835319379703482E+00   9.4590697242892769E+00
   9.7000000000000000E+02   3.9891612729823817E-01   2.5067926101979299E+00   9.3678192222741377E+00
   9.8000000000000000E+02   3.9525187082456709E-01   2.5300323004514027E+00   9.2783554328134770E+00
   9.9000000000000000E+02   3.9165750197996690E-01   2.5532512333981789E+00   9.1906291723342175E+00
   1.0000000000000000E+03   3.8813100892939106E-01   2.5764496445629792E+00   9.1045909797215785E+00
   1.1000000000000000E+03   3.5632530131594881E-01   2.8064243440106256E+00   8.4369236779489398E+00
   1.2000000000000000E+03   3.2953994285445409E-01   3.0345335115921412E+00   7.8764592032587606E+00
   1.3000000000000000E+03   3.0665762691085291E-01   3.2609656902181201E+00   7.3990673793859445E+00
   1.4000000000000000E+03   2.8687177652281182E-01   3.4858779490999563E+00   6.9873775894250185E+00
   1.5000000000000000E+03   2.6958513653489391E-01   3.7094033182002399E+00   6.6285166222623522E+00
   1.6000000000000000E+03   2.5429550960995601E-01   3.9324327886631658E+00   6.2377123870573374E+00
   1.7000000000000000E+03   2.4076251102564525E-01   4.1534705537835306E+00   5.9623583815944823E+00
   1.8000000000000000E+03   2.2861342930134657E-01   4.3741962274746822E+00   5.6494937574699016E+00
   1.9000000000000000E+03   2.1771865468936488E-01   4.5930836814455480E+00   5.4320859575125464E+00
   2.0000000000000000E+03   2.0785614931625304E-01   4.8110195598711902E+00   5.2355697818193967E+00
   2.1000000000000000E+03   1.9885489633335030E-01   5.0287924433283786E+00   4.9997190734591621E+00
   2.2000000000000000E+03   1.9065950025870262E-01   5.2449523818279040E+00   4.8394672756577775E+00
   2.3000000000000000E+03   1.8311549381198258E-01   5.4610343405827235E+00   4.6402422617093331E+00
   2.4000000000000000E+03   1.7616958389356027E-01   5.6763487651999514E+00   4.4571228901575877E+00
   2.4899989999999998E+03   1.7039436102135891E-01   5.8687388127512641E+00   4.3530075877904872E+00
   2.4900010000000002E+03   1.7039423658199501E-01   5.8687430987068190E+00   4.3530042479942175E+00
   2.5000000000000000E+03   1.6977453543785267E-01   5.8901648437498340E+00   4.3365192584873249E+00
   2.5919989999999998E+03   1.6428616779664151E-01   6.0869397187341479E+00   4.1906385296048230E+00
   2.5920010000000002E+03   1.6428605251390010E-01   6.0869439900589919E+00   4.1906354789328786E+00
   2.6000000000000000E+03   1.6382630529998810E-01   6.1040258349772651E+00   4.1784253820517261E+00
   2.7000000000000000E+03   1.5831607480953591E-01   6.3164779773820339E+00   4.0764112393317520E+00
   2.8000000000000000E+03   1.5316251448970652E-01   6.5290126851972410E+00   3.9383150122033581E+00
   2.9000000000000000E+03   1.4834734117394793E-01   6.7409364541790353E+00   3.8094760333370004E+00
   3.0000000000000000E+03   1.4385307980390888E-01   6.9515369525847825E+00   3.7292311914609737E+00
   3.0719989999999998E+03   1.4077899784217024E-01   7.1033322820007383E+00   3.6462755565410001E+00
   3.0720010000000002E+03   1.4077891435379131E-01   7.1033364946038828E+00   3.6462733040349100E+00
   3.1000000000000000E+03   1.3962015919294432E-01   7.1622894987397707E+00   3.6150249063186517E+00
   3.2000000000000000E+03   1.3565219574724555E-01   7.3717936852511690E+00   3.5454502881138237E+00
   3.3000000000000000E+03   1.3190069879828334E-01   7.5814609710999878E+00   3.4434110106984699E+00
   3.4000000000000000E+03   1.2835942703956121E-01   7.7906237435275685E+00   3.3471881186316459E+00
   3.5000000000000000E+03   1.2501095944079504E-01   7.9992986572797111E+00   3.2563160208046291E+00
   3.5599989999999998E+03   1.2309826941934182E-01   8.1235910522303012E+00   3.2372295035150320E+00
   3.5600010000000002E+03   1.2309820634683991E-01   8.1235952145591224E+00   3.2372277991527616E+00
   3.6000000000000000E+03   1.2184999057479817E-01   8.2068122884765060E+00   3.2030486308758253E+00
   3.7000000000000000E+03   1.1884187119052229E-01   8.4145427026880295E+00   3.1207416582770962E+00
   3.8000000000000000E+03   1.1598464743225703E-01   8.6218307520749118E+00   3.0426515787159065E+00
   3.8569989999999998E+03   1.1442722173618375E-01   8.7391792339897716E+00   3.0279265632629202E+00
   3.8570010000000002E+03   1.1442716758498643E-01   8.7391833696948602E+00   3.0279250975744247E+00
   3.9000000000000000E+03   1.1327500090846525E-01   8.8280732022070403E+00   2.9961802953559959E+00
   4.0000000000000000E+03   1.1068677813142409E-01   9.0345027371981939E+00   2.9249187256122995E+00
   4.1000000000000000E+03   1.0821892367060128E-01   9.2405280525965896E+00   2.8570417806486237E+00
   4.2000000000000000E+03   1.0586935905319188E-01   9.4456036094217843E+00   2.8161149805666494E+00
   4.3000000000000000E+03   1.0361789358983015E-01   9.6508427777781787E+00   2.7537739103942496E+00
   4.4000000000000000E+03   1.0146402297577724E-01   9.8557101391370292E+00   2.6941923986369307E+00
   4.5000000000000000E+03   9.9406460323979942E-02   1.0059708360410948E+01   2.6578507195593382E+00
   4.6000000000000000E+03   9.7429315139638956E-02   1.0263851270706015E+01   2.6028224243726537E+00
   4.7000000000000000E+03   9.5532423952293610E-02   1.0467650234640482E+01   2.5500747801195551E+00
   4.8000000000000000E+03   9.3715014235084951E-02   1.0670648755294335E+01   2.5175702343884168E+00
   4.9000000000000000E+03   9.1964369899102963E-02   1.0873776453828064E+01   2.4686149820474332E+00
   5.0000000000000000E+03   9.0280538153255749E-02   1.1076584394107730E+01   2.4215670584533435E+00
   5.1000000000000000E+03   8.8663085024782012E-02   1.1278651083711924E+01   2.3923076153057816E+00
   5.2000000000000000E+03   8.7101685772386958E-02   1.1480834051974467E+01   2.3484535243930913E+00
   5.3000000000000000E+03   8.5596516302502465E-02   1.1682718446927781E+01   2.3062112664386598E+00
   5.4000000000000000E+03   8.4147367312065458E-02   1.1883913091320391E+01   2.2797219671363673E+00
   5.5000000000000000E+03   8.2745747854367460E-02   1.2085213149079278E+01   2.2401960202243325E+00
   5.6000000000000000E+03   8.1391910181325661E-02   1.2286233334150664E+01   2.2020447824040499E+00
   5.7000000000000000E+03   8.0085794556561354E-02   1.2486608961514900E+01   2.1779399197733111E+00
   5.8000000000000000E+03   7.8820338606809745E-02   1.2687080741792251E+01   2.1421193563579197E+00
   5.9000000000000000E+03   7.7595837165351497E-02   1.2887289273895810E+01   2.1074808210171883E+00
   6.0000000000000000E+03   7.6412329777987828E-02   1.3086893213509518E+01   2.0854436554924090E+00
   6.1000000000000000E+03   7.5263882772657609E-02   1.3286585320353511E+01   2.0528211032622985E+00
   6.2000000000000000E+03   7.4150811609649120E-02   1.3486029057433431E+01   2.0212220468659821E+00
   6.3000000000000000E+03   7.3073220895591900E-02   1.3684903823095672E+01   2.0009888473428052E+00
   6.4000000000000000E+03   7.2026080629435080E-02   1.3883859724991446E+01   1.9711477398528880E+00
   6.5000000000000000E+03   7.1009712081469695E-02   1.4082580687733202E+01   1.9421971000137135E+00
   6.6000000000000000E+03   7.0022760959601249E-02   1.4281070701809909E+01   1.9141021005630847E+00
   6.7000000000000000E+03   6.9065473879078326E-02   1.4479014532656750E+01   1.8964090854139852E+00
   6.8000000000000000E+03   6.8133580436669033E-02   1.4677050488041091E+01   1.8697769700378863E+00
   6.9000000000000000E+03   6.7227491045368640E-02   1.4874867177850616E+01   1.8438976849030770E+00
   7.0000000000000000E+03   6.6347582753827974E-02   1.5072139157056245E+01   1.8283193089992880E+00
   7.1000000000000000E+03   6.5489925913970834E-02   1.5269524068688437E+01   1.8037218037078320E+00
   7.2000000000000000E+03   6.4655031566961285E-02   1.5466700359806183E+01   1.7797898990473258E+00
   7.3000000000000000E+03   6.3841993336027691E-02   1.5663671319543123E+01   1.7564976948105973E+00
   7.4000000000000000E+03   6.3051308753892629E-02   1.5860099017187533E+01   1.7432648846397749E+00
   7.5000000000000000E+03   6.2279433787031560E-02   1.6056664924404465E+01   1.7210544566787900E+00
   7.6000000000000000E+03   6.1526970448998658E-02   1.6253034932524862E+01   1.6994137067980217E+00
   7.7000000000000000E+03   6.0793185811813852E-02   1.6449211974110288E+01   1.6783214405807965E+00
   7.8000000000000000E+03   6.0078651054994103E-02   1.6644847752733856E+01   1.6670739737649942E+00
   7.9000000000000000E+03   5.9380153798210052E-02   1.6840643481629783E+01   1.6469036994438055E+00
   8.0000000000000000E+03   5.8698347627537839E-02   1.7036254688894488E+01   1.6272241507294971E+00
   8.1000000000000000E+03   5.8032633474849250E-02   1.7231683970250806E+01   1.6080187090097646E+00
   8.2000000000000000E+03   5.7382440659510210E-02   1.7426933893134542E+01   1.5892704876288115E+00
   8.3000000000000000E+03   5.6748394002063697E-02   1.7621644058572553E+01   1.5800505819050823E+00
   8.4000000000000000E+03   5.6127624055999623E-02   1.7816538947066078E+01   1.5620634811134571E+00
   8.5000000000000000E+03   5.5520818544087240E-02   1.8011261833359558E+01   1.5444889657275180E+00
   8.6000000000000000E+03   5.4927505251553974E-02   1.8205815017817667E+01   1.5273133255436582E+00
   8.7000000000000000E+03   5.4347233121266832E-02   1.8400200756654272E+01   1.5105231372552785E+00
   8.8000000000000000E+03   5.3780647661234637E-02   1.8594049039703275E+01   1.5029799478077943E+00
   8.9000000000000000E+03   5.3225171894735905E-02   1.8788102779220942E+01   1.4868257387944304E+00
   9.0000000000000000E+03   5.2681500035140931E-02   1.8981995564533189E+01   1.4710212634684936E+00
   9.1000000000000000E+03   5.2149254830580298E-02   1.9175729418354038E+01   1.4555557767775424E+00
   9.2000000000000000E+03   5.1628074990533138E-02   1.9369306335426348E+01   1.4404185233026343E+00
   9.3000000000000000E+03   5.1117614393968565E-02   1.9562728266090435E+01   1.4255991494038549E+00
   9.4000000000000000E+03   5.0618521696686090E-02   1.9755614476300845E+01   1.4196737423561772E+00
   9.5000000000000000E+03   5.0128507941168444E-02   1.9948728599175841E+01   1.4053725190606809E+00
   9.6000000000000000E+03   4.9648258589366667E-02   2.0141693352648090E+01   1.3913618675628645E+00
   9.7000000000000000E+03   4.9177480800569523E-02   2.0334510506044854E+01   1.3776332055992793E+00
   9.8000000000000000E+03   4.8715893389436646E-02   2.0527181796830931E+01   1.3641781287837087E+00
   9.9000000000000000E+03   4.8263226263926713E-02   2.0719708925622076E+01   1.3509885368348717E+00
   1.0000000000000000E+04   4.7820112514839815E-02   2.0911703202071603E+01   1.3463790857986824E+00
   1.1000000000000000E+04   4.3806595250390032E-02   2.2827612926414240E+01   1.2367583100434096E+00
   1.2000000000000000E+04   4.0435367295130871E-02   2.4730825188285547E+01   1.1452001725556289E+00
   1.3000000000000000E+04   3.7562146213656306E-02   2.6622546920293775E+01   1.0675900728133891E+00
   1.3040999000000000E+04   3.7453333619212083E-02   2.6699892996628733E+01   1.0643723882272145E+00
   1.3041001000000000E+04   3.7453328327085457E-02   2.6699896769303177E+01   1.0643722312766015E+00
   1.4000000000000000E+04   3.5083058080660499E-02   2.8503786577010207E+01   1.0009750698212860E+00
   1.5000000000000000E+04   3.2921378614818315E-02   3.0375398664194698E+01   9.4318086984794691E-01
   1.5205999000000000E+04   3.2509846790966725E-02   3.0759911187211838E+01   9.3091814214370272E-01
   1.5206001000000000E+04   3.2509842847422706E-02   3.0759914918483759E+01   9.3091802563176562E-01
   1.5866999000000000E+04   3.1258982326570858E-02   3.1990804740625773E+01   8.9975057652195767E-01
   1.5867001000000000E+04   3.1258978691722838E-02   3.1990808460571788E+01   8.9975046894101285E-01
   1.6000000000000000E+04   3.1019182424950487E-02   3.2238115960001686E+01   8.9257080135396671E-01
   1.7000000000000000E+04   2.9331901374129842E-02   3.4092573380939442E+01   8.4788909647286215E-01
   1.8000000000000000E+04   2.7824673140989447E-02   3.5939326041061989E+01   8.0815577734925104E-01
   1.9000000000000000E+04   2.6469527299696913E-02   3.7779291963836869E+01   7.6725418542886648E-01
   2.0000000000000000E+04   2.5244850875795550E-02   3.9612038309118624E+01   7.3543841145039623E-01
   2.1000000000000000E+04   2.4132212254257698E-02   4.1438389048793816E+01   7.0665505549501217E-01
   2.2000000000000000E+04   2.3116513746164878E-02   4.3259118177623307E+01   6.7574757834080379E-01
   2.3000000000000000E+04   2.2185898876640932E-02   4.5073675200641937E+01   6.5201590296360301E-01
   2.4000000000000000E+04   2.1329597062594106E-02   4.6883211017319617E+01   6.2586522830632052E-01
   2.5000000000000000E+04   2.0539315554108116E-02   4.8687114103955032E+01   6.0599671850729264E-01
   2.6000000000000000E+04   1.9807278767820766E-02   5.0486490937090096E+01   5.8355376978096585E-01
   2.7000000000000000E+04   1.9127521402988942E-02   5.2280689114468132E+01   5.6670380602301118E-01
   2.8000000000000000E+04   1.8494279150387691E-02   5.4070774636222438E+01   5.4720888323414862E-01
   2.9000000000000000E+04   1.7903017830842392E-02   5.5856504721637044E+01   5.2903270963614635E-01
   3.0000000000000000E+04   1.7349785090787544E-02   5.7637601547640152E+01   5.1565004833033812E-01
   3.1000000000000000E+04   1.6830736536589716E-02   5.9415106274524490E+01   4.9962204164027024E-01
   3.2000000000000000E+04   1.6342995855086005E-02   6.1188291844839227E+01   4.8798902424319773E-01
   3.3000000000000000E+04   1.5883564102118636E-02   6.2958161881728721E+01   4.7373576565539477E-01
   3.4000000000000000E+04   1.5450119720044689E-02   6.4724417552740334E+01   4.6030515751615347E-01
   3.5000000000000000E+04   1.5040593018471646E-02   6.6486740168547911E+01   4.5077542294240153E-01
   3.6000000000000000E+04   1.4652849826905590E-02   6.8246109924896544E+01   4.3870211311522878E-01
   3.7000000000000000E+04   1.4285264321787394E-02   7.0002204892690330E+01   4.2726928428707694E-01
   3.8000000000000000E+04   1.3936371327729168E-02   7.1754689688147323E+01   4.1934995824855459E-01
   3.9000000000000000E+04   1.3604605543823546E-02   7.3504519978824192E+01   4.0897878987905939E-01
   4.0000000000000000E+04   1.3288796471372946E-02   7.5251359455630521E+01   3.9911652432674638E-01
   4.1000000000000000E+04   1.2987806991803807E-02   7.6995292633395962E+01   3.8972654328363882E-01
   4.2000000000000000E+04   1.2700676805121066E-02   7.8735961503782860E+01   3.8344014909204543E-01
   4.3000000000000000E+04   1.2426325948733628E-02   8.0474309472134081E+01   3.7483603554145117E-01
   4.4000000000000000E+04   1.2163973331585557E-02   8.2209979645660027E+01   3.6661590513558062E-01
   4.5000000000000000E+04   1.1912900649980572E-02   8.3942612247138229E+01   3.6125788839941042E-01
   4.6000000000000000E+04   1.1672272253350321E-02   8.5673121590611260E+01   3.5367841524647914E-01
   4.7000000000000000E+04   1.1441497050431371E-02   8.7401150006178412E+01   3.4641507375801794E-01
   4.8000000000000000E+04   1.1219975162281012E-02   8.9126757014736654E+01   3.3944892157559325E-01
   4.9000000000000000E+04   1.1007154701085650E-02   9.0849999582668616E+01   3.3276201621597296E-01
   5.0000000000000000E+04   1.0802577491774363E-02   9.2570500027558367E+01   3.2860568855894556E-01
   5.1000000000000000E+04   1.0605672179550775E-02   9.4289167444581267E+01   3.2238448765094957E-01
   5.2000000000000000E+04   1.0416056125822071E-02   9.6005627074237438E+01   3.1639830532644136E-01
   5.3000000000000000E+04   1.0233327350091748E-02   9.7719926841882426E+01   3.1063400652748308E-01
   5.4000000000000000E+04   1.0057156026674098E-02   9.9431687978962401E+01   3.0719128538976409E-01
   5.5000000000000000E+04   9.8871092420487732E-03   1.0114179741709657E+02   3.0179683528651852E-01
   5.6000000000000000E+04   9.7229087996426426E-03   1.0284987966119299E+02   2.9659157667607494E-01
   5.7000000000000000E+04   9.5642548866586435E-03   1.0455597554127490E+02   2.9156573850599399E-01
   5.8000000000000000E+04   9.4108679614280828E-03   1.0626012436883154E+02   2.8671016533137289E-01
   5.9000000000000000E+04   9.2625232051314500E-03   1.0796194275076135E+02   2.8395931566312699E-01
   6.0000000000000000E+04   9.1189038312090697E-03   1.0966230355204995E+02   2.7938691224703033E-01
   6.1000000000000000E+04   8.9798183778458020E-03   1.1136082690348282E+02   2.7496171592858343E-01
   6.2000000000000000E+04   8.8450530610205240E-03   1.1305754675536365E+02   2.7067676865155726E-01
   6.3000000000000000E+04   3.4730544765571962E-02   2.8793098603834459E+01   4.8263717487352231E-01
   6.4000000000000000E+04   3.4327264784294084E-02   2.9131362672901773E+01   4.7710415070479556E-01
   6.5000000000000000E+04   3.3935907114731614E-02   2.9467313091680968E+01   4.7173420857106269E-01
   6.6000000000000000E+04   3.3555947813968257E-02   2.9800976135257088E+01   4.6652020257872268E-01
   6.7000000000000000E+04   3.3186893441729336E-02   3.0132377462682182E+01   4.6145540152176551E-01
   6.8000000000000000E+04   3.2828278751712674E-02   3.0461542244210094E+01   4.5653345826732744E-01
   6.9000000000000000E+04   3.2479664789532348E-02   3.0788495093160059E+01   4.5174838330432154E-01
   7.0000000000000000E+04   3.2140636963801816E-02   3.1113260173600285E+01   4.4709451912636738E-01
   7.1000000000000000E+04   3.1810803443765301E-02   3.1435861145971568E+01   4.4256651797150309E-01
   7.2000000000000000E+04   3.1489793747590950E-02   3.1756321048514419E+01   4.3815932182138223E-01
   7.3000000000000000E+04   3.1177256895902790E-02   3.2074662736971476E+01   4.3386813993980033E-01
   7.4000000000000000E+04   3.0872860628074209E-02   3.2390908378948566E+01   4.2968843499148435E-01
   7.5000000000000000E+04   3.0576289795221780E-02   3.2705079873892096E+01   4.2561590368267649E-01
   7.6000000000000000E+04   3.0287245457791680E-02   3.3017198655242538E+01   4.2164646320380211E-01
   7.7000000000000000E+04   3.0005443725627703E-02   3.3327285846664495E+01   4.1777623628402732E-01
   7.8000000000000000E+04   2.9730615017486417E-02   3.3635362047231048E+01   4.1400153983492327E-01
   7.9000000000000000E+04   2.9462502981494200E-02   3.3941447562283280E+01   4.1031887151357110E-01
   8.0000000000000000E+04   2.9200863780209835E-02   3.4245562306883727E+01   4.0672489938907164E-01
   8.1000000000000000E+04   2.8945465206274220E-02   3.4547725969290696E+01   4.0321645071622969E-01
   8.2000000000000000E+04   2.8696086218871323E-02   3.4847957744926660E+01   3.9979050416547923E-01
   8.3000000000000000E+04   2.8452515984156875E-02   3.5146276714397665E+01   3.9644417867831844E-01
   8.4000000000000000E+04   2.8214553728656635E-02   3.5442701295832713E+01   3.9317472863624747E-01
   8.5000000000000000E+04   2.7982007684268475E-02   3.5737249852954676E+01   3.8997953254768442E-01
   8.6000000000000000E+04   2.7754694833861074E-02   3.6029940375348232E+01   3.8685608791323778E-01
   8.7000000000000000E+04   2.7532440203279659E-02   3.6320790769605679E+01   3.8380200294428035E-01
   8.8000000000000000E+04   2.7315076834307200E-02   3.6609818308986767E+01   3.8081499353626902E-01
   8.8010998999999996E+04   2.7312712723189934E-02   3.6612987151252369E+01   3.8078250468390756E-01
   8.8011001000000004E+04   2.7312712226974060E-02   3.6612987816435130E+01   3.8078249828439242E-01
   8.9000000000000000E+04   2.7102444947728736E-02   3.6897040172156238E+01   3.7789287441886166E-01
   9.0000000000000000E+04   2.6894391691595281E-02   3.7182473263097016E+01   3.7503355482046480E-01
   9.1000000000000000E+04   2.6690770675613724E-02   3.7466134348591879E+01   3.7223503270495928E-01
   9.2000000000000000E+04   2.6491441869905260E-02   3.7748039722066530E+01   3.6949539185937985E-01
   9.3000000000000000E+04   2.6296271130872274E-02   3.8028205406886869E+01   3.6681279635108521E-01
   9.4000000000000000E+04   2.6105129651832971E-02   3.8306647518595454E+01   3.6418548455314470E-01
   9.5000000000000000E+04   2.5917894133335350E-02   3.8583381614859270E+01   3.6161176862714939E-01
   9.6000000000000000E+04   2.5734446236974195E-02   3.8858423095315771E+01   3.5909002879842294E-01
   9.7000000000000000E+04   2.5554672250150425E-02   3.9131787338580082E+01   3.5661870929765838E-01
   9.8000000000000000E+04   2.5378463241173713E-02   3.9403489111886500E+01   3.5419631803508134E-01
   9.9000000000000000E+04   2.5205714298947288E-02   3.9673543393363182E+01   3.5182141956966112E-01
   1.0000000000000000E+05   2.5036324820002849E-02   3.9941964612994916E+01   3.4949263593137520E-01
   1.1000000000000000E+05   2.3507602205042187E-02   4.2539430065117756E+01   3.2847273786598830E-01
   1.2000000000000000E+05   2.2228023911600701E-02   4.4988254645439035E+01   3.1087533340856222E-01
   1.3000000000000000E+05   2.1141554722783732E-02   4.7300211035204747E+01   2.9593230484163296E-01
   1.4000000000000000E+05   2.0207839844407972E-02   4.9485744527846002E+01   2.8309009971710491E-01
   1.5000000000000000E+05   1.9397064987819995E-02   5.1554191349460886E+01   2.7193950574218245E-01
   1.6000000000000000E+05   1.8686718629809078E-02   5.3513943234784882E+01   2.6217137152498460E-01
   1.7000000000000000E+05   1.8059479339310416E-02   5.5372581967149017E+01   2.5354770481966882E-01
   1.8000000000000000E+05   1.7501798903674065E-02   5.7136983775426380E+01   2.4588226862091742E-01
   1.9000000000000000E+05   1.7002924944093153E-02   5.8813410239007261E+01   2.3902719911034262E-01
   2.0000000000000000E+05   1.6554214389886621E-02   6.0407578182080627E+01   2.3286359020329070E-01
   2.1000000000000000E+05   1.6148639181379858E-02   6.1924722496310856E+01   2.2729471870196252E-01
   2.2000000000000000E+05   1.5780424530917651E-02   6.3369651306956882E+01   2.2224108647798399E-01
   2.3000000000000000E+05   1.5444781928984012E-02   6.4746786623343539E+01   2.1763674908077019E-01
   2.4000000000000000E+05   1.5137706139722555E-02   6.6060206927648039E+01   2.1342653482729318E-01
   2.5000000000000000E+05   1.4855821764116425E-02   6.7313677821273785E+01   2.0956393262820314E-01
   2.6000000000000000E+05   1.4596263252212090E-02   6.8510685421383329E+01   2.0600944907419230E-01
   2.7000000000000000E+05   1.4356582666295080E-02   6.9654459089884824E+01   2.0272933599762696E-01
   2.8000000000000000E+05   1.4134675471073657E-02   7.0747998568943515E+01   1.9969457579493202E-01
   2.9000000000000000E+05   1.3928723069396787E-02   7.1794090170198729E+01   1.9688008548899730E-01
   3.0000000000000000E+05   1.3737145130017057E-02   7.2795329053843844E+01   1.9426406619636527E-01
   3.1000000000000000E+05   1.3558562917158297E-02   7.3754129114561607E+01   1.9182749077655303E-01
   3.2000000000000000E+05   1.3391766285113894E-02   7.4672748815187035E+01   1.8955366302498330E-01
   3.3000000000000000E+05   1.3235690924190248E-02   7.5553290396978625E+01   1.8742788800203031E-01
   3.4000000000000000E+05   1.3089393710758363E-02   7.6397732553348561E+01   1.8543715624327023E-01
   3.5000000000000000E+05   1.2952040992443426E-02   7.7207908821739167E+01   1.8356994638394966E-01
   3.6000000000000000E+05   1.2822887459878028E-02   7.7985555369563556E+01   1.8181597606687194E-01
   3.7000000000000000E+05   1.2701269999016404E-02   7.8732284257986876E+01   1.8016607875393992E-01
   3.8000000000000000E+05   1.2586591891035694E-02   7.9449624541509991E+01   1.7861202098336379E-01
   3.9000000000000000E+05   1.2478319519260423E-02   8.0138996157013707E+01   1.7714642235929892E-01
   4.0000000000000000E+05   1.2375970137756705E-02   8.0801746357579873E+01   1.7576261743378674E-01
   4.1000000000000000E+05   1.2279108184477618E-02   8.1439139144007996E+01   1.7445458782045217E-01
   4.2000000000000000E+05   1.2187338543230484E-02   8.2052369059318124E+01   1.7321687737558455E-01
   4.3000000000000000E+05   1.2100303722883985E-02   8.2642553683078972E+01   1.7204454123545435E-01
   4.4000000000000000E+05   1.2017678138768197E-02   8.3210749069245693E+01   1.7093307738972086E-01
   4.5000000000000000E+05   1.1939163917067610E-02   8.3757958844207835E+01   1.6987837297333150E-01
   4.6000000000000000E+05   1.1864490197422811E-02   8.4285121683291450E+01   1.6887667941956716E-01
   4.7000000000000000E+05   1.1793407471174428E-02   8.4793135694175817E+01   1.6792455325462499E-01
   4.8000000000000000E+05   1.1725688536278879E-02   8.5282838351541955E+01   1.6701884810859893E-01
   4.9000000000000000E+05   1.1661123576586118E-02   8.5755029816154106E+01   1.6615666495038092E-01
   5.0000000000000000E+05   1.1599520666434137E-02   8.6210458928163177E+01   1.6533534414806622E-01
   5.1000000000000000E+05   1.1540700369163015E-02   8.6649853822738550E+01   1.6455241506279011E-01
   5.2000000000000000E+05   1.1484499676577945E-02   8.7073884641178537E+01   1.6380561612896752E-01
   5.3000000000000000E+05   1.1430767247274839E-02   8.7483191492540087E+01   1.6309285139466734E-01
   5.4000000000000000E+05   1.1379360552431628E-02   8.7878400143170836E+01   1.6241216210726109E-01
   5.5000000000000000E+05   1.1330150710828006E-02   8.8260079280703607E+01   1.6176175613300650E-01
   5.6000000000000000E+05   1.1283017288225339E-02   8.8628774950435812E+01   1.6113996359527483E-01
   5.7000000000000000E+05   1.1237846318888947E-02   8.8985021829242029E+01   1.6054521702157831E-01
   5.8000000000000000E+05   1.1194533691847607E-02   8.9329312638385986E+01   1.5997607182586848E-01
   5.9000000000000000E+05   1.1152980477180399E-02   8.9662131306161086E+01   1.5943116745241151E-01
   6.0000000000000000E+05   1.1113096814093198E-02   8.9983918679790406E+01   1.5890925246128482E-01
   6.1000000000000000E+05   1.1074798242825331E-02   9.0295098662211529E+01   1.5840915391299715E-01
   6.2000000000000000E+05   1.1038003477984721E-02   9.0596093939859543E+01   1.5792975777376025E-01
   6.3000000000000000E+05   1.1002638509758503E-02   9.0887290272517475E+01   1.5747003656321854E-01
   6.4000000000000000E+05   1.0968632997967308E-02   9.1169063654998638E+01   1.5702902007306438E-01
   6.5000000000000000E+05   1.0935921201747266E-02   9.1441770798442391E+01   1.5660579997077956E-01
   6.6000000000000000E+05   1.0904443178842652E-02   9.1705737156781225E+01   1.5619953661034866E-01
   6.7000000000000000E+05   1.0874139970734746E-02   9.1961295577514250E+01   1.5580942140287204E-01
   6.8000000000000000E+05   1.0844957384592721E-02   9.2208753297701861E+01   1.5543470314204172E-01
   6.9000000000000000E+05   1.0816843956527072E-02   9.2448407688878859E+01   1.5507467130433014E-01
   7.0000000000000000E+05   1.0789751099406032E-02   9.2680543859352738E+01   1.5472865569344774E-01
   7.1000000000000000E+05   1.0763633253724838E-02   9.2905432248348163E+01   1.5439602622906684E-01
   7.2000000000000000E+05   1.0738448375298193E-02   9.3123323319252947E+01   1.5407619534468917E-01
   7.3000000000000000E+05   1.0714154959907143E-02   9.3334472363153765E+01   1.5376859478912017E-01
   7.4000000000000000E+05   1.0690715192771651E-02   9.3539111459646165E+01   1.5347269796442570E-01
   7.5000000000000000E+05   1.0668091202444477E-02   9.3737481337885541E+01   1.5318799118038481E-01
   7.6000000000000000E+05   1.0646251811319785E-02   9.3929771502937342E+01   1.5291402286837502E-01
   7.7000000000000000E+05   1.0625160723398685E-02   9.4116223371360803E+01   1.5265031512702401E-01
   7.8000000000000000E+05   1.0604789975489127E-02   9.4297011285589079E+01   1.5239646278464955E-01
   7.9000000000000000E+05   1.0585107353322987E-02   9.4472353148697138E+01   1.5215203933714469E-01
   8.0000000000000000E+05   1.0566090545071582E-02   9.4642384118735137E+01   1.5191670132919072E-01
   8.1000000000000000E+05   1.0547708010823362E-02   9.4807326764626595E+01   1.5169004581428119E-01
   8.2000000000000000E+05   1.0529934896281821E-02   9.4967348787038162E+01   1.5147172788645383E-01
   8.3000000000000000E+05   1.0512748647479385E-02   9.5122601474902339E+01   1.5126142763259257E-01
   8.4000000000000000E+05   1.0496128140616958E-02   9.5273227098885300E+01   1.5105884320315663E-01
   8.5000000000000000E+05   1.0480049050532016E-02   9.5419400727827266E+01   1.5086365600665552E-01
   8.6000000000000000E+05   1.0464494658780419E-02   9.5561231823166210E+01   1.5067561049681083E-01
   8.7000000000000000E+05   1.0449439740420081E-02   9.5698910644160421E+01   1.5049439423131578E-01
   8.8000000000000000E+05   1.0434870786307313E-02   9.5832523514541734E+01   1.5031978756653566E-01
   8.9000000000000000E+05   1.0420767018015122E-02   9.5962226031080917E+01   1.5015152245666830E-01
   9.0000000000000000E+05   1.0407112206700228E-02   9.6088134742718324E+01   1.4998936984068864E-01
   9.1000000000000000E+05   1.0393892016843613E-02   9.6210351077293296E+01   1.4983311964393739E-01
   9.2000000000000000E+05   1.0381085566669179E-02   9.6329039345434751E+01   1.4968251788615625E-01
   9.3000000000000000E+05   1.0368685700883843E-02   9.6444238821392631E+01   1.4953741685275609E-01
   9.4000000000000000E+05   1.0356671929773013E-02   9.6556114433366730E+01   1.4939757406581913E-01
   9.5000000000000000E+05   1.0345032825614138E-02   9.6664748856476891E+01   1.4926281824405577E-01
   9.6000000000000000E+05   1.0333756406272399E-02   9.6770231529070941E+01   1.4913297774100315E-01
   9.7000000000000000E+05   1.0322829242878615E-02   9.6872667024872825E+01   1.4900787372888677E-01
   9.8000000000000000E+05   1.0312238559885131E-02   9.6972155385352067E+01   1.4888733559789619E-01
   9.9000000000000000E+05   1.0301978098563883E-02   9.7068736744781305E+01   1.4877124429134161E-01
   1.0000000000000000E+06   1.0292028362404615E-02   9.7162577170197537E+01   1.4865938556446837E-01
   1.1000000000000000E+06   1.0207781835720128E-02   9.7964476131405604E+01   1.4774652810872049E-01
   1.2000000000000000E+06   1.0145806035924599E-02   9.8562893520649595E+01   1.4713274326008488E-01
   1.3000000000000000E+06   1.0100284604339963E-02   9.9007111103613155E+01   1.4673799834256770E-01
   1.4000000000000000E+06   1.0067138309734349E-02   9.9333094394169308E+01   1.4650635863278177E-01
   1.5000000000000000E+06   1.0043450162829409E-02   9.9567378120815349E+01   1.4639789249971938E-01
   1.6000000000000000E+06   1.0027078829774123E-02   9.9729942985052503E+01   1.4638342313622252E-01
   1.7000000000000000E+06   1.0016444129883591E-02   9.9835828666636999E+01   1.4644140832968780E-01
   1.8000000000000000E+06   1.0010311329056764E-02   9.9896992923418566E+01   1.4655532986535599E-01
   1.9000000000000000E+06   1.0007779259817244E-02   9.9922267871669817E+01   1.4671292141584166E-01
   2.0000000000000000E+06   1.0008135596143119E-02   9.9918710172689387E+01   1.4690462149826183E-01
   2.1000000000000000E+06   1.0010788833985138E-02   9.9892227933641863E+01   1.4712273516727320E-01
   2.2000000000000000E+06   1.0015318091504933E-02   9.9847053369998065E+01   1.4736156435939834E-01
   2.3000000000000000E+06   1.0021354964379224E-02   9.9786905418926608E+01   1.4761635719699201E-01
   2.4000000000000000E+06   1.0028607278904212E-02   9.9714743252890287E+01   1.4788335584636172E-01
   2.5000000000000000E+06   1.0036857604069849E-02   9.9632777453623504E+01   1.4815968961979903E-01
   2.6000000000000000E+06   1.0045903705740936E-02   9.9543060464389058E+01   1.4844286078679372E-01
   2.7000000000000000E+06   1.0055578968663910E-02   9.9447282261547457E+01   1.4873084093772632E-01
   2.8000000000000000E+06   1.0065789368708233E-02   9.9346406264840468E+01   1.4902230287282303E-01
   2.9000000000000000E+06   1.0076421393679586E-02   9.9241581999264952E+01   1.4931590444498261E-01
   3.0000000000000000E+06   1.0087366930513490E-02   9.9133897565982167E+01   1.4961044748143582E-01
   3.1000000000000000E+06   1.0098565194744367E-02   9.9023968327741628E+01   1.4990516863712905E-01
   3.2000000000000000E+06   1.0109958762505838E-02   9.8912371800035089E+01   1.5019939709832561E-01
   3.3000000000000000E+06   1.0121501384946777E-02   9.8799571522783381E+01   1.5049259977224891E-01
   3.4000000000000000E+06   1.0133103345176831E-02   9.8686450333695802E+01   1.5078396558500368E-01
   3.5000000000000000E+06   1.0144813344623367E-02   9.8572538106872955E+01   1.5107374682539268E-01
   3.6000000000000000E+06   1.0156537845022909E-02   9.8458747976805725E+01   1.5136116998513416E-01
   3.7000000000000000E+06   1.0168264888824297E-02   9.8345195658610038E+01   1.5164609108443947E-01
   3.8000000000000000E+06   1.0179979387853578E-02   9.8232026009126088E+01   1.5192836269222121E-01
   3.9000000000000000E+06   1.0191696316029212E-02   9.8119093131457277E+01   1.5220807659883898E-01
   4.0000000000000000E+06   1.0203287281910027E-02   9.8007629538468009E+01   1.5248427401504558E-01
   4.1000000000000000E+06   1.0214909385049858E-02   9.7896120494574447E+01   1.5275812524436067E-01
   4.2000000000000000E+06   1.0226376090475473E-02   9.7786350819951650E+01   1.5302825955371235E-01
   4.3000000000000000E+06   1.0237838287835473E-02   9.7676870046696578E+01   1.5329581696791908E-01
   4.4000000000000000E+06   1.0249176719493928E-02   9.7568812341580639E+01   1.5355993870347431E-01
   4.5000000000000000E+06   1.0260406158296065E-02   9.7462028751313014E+01   1.5382076502348860E-01
   4.6000000000000000E+06   1.0271593188084141E-02   9.7355880600886636E+01   1.5407882421741609E-01
   4.7000000000000000E+06   1.0282629413318730E-02   9.7251389679057695E+01   1.5433334902482382E-01
   4.8000000000000000E+06   1.0293574848441298E-02   9.7147979659508181E+01   1.5458482392763814E-01
   4.9000000000000000E+06   1.0304452386668642E-02   9.7045428759877382E+01   1.5483345956073655E-01
   5.0000000000000000E+06   1.0315186809001096E-02   9.6944439157165235E+01   1.5507873970357139E-01
   5.1000000000000000E+06   1.0325799300935546E-02   9.6844803085548776E+01   1.5532086421662233E-01
   5.2000000000000000E+06   1.0336322009220956E-02   9.6746211960880046E+01   1.5556011473851947E-01
   5.3000000000000000E+06   1.0346721167466197E-02   9.6648975440099704E+01   1.5579628401801682E-01
   5.4000000000000000E+06   1.0357057095168218E-02   9.6552523637870152E+01   1.5602986289260085E-01
   5.5000000000000000E+06   1.0367214970139446E-02   9.6457920751164821E+01   1.5626004244259228E-01
   5.6000000000000000E+06   1.0377337699143794E-02   9.6363829432139184E+01   1.5648792574769424E-01
   5.7000000000000000E+06   1.0387275282116021E-02   9.6271637444876433E+01   1.5671244205031415E-01
   5.8000000000000000E+06   1.0397187668045715E-02   9.6179854776821884E+01   1.5693481985254071E-01
   5.9000000000000000E+06   1.0406902044163654E-02   9.6090075197816915E+01   1.5715381792422017E-01
   6.0000000000000000E+06   1.0416564912380528E-02   9.6000937776661658E+01   1.5737056365161381E-01
   6.1000000000000000E+06   1.0426062416346641E-02   9.5913486805156353E+01   1.5758425181623742E-01
   6.2000000000000000E+06   1.0435625350028711E-02   9.5825594198554555E+01   1.5779663372468394E-01
   6.3000000000000000E+06   1.0444842422159263E-02   9.5741032710886032E+01   1.5800469560296193E-01
   6.4000000000000000E+06   1.0454080150319111E-02   9.5656431328343615E+01   1.5821119419611399E-01
   6.5000000000000000E+06   1.0463243509731308E-02   9.5572658618711600E+01   1.5841546076858667E-01
   6.6000000000000000E+06   1.0472313621432618E-02   9.5489882766058685E+01   1.5861739074635486E-01
   6.7000000000000000E+06   1.0481213163094331E-02   9.5408802820757984E+01   1.5881644506429268E-01
   6.8000000000000000E+06   1.0490097079430865E-02   9.5328002441542196E+01   1.5901380724125613E-01
   6.9000000000000000E+06   1.0498829076731891E-02   9.5248717041813521E+01   1.5920849897489323E-01
   7.0000000000000000E+06   1.0507547620681975E-02   9.5169685268111763E+01   1.5940157985571668E-01
   7.1000000000000000E+06   1.0516036296189819E-02   9.5092863112532356E+01   1.5959147544701710E-01
   7.2000000000000000E+06   1.0524550480132325E-02   9.5015934589106280E+01   1.5978011121122418E-01
   7.3000000000000000E+06   1.0532939866876551E-02   9.4940255298024525E+01   1.5996640166191275E-01
   7.4000000000000000E+06   1.0541311206522280E-02   9.4864858878396930E+01   1.6015116789827899E-01
   7.5000000000000000E+06   1.0549449441029916E-02   9.4791676626337065E+01   1.6033284245037166E-01
   7.6000000000000000E+06   1.0557577595278008E-02   9.4718697634508615E+01   1.6051310768902455E-01
   7.7000000000000000E+06   1.0565622479497968E-02   9.4646576852471057E+01   1.6069144735385746E-01
   7.8000000000000000E+06   1.0573585465749904E-02   9.4575298345032834E+01   1.6086789773299595E-01
   7.9000000000000000E+06   1.0581467907334207E-02   9.4504846469069008E+01   1.6104249429269410E-01
   8.0000000000000000E+06   1.0589271139801159E-02   9.4435205860521364E+01   1.6121527170259695E-01
   8.1000000000000000E+06   1.0596996478828139E-02   9.4366361449483506E+01   1.6138626383770985E-01
   8.2000000000000000E+06   1.0604645219941740E-02   9.4298298458823311E+01   1.6155550379393530E-01
   8.3000000000000000E+06   1.0612218638175150E-02   9.4231002403467031E+01   1.6172302390294252E-01
   8.4000000000000000E+06   1.0619717987830093E-02   9.4164459088835770E+01   1.6188885574757800E-01
   8.5000000000000000E+06   1.0627144501409872E-02   9.4098654616706597E+01   1.6205303017084730E-01
   8.6000000000000000E+06   1.0634499389412910E-02   9.4033575383486507E+01   1.6221557729097202E-01
   8.7000000000000000E+06   1.0641783841299622E-02   9.3969208068210079E+01   1.6237652652481538E-01
   8.8000000000000000E+06   1.0648999024049255E-02   9.3905539641955258E+01   1.6253590659306924E-01
   8.9000000000000000E+06   1.0656146084349843E-02   9.3842557345253638E+01   1.6269374555202681E-01
   9.0000000000000000E+06   1.0663226146151113E-02   9.3780248706527686E+01   1.6285007079056490E-01
   9.1000000000000000E+06   1.0670240310426031E-02   9.3718601541043739E+01   1.6300490904312440E-01
   9.2000000000000000E+06   1.0677189660516076E-02   9.3657603900956246E+01   1.6315828644372762E-01
   9.3000000000000000E+06   1.0684075255109905E-02   9.3597244134135721E+01   1.6331022848783996E-01
   9.4000000000000000E+06   1.0690898133025236E-02   9.3537510839328064E+01   1.6346076008141455E-01
   9.5000000000000000E+06   1.0697659313224984E-02   9.3478392863357499E+01   1.6360990555418342E-01
   9.6000000000000000E+06   1.0704359793488083E-02   9.3419879310142647E+01   1.6375768866257659E-01
   9.7000000000000000E+06   1.0711000551909039E-02   9.3361959525038813E+01   1.6390413261324618E-01
   9.8000000000000000E+06   1.0717582547000132E-02   9.3304623091510663E+01   1.6404926007584467E-01
   9.9000000000000000E+06   1.0724106716679831E-02   9.3247859837560327E+01   1.6419309318716802E-01
   1.0000000000000000E+07   1.0730573980934107E-02   9.3191659810256411E+01   1.6433565358218721E-01
   1.1000000000000000E+07   1.0792306200275714E-02   9.2658601548430198E+01   1.6569567841284827E-01
   1.2000000000000000E+07   1.0849231238512178E-02   9.2172429365339653E+01   1.6694891689513378E-01
   1.3000000000000000E+07   1.0902007931788183E-02   9.1726222018623758E+01   1.6811040436806560E-01
   1.4000000000000000E+07   1.0951176026545963E-02   9.1314393776154418E+01   1.6919231572720303E-01
   1.5000000000000000E+07   1.0997181032181025E-02   9.0932394135706460E+01   1.7020461875516146E-01
   1.6000000000000000E+07   1.1040393725760990E-02   9.0576479864722614E+01   1.7115556077703964E-01
   1.7000000000000000E+07   1.1081125258808061E-02   9.0243542658732210E+01   1.7205203323534041E-01
   1.8000000000000000E+07   1.1119638852325567E-02   8.9930978270113485E+01   1.7289984739346484E-01
   1.9000000000000000E+07   1.1156158878486575E-02   8.9636586471387588E+01   1.7370394495553620E-01
   2.0000000000000000E+07   1.1190877962493960E-02   8.9358493886849942E+01   1.7446856072410322E-01
   2.1000000000000000E+07   1.1223962578117289E-02   8.9095093915373738E+01   1.7519734954063224E-01
   2.2000000000000000E+07   1.1255557495314972E-02   8.8844999496137035E+01   1.7589348638125615E-01
   2.3000000000000000E+07   1.1285789331622957E-02   8.8607005732242811E+01   1.7655974595163068E-01
   2.4000000000000000E+07   1.1314769421605135E-02   8.8380059967509112E+01   1.7719856663580622E-01
   2.5000000000000000E+07   1.1342596154493446E-02   8.8163237620325873E+01   1.7781210232252695E-01
   2.6000000000000000E+07   1.1369356879465454E-02   8.7955722614893986E+01   1.7840226464516548E-01
   2.7000000000000000E+07   1.1395129483997596E-02   8.7756791303189644E+01   1.7897075777417623E-01
   2.8000000000000000E+07   1.1419983692364371E-02   8.7565799298699531E+01   1.7951910714496211E-01
   2.9000000000000000E+07   1.1443982164011868E-02   8.7382170442795797E+01   1.8004868350781397E-01
   3.0000000000000000E+07   1.1467181411550446E-02   8.7205387628448875E+01   1.8056072306349547E-01
   3.1000000000000000E+07   1.1489632562586637E-02   8.7034985196678235E+01   1.8105634434711818E-01
   3.2000000000000000E+07   1.1511382030381644E-02   8.6870542334598071E+01   1.8153656272347665E-01
   3.3000000000000000E+07   1.1532472063255155E-02   8.6711677645091143E+01   1.8200230257340738E-01
   3.4000000000000000E+07   1.1552941227711933E-02   8.6558044422602052E+01   1.8245440782142197E-01
   3.5000000000000000E+07   1.1572824824209264E-02   8.6409326606939899E+01   1.8289365099181301E-01
   3.6000000000000000E+07   1.1592155241277572E-02   8.6265235341153868E+01   1.8332074099389478E-01
   3.7000000000000000E+07   1.1610962268543608E-02   8.6125505954764648E+01   1.8373632991793987E-01
   3.8000000000000000E+07   1.1629273360889451E-02   8.5989895410242241E+01   1.8414101889004761E-01
   3.9000000000000000E+07   1.1647113876278568E-02   8.5858180028331233E+01   1.8453536324041669E-01
   4.0000000000000000E+07   1.1664507293427733E-02   8.5730153434208205E+01   1.8491987710320829E-01
   4.1000000000000000E+07   1.1681475376076774E-02   8.5605624957953751E+01   1.8529503726153287E-01
   4.2000000000000000E+07   1.1698038343183130E-02   8.5484418041999007E+01   1.8566128672815685E-01
   4.3000000000000000E+07   1.1714215017787560E-02   8.5366368850284957E+01   1.8601903790204069E-01
   4.4000000000000000E+07   1.1730022936828698E-02   8.5251325200763659E+01   1.8636867520492648E-01
   4.5000000000000000E+07   1.1745478476372539E-02   8.5139145417670463E+01   1.8671055763236355E-01
   4.6000000000000000E+07   1.1760596957086296E-02   8.5029697357110308E+01   1.8704502098393064E-01
   4.7000000000000000E+07   1.1775392712935810E-02   8.4922857723586077E+01   1.8737237966830586E-01
   4.8000000000000000E+07   1.1789879186453359E-02   8.4818511215026362E+01   1.8769292857201564E-01
   4.9000000000000000E+07   1.1804069017374692E-02   8.4716549736203348E+01   1.8800694476165247E-01
   5.0000000000000000E+07   1.1817974061785041E-02   8.4616872128162001E+01   1.8831468856705760E-01
   5.1000000000000000E+07   1.1831605501728496E-02   8.4519383261545428E+01   1.8861640524435799E-01
   5.2000000000000000E+07   1.1844973861747357E-02   8.4423993811370153E+01   1.8891232586747481E-01
   5.3000000000000000E+07   1.1858089082918515E-02   8.4330619630821658E+01   1.8920266857437454E-01
   5.4000000000000000E+07   1.1870960548589556E-02   8.4239181480458612E+01   1.8948763939096025E-01
   5.5000000000000000E+07   1.1883597128304417E-02   8.4149604635972949E+01   1.8976743313286468E-01
   5.6000000000000000E+07   1.1896007225051226E-02   8.4061818480922625E+01   1.9004223428088937E-01
   5.7000000000000000E+07   1.1908198798613000E-02   8.3975756276127541E+01   1.9031221763344222E-01
   5.8000000000000000E+07   1.1920179383309032E-02   8.3891354974089410E+01   1.9057754887635339E-01
   5.9000000000000000E+07   1.1931956153139878E-02   8.3808554705160518E+01   1.9083838546756207E-01
   6.0000000000000000E+07   1.1943535912959134E-02   8.3727298790550535E+01   1.9109487693971289E-01
   6.1000000000000000E+07   1.1954925122196314E-02   8.3647533529368019E+01   1.9134716541431321E-01
   6.2000000000000000E+07   1.1966129945848393E-02   8.3569207799464579E+01   1.9159538629113540E-01
   6.3000000000000000E+07   1.1977156244937613E-02   8.3492273086332190E+01   1.9183966846392930E-01
   6.4000000000000000E+07   1.1988009615433073E-02   8.3416683175881374E+01   1.9208013487349002E-01
   6.5000000000000000E+07   1.1998695376165236E-02   8.3342394206160648E+01   1.9231690266204776E-01
   6.6000000000000000E+07   1.2009218625795730E-02   8.3269364240901240E+01   1.9255008382166514E-01
   6.7000000000000000E+07   1.2019584220540830E-02   8.3197553397151069E+01   1.9277978523788053E-01
   6.8000000000000000E+07   1.2029796811895420E-02   8.3126923557941609E+01   1.9300610916327704E-01
   6.9000000000000000E+07   1.2039860842742459E-02   8.3057438375859050E+01   1.9322915336831356E-01
   7.0000000000000000E+07   1.2049780559335503E-02   8.2989063168063709E+01   1.9344901139716522E-01
   7.1000000000000000E+07   1.2059560040476529E-02   8.2921764694865729E+01   1.9366577293945700E-01
   7.2000000000000000E+07   1.2069203193860983E-02   8.2855511166524352E+01   1.9387952394765201E-01
   7.3000000000000000E+07   1.2078713754949627E-02   8.2790272233268155E+01   1.9409034676333659E-01
   7.4000000000000000E+07   1.2088095321402871E-02   8.2726018732614207E+01   1.9429832049832452E-01
   7.5000000000000000E+07   1.2097351335995982E-02   8.2662722791597716E+01   1.9450352102515556E-01
   7.6000000000000000E+07   1.2106485117760683E-02   8.2600357599495283E+01   1.9470602131775039E-01
   7.7000000000000000E+07   1.2115499846240357E-02   8.2538897502468032E+01   1.9490589143708489E-01
   7.8000000000000000E+07   1.2124398577649251E-02   8.2478317880727900E+01   1.9510319874705012E-01
   7.9000000000000000E+07   1.2133184257047713E-02   8.2418595054232156E+01   1.9529800809470241E-01
   8.0000000000000000E+07   1.2141859718809744E-02   8.2359706268952777E+01   1.9549038189804543E-01
   8.1000000000000000E+07   1.2150427692213974E-02   8.2301629648872591E+01   1.9568038026664467E-01
   8.2000000000000000E+07   1.2158890797877733E-02   8.2244344210620312E+01   1.9586806104949142E-01
   8.3000000000000000E+07   1.2167251571113825E-02   8.2187829696403426E+01   1.9605348007817230E-01
   8.4000000000000000E+07   1.2175512462003640E-02   8.2132066565634901E+01   1.9623669123313173E-01
   8.5000000000000000E+07   1.2183675825176273E-02   8.2077036056196306E+01   1.9641774642969967E-01
   8.6000000000000000E+07   1.2191743925206212E-02   8.2022720140349904E+01   1.9659669571642588E-01
   8.7000000000000000E+07   1.2199718962771723E-02   8.1969101341725050E+01   1.9677358752412194E-01
   8.8000000000000000E+07   1.2207603064320142E-02   8.1916162798801778E+01   1.9694846864100893E-01
   8.9000000000000000E+07   1.2215398263866821E-02   8.1863888380782697E+01   1.9712138412659880E-01
   9.0000000000000000E+07   1.2223106560550801E-02   8.1812262295693984E+01   1.9729237778497913E-01
   9.1000000000000000E+07   1.2230729851047213E-02   8.1761269538168946E+01   1.9746149170700378E-01
   9.2000000000000000E+07   1.2238269997480926E-02   8.1710895429324239E+01   1.9762876681553382E-01
   9.3000000000000000E+07   1.2245728784480662E-02   8.1661125899450496E+01   1.9779424258588957E-01
   9.4000000000000000E+07   1.2253107961927663E-02   8.1611947197980925E+01   1.9795795740007793E-01
   9.5000000000000000E+07   1.2260409197899837E-02   8.1563346203101972E+01   1.9811994823272952E-01
   9.6000000000000000E+07   1.2267634131767607E-02   8.1515310063776184E+01   1.9828025107833916E-01
   9.7000000000000000E+07   1.2274784323106183E-02   8.1467826535867488E+01   1.9843890060375149E-01
   9.8000000000000000E+07   1.2281861315749069E-02   8.1420883552698726E+01   1.9859593065339246E-01
   9.9000000000000000E+07   1.2288866582741956E-02   8.1374469587322579E+01   1.9875137386926958E-01
   1.0000000000000000E+08   1.2295801566306044E-02   8.1328573383965590E+01   1.9890526201452693E-01
   1.1000000000000000E+08   1.2361573637761244E-02   8.0895849452797194E+01   2.0036496689300529E-01
   1.2000000000000000E+08   1.2421626710504667E-02   8.0504753789962507E+01   2.0169806994724168E-01
   1.3000000000000000E+08   1.2476875803021996E-02   8.0148269149059928E+01   2.0292478281941348E-01
   1.4000000000000000E+08   1.2528032577156890E-02   7.9820992948514515E+01   2.0406083398784691E-01
   1.5000000000000000E+08   1.2575661479347749E-02   7.9518679923297867E+01   2.0511870381742506E-01
   1.6000000000000000E+08   1.2620217681757376E-02   7.9237935922888880E+01   2.0610846109494441E-01
   1.7000000000000000E+08   1.2662073639415357E-02   7.8976005706295425E+01   2.0703834725774861E-01
   1.8000000000000000E+08   1.2701537915014117E-02   7.8730623542675829E+01   2.0791519285084301E-01
   1.9000000000000000E+08   1.2738869073062601E-02   7.8499904054637270E+01   2.0874472274164432E-01
   2.0000000000000000E+08   1.2774285879565543E-02   7.8282262462879089E+01   2.0953178219565005E-01
   2.1000000000000000E+08   1.2807975105204242E-02   7.8076354129832112E+01   2.1028050855719452E-01
   2.2000000000000000E+08   1.2840097440804410E-02   7.7881028910427943E+01   2.1099446251074597E-01
   2.3000000000000000E+08   1.2870792159237070E-02   7.7695295489821362E+01   2.1167673065981477E-01
   2.4000000000000000E+08   1.2900180754268215E-02   7.7518293661826050E+01   2.1233000607422972E-01
   2.5000000000000000E+08   1.2928369861013776E-02   7.7349272240080026E+01   2.1295665259721319E-01
   2.6000000000000000E+08   1.2955453525262365E-02   7.7187571863081402E+01   2.1355875597437943E-01
   2.7000000000000000E+08   1.2981515213020350E-02   7.7032610106793129E+01   2.1413816659548454E-01
   2.8000000000000000E+08   1.3006629179028898E-02   7.6883871004206043E+01   2.1469653242735903E-01
   2.9000000000000000E+08   1.3030862023903711E-02   7.6740893899851599E+01   2.1523532935616652E-01
   3.0000000000000000E+08   1.3054273398384719E-02   7.6603267717967043E+01   2.1575588202141738E-01
   3.1000000000000000E+08   1.3076917232494703E-02   7.6470622412070483E+01   2.1625938598967545E-01
   3.2000000000000000E+08   1.3098842223168494E-02   7.6342625016984826E+01   2.1674692235702087E-01
   3.3000000000000000E+08   1.3120092592152991E-02   7.6218974292764599E+01   2.1721947266933059E-01
   3.4000000000000000E+08   1.3140708641829719E-02   7.6099396711131988E+01   2.1767793095741172E-01
   3.5000000000000000E+08   1.3160727140945322E-02   7.5983643554832568E+01   2.1812311336501000E-01
   3.6000000000000000E+08   1.3180181752617969E-02   7.5871487872416552E+01   2.1855576713877836E-01
   3.7000000000000000E+08   1.3199103340551511E-02   7.5762722224297406E+01   2.1897657791905165E-01
   3.8000000000000000E+08   1.3217520402764785E-02   7.5657155769612004E+01   2.1938617730843996E-01
   3.9000000000000000E+08   1.3235459096645716E-02   7.5554613761258324E+01   2.1978514684373421E-01
   4.0000000000000000E+08   1.3252943637055033E-02   7.5454934947736064E+01   2.2017402425716487E-01
   4.1000000000000000E+08   1.3269996473321281E-02   7.5357970291134166E+01   2.2055330768916237E-01
   4.2000000000000000E+08   1.3286638405113174E-02   7.5263582067166396E+01   2.2092345909865510E-01
   4.3000000000000000E+08   1.3302888762645463E-02   7.5171642629080836E+01   2.2128490785097535E-01
   4.4000000000000000E+08   1.3318765530129376E-02   7.5082033521637214E+01   2.2163805362621680E-01
   4.5000000000000000E+08   1.3334285590423893E-02   7.4994643936391824E+01   2.2198327000325682E-01
   4.6000000000000000E+08   1.3349464484110713E-02   7.4909371922016547E+01   2.2232090424665180E-01
   4.7000000000000000E+08   1.3364317000740332E-02   7.4826120926688887E+01   2.2265128309909660E-01
   4.8000000000000000E+08   1.3378856800093208E-02   7.4744801812441352E+01   2.2297471122880766E-01
   4.9000000000000000E+08   1.3393096827299871E-02   7.4665330423180862E+01   2.2329147543780403E-01
   5.0000000000000000E+08   1.3407049145335102E-02   7.4587628430372675E+01   2.2360184443327438E-01
   5.1000000000000000E+08   1.3420725228658443E-02   7.4511621612266751E+01   2.2390607192031153E-01
   5.2000000000000000E+08   1.3434135738331207E-02   7.4437241031198667E+01   2.2420439575855972E-01
   5.3000000000000000E+08   1.3447290835076462E-02   7.4364421225393542E+01   2.2449704103186516E-01
   5.4000000000000000E+08   1.3460200019665497E-02   7.4293101034084884E+01   2.2478421954097072E-01
   5.5000000000000000E+08   1.3472872388469552E-02   7.4223222128625451E+01   2.2506613231467137E-01
   5.6000000000000000E+08   1.3485316359376668E-02   7.4154730475023371E+01   2.2534296813572072E-01
   5.7000000000000000E+08   1.3497540143072638E-02   7.4087573691213038E+01   2.2561490754786598E-01
   5.8000000000000000E+08   1.3509551295924451E-02   7.4021703467063276E+01   2.2588212000404631E-01
   5.9000000000000000E+08   1.3521357129410435E-02   7.3957073275203300E+01   2.2614476733040237E-01
   6.0000000000000000E+08   1.3532964585003899E-02   7.3893639026301500E+01   2.2640300318813841E-01
   6.1000000000000000E+08   1.3544380158571520E-02   7.3831359448896833E+01   2.2665697287061129E-01
   6.2000000000000000E+08   1.3555610129419060E-02   7.3770194808845261E+01   2.2690681533178000E-01
   6.3000000000000000E+08   1.3566660426568318E-02   7.3710107613635444E+01   2.2715266249662114E-01
   6.4000000000000000E+08   1.3577536687731540E-02   7.3651062265483347E+01   2.2739463997756626E-01
   6.5000000000000000E+08   1.3588244359161469E-02   7.3593024497368560E+01   2.2763286807260888E-01
   6.6000000000000000E+08   1.3598788516078514E-02   7.3535962326177156E+01   2.2786746067049868E-01
   6.7000000000000000E+08   1.3609174148945613E-02   7.3479844482515958E+01   2.2809852759465718E-01
   6.8000000000000000E+08   1.3619405844321079E-02   7.3424642119536571E+01   2.2832617243859313E-01
   6.9000000000000000E+08   1.3629488270913643E-02   7.3370326172412192E+01   2.2855049636109132E-01
   7.0000000000000000E+08   1.3639425558580540E-02   7.3316870692615183E+01   2.2877159365345762E-01
   7.1000000000000000E+08   1.3649221923009148E-02   7.3264249467162088E+01   2.2898955653734068E-01
   7.2000000000000000E+08   1.3658881257470442E-02   7.3212438204122378E+01   2.2920447228685087E-01
   7.3000000000000000E+08   1.3668407342449024E-02   7.3161413392646665E+01   2.2941642492489397E-01
   7.4000000000000000E+08   1.3677803878142002E-02   7.3111152119827040E+01   2.2962549559562348E-01
   7.5000000000000000E+08   1.3687074287736065E-02   7.3061633112930735E+01   2.2983176122724805E-01
   7.6000000000000000E+08   1.3696221845471177E-02   7.3012836042128100E+01   2.3003529559665908E-01
   7.7000000000000000E+08   1.3705249886200865E-02   7.2964740395346638E+01   2.3023617099128441E-01
   7.8000000000000000E+08   1.3714161407491427E-02   7.2917327592028002E+01   2.3043445535669019E-01
   7.9000000000000000E+08   1.3722959451648547E-02   7.2870578939141993E+01   2.3063021522487651E-01
   8.0000000000000000E+08   1.3731646770717561E-02   7.2824477405905782E+01   2.3082351331635650E-01
   8.1000000000000000E+08   1.3740226225124302E-02   7.2779005499303821E+01   2.3101441158037289E-01
   8.2000000000000000E+08   1.3748700373539454E-02   7.2734147434370257E+01   2.3120296822900310E-01
   8.3000000000000000E+08   1.3757071809805350E-02   7.2689887341232776E+01   2.3138924030971306E-01
   8.4000000000000000E+08   1.3765343002207680E-02   7.2646210111845420E+01   2.3157328258102966E-01
   8.5000000000000000E+08   1.3773516273304063E-02   7.2603101499811487E+01   2.3175514742707498E-01
   8.6000000000000000E+08   1.3781593971134471E-02   7.2560547212064051E+01   2.3193488618840327E-01
   8.7000000000000000E+08   1.3789578304610309E-02   7.2518533773122513E+01   2.3211254799756617E-01
   8.8000000000000000E+08   1.3797471442516654E-02   7.2477047998702034E+01   2.3228818056741474E-01
   8.9000000000000000E+08   1.3805275303018455E-02   7.2436078096997832E+01   2.3246182867991960E-01
   9.0000000000000000E+08   1.3812992011471792E-02   7.2395611260000209E+01   2.3263353763099107E-01
   9.1000000000000000E+08   1.3820623376258065E-02   7.2355636412020530E+01   2.3280334938636618E-01
   9.2000000000000000E+08   1.3828171395718411E-02   7.2316141547799162E+01   2.3297130638580760E-01
   9.3000000000000000E+08   1.3835637887864632E-02   7.2277115670764232E+01   2.3313744883599782E-01
   9.4000000000000000E+08   1.3843024389125401E-02   7.2238549314813412E+01   2.3330181399748912E-01
   9.5000000000000000E+08   1.3850332809693423E-02   7.2200431118892013E+01   2.3346444108364298E-01
   9.6000000000000000E+08   1.3857564719663797E-02   7.2162751553381270E+01   2.3362536599810996E-01
   9.7000000000000000E+08   1.3864721627100869E-02   7.2125501463032350E+01   2.3378462343067577E-01
   9.8000000000000000E+08   1.3871805143684680E-02   7.2088671203348270E+01   2.3394224811724623E-01
   9.9000000000000000E+08   1.3878816807981432E-02   7.2052251559723729E+01   2.3409827355784835E-01
   1.0000000000000000E+09   1.3885757987051205E-02   7.2016234254732339E+01   2.3425273131442698E-01
   1.1000000000000000E+09   1.3951582890366175E-02   7.1676454769194578E+01   2.3571752210918245E-01
   1.2000000000000000E+09   1.4011676503935293E-02   7.1369047074355592E+01   2.3705481137284615E-01
   1.3000000000000000E+09   1.4066957271562387E-02   7.1088578766183474E+01   2.3828502807101989E-01
   1.4000000000000000E+09   1.4118139242850509E-02   7.0830863954426903E+01   2.3942405411212411E-01
   1.5000000000000000E+09   1.4165788676653789E-02   7.0592610325189312E+01   2.4048448197090119E-01
   1.6000000000000000E+09   1.4210361712409183E-02   7.0371185493944964E+01   2.4147646104535708E-01
   1.7000000000000000E+09   1.4252231712175524E-02   7.0164450045090916E+01   2.4240829528043775E-01
   1.8000000000000000E+09   1.4291707717999697E-02   6.9970644497616590E+01   2.4328686189980381E-01
   1.9000000000000000E+09   1.4329049092890985E-02   6.9788301618432328E+01   2.4411792555555958E-01
   2.0000000000000000E+09   1.4364474336060182E-02   6.9616191766212253E+01   2.4490635648932957E-01
   2.1000000000000000E+09   1.4398170950331881E-02   6.9453266213438724E+01   2.4565631920258377E-01
   2.2000000000000000E+09   1.4430299832215786E-02   6.9298629385890536E+01   2.4637139360877650E-01
   2.3000000000000000E+09   1.4461000106110783E-02   6.9151510453100002E+01   2.4705467977960616E-01
   2.4000000000000000E+09   1.4490393797718890E-02   6.9011236958751411E+01   2.4770888683199466E-01
   2.5000000000000000E+09   1.4518587139877784E-02   6.8877225474187426E+01   2.4833638575633890E-01
   2.6000000000000000E+09   1.4545674783458310E-02   6.8748959047071779E+01   2.4893927533624416E-01
   2.7000000000000000E+09   1.4571739822997148E-02   6.8625985101778866E+01   2.4951941046729798E-01
   2.8000000000000000E+09   1.4596856971101718E-02   6.8507898788058327E+01   2.5007844872264251E-01
   2.9000000000000000E+09   1.4621092639304828E-02   6.8394341289636060E+01   2.5061786992532825E-01
   3.0000000000000000E+09   1.4644506513237985E-02   6.8284991310294032E+01   2.5113900359146518E-01
   3.1000000000000000E+09   1.4667152717294834E-02   6.8179558723817337E+01   2.5164305074334492E-01
   3.2000000000000000E+09   1.4689079973621689E-02   6.8077783073941802E+01   2.5213109616908835E-01
   3.3000000000000000E+09   1.4710332140772263E-02   6.7979430405131708E+01   2.5260412179413483E-01
   3.4000000000000000E+09   1.4730949879072875E-02   6.7884285005994286E+01   2.5306302701328198E-01
   3.5000000000000000E+09   1.4750969996314327E-02   6.7792151990673148E+01   2.5350863065462093E-01
   3.6000000000000000E+09   1.4770426065641350E-02   6.7702854037919650E+01   2.5394168142241541E-01
   3.7000000000000000E+09   1.4789348895713338E-02   6.7616228885495289E+01   2.5436286644129663E-01
   3.8000000000000000E+09   1.4807767276270433E-02   6.7532125629939372E+01   2.5477282116948885E-01
   3.9000000000000000E+09   1.4825707094295372E-02   6.7450408512709629E+01   2.5517212665303801E-01
   4.0000000000000000E+09   1.4843192940083834E-02   6.7370949366258941E+01   2.5556132477220489E-01
   4.1000000000000000E+09   1.4860246797684804E-02   6.7293633384056449E+01   2.5594091144298664E-01
   4.2000000000000000E+09   1.4876889439089172E-02   6.7218352606189995E+01   2.5631134952861667E-01
   4.3000000000000000E+09   1.4893140777480532E-02   6.7145004196298871E+01   2.5667307372544107E-01
   4.4000000000000000E+09   1.4909018179613761E-02   6.7073497929419418E+01   2.5702648004500689E-01
   4.5000000000000000E+09   1.4924539014640931E-02   6.7003744572546125E+01   2.5737194650546968E-01
   4.6000000000000000E+09   1.4939718492451700E-02   6.6935665521760043E+01   2.5770981867570159E-01
   4.7000000000000000E+09   1.4954571648576482E-02   6.6869183785360349E+01   2.5804042581637843E-01
   4.8000000000000000E+09   1.4969112217234954E-02   6.6804228967475595E+01   2.5836407378259224E-01
   4.9000000000000000E+09   1.4983352917261871E-02   6.6740735903505964E+01   2.5868104827950505E-01
   5.0000000000000000E+09   1.4997306033359187E-02   6.6678642002480629E+01   2.5899162019472338E-01
   5.1000000000000000E+09   1.5010982506479429E-02   6.6617891238521807E+01   2.5929603976757465E-01
   5.2000000000000000E+09   1.5024393255429468E-02   6.6558428217300772E+01   2.5959454722475239E-01
   5.3000000000000000E+09   1.5037549026912227E-02   6.6500198816331817E+01   2.5988737241804644E-01
   5.4000000000000000E+09   1.5050458556229537E-02   6.6443158277465898E+01   2.6017472185699553E-01
   5.5000000000000000E+09   1.5063131438902895E-02   6.6387258456587816E+01   2.6045680063417953E-01
   5.6000000000000000E+09   1.5075575855577091E-02   6.6332457849698528E+01   2.6073379610610142E-01
   5.7000000000000000E+09   1.5087800117367557E-02   6.6278714737803341E+01   2.6100588987219120E-01
   5.8000000000000000E+09   1.5099811552044795E-02   6.6225992063098403E+01   2.6127324997810958E-01
   5.9000000000000000E+09   1.5111617647040171E-02   6.6174252377002446E+01   2.6153603982470031E-01
   6.0000000000000000E+09   1.5123225451936726E-02   6.6123460446854409E+01   2.6179441412638155E-01
   6.1000000000000000E+09   1.5134641469006987E-02   6.6073583708462436E+01   2.6204851845851485E-01
   6.2000000000000000E+09   1.5145871541779979E-02   6.6024592724261126E+01   2.6229848876080192E-01
   6.3000000000000000E+09   1.5156922145668857E-02   6.5976455535582048E+01   2.6254446121762193E-01
   6.4000000000000000E+09   1.5167798673208692E-02   6.5929145128114612E+01   2.6278655981445931E-01
   6.5000000000000000E+09   1.5178506454209456E-02   6.5882634962590146E+01   2.6302490416562829E-01
   6.6000000000000000E+09   1.5189051293262401E-02   6.5836896636433295E+01   2.6325961374115714E-01
   6.7000000000000000E+09   1.5199436774972024E-02   6.5791911556001764E+01   2.6349078809212778E-01
   6.8000000000000000E+09   1.5209668903719319E-02   6.5747650808852498E+01   2.6371854148200141E-01
   6.9000000000000000E+09   1.5219751637499852E-02   6.5704094509407525E+01   2.6394296993705468E-01
   7.0000000000000000E+09   1.5229688882974627E-02   6.5661223133580023E+01   2.6416416622529976E-01
   7.1000000000000000E+09   1.5239485411173721E-02   6.5619013570287066E+01   2.6438222681441181E-01
   7.2000000000000000E+09   1.5249145285623491E-02   6.5577445900707289E+01   2.6459724036003518E-01
   7.3000000000000000E+09   1.5258671132073354E-02   6.5536506511240319E+01   2.6480928242878110E-01
   7.4000000000000000E+09   1.5268067971175988E-02   6.5496171610439674E+01   2.6501844406823150E-01
   7.5000000000000000E+09   1.5277338680997312E-02   6.5456426729862855E+01   2.6522479826184964E-01
   7.6000000000000000E+09   1.5286486197420535E-02   6.5417257248349301E+01   2.6542841637063519E-01
   7.7000000000000000E+09   1.5295514528577961E-02   6.5378644054870577E+01   2.6562937576751283E-01
   7.8000000000000000E+09   1.5304426372854934E-02   6.5340573742356938E+01   2.6582774226325551E-01
   7.9000000000000000E+09   1.5313224070031016E-02   6.5303034516230042E+01   2.6602357725791675E-01
   8.0000000000000000E+09   1.5321911701836541E-02   6.5266007235907537E+01   2.6621695341502133E-01
   8.1000000000000000E+09   1.5330491215783950E-02   6.5229481947089951E+01   2.6640792598290169E-01
   8.2000000000000000E+09   1.5338965563411340E-02   6.5193444490503381E+01   2.6659655615802452E-01
   8.3000000000000000E+09   1.5347337270152035E-02   6.5157882595362665E+01   2.6678290054629605E-01
   8.4000000000000000E+09   1.5355608395382202E-02   6.5122786036971604E+01   2.6696701093489089E-01
   8.5000000000000000E+09   1.5363782007453662E-02   6.5088140375517895E+01   2.6714894530160543E-01
   8.6000000000000000E+09   1.5371859549449163E-02   6.5053938125256565E+01   2.6732874832921544E-01
   8.7000000000000000E+09   1.5379844221167702E-02   6.5020164419069516E+01   2.6750647655709719E-01
   8.8000000000000000E+09   1.5387737542228011E-02   6.4986811560551786E+01   2.6768217293320484E-01
   8.9000000000000000E+09   1.5395540830642641E-02   6.4953872747986992E+01   2.6785587783591175E-01
   9.0000000000000000E+09   1.5403257991452812E-02   6.4921330315631593E+01   2.6802764981379135E-01
   9.1000000000000000E+09   1.5410889975723124E-02   6.4889179117838538E+01   2.6819752451652945E-01
   9.2000000000000000E+09   1.5418437475239978E-02   6.4857415130804995E+01   2.6836553473249475E-01
   9.3000000000000000E+09   1.5425903804236005E-02   6.4826023336499532E+01   2.6853173181177636E-01
   9.4000000000000000E+09   1.5433291265355729E-02   6.4794993032029112E+01   2.6869615873990477E-01
   9.5000000000000000E+09   1.5440599391732392E-02   6.4764325181278011E+01   2.6885883713038716E-01
   9.6000000000000000E+09   1.5447831210890498E-02   6.4734006110515665E+01   2.6901981373736200E-01
   9.7000000000000000E+09   1.5454988669975484E-02   6.4704026729097976E+01   2.6917912654350662E-01
   9.8000000000000000E+09   1.5462072134241377E-02   6.4674384604988362E+01   2.6933680106957453E-01
   9.9000000000000000E+09   1.5469083829560668E-02   6.4645069547625610E+01   2.6949287594759741E-01
   1.0000000000000000E+10   1.5476024813789922E-02   6.4616076287817108E+01   2.6964738047594450E-01
   1.1000000000000000E+10   1.5541849971593417E-02   6.4342404657601762E+01   2.7111260686636579E-01
   1.2000000000000000E+10   1.5601944757267634E-02   6.4094573821265726E+01   2.7245026590397059E-01
   1.3000000000000000E+10   1.5657225503866407E-02   6.3868276007972135E+01   2.7368078772501264E-01
   1.4000000000000000E+10   1.5708407630000441E-02   6.3660176356142351E+01   2.7482007640049405E-01
   1.5000000000000000E+10   1.5756057747540596E-02   6.3467652633863494E+01   2.7588073581634109E-01
   1.6000000000000000E+10   1.5800631131109653E-02   6.3288611176493667E+01   2.7687291553979454E-01
   1.7000000000000000E+10   1.5842501085345680E-02   6.3121346472559225E+01   2.7780492412113467E-01
   1.8000000000000000E+10   1.5881977474768934E-02   6.2964451472662041E+01   2.7868364879673602E-01
   1.9000000000000000E+10   1.5919318054239368E-02   6.2816761157284425E+01   2.7951484537045462E-01
   2.0000000000000000E+10   1.5954743902817207E-02   6.2677283075877220E+01   2.8030340569214113E-01
   2.1000000000000000E+10   1.5988440975426642E-02   6.2545185083207642E+01   2.8105348477258851E-01
   2.2000000000000000E+10   1.6020570536370720E-02   6.2419749517019319E+01   2.8176866688531016E-01
   2.3000000000000000E+10   1.6051270508606958E-02   6.2300364289779033E+01   2.8245204453420159E-01
   2.4000000000000000E+10   1.6080662785619173E-02   6.2186491522867662E+01   2.8310632697678340E-01
   2.5000000000000000E+10   1.6108857033049758E-02   6.2077650695412395E+01   2.8373391161670836E-01
   2.6000000000000000E+10   1.6135944025461993E-02   6.1973442546778351E+01   2.8433686927193513E-01
   2.7000000000000000E+10   1.6162009799569412E-02   6.1873492987650721E+01   2.8491707734749849E-01
   2.8000000000000000E+10   1.6187128605148093E-02   6.1777479155998300E+01   2.8547619056346152E-01
   2.9000000000000000E+10   1.6211363070583153E-02   6.1685127625978730E+01   2.8601566117274640E-01
   3.0000000000000000E+10   1.6234776184340396E-02   6.1596167920354318E+01   2.8653684363265003E-01
   3.1000000000000000E+10   1.6257421710210197E-02   6.1510368484319208E+01   2.8704093666749475E-01
   3.2000000000000000E+10   1.6279350237996426E-02   6.1427513099753469E+01   2.8752903925408035E-01
   3.3000000000000000E+10   1.6300602284052702E-02   6.1347426467691065E+01   2.8800210880905885E-01
   3.4000000000000000E+10   1.6321220193553736E-02   6.1269928849741412E+01   2.8846105748511630E-01
   3.5000000000000000E+10   1.6341239241411554E-02   6.1194869325811325E+01   2.8890669296285831E-01
   3.6000000000000000E+10   1.6360698188479943E-02   6.1122085896317685E+01   2.8933980264149434E-01
   3.7000000000000000E+10   1.6379617294698463E-02   6.1051487468127043E+01   2.8976099555373713E-01
   3.8000000000000000E+10   1.6398037164497382E-02   6.0982908501088964E+01   2.9017099498334969E-01
   3.9000000000000000E+10   1.6415975596180132E-02   6.0916269894595381E+01   2.9057032210308842E-01
   4.0000000000000000E+10   1.6433464796538393E-02   6.0851440178984291E+01   2.9095957543709855E-01
   4.1000000000000000E+10   1.6450517974586031E-02   6.0788359463505870E+01   2.9133918590822039E-01
   4.2000000000000000E+10   1.6467160087182284E-02   6.0726925268576259E+01   2.9170964753685602E-01
   4.3000000000000000E+10   1.6483411635858789E-02   6.0667052555100497E+01   2.9207139948143640E-01
   4.4000000000000000E+10   1.6499287687805699E-02   6.0608677109077902E+01   2.9242482077781623E-01
   4.5000000000000000E+10   1.6514810920091983E-02   6.0551707484788480E+01   2.9277032890877841E-01
   4.6000000000000000E+10   1.6529987571436221E-02   6.0496113241367333E+01   2.9310820294939810E-01
   4.7000000000000000E+10   1.6544843012365841E-02   6.0441794416096094E+01   2.9343884891287653E-01
   4.8000000000000000E+10   1.6559385107749999E-02   6.0388715733894472E+01   2.9376252916436280E-01
   4.9000000000000000E+10   1.6573623902461865E-02   6.0336834351083539E+01   2.9407950962444318E-01
   5.0000000000000000E+10   1.6587573918485740E-02   6.0286091559511739E+01   2.9439007783248528E-01
   5.1000000000000000E+10   1.6601254439624111E-02   6.0236411870971992E+01   2.9469454597920658E-01
   5.2000000000000000E+10   1.6614664298303924E-02   6.0187794471543022E+01   2.9499306465449249E-01
   5.3000000000000000E+10   1.6627819852166111E-02   6.0140175253927225E+01   2.9528590538318955E-01
   5.4000000000000000E+10   1.6640730117301893E-02   6.0093517108379075E+01   2.9557327679638573E-01
   5.5000000000000000E+10   1.6653403272040273E-02   6.0047786249127824E+01   2.9585537350549418E-01
   5.6000000000000000E+10   1.6665843976298594E-02   6.0002961831525290E+01   2.9613235677516569E-01
   5.7000000000000000E+10   1.6678068202172852E-02   5.9958982531904880E+01   2.9640446508008295E-01
   5.8000000000000000E+10   1.6690080893145536E-02   5.9915827035367521E+01   2.9667184880146841E-01
   5.9000000000000000E+10   1.6701888025864774E-02   5.9873470499346325E+01   2.9693466015691095E-01
   6.0000000000000000E+10   1.6713496636555879E-02   5.9831884479085787E+01   2.9719305378558508E-01
   6.1000000000000000E+10   1.6724909408163013E-02   5.9791056297855043E+01   2.9744714694631441E-01
   6.2000000000000000E+10   1.6736140825645441E-02   5.9750931258158467E+01   2.9769713971939660E-01
   6.3000000000000000E+10   1.6747192818660047E-02   5.9711499761666374E+01   2.9794313457943822E-01
   6.4000000000000000E+10   1.6758067927500321E-02   5.9672750124074888E+01   2.9818523436716476E-01
   6.5000000000000000E+10   1.6768775114146730E-02   5.9634647921085481E+01   2.9842358566482635E-01
   6.6000000000000000E+10   1.6779324341246876E-02   5.9597155383772140E+01   2.9865833881195025E-01
   6.7000000000000000E+10   1.6789708671270696E-02   5.9560294915130129E+01   2.9888951530055397E-01
   6.8000000000000000E+10   1.6799936279008571E-02   5.9524035293484701E+01   2.9911724551312679E-01
   6.9000000000000000E+10   1.6810022353179487E-02   5.9488320657161879E+01   2.9934170882177269E-01
   7.0000000000000000E+10   1.6819961477175745E-02   5.9453168270151778E+01   2.9956292882857150E-01
   7.1000000000000000E+10   1.6829757722326897E-02   5.9418561841408334E+01   2.9978099682156339E-01
   7.2000000000000000E+10   1.6839415700333892E-02   5.9384483273975604E+01   2.9999600553551048E-01
   7.3000000000000000E+10   1.6848940572785045E-02   5.9350912639292744E+01   3.0020804936360890E-01
   7.4000000000000000E+10   1.6858341357946231E-02   5.9317816549529482E+01   3.0041724902620032E-01
   7.5000000000000000E+10   1.6867607764495991E-02   5.9285229652118396E+01   3.0062357979941523E-01
   7.6000000000000000E+10   1.6876759668038095E-02   5.9253080548029700E+01   3.0082723874636036E-01
   7.7000000000000000E+10   1.6885783923072800E-02   5.9221413974958921E+01   3.0102817596881765E-01
   7.8000000000000000E+10   1.6894694712773068E-02   5.9190178751437280E+01   3.0122654250272446E-01
   7.9000000000000000E+10   1.6903496609690039E-02   5.9159357563141327E+01   3.0142241632353317E-01
   8.0000000000000000E+10   1.6912183913229659E-02   5.9128969098884035E+01   3.0161579751721523E-01
   8.1000000000000000E+10   1.6920761645988797E-02   5.9098994532380182E+01   3.0180676415629293E-01
   8.2000000000000000E+10   1.6929238918596840E-02   5.9069400863703095E+01   3.0199542314447891E-01
   8.3000000000000000E+10   1.6937606963339805E-02   5.9040217556377719E+01   3.0218174729908104E-01
   8.4000000000000000E+10   1.6945882947640403E-02   5.9011383655240181E+01   3.0236590051490986E-01
   8.5000000000000000E+10   1.6954054715928302E-02   5.8982940467952020E+01   3.0254782781431322E-01
   8.6000000000000000E+10   1.6962128836450239E-02   5.8954864076440764E+01   3.0272761191402076E-01
   8.7000000000000000E+10   1.6970116210082799E-02   5.8927115620213016E+01   3.0290536650112615E-01
   8.8000000000000000E+10   1.6978004843908961E-02   5.8899735816647549E+01   3.0308103426533606E-01
   8.9000000000000000E+10   1.6985814047395305E-02   5.8872656748137750E+01   3.0325478908629377E-01
   9.0000000000000000E+10   1.6993528031690779E-02   5.8845932294643390E+01   3.0342654338911290E-01
   9.1000000000000000E+10   1.7001162851430069E-02   5.8819505979609168E+01   3.0359644489596244E-01
   9.2000000000000000E+10   1.7008710788703339E-02   5.8793403710772097E+01   3.0376446399967266E-01
   9.3000000000000000E+10   1.7016172176257591E-02   5.8767623507905327E+01   3.0393062993165437E-01
   9.4000000000000000E+10   1.7023564224206825E-02   5.8742105168437078E+01   3.0409509629461462E-01
   9.5000000000000000E+10   1.7030866874285750E-02   5.8716917194030898E+01   3.0425773933767208E-01
   9.6000000000000000E+10   1.7038097807463681E-02   5.8691997856823072E+01   3.0441871454741265E-01
   9.7000000000000000E+10   1.7045253930421247E-02   5.8667357147156729E+01   3.0457802250927724E-01
   9.8000000000000000E+10   1.7052340836032725E-02   5.8642975156052124E+01   3.0473572753645189E-01
   9.9000000000000000E+10   1.7059351190715943E-02   5.8618876463732171E+01   3.0489179733281668E-01
   1.0000000000000000E+11   1.7066295264176613E-02   5.8595025137006296E+01   3.0504632955191691E-01
