   1.0000000000000000E+00   0.0000000000000000E+00   8.1518905721086030E+28   0.0000000000000000E+00
   2.0000000000000000E+00   0.0000000000000000E+00   8.1518905721086030E+28   0.0000000000000000E+00
   3.0000000000000000E+00   0.0000000000000000E+00   8.1518905721086030E+28   0.0000000000000000E+00
   4.0000000000000000E+00   0.0000000000000000E+00   8.1518905721086030E+28   0.0000000000000000E+00
   5.0000000000000000E+00   0.0000000000000000E+00   8.1518905721086030E+28   0.0000000000000000E+00
   5.1389999999999993E+00   0.0000000000000000E+00   8.1518905721086030E+28   0.0000000000000000E+00
   5.1410000000000000E+00   0.0000000000000000E+00   8.1518905721086030E+28   0.0000000000000000E+00
   6.0000000000000000E+00   6.8339912765154787E-04   3.2871103139201579E+04   1.6106314775687729E-04
   7.0000000000000000E+00   1.9783496478260323E-03   1.1354961058051460E+04   4.8786453897108452E-04
   8.0000000000000000E+00   3.2909136235448038E-03   6.8260932312399173E+03   8.4612483585649466E-04
   9.0000000000000000E+00   4.4995692913778959E-03   4.9924963381095695E+03   1.2014548539540778E-03
   1.0000000000000000E+01   5.6995879008311968E-03   3.9413521821460772E+03   1.5817785455897030E-03
   1.1000000000000000E+01   6.7452466331408764E-03   3.3303575735694308E+03   1.9371880882655750E-03
   1.2000000000000000E+01   7.7725339408171654E-03   2.8901878565373822E+03   2.3112513057510602E-03
   1.2968999999999999E+01   8.7679753419554890E-03   2.4636634007333278E+03   2.6737185634944948E-03
   1.2970999999999998E+01   2.5614022821924936E+00   8.7690254676805690E+00   2.4930596118294087E+01
   1.3000000000000000E+01   2.5532726310048428E+00   8.7981529811932582E+00   2.4845708664933625E+01
   1.4000000000000000E+01   2.3924975156223027E+00   9.3893862223850117E+00   2.2222916514919159E+01
   1.5000000000000000E+01   2.3800231115350314E+00   9.4385987688102198E+00   2.0081918359352468E+01
   1.6000000000000000E+01   2.4164337283318029E+00   9.2963787696270099E+00   1.8285288494128434E+01
   1.7000000000000000E+01   2.4878265441769538E+00   9.0296018678851233E+00   1.6765431038257123E+01
   1.8000000000000000E+01   2.5764541040869955E+00   8.7189921895522744E+00   1.5465882173668358E+01
   1.9000000000000000E+01   2.6715463526464509E+00   8.4086443748285919E+00   1.4344373531334865E+01
   2.0000000000000000E+01   2.7288766159940945E+00   8.2319893389870380E+00   1.3341010189256931E+01
   2.1000000000000000E+01   2.8217472639053365E+00   7.9610543076008229E+00   1.2486018047684563E+01
   2.2000000000000000E+01   2.8721659783650364E+00   7.8213039843407524E+00   1.1703676577776084E+01
   2.3000000000000000E+01   2.9548969082159058E+00   7.6023238400684781E+00   1.1036013127042223E+01
   2.4000000000000000E+01   2.9955380996579000E+00   7.4991812699160398E+00   1.0412505543708932E+01
   2.4538999999999998E+01   3.0289817540801165E+00   7.4163342357234336E+00   1.0114269107790752E+01
   2.4541000000000000E+01   3.0288420857948126E+00   7.4166759822463950E+00   1.0112978647104855E+01
   2.5000000000000000E+01   3.0314278245214905E+00   7.4103968527835109E+00   9.8519014712653661E+00
   2.6000000000000000E+01   3.2454754432139894E+00   6.9216617421169788E+00   9.5157058314188649E+00
   2.7000000000000000E+01   3.2513937709694827E+00   6.9090626336459398E+00   9.0459059637972441E+00
   2.8000000000000000E+01   3.2655423494676956E+00   6.8791278159158482E+00   8.6264122422694491E+00
   2.9000000000000000E+01   3.2787720005532144E+00   6.8513709420734781E+00   8.2454978018774678E+00
   3.0000000000000000E+01   3.2930180340714470E+00   6.8217310011206056E+00   8.1922382068695061E+00
   3.1000000000000000E+01   3.2724204061849793E+00   6.8646690895266955E+00   7.8260617259430179E+00
   3.2000000000000000E+01   3.2429172595573736E+00   6.9271219128608115E+00   7.4818791518670213E+00
   3.3000000000000000E+01   3.2072579977601898E+00   7.0041397436571557E+00   7.1586569734071093E+00
   3.3999000000000002E+01   3.1714627230767847E+00   7.0736446757800504E+00   6.8356222294067530E+00
   3.4000999999999998E+01   3.1670862277106431E+00   7.0929765737564159E+00   6.8546439429932962E+00
   3.5000000000000000E+01   3.1244823073700534E+00   7.1896976844086957E+00   6.5701925309104059E+00
   3.6000000000000000E+01   3.0799533511919450E+00   7.2936439772962114E+00   6.3028394150537155E+00
   3.7000000000000000E+01   3.0343803734792001E+00   7.4031863001134708E+00   6.0516936559995953E+00
   3.8000000000000000E+01   2.9879076638079010E+00   7.5183324713740829E+00   5.8152362102712436E+00
   3.9000000000000000E+01   2.9410369734686159E+00   7.6381505614941680E+00   5.5924832611445217E+00
   4.0000000000000000E+01   2.8940073097600920E+00   7.7622759052867245E+00   5.3822832042759803E+00
   4.1000000000000000E+01   2.8470488325352097E+00   7.8903048495556858E+00   5.1839385446792718E+00
   4.2000000000000000E+01   2.8001375759763572E+00   8.0224926814324817E+00   4.9962203711577304E+00
   4.3000000000000000E+01   2.7536583472104987E+00   8.1579050040942462E+00   4.8188240471481887E+00
   4.4000000000000000E+01   2.7074206391244586E+00   8.2972268459691527E+00   4.6505765284623273E+00
   4.5000000000000000E+01   2.6617525174089218E+00   8.4395837191287946E+00   4.4913237501550718E+00
   4.6000000000000000E+01   2.6163892734688803E+00   8.5859101465016039E+00   4.3399493113777012E+00
   4.7000000000000000E+01   2.5714494742653002E+00   8.7359613459613961E+00   4.1961109917540274E+00
   4.8000000000000000E+01   2.5269594770031096E+00   8.8897678869453305E+00   4.0593610967218376E+00
   4.9000000000000000E+01   2.4829341815412449E+00   9.0473937558546815E+00   3.9293002190993471E+00
   5.0000000000000000E+01   2.4392706664189316E+00   9.2093442189643149E+00   3.8053970092254747E+00
   5.1000000000000000E+01   2.3959556738344805E+00   9.3758342258156073E+00   3.6873200548561909E+00
   5.2000000000000000E+01   2.3528108210555181E+00   9.5477643205485521E+00   3.5745659098326388E+00
   5.3000000000000000E+01   2.3099959293888372E+00   9.7247284830574614E+00   3.4671025709576653E+00
   5.4000000000000000E+01   2.2672956168729241E+00   9.9078757278493299E+00   3.3644782580831354E+00
   5.5000000000000000E+01   2.2244837404038384E+00   1.0098560309636712E+01   3.2662688760002103E+00
   5.6000000000000000E+01   2.1816352768988665E+00   1.0296901341917463E+01   3.1725043131380311E+00
   5.7000000000000000E+01   2.1384562312562032E+00   1.0504813183423558E+01   3.0828000500976596E+00
   5.8000000000000000E+01   2.0943566390073052E+00   1.0726006637017688E+01   2.9962712648988861E+00
   5.9000000000000000E+01   2.0497415233422029E+00   1.0959471208665198E+01   2.9140188302638856E+00
   6.0000000000000000E+01   2.0037475166601357E+00   1.1211034835226021E+01   2.8350630992098553E+00
   6.1000000000000000E+01   1.9738157153215299E+00   1.1381043851206277E+01   2.7589418049283529E+00
   6.2000000000000000E+01   1.9833530212777934E+00   1.1326316076500452E+01   2.6863222204281421E+00
   6.3000000000000000E+01   1.9970929971564260E+00   1.1248391157677707E+01   2.6209986655752933E+00
   6.4000000000000000E+01   2.0175414901084987E+00   1.1134384755114180E+01   2.5540193890400595E+00
   6.5000000000000000E+01   2.0338442425637497E+00   1.1045134499561019E+01   2.4971621045194228E+00
   6.5998999999999995E+01   2.0504194010157222E+00   1.0770857880180412E+01   2.4410387312960302E+00
   6.6001000000000005E+01   2.0134029442362849E+00   1.1157269963090249E+01   2.4658965926149454E+00
   6.7000000000000000E+01   1.9924432230078610E+00   1.1274641581184865E+01   2.4350111982061780E+00
   6.8000000000000000E+01   1.9709800379958469E+00   1.1397417922667845E+01   2.4051693865637347E+00
   6.9000000000000000E+01   1.9528049743879825E+00   1.1503495487210522E+01   2.3790031447478186E+00
   7.0000000000000000E+01   1.9365897530577032E+00   1.1599815177585041E+01   2.3541995824124959E+00
   7.1000000000000000E+01   1.9206585912506213E+00   1.1696031409542236E+01   2.3301394459692535E+00
   7.2000000000000000E+01   1.9052785099398202E+00   1.1790445907556034E+01   2.3074416272767277E+00
   7.3000000000000000E+01   1.8899116300988725E+00   1.1886314075488908E+01   2.2848114695060300E+00
   7.4000000000000000E+01   1.8747708498017068E+00   1.1982308777977012E+01   2.2627437184761465E+00
   7.5000000000000000E+01   1.8599052138599828E+00   1.2078079593988150E+01   2.2413369374186249E+00
   7.6000000000000000E+01   1.8453542980882169E+00   1.2173317196349318E+01   2.2206641223625216E+00
   7.7000000000000000E+01   1.8310172308091901E+00   1.2268635615376901E+01   2.2004868629369656E+00
   7.8000000000000000E+01   1.8169923753131358E+00   1.2363333779209183E+01   2.1810241419707439E+00
   7.9000000000000000E+01   1.8031775609950549E+00   1.2458053880105945E+01   2.1620327365220589E+00
   8.0000000000000000E+01   1.7896107650307531E+00   1.2552496693261890E+01   2.1435860275923106E+00
   8.1000000000000000E+01   1.7762978303272339E+00   1.2646574705400633E+01   2.1257001716357644E+00
   8.2000000000000000E+01   1.7632731163807276E+00   1.2739990760129045E+01   2.1084421560055100E+00
   8.3000000000000000E+01   1.7504406383519864E+00   1.2833387615717161E+01   2.0915864047523138E+00
   8.4000000000000000E+01   1.7378502202193467E+00   1.2926363244030926E+01   2.0752512934503695E+00
   8.5000000000000000E+01   1.7254866447148987E+00   1.3018984110413758E+01   2.0593869192391865E+00
   8.6000000000000000E+01   1.7134072815210590E+00   1.3110766746790153E+01   2.0441415215722261E+00
   8.7000000000000000E+01   1.7014968980662695E+00   1.3202541383298774E+01   2.0292216064661561E+00
   8.8000000000000000E+01   1.6894271717354543E+00   1.3296863922934490E+01   2.0137276287038222E+00
   8.9000000000000000E+01   1.6779556050017757E+00   1.3387769702197005E+01   1.9997065153611466E+00
   9.0000000000000000E+01   1.6666903619628348E+00   1.3478258303371254E+01   1.9860969941970208E+00
   9.1000000000000000E+01   1.6556333860217842E+00   1.3568271454257109E+01   1.9729097799035444E+00
   9.2000000000000000E+01   1.6443855578581819E+00   1.3661080336617630E+01   1.9590298100655923E+00
   9.3000000000000000E+01   1.6337300218040463E+00   1.3750180819636560E+01   1.9466392160779353E+00
   9.4000000000000000E+01   1.6232785081267977E+00   1.3838711655338257E+01   1.9346685981356835E+00
   9.5000000000000000E+01   1.6126061763565693E+00   1.3930297142373899E+01   1.9218943481860506E+00
   9.6000000000000000E+01   1.6025266846246888E+00   1.4017915224628847E+01   1.9106429562351013E+00
   9.7000000000000000E+01   1.5926331533875817E+00   1.4104995342143036E+01   1.8997619031071769E+00
   9.8000000000000000E+01   1.5825035159884711E+00   1.4195281706052192E+01   1.8880168834207891E+00
   9.9000000000000000E+01   1.5729674192157421E+00   1.4281340437092252E+01   1.8778321632810773E+00
   1.0000000000000000E+02   1.5631807020892352E+00   1.4370752645711747E+01   1.8667282413210338E+00
   1.1000000000000000E+02   1.4760778600411122E+00   1.5218765770017539E+01   1.7782160012251307E+00
   1.2000000000000000E+02   1.4016425616649759E+00   1.6026969945597180E+01   1.7119176546572707E+00
   1.3000000000000000E+02   1.3371532386214691E+00   1.6799931796473562E+01   1.6618217255213643E+00
   1.4000000000000000E+02   1.2808620813855489E+00   1.7538252975663323E+01   1.6247369307226212E+00
   1.5000000000000000E+02   1.2310313715206180E+00   1.8248180939959234E+01   1.5969646652823202E+00
   1.6000000000000000E+02   1.1862952221895073E+00   1.8936334556598126E+01   1.5754608957533907E+00
   1.7000000000000000E+02   1.1455435013064579E+00   1.9609978306938849E+01   1.5615357857974042E+00
   1.8000000000000000E+02   1.1084898982181217E+00   2.0265483020084389E+01   1.5873115466391545E+00
   1.9000000000000000E+02   1.0735713738756862E+00   2.0924629472167386E+01   1.6060938083323373E+00
   2.0000000000000000E+02   1.0413297977675111E+00   2.1572496300821101E+01   1.6226244804067009E+00
   2.0599900000000000E+02   1.0234682929762258E+00   2.1945543570303258E+01   1.6324793502013057E+00
   2.0600100000000000E+02   1.0234624443577185E+00   2.1945667363137353E+01   1.6324822928986356E+00
   2.0799900000000000E+02   1.0177645329597407E+00   2.2066741416090636E+01   1.6359569531005371E+00
   2.0800100000000000E+02   1.0177588029669369E+00   2.2066863695152620E+01   1.6359599536864620E+00
   2.1000000000000000E+02   1.0110253940088385E+00   2.2219108781433867E+01   1.6353380456028046E+00
   2.2000000000000000E+02   9.8309772029662124E-01   2.2850305464543780E+01   1.6492520289015737E+00
   2.3000000000000000E+02   9.5677514324060731E-01   2.3478957797950663E+01   1.6693863602760415E+00
   2.4000000000000000E+02   9.3219528704784060E-01   2.4098044178506505E+01   1.6803506759428140E+00
   2.5000000000000000E+02   9.0883860158679386E-01   2.4717351541905320E+01   1.6889675044392427E+00
   2.6000000000000000E+02   8.8688573419428884E-01   2.5329174147425444E+01   1.6971984414948524E+00
   2.7000000000000000E+02   8.6596594611456446E-01   2.5941069982101222E+01   1.7881097308508720E+00
   2.7699900000000002E+02   8.5217104076149963E-01   2.6360507547973494E+01   1.8522293064443254E+00
   2.7700099999999998E+02   8.5216709497271648E-01   2.6360629403376858E+01   1.8522466279247152E+00
   2.8000000000000000E+02   8.4601650149814467E-01   2.6552771926427589E+01   1.7868334057531912E+00
   2.9000000000000000E+02   8.2701415514926346E-01   2.7162876318870250E+01   1.7849123487737617E+00
   3.0000000000000000E+02   8.0889330393241599E-01   2.7771379860688423E+01   1.7824002754566253E+00
   3.1000000000000000E+02   7.9161764538995094E-01   2.8377441232008675E+01   1.7795567788301070E+00
   3.2000000000000000E+02   7.7513514154285734E-01   2.8980860247880237E+01   1.7764939440029233E+00
   3.3000000000000000E+02   7.5939809718447993E-01   2.9581432049357943E+01   1.7732553136417804E+00
   3.4000000000000000E+02   7.4436041525333729E-01   3.0179040623256324E+01   1.7698911712653524E+00
   3.5000000000000000E+02   7.2996945179175410E-01   3.0774004521880972E+01   1.7663513580881565E+00
   3.6000000000000000E+02   7.1620221881313584E-01   3.1365559363249496E+01   1.7628731387833207E+00
   3.7000000000000000E+02   7.0302595965830317E-01   3.1953419218250200E+01   1.7594880104448558E+00
   3.8000000000000000E+02   6.9036793172921107E-01   3.2539291264597288E+01   1.7576205632553292E+00
   3.9000000000000000E+02   6.7822876158219281E-01   3.3121690619356094E+01   1.7538121886011657E+00
   4.0000000000000000E+02   6.6657620336287071E-01   3.3700697830110535E+01   1.7500959923511314E+00
   4.1000000000000000E+02   6.5536388098756748E-01   3.4277267731665809E+01   1.7462212603234140E+00
   4.2000000000000000E+02   6.4458819160329262E-01   3.4850286590573752E+01   1.7424829010827143E+00
   4.3000000000000000E+02   6.3422934088074256E-01   3.5419495381716274E+01   1.7389371424887770E+00
   4.4000000000000000E+02   6.2425258359034363E-01   3.5985567061771476E+01   1.7353998656678638E+00
   4.5000000000000000E+02   6.1464264104985533E-01   3.6548201686599704E+01   1.7319274387404988E+00
   4.6000000000000000E+02   6.0538101533544753E-01   3.7107346681208440E+01   1.7285032134410576E+00
   4.7000000000000000E+02   5.9645755427236502E-01   3.7662500959819297E+01   1.7251962035296597E+00
   4.8000000000000000E+02   5.8784518930265239E-01   3.8214284337213101E+01   1.7217707408363740E+00
   4.9000000000000000E+02   5.7955637695775075E-01   3.8760824836738934E+01   1.7185161168985577E+00
   5.0000000000000000E+02   5.7157962246065830E-01   3.9301756618905031E+01   1.7151952867232938E+00
   5.1000000000000000E+02   5.6395616293411432E-01   3.9833030804025178E+01   1.7119383637758703E+00
   5.2000000000000000E+02   5.5687450822120566E-01   4.0339578987068791E+01   1.7088167011954747E+00
   5.3000000000000000E+02   5.4978207375410326E-01   4.0859977585085382E+01   1.7047810648430892E+00
   5.4000000000000000E+02   5.4254624834585430E-01   4.1404918527709270E+01   1.7006092039488934E+00
   5.5000000000000000E+02   5.3551695962052015E-01   4.1948406687610770E+01   1.6963748754113319E+00
   5.6000000000000000E+02   5.2869415428644428E-01   4.2489751452979888E+01   1.6922386565441727E+00
   5.7000000000000000E+02   5.2207073555570882E-01   4.3028811385803735E+01   1.6882337125527611E+00
   5.8000000000000000E+02   5.1562505258487712E-01   4.3566702388993413E+01   1.6841333454743848E+00
   5.9000000000000000E+02   5.0935784954334207E-01   4.4102752574470557E+01   1.6800881194951285E+00
   6.0000000000000000E+02   5.0326513926512484E-01   4.4636676490401868E+01   1.6761625494009849E+00
   6.1000000000000000E+02   4.9733524480343466E-01   4.5168894513303705E+01   1.6722766410221301E+00
   6.2000000000000000E+02   4.9155635340035664E-01   4.5699914272043088E+01   1.6683358101658849E+00
   6.3000000000000000E+02   4.8592583508320947E-01   4.6229448175826434E+01   1.6644054586454926E+00
   6.4000000000000000E+02   4.8042739977242471E-01   4.6758538794655550E+01   1.6602935643552157E+00
   6.5000000000000000E+02   4.7507309526250496E-01   4.7285530235850821E+01   1.6563278705027238E+00
   6.6000000000000000E+02   4.6984946277939810E-01   4.7811235278184562E+01   1.6523564586427761E+00
   6.7000000000000000E+02   4.6475655706249441E-01   4.8335161427864996E+01   1.6484811684709060E+00
   6.8000000000000000E+02   4.5977300633035018E-01   4.8859073718942540E+01   1.6443755488963552E+00
   6.9000000000000000E+02   4.5490980914365753E-01   4.9381399914329847E+01   1.6403428855745505E+00
   7.0000000000000000E+02   4.5016157830306769E-01   4.9902266859280132E+01   1.6363627320429548E+00
   7.1000000000000000E+02   4.4552472713974034E-01   5.0421630589380229E+01   1.6324485120567598E+00
   7.2000000000000000E+02   4.4098476517811114E-01   5.0940723998030421E+01   1.6283840726223020E+00
   7.3000000000000000E+02   4.3654495133207039E-01   5.1458808862014472E+01   1.6243093466001433E+00
   7.4000000000000000E+02   4.3220432578354895E-01   5.1975609382319305E+01   1.6202770337618821E+00
   7.5000000000000000E+02   4.2796083883315661E-01   5.2490978547296919E+01   1.6163188491310838E+00
   7.6000000000000000E+02   4.2379910922106367E-01   5.3006442726043140E+01   1.6121718188599510E+00
   7.7000000000000000E+02   4.1973452305589293E-01   5.3519741589812092E+01   1.6082339227287434E+00
   7.8000000000000000E+02   4.1574653979053022E-01   5.4033121289699054E+01   1.6041228210288545E+00
   7.9000000000000000E+02   4.1183339951896880E-01   5.4546530797436539E+01   1.5998570739307709E+00
   8.0000000000000000E+02   4.0801101771639725E-01   5.5057540690944982E+01   1.5958477767774826E+00
   8.1000000000000000E+02   4.0425522223646326E-01   5.5569061262823645E+01   1.5916136802504131E+00
   8.2000000000000000E+02   4.0057817550512598E-01   5.6079149049863680E+01   1.5874803709804568E+00
   8.3000000000000000E+02   3.9697209477868545E-01   5.6588570092812922E+01   1.5833260049278248E+00
   8.4000000000000000E+02   3.9343767035738331E-01   5.7096930219897160E+01   1.5792180301573628E+00
   8.5000000000000000E+02   3.8997265650390533E-01   5.7604252081836542E+01   1.5751551742764449E+00
   8.6000000000000000E+02   3.8656310537557537E-01   5.8112331202557101E+01   1.5708552379975995E+00
   8.7000000000000000E+02   3.8322796038898016E-01   5.8618069483951921E+01   1.5668141799604827E+00
   8.8000000000000000E+02   3.7991708063820884E-01   5.9128910899551606E+01   1.5270569563627443E+00
   8.9000000000000000E+02   3.7663409292511418E-01   5.9644316943821991E+01   1.5207676196058471E+00
   9.0000000000000000E+02   3.7340957236493022E-01   6.0159366210142160E+01   1.5144940799024116E+00
   9.1000000000000000E+02   3.7024063158398757E-01   6.0674278547352067E+01   1.5082068480419566E+00
   9.2000000000000000E+02   3.6712970331820749E-01   6.1188411090790460E+01   1.5020033815140068E+00
   9.3000000000000000E+02   3.6407082499165977E-01   6.1702508600597227E+01   1.4957735399969421E+00
   9.4000000000000000E+02   3.6106515454904292E-01   6.2216148324618118E+01   1.4895826606249114E+00
   9.5000000000000000E+02   3.5811072893576340E-01   6.2729433650405781E+01   1.4834157050885759E+00
   9.6000000000000000E+02   3.5519547766002724E-01   6.3244282720783261E+01   1.4696595423443042E+00
   9.7000000000000000E+02   3.5232628192566112E-01   6.3759317322271784E+01   1.4630022896424575E+00
   9.8000000000000000E+02   3.4950486581208262E-01   6.4274021358983390E+01   1.4563848830736110E+00
   9.9000000000000000E+02   3.4673006722979849E-01   6.4788391124402096E+01   1.4498085467347623E+00
   1.0000000000000000E+03   3.4400075944015462E-01   6.5302423305209203E+01   1.4432743623921462E+00
   1.0749990000000000E+03   3.2390200903501998E-01   6.9128783083827201E+01   1.3956104777872720E+00
   1.0750010000000000E+03   3.2390148126387264E-01   6.9128884459335652E+01   1.3956092365885913E+00
   1.1000000000000000E+03   3.1898020195327614E-01   7.0424694299883001E+01   1.3802801360059347E+00
   1.2000000000000000E+03   2.9747540505090564E-01   7.5515766442708909E+01   1.3176026547084319E+00
   1.3000000000000000E+03   2.7879739890867572E-01   8.0574938282092319E+01   1.2630236011323186E+00
   1.4000000000000000E+03   2.6243244257363724E-01   8.5599489872412050E+01   1.2130546700918445E+00
   1.5000000000000000E+03   2.4797472021667025E-01   9.0590214964840811E+01   1.1672896140083462E+00
   1.6000000000000000E+03   2.3510740808098177E-01   9.5548172614521590E+01   1.1253115273093059E+00
   1.7000000000000000E+03   2.2357989508775930E-01   1.0047452254799941E+02   1.0867277110737157E+00
   1.8000000000000000E+03   2.1319135795909089E-01   1.0537051513403759E+02   1.0511725811637640E+00
   1.9000000000000000E+03   2.0377922330766579E-01   1.1023735808609963E+02   1.0183239438623515E+00
   2.0000000000000000E+03   1.9521032822804191E-01   1.1507630469240436E+02   9.8788748251635872E-01
   2.1000000000000000E+03   1.8737474883762428E-01   1.1988853006944605E+02   9.5960832886257841E-01
   2.2000000000000000E+03   1.8018087608568351E-01   1.2467518028712333E+02   9.3326030029469287E-01
   2.3000000000000000E+03   1.7355170960750357E-01   1.2943740664426838E+02   9.0863897814011807E-01
   2.4000000000000000E+03   1.6742222964276235E-01   1.3417622772201290E+02   8.8557264382997603E-01
   2.5000000000000000E+03   1.6173701323678130E-01   1.3889265518578131E+02   8.6390578451738276E-01
   2.6000000000000000E+03   1.5644862170295662E-01   1.4358760700957896E+02   8.4350505820755162E-01
   2.7000000000000000E+03   1.5151611162263040E-01   1.4826200969454649E+02   8.2424752687630620E-01
   2.8000000000000000E+03   1.4690413186046455E-01   1.5291661933383673E+02   8.0603451355937694E-01
   2.8289989999999998E+03   1.4560454549581114E-01   1.5426396924640181E+02   8.0087339056471929E-01
   2.8290010000000002E+03   1.4560445642756942E-01   1.5426406213235518E+02   8.0087303641839991E-01
   2.9000000000000000E+03   1.4258195721646899E-01   1.5755207495271844E+02   7.8878842594779430E-01
   3.0000000000000000E+03   1.3852271063086405E-01   1.6216895488088454E+02   7.7244050636974215E-01
   3.1000000000000000E+03   1.3470265100123588E-01   1.6676793695818441E+02   7.5691212817050468E-01
   3.2000000000000000E+03   1.3110081362052961E-01   1.7134968571054446E+02   7.4213309908907199E-01
   3.3000000000000000E+03   1.2769874108917462E-01   1.7591468027540924E+02   7.2805135499781648E-01
   3.4000000000000000E+03   1.2447992789042310E-01   1.8046349793879253E+02   7.1461094788517709E-01
   3.5000000000000000E+03   1.2142972026712986E-01   1.8499658206291099E+02   7.0176852057389538E-01
   3.6000000000000000E+03   1.1853493984483862E-01   1.8951444392412682E+02   6.8947846043244265E-01
   3.7000000000000000E+03   1.1578384662397301E-01   1.9401742009168345E+02   6.7770884260045050E-01
   3.8000000000000000E+03   1.1316575687176010E-01   1.9850601304890145E+02   6.6641895614953750E-01
   3.9000000000000000E+03   1.1067116426095966E-01   2.0298045439645605E+02   6.5558668745105086E-01
   4.0000000000000000E+03   1.0829132492882787E-01   2.0744120754860515E+02   6.4517684610559012E-01
   4.1000000000000000E+03   1.0601836018276975E-01   2.1188861223233025E+02   6.3516337730320904E-01
   4.2000000000000000E+03   1.0384515330041141E-01   2.1632288553023329E+02   6.2552831010239429E-01
   4.3000000000000000E+03   1.0176513724557651E-01   2.2074439064593184E+02   6.1624598000772657E-01
   4.4000000000000000E+03   9.9772342913667461E-02   2.2515340979526243E+02   6.0729658909690754E-01
   4.5000000000000000E+03   9.7861319201256236E-02   2.2955017767618696E+02   5.9866331222385849E-01
   4.6000000000000000E+03   9.6026109736088938E-02   2.3393724136084495E+02   5.8754598894448684E-01
   4.7000000000000000E+03   9.4262637090425302E-02   2.3831375721777044E+02   5.7924222047012885E-01
   4.8000000000000000E+03   9.2567105455295062E-02   2.4267889872740335E+02   5.7121414327799647E-01
   4.9000000000000000E+03   9.0935604150666649E-02   2.4703286924948344E+02   5.6344842963971264E-01
   5.0000000000000000E+03   8.9364513711675059E-02   2.5137587927521608E+02   5.5593166448671072E-01
   5.1000000000000000E+03   8.7850490507089096E-02   2.5570811364407439E+02   5.4865239414935918E-01
   5.2000000000000000E+03   8.6390431705359497E-02   2.6002975985685208E+02   5.4159929024949205E-01
   5.3000000000000000E+03   8.4981454861621980E-02   2.6434100530349122E+02   5.3476133605954357E-01
   5.4000000000000000E+03   8.3620884063674905E-02   2.6864202001462530E+02   5.2812881394758815E-01
   5.5000000000000000E+03   8.2306226592795878E-02   2.7293297409215285E+02   5.2169224516867030E-01
   5.6000000000000000E+03   8.1035157149834780E-02   2.7721403894778791E+02   5.1544232294232373E-01
   5.7000000000000000E+03   7.9805511584328970E-02   2.8148536065127593E+02   5.0937136118877024E-01
   5.8000000000000000E+03   7.8615262227009264E-02   2.8574710016748622E+02   5.0347104381102326E-01
   5.9000000000000000E+03   7.7462514193365445E-02   2.8999940738043369E+02   4.9773385438176354E-01
   6.0000000000000000E+03   7.6345493093337005E-02   2.9424242741887474E+02   4.9215269929423799E-01
   6.1000000000000000E+03   7.5262537619955522E-02   2.9847629273023836E+02   4.8672128917652213E-01
   6.2000000000000000E+03   7.4212084750518825E-02   3.0270114747204116E+02   4.8143288559209318E-01
   6.3000000000000000E+03   7.3192668172915504E-02   3.0691712395569033E+02   4.7628149466694419E-01
   6.4000000000000000E+03   7.2202911242857201E-02   3.1112434143708742E+02   4.7126187800807223E-01
   6.5000000000000000E+03   7.1241516313462427E-02   3.1532292366479851E+02   4.6636868199413162E-01
   6.6000000000000000E+03   7.0307260961768300E-02   3.1951299059267780E+02   4.6159684030886927E-01
   6.7000000000000000E+03   6.9398990466239846E-02   3.2369466845778402E+02   4.5694110505740859E-01
   6.8000000000000000E+03   6.8515621291632550E-02   3.2786805091728530E+02   4.5239781018933434E-01
   6.9000000000000000E+03   6.7656121888658882E-02   3.3203326739956162E+02   4.4796174734359639E-01
   7.0000000000000000E+03   6.6819523206784748E-02   3.3619041460016655E+02   4.4362926501732991E-01
   7.1000000000000000E+03   6.6004908576688309E-02   3.4033958526242554E+02   4.3939693090633059E-01
   7.2000000000000000E+03   6.5211404022207070E-02   3.4448090095751508E+02   4.3526013859805918E-01
   7.3000000000000000E+03   6.4438189524881131E-02   3.4861443774115492E+02   4.3121629287144603E-01
   7.4000000000000000E+03   6.3684481603094187E-02   3.5274030100895050E+02   4.2726160175875727E-01
   7.5000000000000000E+03   6.2949538784752235E-02   3.5685858298481617E+02   4.2339288672394026E-01
   7.6000000000000000E+03   6.2232659036052296E-02   3.6096936171826826E+02   4.1960758704109136E-01
   7.7000000000000000E+03   6.1533171391983020E-02   3.6507273560096718E+02   4.1590236113721402E-01
   7.8000000000000000E+03   6.0850439839064442E-02   3.6916878940705772E+02   4.1227446525195932E-01
   7.9000000000000000E+03   6.0183861232093266E-02   3.7325759348746067E+02   4.0872175078565759E-01
   8.0000000000000000E+03   5.9532857528469457E-02   3.7733923992362998E+02   4.0524125646432890E-01
   8.1000000000000000E+03   5.8896883792799504E-02   3.8141378225210593E+02   4.0183152564100938E-01
   8.2000000000000000E+03   5.8275411226271237E-02   3.8548133316556238E+02   3.9848889337299481E-01
   8.3000000000000000E+03   5.7667946658175151E-02   3.8954192947825123E+02   3.9521257256824849E-01
   8.4000000000000000E+03   5.7074010302467740E-02   3.9359566799712206E+02   3.9199956357010268E-01
   8.5000000000000000E+03   5.6493147672935694E-02   3.9764261924878269E+02   3.8884787601348014E-01
   8.6000000000000000E+03   5.5924928207571473E-02   4.0168282607170323E+02   3.8575652333811244E-01
   8.7000000000000000E+03   5.5368935029597666E-02   4.0571636782008108E+02   3.8272322060644476E-01
   8.8000000000000000E+03   5.4824769486068917E-02   4.0974332260498755E+02   3.7974576645039992E-01
   8.9000000000000000E+03   5.4292053622281067E-02   4.1376374094376348E+02   3.7682294311362841E-01
   9.0000000000000000E+03   5.3770423899539142E-02   4.1777768485226608E+02   3.7395314069228203E-01
   9.1000000000000000E+03   5.3259532152110628E-02   4.2178521482532756E+02   3.7113481645148555E-01
   9.2000000000000000E+03   5.2759046437149071E-02   4.2578637650389464E+02   3.6836693534294956E-01
   9.3000000000000000E+03   5.2268643602445722E-02   4.2978125434315444E+02   3.6564718347797648E-01
   9.4000000000000000E+03   5.1788018607594341E-02   4.3376989145864371E+02   3.6297463970165833E-01
   9.5000000000000000E+03   5.1316878755277413E-02   4.3775232935351153E+02   3.6034842870924427E-01
   9.6000000000000000E+03   5.0854938324284699E-02   4.4172864918306595E+02   3.5776640602810528E-01
   9.7000000000000000E+03   5.0401929209367410E-02   4.4569887626641429E+02   3.5522823309011353E-01
   9.8000000000000000E+03   4.9957589175700534E-02   4.4966307583955609E+02   3.5273230038310410E-01
   9.9000000000000000E+03   4.9521667717631654E-02   4.5362129842562484E+02   3.5027747927021102E-01
   1.0000000000000000E+04   4.9093923979674783E-02   4.5757359341605490E+02   3.4786268416840438E-01
   1.1000000000000000E+04   4.5219348009867502E-02   4.9678034290482105E+02   3.2571298991307229E-01
   1.2000000000000000E+04   4.1954124141051007E-02   5.3544398006616711E+02   3.0546445418001900E-01
   1.3000000000000000E+04   3.9163096083484894E-02   5.7360335256403653E+02   2.8852256558958878E-01
   1.4000000000000000E+04   3.6749092975718940E-02   6.1128265737380264E+02   2.7361674341737319E-01
   1.5000000000000000E+04   3.4639685825786692E-02   6.4850712917123406E+02   2.6039364514171637E-01
   1.6000000000000000E+04   3.2779987163146007E-02   6.8529871895527799E+02   2.4857759852790706E-01
   1.7000000000000000E+04   3.1127626530905117E-02   7.2167671338419950E+02   2.3795044911887658E-01
   1.8000000000000000E+04   2.9649362877453615E-02   7.5765821016534812E+02   2.2833730936455596E-01
   1.9000000000000000E+04   2.8318742946571086E-02   7.9325848794409262E+02   2.1959632097825341E-01
   2.0000000000000000E+04   2.7114446787058405E-02   8.2849129789350582E+02   2.1161118473818685E-01
   2.1000000000000000E+04   2.6019095777684079E-02   8.6336909638271493E+02   2.0428562820624502E-01
   2.2000000000000000E+04   2.5018378808334185E-02   8.9790323275427909E+02   1.9753925144888607E-01
   2.3000000000000000E+04   2.4100401609579863E-02   9.3210410242064131E+02   1.9130436716058330E-01
   2.4000000000000000E+04   2.3255195354894516E-02   9.6598127289205513E+02   1.8552356841223394E-01
   2.5000000000000000E+04   2.2474340759637119E-02   9.9954358842057241E+02   1.8014783578572269E-01
   2.6000000000000000E+04   2.1750677147729054E-02   1.0327992575909229E+03   1.7513504922730000E-01
   2.7000000000000000E+04   2.1078074855102106E-02   1.0657559271755226E+03   1.7044880701818779E-01
   2.8000000000000000E+04   2.0451255418915171E-02   1.0984207448456980E+03   1.6605748025710962E-01
   2.9000000000000000E+04   1.9865648223182271E-02   1.1308004127476643E+03   1.6193344971838686E-01
   3.0000000000000000E+04   1.9317275244062015E-02   1.1629012335567204E+03   1.5805248523147547E-01
   3.1000000000000000E+04   1.8802657661153278E-02   1.1947291502671842E+03   1.5439323738997807E-01
   3.2000000000000000E+04   1.8318739634595543E-02   1.2262897807581835E+03   1.5093681850079266E-01
   3.3000000000000000E+04   1.7862825669740776E-02   1.2575884479647623E+03   1.4766645496250622E-01
   3.4000000000000000E+04   1.7432528820046311E-02   1.2886302063325506E+03   1.4456719721744235E-01
   3.5000000000000000E+04   1.7025727597717963E-02   1.3194198651037611E+03   1.4162567641830540E-01
   3.6000000000000000E+04   1.6640529927729519E-02   1.3499620088925546E+03   1.3882989923170233E-01
   3.7000000000000000E+04   1.6275242834680053E-02   1.3802610159774017E+03   1.3616907395986483E-01
   3.8000000000000000E+04   1.5928346825588656E-02   1.4103210745126544E+03   1.3363346252512456E-01
   3.9000000000000000E+04   1.5598474137727320E-02   1.4401461971169065E+03   1.3121425391839406E-01
   4.0000000000000000E+04   1.5284390188653194E-02   1.4697402338597240E+03   1.2890345555814081E-01
   4.1000000000000000E+04   1.4984977689395194E-02   1.4991068839676786E+03   1.2669379965654348E-01
   4.2000000000000000E+04   1.4699222984529671E-02   1.5282497063903954E+03   1.2457866222092806E-01
   4.3000000000000000E+04   1.4426204263003631E-02   1.5571721293233129E+03   1.2255199273921918E-01
   4.4000000000000000E+04   1.4165081346318100E-02   1.5858774588762569E+03   1.2060825293163274E-01
   4.5000000000000000E+04   1.3915086813503738E-02   1.6143688869029836E+03   1.1874236323174656E-01
   4.6000000000000000E+04   1.3675518261966516E-02   1.6426494981729577E+03   1.1694965587560466E-01
   4.7000000000000000E+04   1.3445731538333110E-02   1.6707222768973511E+03   1.1522583366332366E-01
   4.8000000000000000E+04   1.3225134799908611E-02   1.6985901127018869E+03   1.1356693360632168E-01
   4.9000000000000000E+04   1.3013183289848233E-02   1.7262558061253897E+03   1.1196929479456580E-01
   5.0000000000000000E+04   1.2809374728572628E-02   1.7537220735814660E+03   1.1042952992224947E-01
   5.1000000000000000E+04   1.2613245236533791E-02   1.7809915520557738E+03   1.0894449999064204E-01
   5.2000000000000000E+04   1.2424365719289496E-02   1.8080668033940535E+03   1.0751129178233797E-01
   5.3000000000000000E+04   1.2242338655373029E-02   1.8349503181253015E+03   1.0612719775955785E-01
   5.4000000000000000E+04   1.2066795232852985E-02   1.8616445192600797E+03   1.0478969808048469E-01
   5.5000000000000000E+04   1.1897392794494775E-02   1.8881517655422053E+03   1.0349644448374250E-01
   5.6000000000000000E+04   1.1733812550447224E-02   1.9144743546647353E+03   1.0224524581188756E-01
   5.7000000000000000E+04   1.1575757527988716E-02   1.9406145261732643E+03   1.0103405498566147E-01
   5.8000000000000000E+04   1.1422950729776733E-02   1.9665744641370338E+03   9.9860957259858774E-02
   5.9000000000000000E+04   1.1275133475457957E-02   1.9923562997432280E+03   9.8724159614888424E-02
   6.0000000000000000E+04   1.1132063906832976E-02   2.0179621136100136E+03   9.7621981159569993E-02
   6.1000000000000000E+04   1.0993515637083191E-02   2.0433939380136826E+03   9.6552844432169230E-02
   6.2000000000000000E+04   1.0859276528397556E-02   2.0686537589801405E+03   9.5515267502741849E-02
   6.3000000000000000E+04   1.0729147584263578E-02   2.0937435181917385E+03   9.4507856793037998E-02
   6.4000000000000000E+04   1.0602941943651200E-02   2.1186651148010292E+03   9.3529300537962379E-02
   6.5000000000000000E+04   1.0480483966433142E-02   2.1434204071321806E+03   9.2578362821503724E-02
   6.6000000000000000E+04   1.0361608400043666E-02   2.1680112143766933E+03   9.1653878130135730E-02
   6.7000000000000000E+04   1.0246159620555327E-02   2.1924393179673007E+03   9.0754746371641631E-02
   6.8000000000000000E+04   1.0133990938316240E-02   2.2167064631307849E+03   8.9879928313169460E-02
   6.9000000000000000E+04   1.0024963963906132E-02   2.2408143601467373E+03   8.9028441397561997E-02
   7.0000000000000000E+04   9.9189480269269506E-03   2.2647646856593269E+03   8.8199355902316798E-02
   7.1000000000000000E+04   9.8158196434309907E-03   2.2885590838364660E+03   8.7391791408223340E-02
   7.2000000000000000E+04   9.7154620263895479E-03   2.3121991676007306E+03   8.6604913548784218E-02
   7.3000000000000000E+04   9.6177646364458188E-03   2.3356865196251956E+03   8.5837931015055310E-02
   7.4000000000000000E+04   9.5226227682492694E-03   2.3590226933251110E+03   8.5090092793186259E-02
   7.5000000000000000E+04   9.4299371686862622E-03   2.3822092139564079E+03   8.4360685611505365E-02
   7.6000000000000000E+04   9.3396136858349410E-03   2.4052475793880949E+03   8.3649031581946753E-02
   7.7000000000000000E+04   9.2515629438045532E-03   2.4281392610875359E+03   8.2954486015800161E-02
   7.8000000000000000E+04   9.1657000426837616E-03   2.4508857049283088E+03   8.2276435400673281E-02
   7.9000000000000000E+04   9.0819442810538015E-03   2.4734883319134224E+03   8.1614295525166886E-02
   8.0000000000000000E+04   9.0002188985234700E-03   2.4959485389805091E+03   8.0967509736482451E-02
   8.1000000000000000E+04   8.9204508368606397E-03   2.5182676998173069E+03   8.0335547322095011E-02
   8.2000000000000000E+04   8.8425705192499340E-03   2.5404471653769656E+03   7.9717902005941643E-02
   8.3000000000000000E+04   8.7665116445026520E-03   2.5624882645722951E+03   7.9114090547247495E-02
   8.4000000000000000E+04   8.6922109953287401E-03   2.5843923050587227E+03   7.8523651434686370E-02
   8.5000000000000000E+04   8.6196082610544966E-03   2.6061605736507368E+03   7.7946143670771406E-02
   8.6000000000000000E+04   8.5486458715963963E-03   2.6277943369853751E+03   7.7381145635638693E-02
   8.7000000000000000E+04   8.4792688432290004E-03   2.6492948419972308E+03   7.6828254027299037E-02
   8.8000000000000000E+04   8.4114246339415475E-03   2.6706633166072684E+03   7.6287082868771727E-02
   8.9000000000000000E+04   8.3450630095491113E-03   2.6919009700189386E+03   7.5757262583139640E-02
   9.0000000000000000E+04   8.2801359175036591E-03   2.7130089933411396E+03   7.5238439123121087E-02
   9.1000000000000000E+04   8.2165973695412699E-03   2.7339885599783966E+03   7.4730273160138555E-02
   9.2000000000000000E+04   8.1544033313180435E-03   2.7548408261826094E+03   7.4232439319971449E-02
   9.3000000000000000E+04   8.0935116197629713E-03   2.7755669313454709E+03   7.3744625468553746E-02
   9.4000000000000000E+04   8.0338818059327629E-03   2.7961679985988112E+03   7.3266532040326654E-02
   9.5000000000000000E+04   7.9754751251314687E-03   2.8166451349698264E+03   7.2797871407748002E-02
   9.6000000000000000E+04   7.9182543917727145E-03   2.8369994317958799E+03   7.2338367288833610E-02
   9.7000000000000000E+04   7.8621839187304962E-03   2.8572319653775899E+03   7.1887754187365649E-02
   9.8000000000000000E+04   7.8072294428366447E-03   2.8773437971501976E+03   7.1445776868810290E-02
   9.9000000000000000E+04   7.7533580549509432E-03   2.8973359737887859E+03   7.1012189867571726E-02
   1.0000000000000000E+05   7.7005381326728005E-03   2.9172095278589709E+03   7.0586757018819196E-02
   1.1000000000000000E+05   7.2240177004245136E-03   3.1096384507687917E+03   6.6734790459770682E-02
   1.2000000000000000E+05   6.8254028840351397E-03   3.2912464790640720E+03   6.3493315624612023E-02
   1.3000000000000000E+05   6.4871229451346542E-03   3.4628730486944892E+03   6.0728787460709713E-02
   1.4000000000000000E+05   6.1965345472685032E-03   3.6252655478499382E+03   5.8344176140389864E-02
   1.5000000000000000E+05   5.9443040992791015E-03   3.7790938745880717E+03   5.6267232015140320E-02
   1.6000000000000000E+05   5.7233890435003099E-03   3.9249617734418125E+03   5.4443016376153640E-02
   1.7000000000000000E+05   5.5283741371304693E-03   4.0634158711144155E+03   5.2828988376065707E-02
   1.8000000000000000E+05   5.3550261735034960E-03   4.1949530184233281E+03   5.1391680382048194E-02
   1.9000000000000000E+05   5.1999875428727620E-03   4.3200263510369887E+03   5.0104391943484636E-02
   2.0000000000000000E+05   5.0605605637731692E-03   4.4390503635283294E+03   4.8945555145177795E-02
   2.1000000000000000E+05   4.9345526617534689E-03   4.5524052026819218E+03   4.7897553362011500E-02
   2.2000000000000000E+05   4.8201632434399988E-03   4.6604403369215570E+03   4.6945852844597319E-02
   2.3000000000000000E+05   4.7158997139879590E-03   4.7634777185025978E+03   4.6078354357163856E-02
   2.4000000000000000E+05   4.6205142286712981E-03   4.8618145294045162E+03   4.5284902302016553E-02
   2.5000000000000000E+05   4.5329554384081483E-03   4.9557255780487430E+03   4.4556908345727897E-02
   2.6000000000000000E+05   4.4523312325680936E-03   5.0454654060671019E+03   4.3887059482299928E-02
   2.7000000000000000E+05   4.3778796605946505E-03   5.1312701471614009E+03   4.3269089178735072E-02
   2.8000000000000000E+05   4.3089460106768424E-03   5.2133591728956926E+03   4.2697596230932888E-02
   2.9000000000000000E+05   4.2449645716039919E-03   5.2919365595049467E+03   4.2167900075457551E-02
   3.0000000000000000E+05   4.1854439988480100E-03   5.3671923973794346E+03   4.1675924265647799E-02
   3.1000000000000000E+05   4.1299554790056505E-03   5.4393039645267527E+03   4.1218101906288281E-02
   3.2000000000000000E+05   4.0781230894751446E-03   5.5084367777544312E+03   4.0791298349133795E-02
   3.3000000000000000E+05   4.0296158890536539E-03   5.5747455412059280E+03   4.0392747584892308E-02
   3.4000000000000000E+05   3.9841413831616639E-03   5.6383750097863658E+03   4.0019999554755145E-02
   3.5000000000000000E+05   3.9414401087556547E-03   5.6994607530308303E+03   3.9670876292498838E-02
   3.6000000000000000E+05   3.9012810951230712E-03   5.7581298713277565E+03   3.9343435155109775E-02
   3.7000000000000000E+05   3.8634580674265619E-03   5.8145016247679050E+03   3.9035937900075021E-02
   3.8000000000000000E+05   3.8277862317227930E-03   5.8686880223621783E+03   3.8746824500141552E-02
   3.9000000000000000E+05   3.7940995564069635E-03   5.9207943482505889E+03   3.8474690905629855E-02
   4.0000000000000000E+05   3.7622484543552610E-03   5.9709196462741593E+03   3.8218270047265551E-02
   4.1000000000000000E+05   3.7320977994813659E-03   6.0191571650121714E+03   3.7976415564775233E-02
   4.2000000000000000E+05   3.7035252225871250E-03   6.0655947671883177E+03   3.7748087784491333E-02
   4.3000000000000000E+05   3.6764196481881379E-03   6.1103152958464525E+03   3.7532341641772667E-02
   4.4000000000000000E+05   3.6506800210887292E-03   6.1533969234518208E+03   3.7328316168700484E-02
   4.5000000000000000E+05   3.6262142100511843E-03   6.1949134576794168E+03   3.7135225395214876E-02
   4.6000000000000000E+05   3.6029380394436141E-03   6.2349346462098592E+03   3.6952350369792719E-02
   4.7000000000000000E+05   3.5807744596172298E-03   6.2735264294405570E+03   3.6779032205153425E-02
   4.8000000000000000E+05   3.5596528078958491E-03   6.3107511947360899E+03   3.6614665963024540E-02
   4.9000000000000000E+05   3.5395081636410298E-03   6.3466680034906340E+03   3.6458695268301859E-02
   5.0000000000000000E+05   3.5202807767914929E-03   6.3813328068532555E+03   3.6310607552160118E-02
   5.1000000000000000E+05   3.5019155727030794E-03   6.4147986277506716E+03   3.6169929869788078E-02
   5.2000000000000000E+05   3.4843617002378916E-03   6.4471157540104687E+03   3.6036225148268868E-02
   5.3000000000000000E+05   3.4675721320931293E-03   6.4783319148185765E+03   3.5909088865413670E-02
   5.4000000000000000E+05   3.4515033285872675E-03   6.5084924079934690E+03   3.5788146130856027E-02
   5.5000000000000000E+05   3.4361149093845391E-03   6.5376402718435511E+03   3.5673049013155628E-02
   5.6000000000000000E+05   3.4213693808127399E-03   6.5658164056340838E+03   3.5563474194049580E-02
   5.7000000000000000E+05   3.4072318767859175E-03   6.5930597102375832E+03   3.5459120827191035E-02
   5.8000000000000000E+05   3.3936699470238545E-03   6.6194071789375785E+03   3.5359708676306112E-02
   5.9000000000000000E+05   3.3806533406887255E-03   6.6448940327309356E+03   3.5264976362330794E-02
   6.0000000000000000E+05   3.3681538262216484E-03   6.6695538176990976E+03   3.5174679821749433E-02
   6.1000000000000000E+05   3.3561450357585403E-03   6.6934184818973972E+03   3.5088590941480320E-02
   6.2000000000000000E+05   3.3446023103477821E-03   6.7165184753874464E+03   3.5006496264817624E-02
   6.3000000000000000E+05   3.3335025601335137E-03   6.7388828432082209E+03   3.4928195849787007E-02
   6.4000000000000000E+05   3.3228241423494324E-03   6.7605393026881602E+03   3.4853502222412638E-02
   6.5000000000000000E+05   3.3125467687535222E-03   6.7815142784315840E+03   3.4782239469342363E-02
   6.6000000000000000E+05   3.3026513727517515E-03   6.8018330350010456E+03   3.4714242320211433E-02
   6.7000000000000000E+05   3.2931200511144435E-03   6.8215196717994577E+03   3.4649355415439835E-02
   6.8000000000000000E+05   3.2839359518564348E-03   6.8405972405080838E+03   3.4587432538820115E-02
   6.9000000000000000E+05   3.2750832119703356E-03   6.8590877716232762E+03   3.4528335996967294E-02
   7.0000000000000000E+05   3.2665468860937066E-03   6.8770123294137193E+03   3.4471936009766294E-02
   7.1000000000000000E+05   3.2583128817865593E-03   6.8943910622718276E+03   3.4418110162693402E-02
   7.2000000000000000E+05   3.2503678912441684E-03   6.9112432690428977E+03   3.4366742866304742E-02
   7.3000000000000000E+05   3.2426993499641839E-03   6.9275874158739180E+03   3.4317724946381641E-02
   7.4000000000000000E+05   3.2352953877895392E-03   6.9434411754354896E+03   3.4270953192270893E-02
   7.5000000000000000E+05   3.2281447669967795E-03   6.9588215001811377E+03   3.4226329946884987E-02
   7.6000000000000000E+05   3.2212368522242765E-03   6.9737446331408009E+03   3.4183762753348945E-02
   7.7000000000000000E+05   3.2145615800964781E-03   6.9882261237005787E+03   3.4143164059411334E-02
   7.8000000000000000E+05   3.2081093931082406E-03   7.0022809254985023E+03   3.4104450817794646E-02
   7.9000000000000000E+05   3.2018712434051626E-03   7.0159233468688935E+03   3.4067544294716590E-02
   8.0000000000000000E+05   3.1958385322675134E-03   7.0291671445414613E+03   3.4032369744353537E-02
   8.1000000000000000E+05   3.1900031048573141E-03   7.0420255002476606E+03   3.3998856193043034E-02
   8.2000000000000000E+05   3.1843571999370700E-03   7.0545110990432731E+03   3.3966936184125662E-02
   8.3000000000000000E+05   3.1788934500970398E-03   7.0666360992969658E+03   3.3936545600845205E-02
   8.4000000000000000E+05   3.1736048383743378E-03   7.0784122013695696E+03   3.3907623437557627E-02
   8.5000000000000000E+05   3.1684846849973085E-03   7.0898506521559839E+03   3.3880111617898181E-02
   8.6000000000000000E+05   3.1635266392656108E-03   7.1009622398783677E+03   3.3853954866002359E-02
   8.7000000000000000E+05   3.1587246349983498E-03   7.1117573723820833E+03   3.3829100485192533E-02
   8.8000000000000000E+05   3.1540728995597513E-03   7.1222460373094018E+03   3.3805498261632726E-02
   8.9000000000000000E+05   3.1495659228629588E-03   7.1324378534850721E+03   3.3783100292655528E-02
   9.0000000000000000E+05   3.1451984424360939E-03   7.1423420879208497E+03   3.3761860871937298E-02
   9.1000000000000000E+05   3.1409654413693320E-03   7.1519676448528508E+03   3.3741736374337208E-02
   9.2000000000000000E+05   3.1368621252037656E-03   7.1613231036780689E+03   3.3722685143574592E-02
   9.3000000000000000E+05   3.1328839056091783E-03   7.1704167428784285E+03   3.3704667346451521E-02
   9.4000000000000000E+05   3.1290263999377370E-03   7.1792565287149437E+03   3.3687644923798055E-02
   9.5000000000000000E+05   3.1252854210020511E-03   7.1878501270043434E+03   3.3671581501431957E-02
   9.6000000000000000E+05   3.1216569576245292E-03   7.1962049370629084E+03   3.3656442253291535E-02
   9.7000000000000000E+05   3.1181371645861173E-03   7.2043281050646665E+03   3.3642193854205527E-02
   9.8000000000000000E+05   3.1147223642018738E-03   7.2122265112481964E+03   3.3628804396536219E-02
   9.9000000000000000E+05   3.1114090405658323E-03   7.2199067745169123E+03   3.3616243333002019E-02
   1.0000000000000000E+06   3.1081938070670230E-03   7.2273753197752312E+03   3.3604481371256475E-02
   1.1000000000000000E+06   3.0807844069108961E-03   7.2916764833924735E+03   3.3525166656000853E-02
   1.2000000000000000E+06   3.0603187069886545E-03   7.3404391375887171E+03   3.3500990191795116E-02
   1.3000000000000000E+06   3.0449936297449976E-03   7.3773826620962964E+03   3.3516448670611612E-02
   1.4000000000000000E+06   3.0335465560197231E-03   7.4052211810288627E+03   3.3560766310312129E-02
   1.5000000000000000E+06   3.0250713741057826E-03   7.4259679961815282E+03   3.3626280997845072E-02
   1.6000000000000000E+06   3.0189040163928426E-03   7.4411386013907704E+03   3.3707439793380506E-02
   1.7000000000000000E+06   3.0145490280406367E-03   7.4518884918834347E+03   3.3800153499896603E-02
   1.8000000000000000E+06   3.0116308672441710E-03   7.4591091008541998E+03   3.3901369631398615E-02
   1.9000000000000000E+06   3.0098610204372651E-03   7.4634951772659888E+03   3.4008783543605890E-02
   2.0000000000000000E+06   3.0090151028997741E-03   7.4655933726041721E+03   3.4120638336595351E-02
   2.1000000000000000E+06   3.0089167415554754E-03   7.4658374224942791E+03   3.4235584020818610E-02
   2.2000000000000000E+06   3.0094259888028400E-03   7.4645740728818209E+03   3.4352576495387352E-02
   2.3000000000000000E+06   3.0104307855292438E-03   7.4620826089928378E+03   3.4470804049925856E-02
   2.4000000000000000E+06   3.0118407895619371E-03   7.4585892083431618E+03   3.4589633470968849E-02
   2.5000000000000000E+06   3.0135826623205516E-03   7.4542780893809559E+03   3.4708569483879660E-02
   2.6000000000000000E+06   3.0155964083416901E-03   7.4493002936781131E+03   3.4827224337370871E-02
   2.7000000000000000E+06   3.0178327874997002E-03   7.4437799547158129E+03   3.4945294934171048E-02
   2.8000000000000000E+06   3.0202510959193335E-03   7.4378197364535936E+03   3.5062544585449974E-02
   2.9000000000000000E+06   3.0228176233295751E-03   7.4315046455004658E+03   3.5178789741893410E-02
   3.0000000000000000E+06   3.0255042319158685E-03   7.4249055655920456E+03   3.5293888861556454E-02
   3.1000000000000000E+06   3.0282873892217713E-03   7.4180816821508388E+03   3.5407734111502484E-02
   3.2000000000000000E+06   3.0311474794744958E-03   7.4110822262495021E+03   3.5520244983737785E-02
   3.3000000000000000E+06   3.0340678088917727E-03   7.4039489639750918E+03   3.5631362239223002E-02
   3.4000000000000000E+06   3.0370345722844851E-03   7.3967163282493448E+03   3.5741044932982483E-02
   3.5000000000000000E+06   3.0400358653743386E-03   7.3894138770327545E+03   3.5849265513483553E-02
   3.6000000000000000E+06   3.0430617591424534E-03   7.3820661518893658E+03   3.5956008388898397E-02
   3.7000000000000000E+06   3.0461037574052675E-03   7.3746940351794765E+03   3.6061266711447770E-02
   3.8000000000000000E+06   3.0491547701689730E-03   7.3673148473960664E+03   3.6165041612489131E-02
   3.9000000000000000E+06   3.0522086209676617E-03   7.3599435687172936E+03   3.6267339541836363E-02
   4.0000000000000000E+06   3.0552602876876113E-03   7.3525922818433464E+03   3.6368172494565539E-02
   4.1000000000000000E+06   3.0583052662514834E-03   7.3452717288121776E+03   3.6467555298370508E-02
   4.2000000000000000E+06   3.0613398794905235E-03   7.3379905840487563E+03   3.6565506396547771E-02
   4.3000000000000000E+06   3.0643610517016354E-03   7.3307560144716444E+03   3.6662046534750858E-02
   4.4000000000000000E+06   3.0673662553886531E-03   7.3235738219425930E+03   3.6757198376841105E-02
   4.5000000000000000E+06   3.0703530843641559E-03   7.3164494743856276E+03   3.6850985322170161E-02
   4.6000000000000000E+06   3.0733196743928225E-03   7.3093871091403835E+03   3.6943432041051050E-02
   4.7000000000000000E+06   3.0762645338536353E-03   7.3023899482836969E+03   3.7034564201893112E-02
   4.8000000000000000E+06   3.0791865764639575E-03   7.2954602303025977E+03   3.7124407929002540E-02
   4.9000000000000000E+06   3.0820843776081215E-03   7.2886009784416938E+03   3.7212988686772967E-02
   5.0000000000000000E+06   3.0849573606131424E-03   7.2818131936221080E+03   3.7300333212770750E-02
   5.1000000000000000E+06   3.0878048772885677E-03   7.2750980398736692E+03   3.7386467571012126E-02
   5.2000000000000000E+06   3.0906261183541290E-03   7.2684570536915535E+03   3.7471417259783028E-02
   5.3000000000000000E+06   3.0934208285192002E-03   7.2618904622258669E+03   3.7555208035193938E-02
   5.4000000000000000E+06   3.0961889782851661E-03   7.2553979643439652E+03   3.7637866112235678E-02
   5.5000000000000000E+06   3.0989300135389119E-03   7.2489804907278012E+03   3.7719415340470672E-02
   5.6000000000000000E+06   3.1016439338962757E-03   7.2426376750651398E+03   3.7799880643675857E-02
   5.7000000000000000E+06   3.1043307259158263E-03   7.2363691866778017E+03   3.7879286182780823E-02
   5.8000000000000000E+06   3.1069903071546147E-03   7.2301748603931264E+03   3.7957655162025580E-02
   5.9000000000000000E+06   3.1096228646825025E-03   7.2240539087263351E+03   3.8035010907558481E-02
   6.0000000000000000E+06   3.1122286837374064E-03   7.2180053244987748E+03   3.8111376287437854E-02
   6.1000000000000000E+06   3.1148074722041120E-03   7.2120294466798296E+03   3.8186772264341820E-02
   6.2000000000000000E+06   3.1173598517307667E-03   7.2061245023741158E+03   3.8261221447741391E-02
   6.3000000000000000E+06   3.1198858469558251E-03   7.2002901106761192E+03   3.8334743982085376E-02
   6.4000000000000000E+06   3.1223856752996193E-03   7.1945254514783155E+03   3.8407360435643398E-02
   6.5000000000000000E+06   3.1248597027101915E-03   7.1888293707366483E+03   3.8479090837636565E-02
   6.6000000000000000E+06   3.1273079775442406E-03   7.1832014536395718E+03   3.8549953877922767E-02
   6.7000000000000000E+06   3.1297311953605257E-03   7.1776398061197369E+03   3.8619969163546104E-02
   6.8000000000000000E+06   3.1321294324165427E-03   7.1721439662672628E+03   3.8689154908395952E-02
   6.9000000000000000E+06   3.1345028063178015E-03   7.1667133827401740E+03   3.8757528395939260E-02
   7.0000000000000000E+06   3.1368521620658294E-03   7.1613458491713855E+03   3.8825107704135678E-02
   7.1000000000000000E+06   3.1391771613921734E-03   7.1560418719126892E+03   3.8891908706955969E-02
   7.2000000000000000E+06   3.1414788303413639E-03   7.1507988509454299E+03   3.8957948913544357E-02
   7.3000000000000000E+06   3.1437568779374308E-03   7.1456171970310716E+03   3.9023243132239017E-02
   7.4000000000000000E+06   3.1460122810126915E-03   7.1404944430297337E+03   3.9087808342997007E-02
   7.5000000000000000E+06   3.1482445895327387E-03   7.1354313718072744E+03   3.9151657582183128E-02
   7.6000000000000000E+06   3.1504547478050592E-03   7.1304256078984390E+03   3.9214807409332586E-02
   7.7000000000000000E+06   3.1526429534861674E-03   7.1254764785317057E+03   3.9277271393438576E-02
   7.8000000000000000E+06   3.1548093815652080E-03   7.1205833675850254E+03   3.9339062775990051E-02
   7.9000000000000000E+06   3.1569548330661369E-03   7.1157442529694254E+03   3.9400196775885549E-02
   8.0000000000000000E+06   3.1590786154279118E-03   7.1109604872025484E+03   3.9460683793943463E-02
   8.1000000000000000E+06   3.1611822177375435E-03   7.1062285129365146E+03   3.9520539362532747E-02
   8.2000000000000000E+06   3.1632652540691968E-03   7.1015490026885400E+03   3.9579773906079870E-02
   8.3000000000000000E+06   3.1653284379140299E-03   7.0969201619653668E+03   3.9638401196239938E-02
   8.4000000000000000E+06   3.1673719947701824E-03   7.0923412997797759E+03   3.9696432207835475E-02
   8.5000000000000000E+06   3.1693959233124198E-03   7.0878122373542428E+03   3.9753877843206782E-02
   8.6000000000000000E+06   3.1714008440569702E-03   7.0833314093268482E+03   3.9810749864807579E-02
   8.7000000000000000E+06   3.1733867918583409E-03   7.0788985660078997E+03   3.9867058464007822E-02
   8.8000000000000000E+06   3.1753541937223555E-03   7.0745125865598520E+03   3.9922815038392095E-02
   8.9000000000000000E+06   3.1773037023462613E-03   7.0701718547351775E+03   3.9978030024724553E-02
   9.0000000000000000E+06   3.1792351725619455E-03   7.0658765366426251E+03   4.0032712967654573E-02
   9.1000000000000000E+06   3.1811489989563312E-03   7.0616256005752675E+03   4.0086873804942399E-02
   9.2000000000000000E+06   3.1830454665462580E-03   7.0574182638518569E+03   4.0140521871884861E-02
   9.3000000000000000E+06   3.1849245606735258E-03   7.0532544122564286E+03   4.0193665293747551E-02
   9.4000000000000000E+06   3.1867871725224125E-03   7.0491319294766699E+03   4.0246315249231279E-02
   9.5000000000000000E+06   3.1886333715300461E-03   7.0450505256724337E+03   4.0298480096953762E-02
   9.6000000000000000E+06   3.1904627520202861E-03   7.0410109618266379E+03   4.0350166876413823E-02
   9.7000000000000000E+06   3.1922764115425760E-03   7.0370106827369918E+03   4.0401385032877844E-02
   9.8000000000000000E+06   3.1940741706070397E-03   7.0330499576361044E+03   4.0452142957260476E-02
   9.9000000000000000E+06   3.1958564726463955E-03   7.0291276853470717E+03   4.0502448324245086E-02
   1.0000000000000000E+07   3.1976231418578346E-03   7.0252441309336655E+03   4.0552307896778640E-02
   1.1000000000000000E+07   3.2144994295401743E-03   6.9883612371609097E+03   4.1028020586685782E-02
   1.2000000000000000E+07   3.2300759595478195E-03   6.9546609713225371E+03   4.1466530034479109E-02
   1.3000000000000000E+07   3.2445284032120991E-03   6.9236820944562724E+03   4.1873134787818803E-02
   1.4000000000000000E+07   3.2580002872875063E-03   6.8950525566028118E+03   4.2252094221775588E-02
   1.5000000000000000E+07   3.2706108657176527E-03   6.8684671251299251E+03   4.2606882027319118E-02
   1.6000000000000000E+07   3.2824598523286835E-03   6.8436734098476982E+03   4.2940363918473050E-02
   1.7000000000000000E+07   3.2936326742411043E-03   6.8204579660512491E+03   4.3254932371489307E-02
   1.8000000000000000E+07   3.3041985914961727E-03   6.7986480195497170E+03   4.3552595836841373E-02
   1.9000000000000000E+07   3.3142215522697733E-03   6.7780873595760950E+03   4.3835073233180158E-02
   2.0000000000000000E+07   3.3237510641452171E-03   6.7586539354900815E+03   4.4103821385822688E-02
   2.1000000000000000E+07   3.3328331079530787E-03   6.7402364542853302E+03   4.4360106896554632E-02
   2.2000000000000000E+07   3.3415097663849059E-03   6.7227345663507458E+03   4.4605035831786211E-02
   2.3000000000000000E+07   3.3498091375935104E-03   6.7060785518104240E+03   4.4839550045768596E-02
   2.4000000000000000E+07   3.3577688401722665E-03   6.6901815698313303E+03   4.5064512654924747E-02
   2.5000000000000000E+07   3.3654095254489337E-03   6.6749924609183463E+03   4.5280652732241744E-02
   2.6000000000000000E+07   3.3727612829207512E-03   6.6604426835749618E+03   4.5488651058906773E-02
   2.7000000000000000E+07   3.3798384981942524E-03   6.6464960447892145E+03   4.5689075775175475E-02
   2.8000000000000000E+07   3.3866666773839909E-03   6.6330954151137948E+03   4.5882476767506404E-02
   2.9000000000000000E+07   3.3932620322254655E-03   6.6202029188831566E+03   4.6069324664802923E-02
   3.0000000000000000E+07   3.3996332160653019E-03   6.6077961305114268E+03   4.6250028974694400E-02
   3.1000000000000000E+07   3.4058026537785598E-03   6.5958264450089882E+03   4.6425003237045452E-02
   3.2000000000000000E+07   3.4117774357281115E-03   6.5842756842901526E+03   4.6594583811268950E-02
   3.3000000000000000E+07   3.4175706766462460E-03   6.5731144534277855E+03   4.6759096369243011E-02
   3.4000000000000000E+07   3.4231980238491476E-03   6.5623090028005799E+03   4.6918846299975329E-02
   3.5000000000000000E+07   3.4286604283418603E-03   6.5518541948869242E+03   4.7074078439039789E-02
   3.6000000000000000E+07   3.4339754589855936E-03   6.5417133810590412E+03   4.7225067479408120E-02
   3.7000000000000000E+07   3.4391417965644053E-03   6.5318863074256860E+03   4.7372009600481726E-02
   3.8000000000000000E+07   3.4441749501275408E-03   6.5223409192505032E+03   4.7515138305628493E-02
   3.9000000000000000E+07   3.4490770314511031E-03   6.5130708898152034E+03   4.7654634523048647E-02
   4.0000000000000000E+07   3.4538496209753191E-03   6.5040710150926816E+03   4.7790658743938036E-02
   4.1000000000000000E+07   3.4585183969911702E-03   6.4952909401371526E+03   4.7923439645145519E-02
   4.2000000000000000E+07   3.4630702554205271E-03   6.4867535318155296E+03   4.8053074083955649E-02
   4.3000000000000000E+07   3.4675173952357381E-03   6.4784341792024970E+03   4.8179729220529668E-02
   4.4000000000000000E+07   3.4718590723155588E-03   6.4703326783630018E+03   4.8303519771495787E-02
   4.5000000000000000E+07   3.4761113227317494E-03   6.4624176629132562E+03   4.8424605648369583E-02
   4.6000000000000000E+07   3.4802686451321932E-03   6.4546980422602255E+03   4.8543074956487561E-02
   4.7000000000000000E+07   3.4843325542715763E-03   6.4471696832539255E+03   4.8659036020094332E-02
   4.8000000000000000E+07   3.4883130949656281E-03   6.4398127687261886E+03   4.8772603737001909E-02
   4.9000000000000000E+07   3.4922113531836172E-03   6.4326241851872455E+03   4.8883873824589086E-02
   5.0000000000000000E+07   3.4960344498820885E-03   6.4255897738742442E+03   4.8992943321509851E-02
   5.1000000000000000E+07   3.4997769768871320E-03   6.4187184951010913E+03   4.9099875834422838E-02
   5.2000000000000000E+07   3.5034557646747145E-03   6.4119785489456972E+03   4.9204793893029980E-02
   5.3000000000000000E+07   3.5070601806340114E-03   6.4053885742597458E+03   4.9307729021186381E-02
   5.4000000000000000E+07   3.5105994989281389E-03   6.3989307857911972E+03   4.9408783211373812E-02
   5.5000000000000000E+07   3.5140738124498049E-03   6.3926042562588582E+03   4.9508009777027635E-02
   5.6000000000000000E+07   3.5174914058614206E-03   6.3863932042139686E+03   4.9605491811766489E-02
   5.7000000000000000E+07   3.5208359416450045E-03   6.3803265993071946E+03   4.9701236269020614E-02
   5.8000000000000000E+07   3.5241343274452666E-03   6.3743549828190553E+03   4.9795382509227083E-02
   5.9000000000000000E+07   3.5273726590075148E-03   6.3685029572676522E+03   4.9887921595125832E-02
   6.0000000000000000E+07   3.5305419714942578E-03   6.3627860514477261E+03   4.9978892487940393E-02
   6.1000000000000000E+07   3.5336719478645385E-03   6.3571501660899421E+03   5.0068420806233457E-02
   6.2000000000000000E+07   3.5367618691168447E-03   6.3515961892802989E+03   5.0156538285323377E-02
   6.3000000000000000E+07   3.5397770939849201E-03   6.3461858229568270E+03   5.0243194682351514E-02
   6.4000000000000000E+07   3.5427752313915693E-03   6.3408152487988164E+03   5.0328590732736538E-02
   6.5000000000000000E+07   3.5457103781413326E-03   6.3355663081681605E+03   5.0412631807876848E-02
   6.6000000000000000E+07   3.5486033919844835E-03   6.3304012110837330E+03   5.0495419308798764E-02
   6.7000000000000000E+07   3.5514528694733194E-03   6.3253220684316284E+03   5.0576976691745976E-02
   6.8000000000000000E+07   3.5542613185555192E-03   6.3203240271044579E+03   5.0657345614975327E-02
   6.9000000000000000E+07   3.5570275780099762E-03   6.3154087837694615E+03   5.0736548627886735E-02
   7.0000000000000000E+07   3.5597537962069620E-03   6.3105721621002722E+03   5.0814622326892975E-02
   7.1000000000000000E+07   3.5624422412556360E-03   6.3058098037700729E+03   5.0891608401343172E-02
   7.2000000000000000E+07   3.5650927367238379E-03   6.3011217012317920E+03   5.0967525246468526E-02
   7.3000000000000000E+07   3.5677071369281522E-03   6.2965042667757516E+03   5.1042416382049691E-02
   7.4000000000000000E+07   3.5702861413289787E-03   6.2919559724455421E+03   5.1116291108341844E-02
   7.5000000000000000E+07   3.5728309712641758E-03   6.2874743840249303E+03   5.1189195049626504E-02
   7.6000000000000000E+07   3.5753407722591206E-03   6.2830607321607076E+03   5.1261134437190735E-02
   7.7000000000000000E+07   3.5778199071313998E-03   6.2787070879387875E+03   5.1332155017526269E-02
   7.8000000000000000E+07   3.5802671182585694E-03   6.2744154188140228E+03   5.1402268440055729E-02
   7.9000000000000000E+07   3.5826809309293826E-03   6.2701880640113304E+03   5.1471484600362910E-02
   8.0000000000000000E+07   3.5850656634405869E-03   6.2660172279008248E+03   5.1539848214259124E-02
   8.1000000000000000E+07   3.5874220928193814E-03   6.2619013400287458E+03   5.1607378253794342E-02
   8.2000000000000000E+07   3.5897480977937516E-03   6.2578438927457819E+03   5.1674079942826516E-02
   8.3000000000000000E+07   3.5920469700512847E-03   6.2538389385130140E+03   5.1739988217509109E-02
   8.4000000000000000E+07   3.5943174307407838E-03   6.2498885096090698E+03   5.1805109213374827E-02
   8.5000000000000000E+07   3.5965627453285751E-03   6.2459867381577233E+03   5.1869473644284007E-02
   8.6000000000000000E+07   3.5987788017646741E-03   6.2421405837055263E+03   5.1933074845942465E-02
   8.7000000000000000E+07   3.6009722373914013E-03   6.2383383512414248E+03   5.1995969152961855E-02
   8.8000000000000000E+07   3.6031400071510414E-03   6.2345851578597112E+03   5.2058147899055017E-02
   8.9000000000000000E+07   3.6052824369251419E-03   6.2308802717363496E+03   5.2119624845204597E-02
   9.0000000000000000E+07   3.6074004383297286E-03   6.2272219550640102E+03   5.2180414923405659E-02
   9.1000000000000000E+07   3.6094961800153601E-03   6.2236063123299446E+03   5.2240546843678154E-02
   9.2000000000000000E+07   3.6115697497468772E-03   6.2200330512373039E+03   5.2300035836287652E-02
   9.3000000000000000E+07   3.6136199838876083E-03   6.2165040348562279E+03   5.2358878416145255E-02
   9.4000000000000000E+07   3.6156480553562577E-03   6.2130171040834293E+03   5.2417094264026673E-02
   9.5000000000000000E+07   3.6176563843762334E-03   6.2095679698302083E+03   5.2474715972858660E-02
   9.6000000000000000E+07   3.6196423885812542E-03   6.2061609404125084E+03   5.2531727307410035E-02
   9.7000000000000000E+07   3.6216076217130411E-03   6.2027932224332963E+03   5.2588150307441600E-02
   9.8000000000000000E+07   3.6235531647401072E-03   6.1994628446097640E+03   5.2644003828110346E-02
   9.9000000000000000E+07   3.6254783148470548E-03   6.1961708937216717E+03   5.2699288706986550E-02
   1.0000000000000000E+08   3.6273873189643468E-03   6.1929100024223826E+03   5.2754053074798690E-02
   1.1000000000000000E+08   3.6454680660285891E-03   6.1621944846020888E+03   5.3273388303481994E-02
   1.2000000000000000E+08   3.6619755957437248E-03   6.1344164162055531E+03   5.3747823207843548E-02
   1.3000000000000000E+08   3.6771655583081450E-03   6.1090758232300213E+03   5.4184545692128397E-02
   1.4000000000000000E+08   3.6912297985903578E-03   6.0857991607169015E+03   5.4589080814770874E-02
   1.5000000000000000E+08   3.7043260049131202E-03   6.0642835378095415E+03   5.4965871192188639E-02
   1.6000000000000000E+08   3.7165750716098033E-03   6.0442969070834042E+03   5.5318442837666570E-02
   1.7000000000000000E+08   3.7280817868302241E-03   6.0256411996192692E+03   5.5649741430397304E-02
   1.8000000000000000E+08   3.7389299435252312E-03   6.0081583633776963E+03   5.5962176018494014E-02
   1.9000000000000000E+08   3.7491900514523839E-03   5.9917163179210256E+03   5.6257771672398288E-02
   2.0000000000000000E+08   3.7589313626861572E-03   5.9761887203552005E+03   5.6538334348589250E-02
   2.1000000000000000E+08   3.7681931325068158E-03   5.9614999604147233E+03   5.6805222974474559E-02
   2.2000000000000000E+08   3.7770242075958163E-03   5.9475613540145805E+03   5.7059737967709918E-02
   2.3000000000000000E+08   3.7854615927443635E-03   5.9343048819545738E+03   5.7302965829933813E-02
   2.4000000000000000E+08   3.7935422058108558E-03   5.9216642366241440E+03   5.7535901772442034E-02
   2.5000000000000000E+08   3.8012915471845599E-03   5.9095922876298491E+03   5.7759340370461099E-02
   2.6000000000000000E+08   3.8087376545525315E-03   5.8980389955247792E+03   5.7974051644327215E-02
   2.7000000000000000E+08   3.8159033164880322E-03   5.8869634126236851E+03   5.8180689098174442E-02
   2.8000000000000000E+08   3.8228072898487528E-03   5.8763315822710993E+03   5.8379819049229557E-02
   2.9000000000000000E+08   3.8294694826939849E-03   5.8661084288028333E+03   5.8571985046699644E-02
   3.0000000000000000E+08   3.8359058694036078E-03   5.8562655015742203E+03   5.8757654740302083E-02
   3.1000000000000000E+08   3.8421312721397052E-03   5.8467765984903581E+03   5.8937253597816062E-02
   3.2000000000000000E+08   3.8481590048475593E-03   5.8376182434187913E+03   5.9111162515678037E-02
   3.3000000000000000E+08   3.8540012696159863E-03   5.8287690217893332E+03   5.9279732842655392E-02
   3.4000000000000000E+08   3.8596691889898459E-03   5.8202094817752304E+03   5.9443284355803767E-02
   3.5000000000000000E+08   3.8651728189286845E-03   5.8119220698909958E+03   5.9602105510123259E-02
   3.6000000000000000E+08   3.8705214174479642E-03   5.8038906874428703E+03   5.9756462254355713E-02
   3.7000000000000000E+08   3.8757233878664813E-03   5.7961007435673846E+03   5.9906594274324418E-02
   3.8000000000000000E+08   3.8807867258077045E-03   5.7885384581650742E+03   6.0052734887274868E-02
   3.9000000000000000E+08   3.8857185444910363E-03   5.7811915487607293E+03   6.0195086861826314E-02
   4.0000000000000000E+08   3.8905255135674040E-03   5.7740485525504364E+03   6.0333841988391056E-02
   4.1000000000000000E+08   3.8952138666842346E-03   5.7670987984535905E+03   6.0469181355759224E-02
   4.2000000000000000E+08   3.8997891323172469E-03   5.7603327893080977E+03   6.0601259179440425E-02
   4.3000000000000000E+08   3.9042567733861061E-03   5.7537412404337438E+03   6.0730236632442453E-02
   4.4000000000000000E+08   3.9086217400466699E-03   5.7473157302773907E+03   6.0856255537820883E-02
   4.5000000000000000E+08   3.9128885768333586E-03   5.7410485295378012E+03   6.0979445693318333E-02
   4.6000000000000000E+08   3.9170616325378453E-03   5.7349322828295781E+03   6.1099931833438620E-02
   4.7000000000000000E+08   3.9211450659752218E-03   5.7289599931410357E+03   6.1217837753350893E-02
   4.8000000000000000E+08   3.9251424404982216E-03   5.7231256064743047E+03   6.1333260596415910E-02
   4.9000000000000000E+08   3.9290573328832398E-03   5.7174231137497081E+03   6.1446304159125595E-02
   5.0000000000000000E+08   3.9328932300644222E-03   5.7118466981384208E+03   6.1557071753595982E-02
   5.1000000000000000E+08   3.9366531908686204E-03   5.7063912214521824E+03   6.1665651215367510E-02
   5.2000000000000000E+08   3.9403401411220399E-03   5.7010517888634886E+03   6.1772124097090306E-02
   5.3000000000000000E+08   3.9439567695850834E-03   5.6958238953105219E+03   6.1876568491671655E-02
   5.4000000000000000E+08   3.9475058900154290E-03   5.6907028985298393E+03   6.1979067400932883E-02
   5.5000000000000000E+08   3.9509896886072834E-03   5.6856851018998632E+03   6.2079677810341516E-02
   5.6000000000000000E+08   3.9544109011634583E-03   5.6807660538425789E+03   6.2178488039958860E-02
   5.7000000000000000E+08   3.9577716090932512E-03   5.6759422799086351E+03   6.2275553067797917E-02
   5.8000000000000000E+08   3.9610737808050897E-03   5.6712104983080089E+03   6.2370928845777746E-02
   5.9000000000000000E+08   3.9643194658661191E-03   5.6665673399170664E+03   6.2464673902611983E-02
   6.0000000000000000E+08   3.9675108777297834E-03   5.6620092301116529E+03   6.2556858871648469E-02
   6.1000000000000000E+08   3.9706493038730306E-03   5.6575339424619087E+03   6.2647510989137553E-02
   6.2000000000000000E+08   3.9737366302822919E-03   5.6531384186572477E+03   6.2736687006686567E-02
   6.3000000000000000E+08   3.9767747250395889E-03   5.6488196499616361E+03   6.2824446235406770E-02
   6.4000000000000000E+08   3.9797648162510912E-03   5.6445755584711696E+03   6.2910817745632855E-02
   6.5000000000000000E+08   3.9827087019599638E-03   5.6404032760968503E+03   6.2995858385175990E-02
   6.6000000000000000E+08   3.9856074601963085E-03   5.6363009740974239E+03   6.3079593906831141E-02
   6.7000000000000000E+08   3.9884628028401120E-03   5.6322659432295950E+03   6.3162079958448594E-02
   6.8000000000000000E+08   3.9912756219452920E-03   5.6282966495122027E+03   6.3243333970692123E-02
   6.9000000000000000E+08   3.9940475540381926E-03   5.6243905227322712E+03   6.3323413226023750E-02
   7.0000000000000000E+08   3.9967796807076064E-03   5.6205457905794001E+03   6.3402344195106708E-02
   7.1000000000000000E+08   3.9994732400776460E-03   5.6167604736463481E+03   6.3480166035537633E-02
   7.2000000000000000E+08   4.0021286672746190E-03   5.6130337322643027E+03   6.3556878838130298E-02
   7.3000000000000000E+08   4.0047317252059639E-03   5.6093852851326974E+03   6.3630525415639766E-02
   7.4000000000000000E+08   4.0072988408409883E-03   5.6057918569307431E+03   6.3703128969092318E-02
   7.5000000000000000E+08   4.0098316036061288E-03   5.6022510247243245E+03   6.3774764160695802E-02
   7.6000000000000000E+08   4.0123306967130715E-03   5.5987616446164693E+03   6.3845445493800432E-02
   7.7000000000000000E+08   4.0147973366714213E-03   5.5953218373156742E+03   6.3915214352419286E-02
   7.8000000000000000E+08   4.0172322708541090E-03   5.5919303878085948E+03   6.3984089839501698E-02
   7.9000000000000000E+08   4.0196360924196085E-03   5.5885863032820516E+03   6.4052084227617614E-02
   8.0000000000000000E+08   4.0220094370037891E-03   5.5852885385095278E+03   6.4119212391469282E-02
   8.1000000000000000E+08   4.0243538961216262E-03   5.5820347290837508E+03   6.4185536722659656E-02
   8.2000000000000000E+08   4.0266689880801209E-03   5.5788253955746895E+03   6.4251018623085410E-02
   8.3000000000000000E+08   4.0289564117749008E-03   5.5756580400377616E+03   6.4315726858893932E-02
   8.4000000000000000E+08   4.0312158475857267E-03   5.5725329676226693E+03   6.4379631743725213E-02
   8.5000000000000000E+08   4.0334489517378693E-03   5.5694477552754051E+03   6.4442801058557764E-02
   8.6000000000000000E+08   4.0356558402755826E-03   5.5664021163758143E+03   6.4505227432612056E-02
   8.7000000000000000E+08   4.0378377283399308E-03   5.5633942524753302E+03   6.4566957909137690E-02
   8.8000000000000000E+08   4.0399938508192878E-03   5.5604250995874245E+03   6.4627942886031700E-02
   8.9000000000000000E+08   4.0421260837756774E-03   5.5574919596004102E+03   6.4688262552025255E-02
   9.0000000000000000E+08   4.0442341191143137E-03   5.5545951467305376E+03   6.4747890526185445E-02
   9.1000000000000000E+08   4.0463194760446929E-03   5.5517324678063287E+03   6.4806890343806295E-02
   9.2000000000000000E+08   4.0483817360721132E-03   5.5489043955795250E+03   6.4865230932002221E-02
   9.3000000000000000E+08   4.0504217543185245E-03   5.5461096579197974E+03   6.4922943921121246E-02
   9.4000000000000000E+08   4.0524397197071356E-03   5.5433479000393045E+03   6.4980028698457801E-02
   9.5000000000000000E+08   4.0544367766918894E-03   5.5406174636673941E+03   6.5036531700119637E-02
   9.6000000000000000E+08   4.0564121965610917E-03   5.5379192551779670E+03   6.5092408052544154E-02
   9.7000000000000000E+08   4.0583678087748772E-03   5.5352506891325320E+03   6.5147738299612901E-02
   9.8000000000000000E+08   4.0603029765363917E-03   5.5326125513513316E+03   6.5202482585449667E-02
   9.9000000000000000E+08   4.0622189964121518E-03   5.5300029934661889E+03   6.5256695941173060E-02
   1.0000000000000000E+09   4.0641152492383020E-03   5.5274227802680170E+03   6.5310339888867905E-02
   1.1000000000000000E+09   4.0820997560904503E-03   5.5030706137835641E+03   6.5819169059197769E-02
   1.2000000000000000E+09   4.0985183010215486E-03   5.4810254731997375E+03   6.6283722766404568E-02
   1.3000000000000000E+09   4.1136219160752240E-03   5.4609012856746040E+03   6.6711094988556541E-02
   1.4000000000000000E+09   4.1276056921730354E-03   5.4424004824084568E+03   6.7106798954524205E-02
   1.5000000000000000E+09   4.1406242882076096E-03   5.4252889532265808E+03   6.7475205850065723E-02
   1.6000000000000000E+09   4.1528023766202998E-03   5.4093792993242550E+03   6.7819839941744439E-02
   1.7000000000000000E+09   4.1642419393326420E-03   5.3945192276399039E+03   6.8143584196048407E-02
   1.8000000000000000E+09   4.1750274487411670E-03   5.3805833580920935E+03   6.8448826971254068E-02
   1.9000000000000000E+09   4.1852296710148656E-03   5.3674672541512291E+03   6.8737569112806624E-02
   2.0000000000000000E+09   4.1949084695652155E-03   5.3550830425157583E+03   6.9011503447939715E-02
   2.1000000000000000E+09   4.2041149393013694E-03   5.3433561010126532E+03   6.9272074973797448E-02
   2.2000000000000000E+09   4.2128930482989236E-03   5.3322225256453967E+03   6.9520526993517448E-02
   2.3000000000000000E+09   4.2212808868814893E-03   5.3216272056394637E+03   6.9757936948118410E-02
   2.4000000000000000E+09   4.2293116862615783E-03   5.3115222704551070E+03   6.9985244707470889E-02
   2.5000000000000000E+09   4.2370146086329174E-03   5.3018658855940330E+03   7.0203275048036834E-02
   2.6000000000000000E+09   4.2444153778798555E-03   5.2926212941711510E+03   7.0412755647579955E-02
   2.7000000000000000E+09   4.2515368035703797E-03   5.2837560270934027E+03   7.0614331821092738E-02
   2.8000000000000000E+09   4.2583992135679198E-03   5.2752412546715605E+03   7.0808578463191038E-02
   2.9000000000000000E+09   4.2650207858773220E-03   5.2670512848751614E+03   7.0996009940664476E-02
   3.0000000000000000E+09   4.2714178526474626E-03   5.2591631128644985E+03   7.1177088305894989E-02
   3.1000000000000000E+09   4.2776051461751851E-03   5.2515560559301848E+03   7.1352230178161960E-02
   3.2000000000000000E+09   4.2835959793653686E-03   5.2442114799077199E+03   7.1521812455253325E-02
   3.3000000000000000E+09   4.2894024571652235E-03   5.2371124963453440E+03   7.1686177297607900E-02
   3.4000000000000000E+09   4.2950355739322654E-03   5.2302438067370213E+03   7.1845636145986574E-02
   3.5000000000000000E+09   4.3005053953427018E-03   5.2235914491822850E+03   7.2000473444431445E-02
   3.6000000000000000E+09   4.3058211141961591E-03   5.2171427039109976E+03   7.2150949532889488E-02
   3.7000000000000000E+09   4.3109911779683216E-03   5.2108859153038820E+03   7.2297303371690338E-02
   3.8000000000000000E+09   4.3160233547809524E-03   5.2048103922770642E+03   7.2439754803792777E-02
   3.9000000000000000E+09   4.3209248153160667E-03   5.1989062921547775E+03   7.2578506574854665E-02
   4.0000000000000000E+09   4.3257021740332590E-03   5.1931645560630541E+03   7.2713745975490462E-02
   4.1000000000000000E+09   4.3303615608108565E-03   5.1875768096528273E+03   7.2845646447180779E-02
   4.2000000000000000E+09   4.3349086607690187E-03   5.1821353039280093E+03   7.2974368898886977E-02
   4.3000000000000000E+09   4.3393487606473583E-03   5.1768328496654758E+03   7.3100062880661162E-02
   4.4000000000000000E+09   4.3436867815843244E-03   5.1716627694045710E+03   7.3222867628226079E-02
   4.5000000000000000E+09   4.3479273120437187E-03   5.1666188503310805E+03   7.3342912991511938E-02
   4.6000000000000000E+09   4.3520746367460951E-03   5.1616953028797507E+03   7.3460320242681357E-02
   4.7000000000000000E+09   4.3561327597277334E-03   5.1568867271341996E+03   7.3575202841000831E-02
   4.8000000000000000E+09   4.3601054462625768E-03   5.1521880576375324E+03   7.3687667097156295E-02
   4.9000000000000000E+09   4.3639962110590437E-03   5.1475945724579115E+03   7.3797812708645605E-02
   5.0000000000000000E+09   4.3678083743948016E-03   5.1431018224069885E+03   7.3905733379387342E-02
   5.1000000000000000E+09   4.3715450435154752E-03   5.1387056490694240E+03   7.4011517207184005E-02
   5.2000000000000000E+09   4.3752091506540323E-03   5.1344021363907495E+03   7.4115247166732109E-02
   5.3000000000000000E+09   4.3788034672899902E-03   5.1301875907614722E+03   7.4217001520019282E-02
   5.4000000000000000E+09   4.3823305865042256E-03   5.1260585587619853E+03   7.4316854065409624E-02
   5.5000000000000000E+09   4.3857929864001754E-03   5.1220117501972563E+03   7.4414874631369254E-02
   5.6000000000000000E+09   4.3891930027867591E-03   5.1180440677845936E+03   7.4511129236628712E-02
   5.7000000000000000E+09   4.3925328337975971E-03   5.1141525994816348E+03   7.4605680359377993E-02
   5.8000000000000000E+09   4.3958145803374496E-03   5.1103345693325264E+03   7.4698587277543832E-02
   5.9000000000000000E+09   4.3990402263366949E-03   5.1065873587115175E+03   7.4789906172092704E-02
   6.0000000000000000E+09   4.4022116546412922E-03   5.1029084861447609E+03   7.4879690425886408E-02
   6.1000000000000000E+09   4.4053306645087491E-03   5.0992955855175169E+03   7.4967990786676181E-02
   6.2000000000000000E+09   4.4083989523973945E-03   5.0957464269557313E+03   7.5054855480379490E-02
   6.3000000000000000E+09   4.4114181438692935E-03   5.0922588785861444E+03   7.5140330451060028E-02
   6.4000000000000000E+09   4.4143897898894910E-03   5.0888309097046867E+03   7.5224459490541712E-02
   6.5000000000000000E+09   4.4173153632055600E-03   5.0854605938690929E+03   7.5307284311517675E-02
   6.6000000000000000E+09   4.4201962684915601E-03   5.0821460961824068E+03   7.5388844736843097E-02
   6.7000000000000000E+09   4.4230338531256984E-03   5.0788856599863811E+03   7.5469178797801947E-02
   6.8000000000000000E+09   4.4258293936437817E-03   5.0756776215858054E+03   7.5548322811324536E-02
   6.9000000000000000E+09   4.4285841236566441E-03   5.0725203773990897E+03   7.5626311539690558E-02
   7.0000000000000000E+09   4.4312992166687338E-03   5.0694124029751210E+03   7.5703178222380166E-02
   7.1000000000000000E+09   4.4339757910667223E-03   5.0663522465624528E+03   7.5778954670348619E-02
   7.2000000000000000E+09   4.4366149303443174E-03   5.0633385053615693E+03   7.5853671387896560E-02
   7.3000000000000000E+09   4.4392176696518276E-03   5.0603698403543922E+03   7.5927357624883854E-02
   7.4000000000000000E+09   4.4417850004445049E-03   5.0574449704401177E+03   7.6000041416744921E-02
   7.5000000000000000E+09   4.4443178714971372E-03   5.0545626707630254E+03   7.6071749673018343E-02
   7.6000000000000000E+09   4.4468171907836446E-03   5.0517217700860019E+03   7.6142508217953611E-02
   7.7000000000000000E+09   4.4492838293054872E-03   5.0489211459860844E+03   7.6212341849379667E-02
   7.8000000000000000E+09   4.4517186447795200E-03   5.0461596975850634E+03   7.6281274483859907E-02
   7.9000000000000000E+09   4.4541224427841067E-03   5.0434363892863594E+03   7.6349329078710670E-02
   8.0000000000000000E+09   4.4564960018124771E-03   5.0407502219542366E+03   7.6416527694644396E-02
   8.1000000000000000E+09   4.4588400787374544E-03   5.0381002264237404E+03   7.6482891613265463E-02
   8.2000000000000000E+09   4.4611553960681154E-03   5.0354854776126758E+03   7.6548441316958343E-02
   8.3000000000000000E+09   4.4634426403396205E-03   5.0329050960012200E+03   7.6613196521207905E-02
   8.4000000000000000E+09   4.4657025053748767E-03   5.0303581985671581E+03   7.6677176308236367E-02
   8.5000000000000000E+09   4.4679356089315139E-03   5.0278439925070006E+03   7.6740398931154308E-02
   8.6000000000000000E+09   4.4701426027986442E-03   5.0253616509259045E+03   7.6802882204486028E-02
   8.7000000000000000E+09   4.4723240814740842E-03   5.0229104154880970E+03   7.6864643167278840E-02
   8.8000000000000000E+09   4.4744806187140586E-03   5.0204895549934181E+03   7.6925698324804490E-02
   8.9000000000000000E+09   4.4766128018184090E-03   5.0180983267414722E+03   7.6986063672490446E-02
   9.0000000000000000E+09   4.4787211509974886E-03   5.0157360668170368E+03   7.7045754565469970E-02
   9.1000000000000000E+09   4.4808062117529281E-03   5.0134020862924754E+03   7.7104785960299405E-02
   9.2000000000000000E+09   4.4828684748412281E-03   5.0110957607494929E+03   7.7163172220796994E-02
   9.3000000000000000E+09   4.4849084486875985E-03   5.0088164490510380E+03   7.7220927333571859E-02
   9.4000000000000000E+09   4.4869265984298816E-03   5.0065635613774721E+03   7.7278064769774030E-02
   9.5000000000000000E+09   4.4889234024543482E-03   5.0043364959161554E+03   7.7334597646141340E-02
   9.6000000000000000E+09   4.4908992878662868E-03   5.0021347107402044E+03   7.7390538584179491E-02
   9.7000000000000000E+09   4.4928547005447196E-03   4.9999576455367778E+03   7.7445899857753964E-02
   9.8000000000000000E+09   4.4947900612918486E-03   4.9978047704007813E+03   7.7500693366681417E-02
   9.9000000000000000E+09   4.4967057721019927E-03   4.9956755786966996E+03   7.7554930639232383E-02
   1.0000000000000000E+10   4.4986022262682706E-03   4.9935695757010881E+03   7.7608622831911098E-02
   1.1000000000000000E+10   4.5165868434151324E-03   4.9736856589009194E+03   7.8117803250316642E-02
   1.2000000000000000E+10   4.5330055087338533E-03   4.9556708384740132E+03   7.8582651648827856E-02
   1.3000000000000000E+10   4.5481092268595353E-03   4.9392136577568181E+03   7.9010273165269984E-02
   1.4000000000000000E+10   4.5620930690660434E-03   4.9240738560542532E+03   7.9406190681665781E-02
   1.5000000000000000E+10   4.5751117160020135E-03   4.9100622246454741E+03   7.9774782611284456E-02
   1.6000000000000000E+10   4.5872898675018833E-03   4.8970271901539454E+03   8.0119578619575735E-02
   1.7000000000000000E+10   4.5987294656498305E-03   4.8848455596420035E+03   8.0443465672948883E-02
   1.8000000000000000E+10   4.6095150162594242E-03   4.8734157782403308E+03   8.0748835377351433E-02
   1.9000000000000000E+10   4.6197172602460848E-03   4.8626532631301752E+03   8.1037691039551218E-02
   2.0000000000000000E+10   4.6293960845538145E-03   4.8524867606871712E+03   8.1311727544186821E-02
   2.1000000000000000E+10   4.6386025789083886E-03   4.8428557584169957E+03   8.1572391490731477E-02
   2.2000000000000000E+10   4.6473807055146445E-03   4.8337084120563286E+03   8.1820927524167045E-02
   2.3000000000000000E+10   4.6557685545556534E-03   4.8249999859407508E+03   8.2058414165663465E-02
   2.4000000000000000E+10   4.6637993834578719E-03   4.8166915776765063E+03   8.2285792268806890E-02
   2.5000000000000000E+10   4.6715023133046211E-03   4.8087492424644270E+03   8.2503887239322893E-02
   2.6000000000000000E+10   4.6789030725251906E-03   4.8011431017207660E+03   8.2713427467681927E-02
   2.7000000000000000E+10   4.6860245256460280E-03   4.7938467004027170E+03   8.2915058952187981E-02
   2.8000000000000000E+10   4.6928869360022569E-03   4.7868366565445031E+03   8.3109356893885877E-02
   2.9000000000000000E+10   4.6995085142965739E-03   4.7800920334404072E+03   8.3296836110880124E-02
   3.0000000000000000E+10   4.7059055752513377E-03   4.7735941257330960E+03   8.3477959023952525E-02
   3.1000000000000000E+10   4.7120928815817514E-03   4.7673260639832070E+03   8.3653142609844383E-02
   3.2000000000000000E+10   4.7180837118957876E-03   4.7612727077383825E+03   8.3822763975336889E-02
   3.3000000000000000E+10   4.7238902299331651E-03   4.7554202398543557E+03   8.3987165639269376E-02
   3.4000000000000000E+10   4.7295233157993374E-03   4.7497563095273081E+03   8.4146658945026057E-02
   3.5000000000000000E+10   4.7349931789678699E-03   4.7442693919933217E+03   8.4301528940003062E-02
   3.6000000000000000E+10   4.7403088747772631E-03   4.7389492549322449E+03   8.4452035692783992E-02
   3.7000000000000000E+10   4.7454789581058343E-03   4.7337862855556723E+03   8.4598418695407171E-02
   3.8000000000000000E+10   4.7505111435663539E-03   4.7287718166281247E+03   8.4740897741060264E-02
   3.9000000000000000E+10   4.7554125706172319E-03   4.7238978483329947E+03   8.4879675537545773E-02
   4.0000000000000000E+10   4.7601899713781521E-03   4.7191568709117500E+03   8.5014939893990435E-02
   4.1000000000000000E+10   4.7648493366367469E-03   4.7145421865805765E+03   8.5146863908121484E-02
   4.2000000000000000E+10   4.7693964332423044E-03   4.7100473874852560E+03   8.5275608873562420E-02
   4.3000000000000000E+10   4.7738365596282726E-03   4.7056665911544387E+03   8.5401324380094762E-02
   4.4000000000000000E+10   4.7781745783324631E-03   4.7013944011468429E+03   8.5524149629149115E-02
   4.5000000000000000E+10   4.7824150745476779E-03   4.6972257447559750E+03   8.5644214412146091E-02
   4.6000000000000000E+10   4.7865624275856790E-03   4.6931557981591395E+03   8.5761640481234247E-02
   4.7000000000000000E+10   4.7906205641701800E-03   4.6891802240166753E+03   8.5876541012106025E-02
   4.8000000000000000E+10   4.7945932473368470E-03   4.6852948835132311E+03   8.5989022473716065E-02
   4.9000000000000000E+10   4.7984840329198478E-03   4.6814958758141693E+03   8.6099184615825400E-02
   5.0000000000000000E+10   4.8022961543752931E-03   4.6777796470981411E+03   8.6207120990319352E-02
   5.1000000000000000E+10   4.8060328334920523E-03   4.6741426845292826E+03   8.6312920042594540E-02
   5.2000000000000000E+10   4.8096969265783362E-03   4.6705818585237921E+03   8.6416664548631755E-02
   5.3000000000000000E+10   4.8132912464448783E-03   4.6670941067334134E+03   8.6518432927062600E-02
   5.4000000000000000E+10   4.8168184123330909E-03   4.6636765780409887E+03   8.6618299182921271E-02
   5.5000000000000000E+10   4.8202807626967926E-03   4.6603267146012640E+03   8.6716332652232192E-02
   5.6000000000000000E+10   4.8236807854747732E-03   4.6570418336799985E+03   8.6812599870033924E-02
   5.7000000000000000E+10   4.8270206558530876E-03   4.6538195735780000E+03   8.6907163208905305E-02
   5.8000000000000000E+10   4.8303023963515209E-03   4.6506577367169057E+03   8.7000081799820328E-02
   5.9000000000000000E+10   4.8335280251639405E-03   4.6475541454034483E+03   8.7091412014570657E-02
   6.0000000000000000E+10   4.8366994503311056E-03   4.6445067428650327E+03   8.7181207153924828E-02
   6.1000000000000000E+10   4.8398184636583670E-03   4.6415135978662429E+03   8.7269518148620925E-02
   6.2000000000000000E+10   4.8428867254256469E-03   4.6385729181596789E+03   8.7356393014038275E-02
   6.3000000000000000E+10   4.8459059249538663E-03   4.6356828956575919E+03   8.7441877892479966E-02
   6.4000000000000000E+10   4.8488776135195638E-03   4.6328418658454930E+03   8.7526016669033258E-02
   6.5000000000000000E+10   4.8518031746349237E-03   4.6300483349604829E+03   8.7608850746353634E-02
   6.6000000000000000E+10   4.8546840514241581E-03   4.6273007619691352E+03   8.7690420111471171E-02
   6.7000000000000000E+10   4.8575216498946269E-03   4.6245976506891584E+03   8.7770762959400145E-02
   6.8000000000000000E+10   4.8603172069881439E-03   4.6219376747623901E+03   8.7849915572216650E-02
   6.9000000000000000E+10   4.8630719079708088E-03   4.6193195649553745E+03   8.7927912436375946E-02
   7.0000000000000000E+10   4.8657869759292727E-03   4.6167420237266351E+03   8.8004787030379089E-02
   7.1000000000000000E+10   4.8684636316934328E-03   4.6142037631819721E+03   8.8080571617029313E-02
   7.2000000000000000E+10   4.8711027139396934E-03   4.6117038645045768E+03   8.8155295682333545E-02
   7.3000000000000000E+10   4.8737054703680300E-03   4.6092410275621514E+03   8.8228989300623437E-02
   7.4000000000000000E+10   4.8762727739947963E-03   4.6068143131933793E+03   8.8301680292513299E-02
   7.5000000000000000E+10   4.8788056585411859E-03   4.6044226358857286E+03   8.8373395441924740E-02
   7.6000000000000000E+10   4.8813049682432377E-03   4.6020650945640782E+03   8.8444160862381521E-02
   7.7000000000000000E+10   4.8837716589113815E-03   4.5997406879751170E+03   8.8514001203631648E-02
   7.8000000000000000E+10   4.8862064517303776E-03   4.5974486408201383E+03   8.8582940208428287E-02
   7.9000000000000000E+10   4.8886102771057956E-03   4.5951879853212258E+03   8.8651001153053133E-02
   8.0000000000000000E+10   4.8909837989102797E-03   4.5929580088323855E+03   8.8718205846411977E-02
   8.1000000000000000E+10   4.8933279210320426E-03   4.5907577772831046E+03   8.8784575854910619E-02
   8.2000000000000000E+10   4.8956432297175469E-03   4.5885866588302179E+03   8.8850131374037217E-02
   8.3000000000000000E+10   4.8979304683317145E-03   4.5864438777804680E+03   8.8914892267833015E-02
   8.4000000000000000E+10   4.9001903588013034E-03   4.5843286822370792E+03   8.8978877658179037E-02
   8.5000000000000000E+10   4.9024234233486716E-03   4.5822405105371326E+03   8.9042105516420236E-02
   8.6000000000000000E+10   4.9046303883602590E-03   4.5801786131706294E+03   8.9104594053575154E-02
   8.7000000000000000E+10   4.9068118162372146E-03   4.5781423970526321E+03   8.9166360064088901E-02
   8.8000000000000000E+10   4.9089684302556346E-03   4.5761311219319859E+03   8.9227420489721709E-02
   8.9000000000000000E+10   4.9111006088288379E-03   4.5741443720151110E+03   8.9287790757833913E-02
   9.0000000000000000E+10   4.9132089473000583E-03   4.5721815317093406E+03   8.9347486457912337E-02
   9.1000000000000000E+10   4.9152940455178939E-03   4.5702419839477816E+03   8.9406522747037254E-02
   9.2000000000000000E+10   4.9173562376592260E-03   4.5683253611432128E+03   8.9464913360228812E-02
   9.3000000000000000E+10   4.9193962843875321E-03   4.5664309016062944E+03   8.9522673266115058E-02
   9.4000000000000000E+10   4.9214144012974673E-03   4.5645583522395618E+03   8.9579814977181288E-02
   9.5000000000000000E+10   4.9234112452550089E-03   4.5627070523358016E+03   8.9636352418263496E-02
   9.6000000000000000E+10   4.9253870631547720E-03   4.5608767234398601E+03   8.9692297327049253E-02
   9.7000000000000000E+10   4.9273425859374430E-03   4.5590666405836191E+03   8.9747663143549525E-02
   9.8000000000000000E+10   4.9292778146424465E-03   4.5572767563525713E+03   8.9802460305274584E-02
   9.9000000000000000E+10   4.9311936199453524E-03   4.5555062205250351E+03   8.9856701842244729E-02
   1.0000000000000000E+11   4.9330900478725143E-03   4.5537549471578095E+03   8.9910397870177322E-02
