   1.0000000000000000E+03   0.0000000000000000E+00   1.0000000000000000E+30   0.0000000000000000E+00
   2.0000000000000000E+03   0.0000000000000000E+00   1.0000000000000000E+30   0.0000000000000000E+00
   3.0000000000000000E+03   0.0000000000000000E+00   1.0000000000000000E+30   0.0000000000000000E+00
   4.0000000000000000E+03   0.0000000000000000E+00   1.0000000000000000E+30   0.0000000000000000E+00
   5.0000000000000000E+03   0.0000000000000000E+00   1.0000000000000000E+30   0.0000000000000000E+00
   6.0000000000000000E+03   0.0000000000000000E+00   1.0000000000000000E+30   0.0000000000000000E+00
   6.4490000000000000E+03   0.0000000000000000E+00   1.0000000000000000E+30   0.0000000000000000E+00
   6.4510000000000009E+03   0.0000000000000000E+00   1.0000000000000000E+30   0.0000000000000000E+00
   7.0000000000000000E+03   0.0000000000000000E+00   1.0000000000000000E+30   0.0000000000000000E+00
   8.0000000000000000E+03   0.0000000000000000E+00   1.0000000000000000E+30   0.0000000000000000E+00
   9.0000000000000000E+03   0.0000000000000000E+00   1.0000000000000000E+30   0.0000000000000000E+00
   1.0000000000000000E+04   0.0000000000000000E+00   1.0000000000000000E+30   0.0000000000000000E+00
   1.1000000000000000E+04   0.0000000000000000E+00   1.0000000000000000E+30   0.0000000000000000E+00
   1.2000000000000000E+04   0.0000000000000000E+00   1.0000000000000000E+30   0.0000000000000000E+00
   1.3000000000000000E+04   0.0000000000000000E+00   1.0000000000000000E+30   0.0000000000000000E+00
   1.4000000000000000E+04   0.0000000000000000E+00   1.0000000000000000E+30   0.0000000000000000E+00
   1.5000000000000000E+04   0.0000000000000000E+00   1.0000000000000000E+30   0.0000000000000000E+00
   1.6000000000000000E+04   0.0000000000000000E+00   1.0000000000000000E+30   0.0000000000000000E+00
   1.7000000000000000E+04   0.0000000000000000E+00   1.0000000000000000E+30   0.0000000000000000E+00
   1.8000000000000000E+04   0.0000000000000000E+00   1.0000000000000000E+30   0.0000000000000000E+00
   1.9000000000000000E+04   0.0000000000000000E+00   1.0000000000000000E+30   0.0000000000000000E+00
   2.0000000000000000E+04   0.0000000000000000E+00   1.0000000000000000E+30   0.0000000000000000E+00
   2.1000000000000000E+04   0.0000000000000000E+00   1.0000000000000000E+30   0.0000000000000000E+00
   2.2000000000000000E+04   0.0000000000000000E+00   1.0000000000000000E+30   0.0000000000000000E+00
   2.3000000000000000E+04   0.0000000000000000E+00   1.0000000000000000E+30   0.0000000000000000E+00
   2.4000000000000000E+04   0.0000000000000000E+00   1.0000000000000000E+30   0.0000000000000000E+00
   2.5000000000000000E+04   0.0000000000000000E+00   1.0000000000000000E+30   0.0000000000000000E+00
   2.6000000000000000E+04   0.0000000000000000E+00   1.0000000000000000E+30   0.0000000000000000E+00
   2.7000000000000000E+04   0.0000000000000000E+00   1.0000000000000000E+30   0.0000000000000000E+00
   2.8000000000000000E+04   0.0000000000000000E+00   1.0000000000000000E+30   0.0000000000000000E+00
   2.8999000000000000E+04   0.0000000000000000E+00   1.0000000000000000E+30   0.0000000000000000E+00
   2.9001000000000000E+04   0.0000000000000000E+00   1.0000000000000000E+30   0.0000000000000000E+00
   2.9999000000000000E+04   0.0000000000000000E+00   1.0000000000000000E+30   0.0000000000000000E+00
   3.0001000000000000E+04   0.0000000000000000E+00   1.0000000000000000E+30   0.0000000000000000E+00
   3.1000000000000000E+04   0.0000000000000000E+00   1.0000000000000000E+30   0.0000000000000000E+00
   3.2000000000000000E+04   0.0000000000000000E+00   1.0000000000000000E+30   0.0000000000000000E+00
   3.3000000000000000E+04   0.0000000000000000E+00   1.0000000000000000E+30   0.0000000000000000E+00
   3.4000000000000000E+04   0.0000000000000000E+00   1.0000000000000000E+30   0.0000000000000000E+00
   3.5000000000000000E+04   0.0000000000000000E+00   1.0000000000000000E+30   0.0000000000000000E+00
   3.6000000000000000E+04   0.0000000000000000E+00   1.0000000000000000E+30   0.0000000000000000E+00
   3.7000000000000000E+04   0.0000000000000000E+00   1.0000000000000000E+30   0.0000000000000000E+00
   3.8000000000000000E+04   0.0000000000000000E+00   1.0000000000000000E+30   0.0000000000000000E+00
   3.9000000000000000E+04   0.0000000000000000E+00   1.0000000000000000E+30   0.0000000000000000E+00
   4.0000000000000000E+04   0.0000000000000000E+00   1.0000000000000000E+30   0.0000000000000000E+00
   4.1000000000000000E+04   0.0000000000000000E+00   1.0000000000000000E+30   0.0000000000000000E+00
   4.2000000000000000E+04   0.0000000000000000E+00   1.0000000000000000E+30   0.0000000000000000E+00
   4.3000000000000000E+04   0.0000000000000000E+00   1.0000000000000000E+30   0.0000000000000000E+00
   4.4000000000000000E+04   0.0000000000000000E+00   1.0000000000000000E+30   0.0000000000000000E+00
   4.5000000000000000E+04   0.0000000000000000E+00   1.0000000000000000E+30   0.0000000000000000E+00
   4.6000000000000000E+04   0.0000000000000000E+00   1.0000000000000000E+30   0.0000000000000000E+00
   4.7000000000000000E+04   0.0000000000000000E+00   1.0000000000000000E+30   0.0000000000000000E+00
   4.7999000000000000E+04   0.0000000000000000E+00   1.0000000000000000E+30   0.0000000000000000E+00
   4.8001000000000000E+04   0.0000000000000000E+00   1.0000000000000000E+30   0.0000000000000000E+00
   4.9000000000000000E+04   0.0000000000000000E+00   1.0000000000000000E+30   0.0000000000000000E+00
   5.0000000000000000E+04   0.0000000000000000E+00   1.0000000000000000E+30   0.0000000000000000E+00
   5.1000000000000000E+04   0.0000000000000000E+00   1.0000000000000000E+30   0.0000000000000000E+00
   5.2000000000000000E+04   0.0000000000000000E+00   1.0000000000000000E+30   0.0000000000000000E+00
   5.3000000000000000E+04   0.0000000000000000E+00   1.0000000000000000E+30   0.0000000000000000E+00
   5.4000000000000000E+04   0.0000000000000000E+00   1.0000000000000000E+30   0.0000000000000000E+00
   5.5000000000000000E+04   0.0000000000000000E+00   1.0000000000000000E+30   0.0000000000000000E+00
   5.6000000000000000E+04   0.0000000000000000E+00   1.0000000000000000E+30   0.0000000000000000E+00
   5.7000000000000000E+04   0.0000000000000000E+00   1.0000000000000000E+30   0.0000000000000000E+00
   5.8000000000000000E+04   0.0000000000000000E+00   1.0000000000000000E+30   0.0000000000000000E+00
   5.9000000000000000E+04   0.0000000000000000E+00   1.0000000000000000E+30   0.0000000000000000E+00
   6.0000000000000000E+04   0.0000000000000000E+00   1.0000000000000000E+30   0.0000000000000000E+00
   6.1000000000000000E+04   0.0000000000000000E+00   1.0000000000000000E+30   0.0000000000000000E+00
   6.2000000000000000E+04   0.0000000000000000E+00   1.0000000000000000E+30   0.0000000000000000E+00
   6.3000000000000000E+04   0.0000000000000000E+00   1.0000000000000000E+30   0.0000000000000000E+00
   6.4000000000000000E+04   0.0000000000000000E+00   1.0000000000000000E+30   0.0000000000000000E+00
   6.5000000000000000E+04   0.0000000000000000E+00   1.0000000000000000E+30   0.0000000000000000E+00
   6.6000000000000000E+04   0.0000000000000000E+00   1.0000000000000000E+30   0.0000000000000000E+00
   6.7000000000000000E+04   0.0000000000000000E+00   1.0000000000000000E+30   0.0000000000000000E+00
   6.8000000000000000E+04   0.0000000000000000E+00   1.0000000000000000E+30   0.0000000000000000E+00
   6.9000000000000000E+04   0.0000000000000000E+00   1.0000000000000000E+30   0.0000000000000000E+00
   7.0000000000000000E+04   0.0000000000000000E+00   1.0000000000000000E+30   0.0000000000000000E+00
   7.1000000000000000E+04   0.0000000000000000E+00   1.0000000000000000E+30   0.0000000000000000E+00
   7.2000000000000000E+04   0.0000000000000000E+00   1.0000000000000000E+30   0.0000000000000000E+00
   7.3000000000000000E+04   0.0000000000000000E+00   1.0000000000000000E+30   0.0000000000000000E+00
   7.4000000000000000E+04   0.0000000000000000E+00   1.0000000000000000E+30   0.0000000000000000E+00
   7.5000000000000000E+04   0.0000000000000000E+00   1.0000000000000000E+30   0.0000000000000000E+00
   7.6000000000000000E+04   0.0000000000000000E+00   1.0000000000000000E+30   0.0000000000000000E+00
   7.7000000000000000E+04   0.0000000000000000E+00   1.0000000000000000E+30   0.0000000000000000E+00
   7.8000000000000000E+04   0.0000000000000000E+00   1.0000000000000000E+30   0.0000000000000000E+00
   7.9000000000000000E+04   0.0000000000000000E+00   1.0000000000000000E+30   0.0000000000000000E+00
   8.0000000000000000E+04   0.0000000000000000E+00   1.0000000000000000E+30   0.0000000000000000E+00
   8.1000000000000000E+04   0.0000000000000000E+00   1.0000000000000000E+30   0.0000000000000000E+00
   8.2000000000000000E+04   0.0000000000000000E+00   1.0000000000000000E+30   0.0000000000000000E+00
   8.3000000000000000E+04   0.0000000000000000E+00   1.0000000000000000E+30   0.0000000000000000E+00
   8.4000000000000000E+04   0.0000000000000000E+00   1.0000000000000000E+30   0.0000000000000000E+00
   8.5000000000000000E+04   0.0000000000000000E+00   1.0000000000000000E+30   0.0000000000000000E+00
   8.6000000000000000E+04   0.0000000000000000E+00   1.0000000000000000E+30   0.0000000000000000E+00
   8.7000000000000000E+04   0.0000000000000000E+00   1.0000000000000000E+30   0.0000000000000000E+00
   8.8000000000000000E+04   0.0000000000000000E+00   1.0000000000000000E+30   0.0000000000000000E+00
   8.9000000000000000E+04   0.0000000000000000E+00   1.0000000000000000E+30   0.0000000000000000E+00
   9.0000000000000000E+04   0.0000000000000000E+00   1.0000000000000000E+30   0.0000000000000000E+00
   9.1000000000000000E+04   0.0000000000000000E+00   1.0000000000000000E+30   0.0000000000000000E+00
   9.2000000000000000E+04   0.0000000000000000E+00   1.0000000000000000E+30   0.0000000000000000E+00
   9.3000000000000000E+04   0.0000000000000000E+00   1.0000000000000000E+30   0.0000000000000000E+00
   9.4000000000000000E+04   0.0000000000000000E+00   1.0000000000000000E+30   0.0000000000000000E+00
   9.5000000000000000E+04   0.0000000000000000E+00   1.0000000000000000E+30   0.0000000000000000E+00
   9.6000000000000000E+04   0.0000000000000000E+00   1.0000000000000000E+30   0.0000000000000000E+00
   9.7000000000000000E+04   0.0000000000000000E+00   1.0000000000000000E+30   0.0000000000000000E+00
   9.8000000000000000E+04   0.0000000000000000E+00   1.0000000000000000E+30   0.0000000000000000E+00
   9.9000000000000000E+04   0.0000000000000000E+00   1.0000000000000000E+30   0.0000000000000000E+00
   1.0000000000000000E+05   0.0000000000000000E+00   1.0000000000000000E+30   0.0000000000000000E+00
   1.1000000000000000E+05   0.0000000000000000E+00   1.0000000000000000E+30   0.0000000000000000E+00
   1.2000000000000000E+05   0.0000000000000000E+00   1.0000000000000000E+30   0.0000000000000000E+00
   1.3000000000000000E+05   0.0000000000000000E+00   1.0000000000000000E+30   0.0000000000000000E+00
   1.4000000000000000E+05   0.0000000000000000E+00   1.0000000000000000E+30   0.0000000000000000E+00
   1.5000000000000000E+05   0.0000000000000000E+00   1.0000000000000000E+30   0.0000000000000000E+00
   1.6000000000000000E+05   0.0000000000000000E+00   1.0000000000000000E+30   0.0000000000000000E+00
   1.6099900000000000E+05   0.0000000000000000E+00   1.0000000000000000E+30   0.0000000000000000E+00
   1.6100100000000000E+05   0.0000000000000000E+00   1.0000000000000000E+30   0.0000000000000000E+00
   1.6299900000000000E+05   0.0000000000000000E+00   1.0000000000000000E+30   0.0000000000000000E+00
   1.6300100000000000E+05   0.0000000000000000E+00   1.0000000000000000E+30   0.0000000000000000E+00
   1.7000000000000000E+05   0.0000000000000000E+00   1.0000000000000000E+30   0.0000000000000000E+00
   1.8000000000000000E+05   0.0000000000000000E+00   1.0000000000000000E+30   0.0000000000000000E+00
   1.9000000000000000E+05   0.0000000000000000E+00   1.0000000000000000E+30   0.0000000000000000E+00
   2.0000000000000000E+05   0.0000000000000000E+00   1.0000000000000000E+30   0.0000000000000000E+00
   2.1000000000000000E+05   0.0000000000000000E+00   1.0000000000000000E+30   0.0000000000000000E+00
   2.2000000000000000E+05   0.0000000000000000E+00   1.0000000000000000E+30   0.0000000000000000E+00
   2.3000000000000000E+05   0.0000000000000000E+00   1.0000000000000000E+30   0.0000000000000000E+00
   2.4000000000000000E+05   0.0000000000000000E+00   1.0000000000000000E+30   0.0000000000000000E+00
   2.5000000000000000E+05   0.0000000000000000E+00   1.0000000000000000E+30   0.0000000000000000E+00
   2.6000000000000000E+05   0.0000000000000000E+00   1.0000000000000000E+30   0.0000000000000000E+00
   2.7000000000000000E+05   0.0000000000000000E+00   1.0000000000000000E+30   0.0000000000000000E+00
   2.8000000000000000E+05   0.0000000000000000E+00   1.0000000000000000E+30   0.0000000000000000E+00
   2.9000000000000000E+05   0.0000000000000000E+00   1.0000000000000000E+30   0.0000000000000000E+00
   3.0000000000000000E+05   0.0000000000000000E+00   1.0000000000000000E+30   0.0000000000000000E+00
   3.0399900000000000E+05   0.0000000000000000E+00   1.0000000000000000E+30   0.0000000000000000E+00
   3.0400100000000000E+05   0.0000000000000000E+00   1.0000000000000000E+30   0.0000000000000000E+00
   3.1000000000000000E+05   0.0000000000000000E+00   1.0000000000000000E+30   0.0000000000000000E+00
   3.1499900000000000E+05   0.0000000000000000E+00   1.0000000000000000E+30   0.0000000000000000E+00
   3.1500100000000000E+05   0.0000000000000000E+00   1.0000000000000000E+30   0.0000000000000000E+00
   3.2000000000000000E+05   0.0000000000000000E+00   1.0000000000000000E+30   0.0000000000000000E+00
   3.3000000000000000E+05   0.0000000000000000E+00   1.0000000000000000E+30   0.0000000000000000E+00
   3.4000000000000000E+05   0.0000000000000000E+00   1.0000000000000000E+30   0.0000000000000000E+00
   3.5000000000000000E+05   0.0000000000000000E+00   1.0000000000000000E+30   0.0000000000000000E+00
   3.6000000000000000E+05   0.0000000000000000E+00   1.0000000000000000E+30   0.0000000000000000E+00
   3.7000000000000000E+05   0.0000000000000000E+00   1.0000000000000000E+30   0.0000000000000000E+00
   3.8000000000000000E+05   0.0000000000000000E+00   1.0000000000000000E+30   0.0000000000000000E+00
   3.9000000000000000E+05   0.0000000000000000E+00   1.0000000000000000E+30   0.0000000000000000E+00
   3.9699900000000000E+05   0.0000000000000000E+00   1.0000000000000000E+30   0.0000000000000000E+00
   3.9700100000000000E+05   0.0000000000000000E+00   1.0000000000000000E+30   0.0000000000000000E+00
   4.0000000000000000E+05   0.0000000000000000E+00   1.0000000000000000E+30   0.0000000000000000E+00
   4.1000000000000000E+05   0.0000000000000000E+00   1.0000000000000000E+30   0.0000000000000000E+00
   4.2000000000000000E+05   0.0000000000000000E+00   1.0000000000000000E+30   0.0000000000000000E+00
   4.3000000000000000E+05   0.0000000000000000E+00   1.0000000000000000E+30   0.0000000000000000E+00
   4.4000000000000000E+05   0.0000000000000000E+00   1.0000000000000000E+30   0.0000000000000000E+00
   4.5000000000000000E+05   0.0000000000000000E+00   1.0000000000000000E+30   0.0000000000000000E+00
   4.6000000000000000E+05   0.0000000000000000E+00   1.0000000000000000E+30   0.0000000000000000E+00
   4.7000000000000000E+05   0.0000000000000000E+00   1.0000000000000000E+30   0.0000000000000000E+00
   4.8000000000000000E+05   0.0000000000000000E+00   1.0000000000000000E+30   0.0000000000000000E+00
   4.9000000000000000E+05   0.0000000000000000E+00   1.0000000000000000E+30   0.0000000000000000E+00
   5.0000000000000000E+05   0.0000000000000000E+00   1.0000000000000000E+30   0.0000000000000000E+00
   5.1000000000000000E+05   0.0000000000000000E+00   1.0000000000000000E+30   0.0000000000000000E+00
   5.2000000000000000E+05   0.0000000000000000E+00   1.0000000000000000E+30   0.0000000000000000E+00
   5.3000000000000000E+05   0.0000000000000000E+00   1.0000000000000000E+30   0.0000000000000000E+00
   5.4000000000000000E+05   0.0000000000000000E+00   1.0000000000000000E+30   0.0000000000000000E+00
   5.5000000000000000E+05   0.0000000000000000E+00   1.0000000000000000E+30   0.0000000000000000E+00
   5.6000000000000000E+05   0.0000000000000000E+00   1.0000000000000000E+30   0.0000000000000000E+00
   5.7000000000000000E+05   0.0000000000000000E+00   1.0000000000000000E+30   0.0000000000000000E+00
   5.8000000000000000E+05   0.0000000000000000E+00   1.0000000000000000E+30   0.0000000000000000E+00
   5.9000000000000000E+05   0.0000000000000000E+00   1.0000000000000000E+30   0.0000000000000000E+00
   6.0000000000000000E+05   0.0000000000000000E+00   1.0000000000000000E+30   0.0000000000000000E+00
   6.1000000000000000E+05   0.0000000000000000E+00   1.0000000000000000E+30   0.0000000000000000E+00
   6.2000000000000000E+05   0.0000000000000000E+00   1.0000000000000000E+30   0.0000000000000000E+00
   6.3000000000000000E+05   0.0000000000000000E+00   1.0000000000000000E+30   0.0000000000000000E+00
   6.4000000000000000E+05   0.0000000000000000E+00   1.0000000000000000E+30   0.0000000000000000E+00
   6.5000000000000000E+05   0.0000000000000000E+00   1.0000000000000000E+30   0.0000000000000000E+00
   6.6000000000000000E+05   0.0000000000000000E+00   1.0000000000000000E+30   0.0000000000000000E+00
   6.7000000000000000E+05   0.0000000000000000E+00   1.0000000000000000E+30   0.0000000000000000E+00
   6.8000000000000000E+05   0.0000000000000000E+00   1.0000000000000000E+30   0.0000000000000000E+00
   6.9000000000000000E+05   0.0000000000000000E+00   1.0000000000000000E+30   0.0000000000000000E+00
   7.0000000000000000E+05   0.0000000000000000E+00   1.0000000000000000E+30   0.0000000000000000E+00
   7.1000000000000000E+05   0.0000000000000000E+00   1.0000000000000000E+30   0.0000000000000000E+00
   7.2000000000000000E+05   0.0000000000000000E+00   1.0000000000000000E+30   0.0000000000000000E+00
   7.3000000000000000E+05   0.0000000000000000E+00   1.0000000000000000E+30   0.0000000000000000E+00
   7.4000000000000000E+05   0.0000000000000000E+00   1.0000000000000000E+30   0.0000000000000000E+00
   7.5000000000000000E+05   0.0000000000000000E+00   1.0000000000000000E+30   0.0000000000000000E+00
   7.6000000000000000E+05   0.0000000000000000E+00   1.0000000000000000E+30   0.0000000000000000E+00
   7.7000000000000000E+05   0.0000000000000000E+00   1.0000000000000000E+30   0.0000000000000000E+00
   7.8000000000000000E+05   0.0000000000000000E+00   1.0000000000000000E+30   0.0000000000000000E+00
   7.9000000000000000E+05   0.0000000000000000E+00   1.0000000000000000E+30   0.0000000000000000E+00
   8.0000000000000000E+05   0.0000000000000000E+00   1.0000000000000000E+30   0.0000000000000000E+00
   8.1000000000000000E+05   0.0000000000000000E+00   1.0000000000000000E+30   0.0000000000000000E+00
   8.2000000000000000E+05   0.0000000000000000E+00   1.0000000000000000E+30   0.0000000000000000E+00
   8.3000000000000000E+05   0.0000000000000000E+00   1.0000000000000000E+30   0.0000000000000000E+00
   8.4000000000000000E+05   0.0000000000000000E+00   1.0000000000000000E+30   0.0000000000000000E+00
   8.5000000000000000E+05   0.0000000000000000E+00   1.0000000000000000E+30   0.0000000000000000E+00
   8.6000000000000000E+05   0.0000000000000000E+00   1.0000000000000000E+30   0.0000000000000000E+00
   8.7000000000000000E+05   0.0000000000000000E+00   1.0000000000000000E+30   0.0000000000000000E+00
   8.8000000000000000E+05   0.0000000000000000E+00   1.0000000000000000E+30   0.0000000000000000E+00
   8.9000000000000000E+05   0.0000000000000000E+00   1.0000000000000000E+30   0.0000000000000000E+00
   9.0000000000000000E+05   0.0000000000000000E+00   1.0000000000000000E+30   0.0000000000000000E+00
   9.1000000000000000E+05   0.0000000000000000E+00   1.0000000000000000E+30   0.0000000000000000E+00
   9.2000000000000000E+05   0.0000000000000000E+00   1.0000000000000000E+30   0.0000000000000000E+00
   9.3000000000000000E+05   0.0000000000000000E+00   1.0000000000000000E+30   0.0000000000000000E+00
   9.4000000000000000E+05   0.0000000000000000E+00   1.0000000000000000E+30   0.0000000000000000E+00
   9.5000000000000000E+05   0.0000000000000000E+00   1.0000000000000000E+30   0.0000000000000000E+00
   9.6000000000000000E+05   0.0000000000000000E+00   1.0000000000000000E+30   0.0000000000000000E+00
   9.7000000000000000E+05   0.0000000000000000E+00   1.0000000000000000E+30   0.0000000000000000E+00
   9.8000000000000000E+05   0.0000000000000000E+00   1.0000000000000000E+30   0.0000000000000000E+00
   9.9000000000000000E+05   0.0000000000000000E+00   1.0000000000000000E+30   0.0000000000000000E+00
   1.0000000000000000E+06   0.0000000000000000E+00   1.0000000000000000E+30   0.0000000000000000E+00
   1.1000000000000000E+06   0.0000000000000000E+00   1.0000000000000000E+30   0.0000000000000000E+00
   1.2000000000000000E+06   0.0000000000000000E+00   1.0000000000000000E+30   0.0000000000000000E+00
   1.3000000000000000E+06   0.0000000000000000E+00   1.0000000000000000E+30   0.0000000000000000E+00
   1.4000000000000000E+06   0.0000000000000000E+00   1.0000000000000000E+30   0.0000000000000000E+00
   1.5000000000000000E+06   0.0000000000000000E+00   1.0000000000000000E+30   0.0000000000000000E+00
   1.6000000000000000E+06   0.0000000000000000E+00   1.0000000000000000E+30   0.0000000000000000E+00
   1.7000000000000000E+06   0.0000000000000000E+00   1.0000000000000000E+30   0.0000000000000000E+00
   1.8000000000000000E+06   0.0000000000000000E+00   1.0000000000000000E+30   0.0000000000000000E+00
   1.9000000000000000E+06   0.0000000000000000E+00   1.0000000000000000E+30   0.0000000000000000E+00
   2.0000000000000000E+06   0.0000000000000000E+00   1.0000000000000000E+30   0.0000000000000000E+00
   2.0829989999999998E+06   0.0000000000000000E+00   1.0000000000000000E+30   0.0000000000000000E+00
   2.0830010000000002E+06   0.0000000000000000E+00   1.0000000000000000E+30   0.0000000000000000E+00
   2.1000000000000000E+06   0.0000000000000000E+00   1.0000000000000000E+30   0.0000000000000000E+00
   2.1579990000000000E+06   0.0000000000000000E+00   1.0000000000000000E+30   0.0000000000000000E+00
   2.1580010000000000E+06   0.0000000000000000E+00   1.0000000000000000E+30   0.0000000000000000E+00
   2.2000000000000000E+06   0.0000000000000000E+00   1.0000000000000000E+30   0.0000000000000000E+00
   2.3000000000000000E+06   0.0000000000000000E+00   1.0000000000000000E+30   0.0000000000000000E+00
   2.3749990000000000E+06   0.0000000000000000E+00   1.0000000000000000E+30   0.0000000000000000E+00
   2.3750010000000000E+06   0.0000000000000000E+00   1.0000000000000000E+30   0.0000000000000000E+00
   2.4000000000000000E+06   0.0000000000000000E+00   1.0000000000000000E+30   0.0000000000000000E+00
   2.5000000000000000E+06   0.0000000000000000E+00   1.0000000000000000E+30   0.0000000000000000E+00
   2.6000000000000000E+06   0.0000000000000000E+00   1.0000000000000000E+30   0.0000000000000000E+00
   2.7000000000000000E+06   0.0000000000000000E+00   1.0000000000000000E+30   0.0000000000000000E+00
   2.8000000000000000E+06   0.0000000000000000E+00   1.0000000000000000E+30   0.0000000000000000E+00
   2.9000000000000000E+06   0.0000000000000000E+00   1.0000000000000000E+30   0.0000000000000000E+00
   3.0000000000000000E+06   0.0000000000000000E+00   1.0000000000000000E+30   0.0000000000000000E+00
   3.1000000000000000E+06   0.0000000000000000E+00   1.0000000000000000E+30   0.0000000000000000E+00
   3.2000000000000000E+06   0.0000000000000000E+00   1.0000000000000000E+30   0.0000000000000000E+00
   3.3000000000000000E+06   0.0000000000000000E+00   1.0000000000000000E+30   0.0000000000000000E+00
   3.4000000000000000E+06   0.0000000000000000E+00   1.0000000000000000E+30   0.0000000000000000E+00
   3.5000000000000000E+06   0.0000000000000000E+00   1.0000000000000000E+30   0.0000000000000000E+00
   3.6000000000000000E+06   0.0000000000000000E+00   1.0000000000000000E+30   0.0000000000000000E+00
   3.7000000000000000E+06   0.0000000000000000E+00   1.0000000000000000E+30   0.0000000000000000E+00
   3.8000000000000000E+06   0.0000000000000000E+00   1.0000000000000000E+30   0.0000000000000000E+00
   3.9000000000000000E+06   0.0000000000000000E+00   1.0000000000000000E+30   0.0000000000000000E+00
   4.0000000000000000E+06   0.0000000000000000E+00   1.0000000000000000E+30   0.0000000000000000E+00
   4.1000000000000000E+06   0.0000000000000000E+00   1.0000000000000000E+30   0.0000000000000000E+00
   4.2000000000000000E+06   0.0000000000000000E+00   1.0000000000000000E+30   0.0000000000000000E+00
   4.3000000000000000E+06   0.0000000000000000E+00   1.0000000000000000E+30   0.0000000000000000E+00
   4.4000000000000000E+06   0.0000000000000000E+00   1.0000000000000000E+30   0.0000000000000000E+00
   4.5000000000000000E+06   0.0000000000000000E+00   1.0000000000000000E+30   0.0000000000000000E+00
   4.6000000000000000E+06   0.0000000000000000E+00   1.0000000000000000E+30   0.0000000000000000E+00
   4.7000000000000000E+06   0.0000000000000000E+00   1.0000000000000000E+30   0.0000000000000000E+00
   4.8000000000000000E+06   0.0000000000000000E+00   1.0000000000000000E+30   0.0000000000000000E+00
   4.9000000000000000E+06   0.0000000000000000E+00   1.0000000000000000E+30   0.0000000000000000E+00
   5.0000000000000000E+06   0.0000000000000000E+00   1.0000000000000000E+30   0.0000000000000000E+00
   5.1000000000000000E+06   0.0000000000000000E+00   1.0000000000000000E+30   0.0000000000000000E+00
   5.2000000000000000E+06   0.0000000000000000E+00   1.0000000000000000E+30   0.0000000000000000E+00
   5.3000000000000000E+06   0.0000000000000000E+00   1.0000000000000000E+30   0.0000000000000000E+00
   5.4000000000000000E+06   1.2964345660374456E-03   7.7134629559940061E+02   6.2228859169797375E-02
   5.5000000000000000E+06   2.5971591767814674E-03   3.8503608440328691E+02   1.2629638635767651E-01
   5.6000000000000000E+06   2.6986326029001992E-03   3.7055803703153515E+02   1.3123174227741422E-01
   5.7000000000000000E+06   4.0535246664926451E-03   2.4669888116537865E+02   1.9960471446531955E-01
   5.8000000000000000E+06   5.4134106477940870E-03   1.8472642573448414E+02   2.6980594132260771E-01
   5.9000000000000000E+06   5.6142651760166390E-03   1.7811769993905190E+02   2.7982479853799330E-01
   6.0000000000000000E+06   7.0273761348057535E-03   1.4230062270996422E+02   3.5436096026022545E-01
   6.1000000000000000E+06   8.4461392092193607E-03   1.1839729078919903E+02   4.3071590941584731E-01
   6.2000000000000000E+06   9.8713598575130203E-03   1.0130316536266352E+02   5.0888442178571547E-01
   6.3000000000000000E+06   1.0215538148783681E-02   9.7890095013649940E+01   5.2667078659904021E-01
   6.4000000000000000E+06   1.1693008978354600E-02   8.5521186364531189E+01   6.0920173782070774E-01
   6.5000000000000000E+06   1.3177543178072194E-02   7.5886679822383627E+01   6.9354185287976600E-01
   6.6000000000000000E+06   1.3615956947726368E-02   7.3443240444953304E+01   7.1670599546531488E-01
   6.7000000000000000E+06   1.5152020620423427E-02   6.5997798250887996E+01   8.0543630561729818E-01
   6.8000000000000000E+06   1.6695707365911441E-02   5.9895635332094770E+01   8.9597250518195937E-01
   6.9000000000000000E+06   1.7226685160955848E-02   5.8049473282677312E+01   9.2462758076963181E-01
   7.0000000000000000E+06   1.8821255343149833E-02   5.3131418801135347E+01   1.0195817234852838E+00
   7.1000000000000000E+06   2.0424080908844934E-02   4.8961811523520559E+01   1.1163460040712967E+00
   7.2000000000000000E+06   2.2035732216836908E-02   4.5380838274841949E+01   1.2149165664534332E+00
   7.3000000000000000E+06   2.2699209968131347E-02   4.4054396668604518E+01   1.2518106546524708E+00
   7.4000000000000000E+06   2.4361058405528744E-02   4.1049119597079986E+01   1.3548288771074275E+00
   7.5000000000000000E+06   2.6032253348831587E-02   3.8413885521165746E+01   1.4596591106150028E+00
   7.6000000000000000E+06   2.6784371300262146E-02   3.7335205250466821E+01   1.5022865625742556E+00
   7.7000000000000000E+06   2.8505252996101051E-02   3.5081253274151969E+01   1.6115937492281762E+00
   7.8000000000000000E+06   3.0235996937990312E-02   3.3073161174439079E+01   1.7227208148176163E+00
   7.9000000000000000E+06   3.1075407607160439E-02   3.2179787072835651E+01   1.7711765588704147E+00
   8.0000000000000000E+06   3.2855403488707594E-02   3.0436393829212914E+01   1.8868134448312364E+00
   8.1000000000000000E+06   3.4645744790158674E-02   2.8863573464988868E+01   2.0042788321573566E+00
   8.2000000000000000E+06   3.6446852989162878E-02   2.7437211116617959E+01   2.1235736102890015E+00
   8.3000000000000000E+06   3.7410441267617590E-02   2.6730505337973607E+01   2.1806674833787381E+00
   8.4000000000000000E+06   3.9260417565353006E-02   2.5470946617809076E+01   2.3045147736876648E+00
   8.5000000000000000E+06   4.1121572694717945E-02   2.4318136065074427E+01   2.4302015655396776E+00
   8.6000000000000000E+06   4.2169468046259630E-02   2.3713839569970546E+01   2.4933446042022376E+00
   8.7000000000000000E+06   4.4079065578295946E-02   2.2686506324044885E+01   2.6236148429135930E+00
   8.8000000000000000E+06   4.6000314781436125E-02   2.1738981673307155E+01   2.7557425356870469E+00
   8.9000000000000000E+06   4.7933672738281662E-02   2.0862161041988379E+01   2.8897362778569091E+00
   9.0000000000000000E+06   4.9101063106810054E-02   2.0366157812605600E+01   2.9617856440463544E+00
   9.1000000000000000E+06   5.1082492057957951E-02   1.9576178837661345E+01   3.1004066993239334E+00
   9.2000000000000000E+06   5.3076392891858185E-02   1.8840767910462095E+01   3.2409098168798556E+00
   9.3000000000000000E+06   5.4325594648532413E-02   1.8407529755903276E+01   3.3192206192031302E+00
   9.4000000000000000E+06   5.6367384973267765E-02   1.7740755588967808E+01   3.4643964529010729E+00
   9.5000000000000000E+06   5.8421931879249954E-02   1.7116859505208794E+01   3.6114671128876283E+00
   9.6000000000000000E+06   5.9752273360931391E-02   1.6735764913236643E+01   3.6961419975808858E+00
   9.7000000000000000E+06   6.1854505705535356E-02   1.6166971000634966E+01   3.8479298620735252E+00
   9.8000000000000000E+06   6.3969866498593042E-02   1.5632360277350184E+01   4.0016336566681865E+00
   9.9000000000000000E+06   6.6098772501941960E-02   1.5128873988856911E+01   4.1572687819587477E+00
   1.0000000000000000E+07   6.7543554180041487E-02   1.4805261762424269E+01   4.2512386048159314E+00
   1.1000000000000000E+07   8.8180790166407744E-02   1.1340338390174097E+01   5.7631961130823379E+00
   1.2000000000000000E+07   1.1102209410722459E-01   9.0072161585621426E+00   7.5070923887514613E+00
   1.3000000000000000E+07   1.3608696524510153E-01   7.3482423404690875E+00   9.4938099002997021E+00
   1.4000000000000000E+07   1.6388049400287552E-01   6.1020074785865228E+00   1.1796520538113571E+01
   1.5000000000000000E+07   1.9344969296637365E-01   5.1693025957597403E+00   1.4306625776276951E+01
   1.6000000000000000E+07   2.2505694172855989E-01   4.4433199541389632E+00   1.7057106869491335E+01
   1.7000000000000000E+07   2.5938225950757798E-01   3.8553137824400237E+00   2.0154374989579949E+01
   1.7040999000000000E+07   2.6073225960730240E-01   3.8353520255074449E+00   2.0271167632302586E+01
   1.7041001000000000E+07   2.6073232548580588E-01   3.8353510564398339E+00   2.0271173332842476E+01
   1.8000000000000000E+07   2.9644062789011233E-01   3.3733567733863068E+00   2.3619587733178566E+01
   1.9000000000000000E+07   3.3526628069966929E-01   2.9827037717992217E+00   2.7303621888203431E+01
   2.0000000000000000E+07   3.7730418578047409E-01   2.6503814102444854E+00   3.1461721045891970E+01
   2.1000000000000000E+07   4.2157325515703142E-01   2.3720669842481139E+00   3.5937611028142342E+01
   2.2000000000000000E+07   4.6804381981677573E-01   2.1365520869209815E+00   4.0731417184918229E+01
   2.3000000000000000E+07   5.1771707086517016E-01   1.9315569377089976E+00   4.6059834299785663E+01
   2.4000000000000000E+07   5.6950146314680206E-01   1.7559217398221632E+00   5.1723519626463656E+01
   2.5000000000000000E+07   6.2382453899714696E-01   1.6030148503096535E+00   5.7833902817549323E+01
   2.6000000000000000E+07   6.8055748347211120E-01   1.4693835925484751E+00   6.4393723210672405E+01
   2.7000000000000000E+07   7.3952157604111801E-01   1.3522255907032512E+00   7.1398080340241847E+01
   2.8000000000000000E+07   7.9996872695577159E-01   1.2500488660418445E+00   7.8701479684507547E+01
   2.9000000000000000E+07   8.6268247518194285E-01   1.1591750484894185E+00   8.6545938592905813E+01
   3.0000000000000000E+07   9.2629995574987778E-01   1.0795639077737611E+00   9.4630604517065137E+01
   3.1000000000000000E+07   9.9151728274825268E-01   1.0085552893523302E+00   1.0319638697288740E+02
   3.2000000000000000E+07   1.0569534974369854E+00   9.4611541796768528E-01   1.1191689290120503E+02
   3.3000000000000000E+07   1.1227513474480824E+00   8.9066916042711908E-01   1.2088273240421229E+02
   3.4000000000000000E+07   1.1885567020867256E+00   8.4135657831411814E-01   1.3004340664156265E+02
   3.5000000000000000E+07   1.2540380002176488E+00   7.9742400136713709E-01   1.3934780752524685E+02
   3.6000000000000000E+07   1.3183979504141343E+00   7.5849632479015971E-01   1.4858357356872037E+02
   3.7000000000000000E+07   1.3823834771043024E+00   7.2338827580224974E-01   1.5802820127610494E+02
   3.8000000000000000E+07   1.4452655423311715E+00   6.9191437193405236E-01   1.6747704630850419E+02
   3.9000000000000000E+07   1.5068681189723312E+00   6.6362808225180980E-01   1.7689183183853248E+02
   4.0000000000000000E+07   1.5665881817845482E+00   6.3832985058068659E-01   1.8606906832453390E+02
   4.1000000000000000E+07   1.6252876768651963E+00   6.1527569194935916E-01   1.9532577441720358E+02
   4.2000000000000000E+07   1.6819451643196288E+00   5.9454970424348796E-01   2.0428775208043672E+02
   4.3000000000000000E+07   1.7374799643471577E+00   5.7554620514760357E-01   2.1329705601657420E+02
   4.4000000000000000E+07   1.7909338815516584E+00   5.5836790531518887E-01   2.2197595220484848E+02
   4.5000000000000000E+07   1.8432408130972822E+00   5.4252270940097846E-01   2.3068139870891284E+02
   4.6000000000000000E+07   1.8935108016895954E+00   5.2811951170687377E-01   2.3903834508688939E+02
   4.7000000000000000E+07   1.9422217536375379E+00   5.1487426609609610E-01   2.4722181219656375E+02
   4.8000000000000000E+07   1.9894135367775110E+00   5.0266069950434678E-01   2.5522989637480967E+02
   4.9000000000000000E+07   2.0355953177161070E+00   4.9125677942803392E-01   2.6326769886041859E+02
   5.0000000000000000E+07   2.0799018052652047E+00   4.8079192847880237E-01   2.7093490416298454E+02
   5.1000000000000000E+07   2.1228340333219968E+00   4.7106838514130683E-01   2.7842952997915160E+02
   5.2000000000000000E+07   2.1644443296585520E+00   4.6201234483021025E-01   2.8575452603571847E+02
   5.3000000000000000E+07   2.2047848145553743E+00   4.5355900194807180E-01   2.9291332893908702E+02
   5.4000000000000000E+07   2.2443386590969960E+00   4.4556555488927313E-01   3.0012097211351073E+02
   5.5000000000000000E+07   2.2822959019709050E+00   4.3815528001274406E-01   3.0696418321298108E+02
   5.6000000000000000E+07   2.3191334699750823E+00   4.3119553615460715E-01   3.1365315934235883E+02
   5.7000000000000000E+07   2.3548980298096311E+00   4.2464683707805373E-01   3.2019199044664526E+02
   5.8000000000000000E+07   2.3896355327927346E+00   4.1847385773985113E-01   3.2658534721691888E+02
   5.9000000000000000E+07   2.4233881586612882E+00   4.1264540986798148E-01   3.3283716029435067E+02
   6.0000000000000000E+07   2.4562004214416278E+00   4.0713289977088518E-01   3.3895275238829856E+02
   6.1000000000000000E+07   2.4881090017456677E+00   4.0191165230236936E-01   3.4493536394050807E+02
   6.2000000000000000E+07   2.5191536175327629E+00   3.9695872178664177E-01   3.5078985626505960E+02
   6.3000000000000000E+07   2.5493688454581518E+00   3.9225395014203540E-01   3.5651980993530753E+02
   6.4000000000000000E+07   2.5783968383721572E+00   3.8783789412002978E-01   3.6190165100185487E+02
   6.5000000000000000E+07   2.6070658865991807E+00   3.8357296804050567E-01   3.6739707837379808E+02
   6.6000000000000000E+07   2.6350036449563641E+00   3.7950611640104970E-01   3.7278002123760882E+02
   6.7000000000000000E+07   2.6622387444237963E+00   3.7562371222136048E-01   3.7805377749197459E+02
   6.8000000000000000E+07   2.6887995281947310E+00   3.7191318635473114E-01   3.8322190107355254E+02
   6.9000000000000000E+07   2.7147110684277207E+00   3.6836332662804155E-01   3.8828712969320202E+02
   7.0000000000000000E+07   2.7399981758759950E+00   3.6496374662012093E-01   3.9325257189385127E+02
   7.1000000000000000E+07   2.7643183061370395E+00   3.6175284075640229E-01   3.9788518100627317E+02
   7.2000000000000000E+07   2.7884449429836753E+00   3.5862282399235257E-01   4.0266778333975822E+02
   7.3000000000000000E+07   2.8120138897370413E+00   3.5561702011845781E-01   4.0735895453270666E+02
   7.4000000000000000E+07   2.8350454424857623E+00   3.5272803215570403E-01   4.1196149500369501E+02
   7.5000000000000000E+07   2.8571952781969521E+00   3.4999357853869034E-01   4.1623075870253558E+02
   7.6000000000000000E+07   2.8792308100576700E+00   3.4731498305270303E-01   4.2067390986953262E+02
   7.7000000000000000E+07   2.9007835894543144E+00   3.4473443783792118E-01   4.2503559825001128E+02
   7.8000000000000000E+07   2.9218680977134888E+00   3.4224679778753575E-01   4.2931688472554680E+02
   7.9000000000000000E+07   2.9421550394461851E+00   3.3988691506489566E-01   4.3327194420394250E+02
   8.0000000000000000E+07   2.9623780347287192E+00   3.3756664013732990E-01   4.3741390288396451E+02
   8.1000000000000000E+07   2.9821781356568722E+00   3.3532537444472083E-01   4.4148154484466414E+02
   8.2000000000000000E+07   3.0015678430450805E+00   3.3315921954491073E-01   4.4547593936162980E+02
   8.3000000000000000E+07   3.0202437741252770E+00   3.3109910152521388E-01   4.4915947792879325E+02
   8.4000000000000000E+07   3.0388809072963019E+00   3.2906850597501763E-01   4.5303028174065696E+02
   8.5000000000000000E+07   3.0571439876028883E+00   3.2710268278338495E-01   4.5683248314963009E+02
   8.6000000000000000E+07   3.0747373311408297E+00   3.2523103351692384E-01   4.6032649587108153E+02
   8.7000000000000000E+07   3.0923167590158389E+00   3.2338213641420754E-01   4.6401533645201278E+02
   8.8000000000000000E+07   3.1092283180175357E+00   3.2162321248817349E-01   4.6737901932979764E+02
   8.9000000000000000E+07   3.1261683014758868E+00   3.1988041063812617E-01   4.7096256385626958E+02
   9.0000000000000000E+07   3.1427838247044138E+00   3.1818924106052776E-01   4.7448259201809987E+02
   9.1000000000000000E+07   3.1587763354851806E+00   3.1657828658717063E-01   4.7768627122218084E+02
   9.2000000000000000E+07   3.1748059919578928E+00   3.1497987673360262E-01   4.8110842226801265E+02
   9.3000000000000000E+07   3.1905367575355155E+00   3.1342688581730549E-01   4.8447017953844511E+02
   9.4000000000000000E+07   3.2056934948677229E+00   3.1194498213911848E-01   4.8752956394858688E+02
   9.5000000000000000E+07   3.2208864468397973E+00   3.1047353469451228E-01   4.9079981500722255E+02
   9.6000000000000000E+07   3.2355107476905673E+00   3.0907021425095776E-01   4.9375698290768014E+02
   9.7000000000000000E+07   3.2501958274223326E+00   3.0767376893504927E-01   4.9694098534490701E+02
   9.8000000000000000E+07   3.2643171874023817E+00   3.0634277939018595E-01   4.9980105276918044E+02
   9.9000000000000000E+07   3.2785217717930797E+00   3.0501551296793222E-01   5.0290304729264125E+02
   1.0000000000000000E+08   3.2924742197352947E+00   3.0372295521888620E-01   5.0594871885519586E+02
   1.1000000000000000E+08   3.4190426332972117E+00   2.9247953513689684E-01   5.3301267288559791E+02
   1.2000000000000000E+08   3.5276261430762821E+00   2.8347675162877256E-01   5.5648781028859537E+02
   1.3000000000000000E+08   3.6224210477988144E+00   2.7605846664557565E-01   5.7761181590288879E+02
   1.4000000000000000E+08   3.7055193131250976E+00   2.6986770692516976E-01   5.9624002877628391E+02
   1.5000000000000000E+08   3.7789427907957287E+00   2.6462427598419158E-01   6.1271340731827229E+02
   1.6000000000000000E+08   3.8447169146672677E+00   2.6009717287249035E-01   6.2797444879021225E+02
   1.7000000000000000E+08   3.9035520194797595E+00   2.5617693705879541E-01   6.4157425201572642E+02
   1.8000000000000000E+08   3.9566417023137146E+00   2.5273958959064524E-01   6.5402422369475516E+02
   1.9000000000000000E+08   4.0047587803148978E+00   2.4970292965344826E-01   6.6547664652355331E+02
   2.0000000000000000E+08   4.0485275433020611E+00   2.4700338315702305E-01   6.7604331267209307E+02
   2.1000000000000000E+08   4.0883013253063067E+00   2.4460036588058429E-01   6.8550045343151749E+02
   2.2000000000000000E+08   4.1248817365979864E+00   2.4243119290609152E-01   6.9460940019697239E+02
   2.3000000000000000E+08   4.1582895428001825E+00   2.4048349440491404E-01   7.0276479857634934E+02
   2.4000000000000000E+08   4.1890072957579640E+00   2.3872004257730925E-01   7.1034505544772162E+02
   2.5000000000000000E+08   4.2173100343621188E+00   2.3711797137325080E-01   7.1741438816975017E+02
   2.6000000000000000E+08   4.2434410957376123E+00   2.3565780163755898E-01   7.2403858552855615E+02
   2.7000000000000000E+08   4.2676058767893918E+00   2.3432341900145684E-01   7.3026433542871075E+02
   2.8000000000000000E+08   4.2899807926125533E+00   2.3310127675210654E-01   7.3612589724073155E+02
   2.9000000000000000E+08   4.3107188061596338E+00   2.3197987272356738E-01   7.4164771387312601E+02
   3.0000000000000000E+08   4.3299544679218025E+00   2.3094931076260450E-01   7.4684551818426530E+02
   3.1000000000000000E+08   4.3478038743198173E+00   2.3000117505448495E-01   7.5172770005448706E+02
   3.2000000000000000E+08   4.3642508715481174E+00   2.2913439887686229E-01   7.5596490829785398E+02
   3.3000000000000000E+08   4.3796304002040731E+00   2.2832976955165080E-01   7.6029487594518309E+02
   3.4000000000000000E+08   4.3937658943071147E+00   2.2759519374841375E-01   7.6392449423395908E+02
   3.5000000000000000E+08   4.4070447843080363E+00   2.2690942546367004E-01   7.6779100837856856E+02
   3.6000000000000000E+08   4.4192452886816023E+00   2.2628298152201712E-01   7.7099020058931956E+02
   3.7000000000000000E+08   4.4307170970187224E+00   2.2569710006374949E-01   7.7444592065317966E+02
   3.8000000000000000E+08   4.4412564032117849E+00   2.2516151044034069E-01   7.7730232690242303E+02
   3.9000000000000000E+08   4.4510271719213321E+00   2.2466724227350421E-01   7.7992190652100066E+02
   4.0000000000000000E+08   4.4602499866668772E+00   2.2420267989223072E-01   7.8293316367632212E+02
   4.1000000000000000E+08   4.4686870147820406E+00   2.2377937785575144E-01   7.8533745480980917E+02
   4.2000000000000000E+08   4.4765035864564968E+00   2.2338862924749237E-01   7.8757958204375620E+02
   4.3000000000000000E+08   4.4837238649154676E+00   2.2302889966638331E-01   7.8961295205962472E+02
   4.4000000000000000E+08   4.4905605751124567E+00   2.2268934652439407E-01   7.9214859888215040E+02
   4.5000000000000000E+08   4.4967594669699977E+00   2.2238236386564372E-01   7.9406828481420860E+02
   4.6000000000000000E+08   4.5024814169510652E+00   2.2209975064753690E-01   7.9589104416156738E+02
   4.7000000000000000E+08   4.5077506766539663E+00   2.2184013086151533E-01   7.9761113829152237E+02
   4.8000000000000000E+08   4.5125902731752934E+00   2.2160221501704122E-01   7.9922286169949291E+02
   4.9000000000000000E+08   4.5170251886179358E+00   2.2138464105088773E-01   8.0073725666151824E+02
   5.0000000000000000E+08   4.5210796822315613E+00   2.2118610382606879E-01   8.0216892986653147E+02
   5.1000000000000000E+08   4.5247758231779844E+00   2.2100542415328953E-01   8.0352937177130661E+02
   5.2000000000000000E+08   4.5281330033093870E+00   2.2084156964231175E-01   8.0482636623021381E+02
   5.3000000000000000E+08   4.5311688433738437E+00   2.2069360788935299E-01   8.0606392447894063E+02
   5.4000000000000000E+08   4.5338998543503175E+00   2.2056067229638768E-01   8.0724452098846052E+02
   5.5000000000000000E+08   4.5363404751335015E+00   2.2044200727031427E-01   8.0836838509449399E+02
   5.6000000000000000E+08   4.5385038328410028E+00   2.2033692970884247E-01   8.0943286679648475E+02
   5.7000000000000000E+08   4.5404016347706637E+00   2.2024483304339007E-01   8.1043008489107876E+02
   5.8000000000000000E+08   4.5420452928493775E+00   2.2016513168072496E-01   8.1135114758046495E+02
   5.9000000000000000E+08   4.5434456053994570E+00   2.2009727569129350E-01   8.1219495857959555E+02
   6.0000000000000000E+08   4.5446185584713588E+00   2.2004046921296805E-01   8.1298925860101986E+02
   6.1000000000000000E+08   4.5454714642582630E+00   2.1999918113294806E-01   8.1316231159238271E+02
   6.2000000000000000E+08   4.5462550399680364E+00   2.1996126288749321E-01   8.1404058385350413E+02
   6.3000000000000000E+08   4.5468351105991704E+00   2.1993320093550142E-01   8.1484402205289530E+02
   6.4000000000000000E+08   4.5472172329715077E+00   2.1991471899540677E-01   8.1555106072251260E+02
   6.5000000000000000E+08   4.5473994433152320E+00   2.1990590720373601E-01   8.1610933441960003E+02
   6.6000000000000000E+08   4.5473001069522594E+00   2.1991071107691437E-01   8.1596636850812126E+02
   6.7000000000000000E+08   4.5471947696201616E+00   2.1991580538423533E-01   8.1672285460359205E+02
   6.8000000000000000E+08   4.5469184521929442E+00   2.1992916972542312E-01   8.1737116171045466E+02
   6.9000000000000000E+08   4.5464702313281569E+00   2.1995085178592955E-01   8.1785191585241625E+02
   7.0000000000000000E+08   4.5457511539308211E+00   2.1998564508646190E-01   8.1749435607618500E+02
   7.1000000000000000E+08   4.5450636872529770E+00   2.2001891916379224E-01   8.1817311627045137E+02
   7.2000000000000000E+08   4.5442255434623267E+00   2.2005949978400111E-01   8.1871143124242030E+02
   7.3000000000000000E+08   4.5432271216330520E+00   2.2010786016802802E-01   8.1900244850434819E+02
   7.4000000000000000E+08   4.5420292530519291E+00   2.2016590917552314E-01   8.1873247379163854E+02
   7.5000000000000000E+08   4.5408386599920032E+00   2.2022363595753947E-01   8.1926310469247289E+02
   7.6000000000000000E+08   4.5395054327397819E+00   2.2028831440266794E-01   8.1956506050987434E+02
   7.7000000000000000E+08   4.5379642768882418E+00   2.2036312738136338E-01   8.1912912388842892E+02
   7.8000000000000000E+08   4.5364581008380025E+00   2.2043629143522211E-01   8.1962678891402959E+02
   7.9000000000000000E+08   4.5348199164667280E+00   2.2051592310619095E-01   8.1986933189255706E+02
   8.0000000000000000E+08   4.5329920774280428E+00   2.2060484177315978E-01   8.1940550269473795E+02
   8.1000000000000000E+08   4.5312006098919921E+00   2.2069206069069555E-01   8.1983580620679902E+02
   8.2000000000000000E+08   4.5291535946084682E+00   2.2079180560147182E-01   8.1900476893565178E+02
   8.3000000000000000E+08   4.5272142811811653E+00   2.2088638573102770E-01   8.1956459495452793E+02
   8.4000000000000000E+08   4.5251637876683155E+00   2.2098647627410431E-01   8.1988531546969386E+02
   8.5000000000000000E+08   4.5229008710060183E+00   2.2109704115128495E-01   8.1915093965558049E+02
   8.6000000000000000E+08   4.5207178325186463E+00   2.2120380812240742E-01   8.1958030542962376E+02
   8.7000000000000000E+08   4.5182908696230557E+00   2.2132262593431187E-01   8.1865100928000300E+02
   8.8000000000000000E+08   4.5159845738732152E+00   2.2143565453819350E-01   8.1917968569618915E+02
   8.9000000000000000E+08   4.5135768583714677E+00   2.2155377683339322E-01   8.1942867788328749E+02
   9.0000000000000000E+08   4.5109863496585003E+00   2.2168100776356908E-01   8.1868862291412381E+02
   9.1000000000000000E+08   4.5084678060717911E+00   2.2180484435382850E-01   8.1901971858590002E+02
   9.2000000000000000E+08   4.5057456959812567E+00   2.2193884596991692E-01   8.1813973357300131E+02
   9.3000000000000000E+08   4.5031225464043150E+00   2.2206812932472542E-01   8.1853512299776935E+02
   9.4000000000000000E+08   4.5002839925622817E+00   2.2220819878317061E-01   8.1755972544596852E+02
   9.5000000000000000E+08   4.4975633358251850E+00   2.2234261650848469E-01   8.1801035452445296E+02
   9.6000000000000000E+08   4.4947479314257688E+00   2.2248188669454316E-01   8.1808152684992274E+02
   9.7000000000000000E+08   4.4918051653873015E+00   2.2262764371565885E-01   8.1744469994816325E+02
   9.8000000000000000E+08   4.4889043285987249E+00   2.2277151099635140E-01   8.1757597958340762E+02
   9.9000000000000000E+08   4.4858634537921693E+00   2.2292252323343464E-01   8.1684603170641003E+02
   1.0000000000000000E+09   4.4828797225326404E+00   2.2307089681073169E-01   8.1700539367783415E+02
   1.1000000000000000E+09   4.4504021309462276E+00   2.2469879587878591E-01   8.1246813119539434E+02
   1.2000000000000000E+09   4.4152715268579392E+00   2.2648663709967459E-01   8.0895230352876865E+02
   1.3000000000000000E+09   4.3781492269586142E+00   2.2840701587841356E-01   8.0393529008162670E+02
   1.4000000000000000E+09   4.3398119988604513E+00   2.3042472813628342E-01   7.9875098117546872E+02
   1.5000000000000000E+09   4.3006600509547486E+00   2.3252244728759711E-01   7.9242847367000536E+02
   1.6000000000000000E+09   4.1574380378166591E+00   2.4053274899201268E-01   6.1178751915837847E+02
   1.7000000000000000E+09   4.1240707416572286E+00   2.4247886679028141E-01   6.0688057340412456E+02
   1.8000000000000000E+09   4.0904799789519100E+00   2.4447008789815097E-01   6.0194184066419120E+02
   1.9000000000000000E+09   4.0568367294271415E+00   2.4649747246328260E-01   5.9699574414640324E+02
   2.0000000000000000E+09   4.0232720519115146E+00   2.4855391012518921E-01   5.9206159955347266E+02
   2.1000000000000000E+09   3.9898865863353854E+00   2.5063369054769952E-01   5.8715420808803992E+02
   2.2000000000000000E+09   3.9567575976200109E+00   2.5273218672821907E-01   5.8228491020847582E+02
   2.3000000000000000E+09   3.9239442249531855E+00   2.5484562029215146E-01   5.7746219121645959E+02
   2.4000000000000000E+09   3.8914914738454791E+00   2.5697088294319809E-01   5.7269268095097993E+02
   2.5000000000000000E+09   3.8594332267841338E+00   2.5910540259126297E-01   5.6798121328847333E+02
   2.6000000000000000E+09   3.8277945709827597E+00   2.6124703963495538E-01   5.6333097514144288E+02
   2.7000000000000000E+09   3.7965937033809860E+00   2.6339399949735698E-01   5.5874587907690488E+02
   2.8000000000000000E+09   3.7658432377277546E+00   2.6554477626195161E-01   5.5422830383927430E+02
   2.9000000000000000E+09   3.7355512324798403E+00   2.6769810873030153E-01   5.4977676221233014E+02
   3.0000000000000000E+09   3.7057223552850349E+00   2.6985292046335257E-01   5.4539277858835396E+02
   3.1000000000000000E+09   3.6763584631461401E+00   2.7200829571559892E-01   5.4107813205149012E+02
   3.2000000000000000E+09   3.6474590716936017E+00   2.7416346019084359E-01   5.3683226019123083E+02
   3.3000000000000000E+09   3.6190218741953837E+00   2.7631775511783274E-01   5.3265378549801687E+02
   3.4000000000000000E+09   3.5910431648814449E+00   2.7847061538538043E-01   5.2854210068869645E+02
   3.5000000000000000E+09   3.5635181436261609E+00   2.8062155423247576E-01   5.2449772219575470E+02
   3.6000000000000000E+09   3.5364410552443499E+00   2.8277015914546477E-01   5.2051922701018736E+02
   3.7000000000000000E+09   3.5098054738615754E+00   2.8491607510651445E-01   5.1660578115151202E+02
   3.8000000000000000E+09   3.4836044512683841E+00   2.8705899707870081E-01   5.1275680104928870E+02
   3.9000000000000000E+09   3.4578305866475665E+00   2.8919866804970323E-01   5.0896987771297194E+02
   4.0000000000000000E+09   3.4324762390534871E+00   2.9133486449880053E-01   5.0524416872726886E+02
   4.1000000000000000E+09   3.4075335802023803E+00   2.9346739407351874E-01   5.0157933050926880E+02
   4.2000000000000000E+09   3.3829946433223954E+00   2.9559609323469488E-01   4.9797471308350129E+02
   4.3000000000000000E+09   3.3588513338573178E+00   2.9772082792708671E-01   4.9442751101278907E+02
   4.4000000000000000E+09   3.3350955862611973E+00   2.9984148104164182E-01   4.9093662681525660E+02
   4.5000000000000000E+09   3.3117193886772673E+00   3.0195795073066556E-01   4.8750229372397439E+02
   4.6000000000000000E+09   3.2887147275460804E+00   3.0407015592567488E-01   4.8412275821550105E+02
   4.7000000000000000E+09   3.2660736733184530E+00   3.0617802904120123E-01   4.8079647518578173E+02
   4.8000000000000000E+09   3.2437883966285104E+00   3.0828151461401371E-01   4.7752194095079028E+02
   4.9000000000000000E+09   3.2218512177361265E+00   3.1038056459437086E-01   4.7429908196362328E+02
   5.0000000000000000E+09   3.2002545503845785E+00   3.1247514354126266E-01   4.7112644128640829E+02
   5.1000000000000000E+09   3.1789909449130707E+00   3.1456522441505258E-01   4.6800247905907901E+02
   5.2000000000000000E+09   3.1580531086752082E+00   3.1665078628759874E-01   4.6492613549104129E+02
   5.3000000000000000E+09   3.1374339091357624E+00   3.1873181362901126E-01   4.6189676820948102E+02
   5.4000000000000000E+09   3.1171263633529600E+00   3.2080829694832863E-01   4.5891352866391935E+02
   5.5000000000000000E+09   3.0971236393709183E+00   3.2288023225418222E-01   4.5597529356675773E+02
   5.6000000000000000E+09   3.0774190426638581E+00   3.2494762206137057E-01   4.5307994038445497E+02
   5.7000000000000000E+09   3.0580060928884252E+00   3.2701046682855195E-01   4.5022794499022280E+02
   5.8000000000000000E+09   3.0388784238038058E+00   3.2906877490290859E-01   4.4741772725274569E+02
   5.9000000000000000E+09   3.0200298477045249E+00   3.3112255521583128E-01   4.4464873939775538E+02
   6.0000000000000000E+09   3.0014543186394906E+00   3.3317182067034873E-01   4.4191977716943916E+02
   6.1000000000000000E+09   2.9831459550001242E+00   3.3521658513686720E-01   4.3923019410183463E+02
   6.2000000000000000E+09   2.9650990300371478E+00   3.3725686389215531E-01   4.3657957575923746E+02
   6.3000000000000000E+09   2.9473079311097350E+00   3.3929267771605909E-01   4.3396575655789155E+02
   6.4000000000000000E+09   2.9297672242293968E+00   3.4132404504013986E-01   4.3138829365173166E+02
   6.5000000000000000E+09   2.9124716305095117E+00   3.4335098392874602E-01   4.2884749241526703E+02
   6.6000000000000000E+09   2.8954159756471043E+00   3.4537351745339717E-01   4.2634184916926881E+02
   6.7000000000000000E+09   2.8785952404035697E+00   3.4739166728414494E-01   4.2387092101810879E+02
   6.8000000000000000E+09   2.8620045228876161E+00   3.4940545760949787E-01   4.2143346206678518E+02
   6.9000000000000000E+09   2.8456390689610918E+00   3.5141491094479810E-01   4.1902929556685098E+02
   7.0000000000000000E+09   2.8294942461254915E+00   3.5342005072790983E-01   4.1665807558552672E+02
   7.1000000000000000E+09   2.8135655106499198E+00   3.5542090497441631E-01   4.1431752937949096E+02
   7.2000000000000000E+09   2.7978484949872180E+00   3.5741749483278173E-01   4.1200874501832834E+02
   7.3000000000000000E+09   2.7823389102878586E+00   3.5940984626367495E-01   4.0973070099381493E+02
   7.4000000000000000E+09   2.7670325687300967E+00   3.6139798689067859E-01   4.0748169843456094E+02
   7.5000000000000000E+09   2.7519254282529446E+00   3.6338193968971338E-01   4.0526227355269327E+02
   7.6000000000000000E+09   2.7370135376254989E+00   3.6536172958338820E-01   4.0307210799893954E+02
   7.7000000000000000E+09   2.7222930245885815E+00   3.6733738468551880E-01   4.0090940480896319E+02
   7.8000000000000000E+09   2.7077601501354422E+00   3.6930892861761783E-01   3.9877447644537523E+02
   7.9000000000000000E+09   2.6934112529511669E+00   3.7127638748234293E-01   3.9666645832982852E+02
   8.0000000000000000E+09   2.6792427770902405E+00   3.7323978571514083E-01   3.9458523935924279E+02
   8.1000000000000000E+09   2.6652512485313484E+00   3.7519914887988026E-01   3.9253013260309308E+02
   8.2000000000000000E+09   2.6514332736283857E+00   3.7715450354575136E-01   3.9049992273227781E+02
   8.3000000000000000E+09   2.6377855684292593E+00   3.7910587273228474E-01   3.8849499986872416E+02
   8.4000000000000000E+09   2.6243049209159710E+00   3.8105328082491513E-01   3.8651503550375969E+02
   8.5000000000000000E+09   2.6109881805358643E+00   3.8299675481287160E-01   3.8455839106592930E+02
   8.6000000000000000E+09   2.5978323102144216E+00   3.8493631635425363E-01   3.8262584657501873E+02
   8.7000000000000000E+09   2.5848343240115370E+00   3.8687199048333931E-01   3.8071649679135095E+02
   8.8000000000000000E+09   2.5719913159590435E+00   3.8880380108403301E-01   3.7882987705664215E+02
   8.9000000000000000E+09   2.5593004516186051E+00   3.9073177178848217E-01   3.7696553479696644E+02
   9.0000000000000000E+09   2.5467589690966133E+00   3.9265592548584222E-01   3.7512325451862188E+02
   9.1000000000000000E+09   2.5343641686283922E+00   3.9457628559403285E-01   3.7330246239753762E+02
   9.2000000000000000E+09   2.5221134207059772E+00   3.9649287450367132E-01   3.7150295252180126E+02
   9.3000000000000000E+09   2.5100041535868480E+00   3.9840571521404833E-01   3.6972411422256374E+02
   9.4000000000000000E+09   2.4980338627620156E+00   4.0031482955732411E-01   3.6796576267188044E+02
   9.5000000000000000E+09   2.4862000986705106E+00   4.0222023984905630E-01   3.6622737114655223E+02
   9.6000000000000000E+09   2.4745004742840786E+00   4.0412196740003442E-01   3.6450876344581633E+02
   9.7000000000000000E+09   2.4629326549118122E+00   4.0602003388347058E-01   3.6280946647883798E+02
   9.8000000000000000E+09   2.4514943675704894E+00   4.0791445953475008E-01   3.6112956876154163E+02
   9.9000000000000000E+09   2.4401833770806975E+00   4.0980526684693086E-01   3.5946796785263513E+02
   1.0000000000000000E+10   2.4289975123372365E+00   4.1169247597860958E-01   3.5782454295614127E+02
   1.1000000000000000E+10   2.3235767987667129E+00   4.3037096967518834E-01   3.4233925776048289E+02
   1.2000000000000000E+10   2.2286095325443496E+00   4.4871027669810082E-01   3.2838914544786235E+02
   1.3000000000000000E+10   2.1425808753660722E+00   4.6672683934469661E-01   3.1575309664450629E+02
   1.4000000000000000E+10   2.0642602988342995E+00   4.8443503009998612E-01   3.0424893385330603E+02
   1.5000000000000000E+10   1.9926372921250814E+00   5.0184747818983821E-01   2.9372917739255439E+02
   1.6000000000000000E+10   1.9268737065593931E+00   5.1897537269611216E-01   2.8407038129454389E+02
   1.7000000000000000E+10   1.8662680591805885E+00   5.3582870642873470E-01   2.7516894515253659E+02
   1.8000000000000000E+10   1.8102284208033805E+00   5.5241647325159082E-01   2.6693894625473376E+02
   1.9000000000000000E+10   1.7582515263958778E+00   5.6874684024863797E-01   2.5930539372522776E+02
   2.0000000000000000E+10   1.7099065818291950E+00   5.8482727104906340E-01   2.5220579682460937E+02
   2.1000000000000000E+10   1.6648224857511755E+00   6.0066464056003877E-01   2.4558531276874439E+02
   2.2000000000000000E+10   1.6226777118396434E+00   6.1626532040443927E-01   2.3939621670647563E+02
   2.3000000000000000E+10   1.5831922066929323E+00   6.3163524666967674E-01   2.3359815764037143E+02
   2.4000000000000000E+10   1.5461208192377474E+00   6.4677998482227916E-01   2.2815487832925714E+02
   2.5000000000000000E+10   1.5112479730782953E+00   6.6170477500332225E-01   2.2303454335384558E+02
   2.6000000000000000E+10   1.4783832899176890E+00   6.7641457179597619E-01   2.1820943452436333E+02
   2.7000000000000000E+10   1.4473579684197582E+00   6.9091408056557801E-01   2.1365428297578657E+02
   2.8000000000000000E+10   1.4180217895257674E+00   7.0520778128129658E-01   2.0934746050846638E+02
   2.9000000000000000E+10   1.3902405966901146E+00   7.1929995597941865E-01   2.0526914460923612E+02
   3.0000000000000000E+10   1.3638941884957827E+00   7.3319470706366474E-01   2.0140176867011084E+02
   3.1000000000000000E+10   1.3388745311584467E+00   7.4689597623069359E-01   1.9772898068798219E+02
   3.2000000000000000E+10   1.3150842515423271E+00   7.6040755474579136E-01   1.9423706866908756E+02
   3.3000000000000000E+10   1.2924353352446678E+00   7.7373310116957816E-01   1.9091278835742210E+02
   3.4000000000000000E+10   1.2708480260992121E+00   7.8687614841676790E-01   1.8774471279642023E+02
   3.5000000000000000E+10   1.2502498673056250E+00   7.9984011688405088E-01   1.8472167634143710E+02
   3.6000000000000000E+10   1.2305748868703470E+00   8.1262831760141374E-01   1.8183443391687598E+02
   3.7000000000000000E+10   1.2117628767285982E+00   8.2524396414891399E-01   1.7907396184526414E+02
   3.8000000000000000E+10   1.1937587767012250E+00   8.3769017620406661E-01   1.7643226829642200E+02
   3.9000000000000000E+10   1.1765121302038848E+00   8.4996998698747306E-01   1.7390180682141488E+02
   4.0000000000000000E+10   1.1599766127049811E+00   8.6208634643768633E-01   1.7147588779544535E+02
   4.1000000000000000E+10   1.1441096131593236E+00   8.7404212716875818E-01   1.6914811711444054E+02
   4.2000000000000000E+10   1.1288718687650583E+00   8.8584012736003526E-01   1.6691289148895885E+02
   4.3000000000000000E+10   1.1142271397356640E+00   8.9748307534246319E-01   1.6476479743736957E+02
   4.4000000000000000E+10   1.1001419231497340E+00   9.0897363236279105E-01   1.6269893560333756E+02
   4.5000000000000000E+10   1.0865851981557970E+00   9.2031439568406304E-01   1.6071069939571990E+02
   4.6000000000000000E+10   1.0735282001688427E+00   9.3150790062405620E-01   1.5879603640941636E+02
   4.7000000000000000E+10   1.0609442159127680E+00   9.4255662550520125E-01   1.5695061906683478E+02
   4.8000000000000000E+10   1.0488084079379678E+00   9.5346298945683661E-01   1.5517117897412700E+02
   4.9000000000000000E+10   1.0370976473841234E+00   9.6422935923372821E-01   1.5345421360984056E+02
   5.0000000000000000E+10   1.0257903726203406E+00   9.7485804769793283E-01   1.5179666333967364E+02
   5.1000000000000000E+10   1.0148664544830308E+00   9.8535131945946175E-01   1.5019517417655675E+02
   5.2000000000000000E+10   1.0043070841430284E+00   9.9571138727284458E-01   1.4864735812113707E+02
   5.3000000000000000E+10   9.9409466201536811E-01   1.0059404181616465E+00   1.4715055724955437E+02
   5.4000000000000000E+10   9.8421270335453181E-01   1.0160405333030755E+00   1.4570234292528801E+02
   5.5000000000000000E+10   9.7464575094336225E-01   1.0260138096658169E+00   1.4430037838490293E+02
   5.6000000000000000E+10   9.6537929729836558E-01   1.0358622800369983E+00   1.4294259223144434E+02
   5.7000000000000000E+10   9.5639971032038884E-01   1.0455879369359129E+00   1.4162696538914722E+02
   5.8000000000000000E+10   9.4769417028491554E-01   1.0551927313210752E+00   1.4035159266360384E+02
   5.9000000000000000E+10   9.3925060899119173E-01   1.0646785750546988E+00   1.3911473885486288E+02
   6.0000000000000000E+10   9.3105765598618417E-01   1.0740473412903646E+00   1.3791465398724648E+02
   6.1000000000000000E+10   9.2310458790686256E-01   1.0833008665545665E+00   1.3674989583627385E+02
   6.2000000000000000E+10   9.1538128431233479E-01   1.0924409501678132E+00   1.3561884719357965E+02
   6.3000000000000000E+10   9.0787818447494595E-01   1.1014693569031302E+00   1.3452018626191511E+02
   6.4000000000000000E+10   9.0058625021781691E-01   1.1103878165563141E+00   1.3345253725538396E+02
   6.5000000000000000E+10   8.9349693064372837E-01   1.1191980248656710E+00   1.3241478141617969E+02
   6.6000000000000000E+10   8.8660212743199762E-01   1.1279016472658985E+00   1.3140541024215423E+02
   6.7000000000000000E+10   8.7989416957534539E-01   1.1365003139896019E+00   1.3042356994926288E+02
   6.8000000000000000E+10   8.7336578230037820E-01   1.1449956252763616E+00   1.2946813727602273E+02
   6.9000000000000000E+10   8.6701006173331496E-01   1.1533891521406492E+00   1.2853807511571415E+02
   7.0000000000000000E+10   8.6082045349944969E-01   1.1616824343970347E+00   1.2763243348147705E+02
   7.1000000000000000E+10   8.5479072930572797E-01   1.1698769835889693E+00   1.2675037534115827E+02
   7.2000000000000000E+10   8.4891496625392016E-01   1.1779742845302703E+00   1.2589076325747448E+02
   7.3000000000000000E+10   8.4318753248700862E-01   1.1859757900481143E+00   1.2505309779612266E+02
   7.4000000000000000E+10   8.3760306326660117E-01   1.1938829307763761E+00   1.2423631963203263E+02
   7.5000000000000000E+10   8.3215645035727459E-01   1.2016971082428842E+00   1.2343979969871395E+02
   7.6000000000000000E+10   8.2684282457842939E-01   1.2094196989734487E+00   1.2266289306930433E+02
   7.7000000000000000E+10   8.2165754292039173E-01   1.2170520536399281E+00   1.2190481138783777E+02
   7.8000000000000000E+10   8.1659617484742630E-01   1.2245954987320891E+00   1.2116512122283589E+02
   7.9000000000000000E+10   8.1165448895030190E-01   1.2320513391027776E+00   1.2044271850813544E+02
   8.0000000000000000E+10   8.0682844691535005E-01   1.2394208506444953E+00   1.1973739535927791E+02
   8.1000000000000000E+10   8.0211418646996147E-01   1.2467052906780240E+00   1.1904858187105310E+02
   8.2000000000000000E+10   7.9750801579336539E-01   1.2539058920996482E+00   1.1837572797421520E+02
   8.3000000000000000E+10   7.9300640143722922E-01   1.2610238683920076E+00   1.1771797632136963E+02
   8.4000000000000000E+10   7.8860596486986101E-01   1.2680604060166147E+00   1.1707526923157924E+02
   8.5000000000000000E+10   7.8430346760959668E-01   1.2750166756852475E+00   1.1644693248462680E+02
   8.6000000000000000E+10   7.8009580858778294E-01   1.2818938250806815E+00   1.1583259868206804E+02
   8.7000000000000000E+10   7.7598001546328788E-01   1.2886929818714008E+00   1.1523161306949733E+02
   8.8000000000000000E+10   7.7195323781126290E-01   1.2954152544723092E+00   1.1464375155097530E+02
   8.9000000000000000E+10   7.6801274154996657E-01   1.3020617314002474E+00   1.1406861832323136E+02
   9.0000000000000000E+10   7.6415590269598033E-01   1.3086334823456183E+00   1.1350577264521020E+02
   9.1000000000000000E+10   7.6038020212103463E-01   1.3151315581475695E+00   1.1295483191750580E+02
   9.2000000000000000E+10   7.5668321976482167E-01   1.3215569922520571E+00   1.1241543916204037E+02
   9.3000000000000000E+10   7.5306263099503745E-01   1.3279107989712344E+00   1.1188731960423171E+02
   9.4000000000000000E+10   7.4951620016778586E-01   1.3341939770963473E+00   1.1137005145321561E+02
   9.5000000000000000E+10   7.4604177797591364E-01   1.3404075073558221E+00   1.1086338087937176E+02
   9.6000000000000000E+10   7.4263729670835987E-01   1.3465523539315436E+00   1.1036699929236948E+02
   9.7000000000000000E+10   7.3930076799927658E-01   1.3526294618984878E+00   1.0988058872485534E+02
   9.8000000000000000E+10   7.3603027446475577E-01   1.3586397661797325E+00   1.0940388803434054E+02
   9.9000000000000000E+10   7.3282397260265875E-01   1.3645841803570551E+00   1.0893659858178142E+02
   1.0000000000000000E+11   7.2968008456213518E-01   1.3704636061159294E+00   1.0847849671601499E+02
   1.1000000000000000E+11   7.0132565516622070E-01   1.4258711236836059E+00   1.0435068632316282E+02
   1.2000000000000000E+11   6.7765977027982505E-01   1.4756667635546252E+00   1.0091172470463469E+02
   1.3000000000000000E+11   6.5766153773059011E-01   1.5205389742734938E+00   9.8011484902400127E+01
   1.4000000000000000E+11   6.4058408467763217E-01   1.5610753122335854E+00   9.5540334078262475E+01
   1.5000000000000000E+11   6.2586855440304745E-01   1.5977795864082016E+00   9.3415947948730121E+01
   1.6000000000000000E+11   6.1308857392700811E-01   1.6310856905955913E+00   9.1575700132609100E+01
   1.7000000000000000E+11   6.0191328206213224E-01   1.6613688878471626E+00   8.9971080745750584E+01
   1.8000000000000000E+11   5.9208209345607810E-01   1.6889549794739440E+00   8.8563749589086086E+01
   1.9000000000000000E+11   5.8338703973932349E-01   1.7141278977449226E+00   8.7323039918805279E+01
   2.0000000000000000E+11   5.7566018609743952E-01   1.7371359426110016E+00   8.6224289137533503E+01
   2.1000000000000000E+11   5.6876449014503849E-01   1.7581969643445814E+00   8.5247470672950541E+01
   2.2000000000000000E+11   5.6258703504482432E-01   1.7775027466111530E+00   8.4375801738822247E+01
   2.3000000000000000E+11   5.5703399560755840E-01   1.7952225678960538E+00   8.3595706907223800E+01
   2.4000000000000000E+11   5.5202678102062663E-01   1.8115063152391422E+00   8.2895455580182457E+01
   2.5000000000000000E+11   5.4749909050340884E-01   1.8264870523904075E+00   8.2265389928514622E+01
   2.6000000000000000E+11   5.4339462020500862E-01   1.8402832174207508E+00   8.1697199014205964E+01
   2.7000000000000000E+11   5.3966526800165426E-01   1.8530004788022321E+00   8.1183749909268030E+01
   2.8000000000000000E+11   5.3626970723080392E-01   1.8647333357011950E+00   8.0719136467335943E+01
   2.9000000000000000E+11   5.3317223847061967E-01   1.8755665202457930E+00   8.0298024881001083E+01
   3.0000000000000000E+11   5.3034189042811852E-01   1.8855761124069421E+00   7.9915917787951372E+01
   3.1000000000000000E+11   5.2775165926612300E-01   1.8948306129261114E+00   7.9568713625325699E+01
   3.2000000000000000E+11   5.2537789887900321E-01   1.9033918292598457E+00   7.9253069740783388E+01
   3.3000000000000000E+11   5.2319984241241435E-01   1.9113155603967982E+00   7.8965886991411494E+01
   3.4000000000000000E+11   5.2119915516142734E-01   1.9186523809507658E+00   7.8704547454291074E+01
   3.5000000000000000E+11   5.1935962353552356E-01   1.9254480993199530E+00   7.8466505307379990E+01
   3.6000000000000000E+11   5.1766683777801470E-01   1.9317443711331941E+00   7.8249778717727153E+01
   3.7000000000000000E+11   5.1610796327122910E-01   1.9375790942300815E+00   7.8052488826422206E+01
   3.8000000000000000E+11   5.1467154330568721E-01   1.9429867708968203E+00   7.7872842086893598E+01
   3.9000000000000000E+11   5.1334730965073649E-01   1.9479989106797211E+00   7.7709505582592257E+01
   4.0000000000000000E+11   5.1212603331275375E-01   1.9526443393853079E+00   7.7560974605265741E+01
   4.1000000000000000E+11   5.1099941291775142E-01   1.9569494107441501E+00   7.7426039322916409E+01
   4.2000000000000000E+11   5.0995996111476583E-01   1.9609382623177185E+00   7.7303701405318193E+01
   4.3000000000000000E+11   5.0900089794467340E-01   1.9646330763618745E+00   7.7192974009600491E+01
   4.4000000000000000E+11   5.0811607411930793E-01   1.9680542516456501E+00   7.7092846911463141E+01
   4.5000000000000000E+11   5.0729991873681790E-01   1.9712205010598280E+00   7.7002495992847372E+01
   4.6000000000000000E+11   5.0654734982215399E-01   1.9741491103469295E+00   7.6921357513844626E+01
   4.7000000000000000E+11   5.0585375366023544E-01   1.9768559445575762E+00   7.6848517533064268E+01
   4.8000000000000000E+11   5.0521489095706085E-01   1.9793557511846818E+00   7.6783585949821756E+01
   4.9000000000000000E+11   5.0462689550603990E-01   1.9816621129502028E+00   7.6725805821460668E+01
   5.0000000000000000E+11   5.0408624059043505E-01   1.9837875337138791E+00   7.6674816380115502E+01
   5.1000000000000000E+11   5.0358966525260229E-01   1.9857436897526417E+00   7.6629992718999020E+01
   5.2000000000000000E+11   5.0313417555723738E-01   1.9875413926960295E+00   7.6591051188582171E+01
   5.3000000000000000E+11   5.0271705364114549E-01   1.9891905252807083E+00   7.6557500852443994E+01
   5.4000000000000000E+11   5.0233574157133198E-01   1.9907004762829514E+00   7.6528972548909280E+01
   5.5000000000000000E+11   5.0198789947676647E-01   1.9920798908545867E+00   7.6505126559616841E+01
   5.6000000000000000E+11   5.0167138996994387E-01   1.9933367140189362E+00   7.6485701131911043E+01
   5.7000000000000000E+11   5.0138421257594212E-01   1.9944784357336247E+00   7.6470336715328273E+01
   5.8000000000000000E+11   5.0112450324896773E-01   1.9955120803645519E+00   7.6458814727913207E+01
   5.9000000000000000E+11   5.0089055493029777E-01   1.9964441137029563E+00   7.6450879900898173E+01
   6.0000000000000000E+11   5.0068077673720679E-01   1.9972805956655932E+00   7.6446267471852892E+01
   6.1000000000000000E+11   5.0049370390543324E-01   1.9980271324031424E+00   7.6444784666552550E+01
   6.2000000000000000E+11   5.0032794428611060E-01   1.9986890826712531E+00   7.6446236563865142E+01
   6.3000000000000000E+11   5.0018223229908076E-01   1.9992713363757724E+00   7.6450398207866499E+01
   6.4000000000000000E+11   5.0005536236137715E-01   1.9997785750717056E+00   7.6457224872576930E+01
   6.5000000000000000E+11   4.9994621712108822E-01   2.0002151546589211E+00   7.6466428622845555E+01
   6.6000000000000000E+11   4.9985378340793624E-01   2.0005850374526202E+00   7.6477883495501487E+01
   6.7000000000000000E+11   4.9977707157766743E-01   2.0008921114433238E+00   7.6491396762638288E+01
   6.8000000000000000E+11   4.9971520347135745E-01   2.0011398353568763E+00   7.6507029834775679E+01
   6.9000000000000000E+11   4.9966728326245241E-01   2.0013317531433126E+00   7.6524462788577353E+01
   7.0000000000000000E+11   4.9963254889694680E-01   2.0014708853691157E+00   7.6543656190951978E+01
   7.1000000000000000E+11   4.9961026084713112E-01   2.0015601727322738E+00   7.6564510159926002E+01
   7.2000000000000000E+11   4.9959971066006009E-01   2.0016024402392514E+00   7.6586908308121039E+01
   7.3000000000000000E+11   4.9960021739427679E-01   2.0016004100550973E+00   7.6610708537969714E+01
   7.4000000000000000E+11   4.9961120955583554E-01   2.0015563719817662E+00   7.6635914802924489E+01
   7.5000000000000000E+11   4.9963209660164432E-01   2.0014726972140426E+00   7.6662480179589352E+01
   7.6000000000000000E+11   4.9966230188043886E-01   2.0013517054149985E+00   7.6690172850685101E+01
   7.7000000000000000E+11   4.9970136806538745E-01   2.0011952416130807E+00   7.6719014395940121E+01
   7.8000000000000000E+11   4.9974876033616217E-01   2.0010054638801660E+00   7.6748909281916681E+01
   7.9000000000000000E+11   4.9980407521668113E-01   2.0007840063458224E+00   7.6779823890372484E+01
   8.0000000000000000E+11   4.9986685505953182E-01   2.0005327216202500E+00   7.6811675917202422E+01
   8.1000000000000000E+11   4.9993668585556805E-01   2.0002532886512365E+00   7.6844405472086976E+01
   8.2000000000000000E+11   5.0001321180735803E-01   1.9999471541669462E+00   7.6877949381564022E+01
   8.3000000000000000E+11   5.0009606297796361E-01   1.9996158218987310E+00   7.6912283278398675E+01
   8.4000000000000000E+11   5.0018488824438045E-01   1.9992607203906967E+00   7.6947345640457243E+01
   8.5000000000000000E+11   5.0027939434803081E-01   1.9988830467487280E+00   7.6983091904947472E+01
   8.6000000000000000E+11   5.0037925546133888E-01   1.9984841279601446E+00   7.7019435198945644E+01
   8.7000000000000000E+11   5.0048422166945072E-01   1.9980649872723844E+00   7.7056423357537156E+01
   8.8000000000000000E+11   5.0059393499609672E-01   1.9976270787375749E+00   7.7094000552273883E+01
   8.9000000000000000E+11   5.0070825714717893E-01   1.9971709787603098E+00   7.7132083032591723E+01
   9.0000000000000000E+11   5.0082684642773156E-01   1.9966980746594192E+00   7.7170652247449041E+01
   9.1000000000000000E+11   5.0094953738391734E-01   1.9962090497622738E+00   7.7209671901751079E+01
   9.2000000000000000E+11   5.0107605480581152E-01   1.9957050240358085E+00   7.7249150267447320E+01
   9.3000000000000000E+11   5.0120623194723579E-01   1.9951866841617298E+00   7.7289016569918502E+01
   9.4000000000000000E+11   5.0133988133673790E-01   1.9946547985244452E+00   7.7329248161351174E+01
   9.5000000000000000E+11   5.0147677745938968E-01   1.9941102857569146E+00   7.7369843796595319E+01
   9.6000000000000000E+11   5.0161675046744825E-01   1.9935538417888099E+00   7.7410732645635790E+01
   9.7000000000000000E+11   5.0175968148728245E-01   1.9929859590070433E+00   7.7451950937654132E+01
   9.8000000000000000E+11   5.0190533219357836E-01   1.9924076033013995E+00   7.7493443783577206E+01
   9.9000000000000000E+11   5.0205359079191203E-01   1.9918192367126677E+00   7.7535196211433842E+01
   1.0000000000000000E+12   5.0220434797646007E-01   1.9912213106662975E+00   7.7577167574549293E+01
   1.1000000000000000E+12   5.0382017339513196E-01   1.9848351709722596E+00   7.8006477048896130E+01
   1.2000000000000000E+12   5.0556639853398133E-01   1.9779795550095005E+00   7.8444011566472327E+01
   1.3000000000000000E+12   5.0737639188067041E-01   1.9709233933674819E+00   7.8881150104095298E+01
   1.4000000000000000E+12   5.0920827638701871E-01   1.9638329665324610E+00   7.9312683479409046E+01
   1.5000000000000000E+12   5.1103533284305735E-01   1.9568118596353639E+00   7.9735537472456556E+01
   1.6000000000000000E+12   5.1284078633991681E-01   1.9499229129899756E+00   8.0147978606567733E+01
   1.7000000000000000E+12   5.1461419553634447E-01   1.9432032941838573E+00   8.0549109916965250E+01
   1.8000000000000000E+12   5.1634894303462431E-01   1.9366748271487102E+00   8.0938515948526316E+01
   1.9000000000000000E+12   5.1804161715498620E-01   1.9303468425796824E+00   8.1316155300171005E+01
   2.0000000000000000E+12   5.1969007989493698E-01   1.9242237608271548E+00   8.1682185691687621E+01
   2.1000000000000000E+12   5.2129388530518683E-01   1.9183037211621217E+00   8.2036929175333185E+01
   2.2000000000000000E+12   5.2285325677756334E-01   1.9125825210751795E+00   8.2380744406791649E+01
   2.3000000000000000E+12   5.2436868114841462E-01   1.9070551616658535E+00   8.2714022441572993E+01
   2.4000000000000000E+12   5.2584171329992757E-01   1.9017129579250858E+00   8.3037260725557744E+01
   2.5000000000000000E+12   5.2727352163393648E-01   1.8965488668976964E+00   8.3350858553527559E+01
   2.6000000000000000E+12   5.2866509606067569E-01   1.8915566914696194E+00   8.3655259573065848E+01
   2.7000000000000000E+12   5.3001852765935720E-01   1.8867264969323865E+00   8.3950905319842306E+01
   2.8000000000000000E+12   5.3133485487930288E-01   1.8820523269213321E+00   8.4238185157342272E+01
   2.9000000000000000E+12   5.3261622344229376E-01   1.8775244838337994E+00   8.4517530593451852E+01
   3.0000000000000000E+12   5.3386321767400780E-01   1.8731389743554667E+00   8.4789267463644720E+01
   3.1000000000000000E+12   5.3507798465814993E-01   1.8688864589315504E+00   8.5053775894185648E+01
   3.2000000000000000E+12   5.3626167228286459E-01   1.8647612754851615E+00   8.5311395837331887E+01
   3.3000000000000000E+12   5.3741572987602593E-01   1.8607568487634067E+00   8.5562442438723352E+01
   3.4000000000000000E+12   5.3854134625861649E-01   1.8568676424702657E+00   8.5807221764694603E+01
   3.5000000000000000E+12   5.3963933155016908E-01   1.8530895387617468E+00   8.6045984600083074E+01
   3.6000000000000000E+12   5.4071149719298361E-01   1.8494150858477001E+00   8.6279010711023503E+01
   3.7000000000000000E+12   5.4175890506223978E-01   1.8458395250284174E+00   8.6506588258250758E+01
   3.8000000000000000E+12   5.4278200082800709E-01   1.8423602817973197E+00   8.6728923595733093E+01
   3.9000000000000000E+12   5.4378228175100307E-01   1.8389712823668249E+00   8.6946231948520747E+01
   4.0000000000000000E+12   5.4476013271386314E-01   1.8356703068894602E+00   8.7158709193315488E+01
   4.1000000000000000E+12   5.4571685189401176E-01   1.8324521160182508E+00   8.7366567541409466E+01
   4.2000000000000000E+12   5.4665344521503223E-01   1.8293125356717346E+00   8.7570036881224254E+01
   4.3000000000000000E+12   5.4757029668314816E-01   1.8262495355526027E+00   8.7769218624039780E+01
   4.4000000000000000E+12   5.4846900104157015E-01   1.8232570994914026E+00   8.7964391909167844E+01
   4.5000000000000000E+12   5.4934864889013246E-01   1.8203375980269247E+00   8.8155560850595506E+01
   4.6000000000000000E+12   5.5021112014499574E-01   1.8174841681434442E+00   8.8342962217326431E+01
   4.7000000000000000E+12   5.5105734972982157E-01   1.8146931539708002E+00   8.8526778866466358E+01
   4.8000000000000000E+12   5.5188724639334785E-01   1.8119643215804047E+00   8.8707062079270386E+01
   4.9000000000000000E+12   5.5270076977654115E-01   1.8092972810663963E+00   8.8883932424803064E+01
   5.0000000000000000E+12   5.5349991316102876E-01   1.8066850169659774E+00   8.9057596379807975E+01
   5.1000000000000000E+12   5.5428412095792123E-01   1.8041288974177843E+00   8.9228080142246114E+01
   5.2000000000000000E+12   5.5505507115467223E-01   1.8016230316024608E+00   8.9395592382803912E+01
   5.3000000000000000E+12   5.5581155979776131E-01   1.7991709282978248E+00   8.9560109177173473E+01
   5.4000000000000000E+12   5.5655514406304774E-01   1.7967671499712490E+00   8.9721816164954760E+01
   5.5000000000000000E+12   5.5728711932056474E-01   1.7944071652314226E+00   8.9880853767558506E+01
   5.6000000000000000E+12   5.5800513959591813E-01   1.7920981887804019E+00   9.0037130216429858E+01
   5.7000000000000000E+12   5.5871276748822307E-01   1.7898284381358420E+00   9.0190950334004512E+01
   5.8000000000000000E+12   5.5940792860032518E-01   1.7876042667147476E+00   9.0342219050271211E+01
   5.9000000000000000E+12   5.6009252785835129E-01   1.7854192838882195E+00   9.0491118372881843E+01
   6.0000000000000000E+12   5.6076553162989673E-01   1.7832765096910355E+00   9.0637640503525333E+01
   6.1000000000000000E+12   5.6142885844307278E-01   1.7811695728879195E+00   9.0781958453556811E+01
   6.2000000000000000E+12   5.6208132832020907E-01   1.7791019726424993E+00   9.0924031401265012E+01
   6.3000000000000000E+12   5.6272443231624036E-01   1.7770687437257378E+00   9.1063993969434009E+01
   6.4000000000000000E+12   5.6335822389297419E-01   1.7750694985682476E+00   9.1201932479337685E+01
   6.5000000000000000E+12   5.6398237092723824E-01   1.7731050677273996E+00   9.1337832572886725E+01
   6.6000000000000000E+12   5.6459688708287126E-01   1.7711751922096954E+00   9.1471733258069193E+01
   6.7000000000000000E+12   5.6520317422033228E-01   1.7692752723468812E+00   9.1603797399525590E+01
   6.8000000000000000E+12   5.6580156894317390E-01   1.7674040774892847E+00   9.1734047477270437E+01
   6.9000000000000000E+12   5.6639068354707034E-01   1.7655657641425424E+00   9.1862449873211304E+01
   7.0000000000000000E+12   5.6697246195017803E-01   1.7637540923246355E+00   9.1989150265322550E+01
   7.1000000000000000E+12   5.6754429184731947E-01   1.7619770198816831E+00   9.2114008802590220E+01
   7.2000000000000000E+12   5.6811102861610707E-01   1.7602193050818873E+00   9.2237396260200768E+01
   7.3000000000000000E+12   5.6866835669599258E-01   1.7584941877372571E+00   9.2359033817899444E+01
   7.4000000000000000E+12   5.6921906179206072E-01   1.7567928889305300E+00   9.2479135483948696E+01
   7.5000000000000000E+12   5.6976255428130929E-01   1.7551170965620697E+00   9.2597705767223133E+01
   7.6000000000000000E+12   5.7030119368541121E-01   1.7534594194653201E+00   9.2714939096346029E+01
   7.7000000000000000E+12   5.7083136208692753E-01   1.7518308670778986E+00   9.2830609698396799E+01
   7.8000000000000000E+12   5.7135444854638673E-01   1.7502270307759979E+00   9.2944791896050972E+01
   7.9000000000000000E+12   5.7187121848419398E-01   1.7486454426760758E+00   9.3057627019547013E+01
   8.0000000000000000E+12   5.7238364637763439E-01   1.7470799634625527E+00   9.3169227745303800E+01
   8.1000000000000000E+12   5.7288767530750462E-01   1.7455428753345719E+00   9.3279354842428475E+01
   8.2000000000000000E+12   5.7338675666248562E-01   1.7440235380054883E+00   9.3388257866375710E+01
   8.3000000000000000E+12   5.7387874098731784E-01   1.7425283924606980E+00   9.3495811714411559E+01
   8.4000000000000000E+12   5.7436708769207223E-01   1.7410468347310959E+00   9.3602272919737729E+01
   8.5000000000000000E+12   5.7484923313497238E-01   1.7395865600210414E+00   9.3707506000891513E+01
   8.6000000000000000E+12   5.7532517049790943E-01   1.7381474882014289E+00   9.3811504780709299E+01
   8.7000000000000000E+12   5.7579402373029642E-01   1.7367321625213725E+00   9.3914197074007774E+01
   8.8000000000000000E+12   5.7625946301000919E-01   1.7353294204951406E+00   9.4015920714020410E+01
   8.9000000000000000E+12   5.7672099773131880E-01   1.7339406817746517E+00   9.4116621313406526E+01
   9.0000000000000000E+12   5.7717714596749348E-01   1.7325703330192497E+00   9.4216226306049435E+01
   9.1000000000000000E+12   5.7762718748502051E-01   1.7312204509520823E+00   9.4314686347474819E+01
   9.2000000000000000E+12   5.7807449790714238E-01   1.7298808434213835E+00   9.4412258456466219E+01
   9.3000000000000000E+12   5.7851367584891056E-01   1.7285676065178597E+00   9.4508563341257741E+01
   9.4000000000000000E+12   5.7895124308369583E-01   1.7272611674061742E+00   9.4604107692486508E+01
   9.5000000000000000E+12   5.7938210688557423E-01   1.7259766708630793E+00   9.4698514313574037E+01
   9.6000000000000000E+12   5.7981025224543659E-01   1.7247021695930536E+00   9.4792074140468984E+01
   9.7000000000000000E+12   5.8023472560923350E-01   1.7234404558431462E+00   9.4884780436609233E+01
   9.8000000000000000E+12   5.8065404207636773E-01   1.7221958817751242E+00   9.4976488406434569E+01
   9.9000000000000000E+12   5.8106691128418597E-01   1.7209721988642441E+00   9.5067135308574862E+01
   1.0000000000000000E+13   5.8147965153154191E-01   1.7197506350671601E+00   9.5157198061352474E+01
   1.1000000000000000E+13   5.8538079737231508E-01   1.7082897226708620E+00   9.6011571822637961E+01
   1.2000000000000000E+13   5.8894581727709838E-01   1.6979490653713247E+00   9.6793800683100642E+01
   1.3000000000000000E+13   5.9223319983360145E-01   1.6885240480962029E+00   9.7515605694537854E+01
   1.4000000000000000E+13   5.9528148696916017E-01   1.6798775401053374E+00   9.8185636899349547E+01
   1.5000000000000000E+13   5.9812023822888127E-01   1.6719046373704756E+00   9.8810694654402141E+01
   1.6000000000000000E+13   6.0077456309527932E-01   1.6645178764690909E+00   9.9396372333180437E+01
   1.7000000000000000E+13   6.0327694548395394E-01   1.6576134849605293E+00   9.9948175716811960E+01
   1.8000000000000000E+13   6.0562689919553447E-01   1.6511816125213705E+00   1.0046863843907320E+02
   1.9000000000000000E+13   6.0786306958746261E-01   1.6451073441238475E+00   1.0096277067534977E+02
   2.0000000000000000E+13   6.0997141321017367E-01   1.6394210914527514E+00   1.0143138425952399E+02
   2.1000000000000000E+13   6.1199258703521631E-01   1.6340067203174415E+00   1.0187904321369889E+02
   2.2000000000000000E+13   6.1391361200089845E-01   1.6288936756765326E+00   1.0230612131344029E+02
   2.3000000000000000E+13   6.1573884650008859E-01   1.6240651465862261E+00   1.0271415532760200E+02
   2.4000000000000000E+13   6.1751044438936475E-01   1.6194058077655131E+00   1.0310725406396104E+02
   2.5000000000000000E+13   6.1918039351084087E-01   1.6150382190396211E+00   1.0348278487651018E+02
   2.6000000000000000E+13   6.2080851195652276E-01   1.6108026561176298E+00   1.0384599140064819E+02
   2.7000000000000000E+13   6.2235751944990325E-01   1.6067934727998339E+00   1.0419479158381490E+02
   2.8000000000000000E+13   6.2386610804916920E-01   1.6029080392377821E+00   1.0453267638462189E+02
   2.9000000000000000E+13   6.2532844831958212E-01   1.5991596139392932E+00   1.0485977996893126E+02
   3.0000000000000000E+13   6.2673412041808862E-01   1.5955729350316994E+00   1.0517587992794653E+02
   3.1000000000000000E+13   6.2807304081982462E-01   1.5921715071462050E+00   1.0548066210766854E+02
   3.2000000000000000E+13   6.2938973055983272E-01   1.5888406681032359E+00   1.0577781754351059E+02
   3.3000000000000000E+13   6.3066188742873319E-01   1.5856356947097161E+00   1.0606610267068737E+02
   3.4000000000000000E+13   6.3189615503706165E-01   1.5825385105268581E+00   1.0634633336329158E+02
   3.5000000000000000E+13   6.3309472282567014E-01   1.5795424664681048E+00   1.0661899301054203E+02
   3.6000000000000000E+13   6.3425959607676607E-01   1.5766414985055546E+00   1.0688451711130128E+02
   3.7000000000000000E+13   6.3539261580016715E-01   1.5738300621272929E+00   1.0714329758082283E+02
   3.8000000000000000E+13   6.3649547614909208E-01   1.5711030753119779E+00   1.0739572486515922E+02
   3.9000000000000000E+13   6.3756973988494692E-01   1.5684558683422709E+00   1.0764210494743759E+02
   4.0000000000000000E+13   6.3861685134938972E-01   1.5658841414644982E+00   1.0788277083616755E+02
   4.1000000000000000E+13   6.3963814822414178E-01   1.5633839269536196E+00   1.0811799580752488E+02
   4.2000000000000000E+13   6.4063487181904621E-01   1.5609515560096769E+00   1.0834806569586272E+02
   4.3000000000000000E+13   6.4160817618844823E-01   1.5585836295613038E+00   1.0857324696958520E+02
   4.4000000000000000E+13   6.4255913564658906E-01   1.5562769938578938E+00   1.0879372168790697E+02
   4.5000000000000000E+13   6.4348875264273231E-01   1.5540287159536483E+00   1.0900974029421810E+02
   4.6000000000000000E+13   6.4439796349614220E-01   1.5518360650529692E+00   1.0922151712902787E+02
   4.7000000000000000E+13   6.4528764432051733E-01   1.5496964939612194E+00   1.0942920584879292E+02
   4.8000000000000000E+13   6.4615861600343039E-01   1.5476076233187477E+00   1.0963298266364238E+02
   4.9000000000000000E+13   6.4701164874114669E-01   1.5455672273376262E+00   1.0983305555112217E+02
   5.0000000000000000E+13   6.4784746625291489E-01   1.5435732206902042E+00   1.1002953751307054E+02
   5.1000000000000000E+13   6.4866674924224932E-01   1.5416236475326761E+00   1.1022261865921644E+02
   5.2000000000000000E+13   6.4947013890517147E-01   1.5397166707090273E+00   1.1041240614013660E+02
   5.3000000000000000E+13   6.5025823981794217E-01   1.5378505626933354E+00   1.1059903043230506E+02
   5.4000000000000000E+13   6.5103162264649928E-01   1.5360236971821961E+00   1.1078258817582400E+02
   5.5000000000000000E+13   6.5179082686764256E-01   1.5342345408660800E+00   1.1096324473943055E+02
   5.6000000000000000E+13   6.5253636277518201E-01   1.5324816470718730E+00   1.1114110534622965E+02
   5.7000000000000000E+13   6.5326871354365257E-01   1.5307636494261383E+00   1.1131624282104474E+02
   5.8000000000000000E+13   6.5398833731140493E-01   1.5290792556195651E+00   1.1148875984480860E+02
   5.9000000000000000E+13   6.5469566859222972E-01   1.5274272428749480E+00   1.1165876850536124E+02
   6.0000000000000000E+13   6.5539112016476941E-01   1.5258064524105757E+00   1.1182630917416948E+02
   6.1000000000000000E+13   6.5607508431561989E-01   1.5242157855196454E+00   1.1199152989795860E+02
   6.2000000000000000E+13   6.5674793425129052E-01   1.5226541993467033E+00   1.1215450224611006E+02
   6.3000000000000000E+13   6.5741002514126901E-01   1.5211207036052012E+00   1.1231523158761529E+02
   6.4000000000000000E+13   6.5806169572690310E-01   1.5196143560603201E+00   1.1247385550336442E+02
   6.5000000000000000E+13   6.5870326858352890E-01   1.5181342611983595E+00   1.1263042817128114E+02
   6.6000000000000000E+13   6.5933505193713360E-01   1.5166795653620859E+00   1.1278501781443190E+02
   6.7000000000000000E+13   6.5995733976857840E-01   1.5152494558976519E+00   1.1293765148208129E+02
   6.8000000000000000E+13   6.6057041333307676E-01   1.5138431570894082E+00   1.1308843703076568E+02
   6.9000000000000000E+13   6.6117454127674513E-01   1.5124599293689898E+00   1.1323740644227679E+02
   7.0000000000000000E+13   6.6176998095673367E-01   1.5110990658027141E+00   1.1338458840432062E+02
   7.1000000000000000E+13   6.6235697855999454E-01   1.5097598913716628E+00   1.1353007242632275E+02
   7.2000000000000000E+13   6.6293577003697512E-01   1.5084417604200560E+00   1.1367389354798027E+02
   7.3000000000000000E+13   6.6350658163679244E-01   1.5071440550493382E+00   1.1381613207264463E+02
   7.4000000000000000E+13   6.6406963028773847E-01   1.5058661838920484E+00   1.1395675175121053E+02
   7.5000000000000000E+13   6.6462512429022402E-01   1.5046075802023502E+00   1.1409587502671312E+02
   7.6000000000000000E+13   6.6517326359400930E-01   1.5033677009158226E+00   1.1423349920450671E+02
   7.7000000000000000E+13   6.6571424040911775E-01   1.5021460249752889E+00   1.1436969282482568E+02
   7.8000000000000000E+13   6.6624823930809896E-01   1.5009420528277921E+00   1.1450446924477316E+02
   7.9000000000000000E+13   6.6677543811289908E-01   1.4997553041698564E+00   1.1463786754706528E+02
   8.0000000000000000E+13   6.6729600758885632E-01   1.4985853184006070E+00   1.1476991767856650E+02
   8.1000000000000000E+13   6.6781011252592615E-01   1.4974316519670516E+00   1.1490068757837945E+02
   8.2000000000000000E+13   6.6831791139736896E-01   1.4962938789252640E+00   1.1503017827921254E+02
   8.3000000000000000E+13   6.6881955699441997E-01   1.4951715893205306E+00   1.1515842388712102E+02
   8.4000000000000000E+13   6.6931519656272698E-01   1.4940643886998344E+00   1.1528543996242207E+02
   8.5000000000000000E+13   6.6980497219470758E-01   1.4929718970633548E+00   1.1541131973022421E+02
   8.6000000000000000E+13   6.7028902107268684E-01   1.4918937481620471E+00   1.1553598666908729E+02
   8.7000000000000000E+13   6.7076747549130833E-01   1.4908295892962657E+00   1.1565957311728330E+02
   8.8000000000000000E+13   6.7124046314716268E-01   1.4897790805271527E+00   1.1578202318915507E+02
   8.9000000000000000E+13   6.7170810775280954E-01   1.4887418931795937E+00   1.1590342866556605E+02
   9.0000000000000000E+13   6.7217052831199187E-01   1.4877177113243565E+00   1.1602377320407754E+02
   9.1000000000000000E+13   6.7262784058816527E-01   1.4867062284034678E+00   1.1614306892618322E+02
   9.2000000000000000E+13   6.7308015595722959E-01   1.4857071496601133E+00   1.1626135050964788E+02
   9.3000000000000000E+13   6.7352758237238097E-01   1.4847201898958291E+00   1.1637867815012713E+02
   9.4000000000000000E+13   6.7397022443538535E-01   1.4837450732155777E+00   1.1649500298558770E+02
   9.5000000000000000E+13   6.7440818343811482E-01   1.4827815328426577E+00   1.1661040349279448E+02
   9.6000000000000000E+13   6.7484155730225170E-01   1.4818293111609822E+00   1.1672485635407510E+02
   9.7000000000000000E+13   6.7527044099568678E-01   1.4808881587138620E+00   1.1683841294123069E+02
   9.8000000000000000E+13   6.7569492676410037E-01   1.4799578336173029E+00   1.1695107104804713E+02
   9.9000000000000000E+13   6.7611510365202165E-01   1.4790381025339043E+00   1.1706286864392065E+02
   1.0000000000000000E+14   6.7653105844585371E-01   1.4781287385345301E+00   1.1717381462508746E+02
