   1.0000000000000000E+03   0.0000000000000000E+00   1.0000000000000000E+30   0.0000000000000000E+00
   2.0000000000000000E+03   0.0000000000000000E+00   1.0000000000000000E+30   0.0000000000000000E+00
   3.0000000000000000E+03   0.0000000000000000E+00   1.0000000000000000E+30   0.0000000000000000E+00
   4.0000000000000000E+03   0.0000000000000000E+00   1.0000000000000000E+30   0.0000000000000000E+00
   5.0000000000000000E+03   0.0000000000000000E+00   1.0000000000000000E+30   0.0000000000000000E+00
   6.0000000000000000E+03   0.0000000000000000E+00   1.0000000000000000E+30   0.0000000000000000E+00
   6.4490000000000000E+03   0.0000000000000000E+00   1.0000000000000000E+30   0.0000000000000000E+00
   6.4510000000000009E+03   0.0000000000000000E+00   1.0000000000000000E+30   0.0000000000000000E+00
   7.0000000000000000E+03   0.0000000000000000E+00   1.0000000000000000E+30   0.0000000000000000E+00
   8.0000000000000000E+03   0.0000000000000000E+00   1.0000000000000000E+30   0.0000000000000000E+00
   9.0000000000000000E+03   0.0000000000000000E+00   1.0000000000000000E+30   0.0000000000000000E+00
   1.0000000000000000E+04   0.0000000000000000E+00   1.0000000000000000E+30   0.0000000000000000E+00
   1.1000000000000000E+04   0.0000000000000000E+00   1.0000000000000000E+30   0.0000000000000000E+00
   1.2000000000000000E+04   0.0000000000000000E+00   1.0000000000000000E+30   0.0000000000000000E+00
   1.3000000000000000E+04   0.0000000000000000E+00   1.0000000000000000E+30   0.0000000000000000E+00
   1.4000000000000000E+04   0.0000000000000000E+00   1.0000000000000000E+30   0.0000000000000000E+00
   1.5000000000000000E+04   0.0000000000000000E+00   1.0000000000000000E+30   0.0000000000000000E+00
   1.6000000000000000E+04   0.0000000000000000E+00   1.0000000000000000E+30   0.0000000000000000E+00
   1.7000000000000000E+04   0.0000000000000000E+00   1.0000000000000000E+30   0.0000000000000000E+00
   1.8000000000000000E+04   0.0000000000000000E+00   1.0000000000000000E+30   0.0000000000000000E+00
   1.9000000000000000E+04   0.0000000000000000E+00   1.0000000000000000E+30   0.0000000000000000E+00
   2.0000000000000000E+04   0.0000000000000000E+00   1.0000000000000000E+30   0.0000000000000000E+00
   2.1000000000000000E+04   0.0000000000000000E+00   1.0000000000000000E+30   0.0000000000000000E+00
   2.2000000000000000E+04   0.0000000000000000E+00   1.0000000000000000E+30   0.0000000000000000E+00
   2.3000000000000000E+04   0.0000000000000000E+00   1.0000000000000000E+30   0.0000000000000000E+00
   2.4000000000000000E+04   0.0000000000000000E+00   1.0000000000000000E+30   0.0000000000000000E+00
   2.5000000000000000E+04   0.0000000000000000E+00   1.0000000000000000E+30   0.0000000000000000E+00
   2.6000000000000000E+04   0.0000000000000000E+00   1.0000000000000000E+30   0.0000000000000000E+00
   2.7000000000000000E+04   0.0000000000000000E+00   1.0000000000000000E+30   0.0000000000000000E+00
   2.8000000000000000E+04   0.0000000000000000E+00   1.0000000000000000E+30   0.0000000000000000E+00
   2.8999000000000000E+04   0.0000000000000000E+00   1.0000000000000000E+30   0.0000000000000000E+00
   2.9001000000000000E+04   0.0000000000000000E+00   1.0000000000000000E+30   0.0000000000000000E+00
   2.9999000000000000E+04   0.0000000000000000E+00   1.0000000000000000E+30   0.0000000000000000E+00
   3.0001000000000000E+04   0.0000000000000000E+00   1.0000000000000000E+30   0.0000000000000000E+00
   3.1000000000000000E+04   0.0000000000000000E+00   1.0000000000000000E+30   0.0000000000000000E+00
   3.2000000000000000E+04   0.0000000000000000E+00   1.0000000000000000E+30   0.0000000000000000E+00
   3.3000000000000000E+04   0.0000000000000000E+00   1.0000000000000000E+30   0.0000000000000000E+00
   3.4000000000000000E+04   0.0000000000000000E+00   1.0000000000000000E+30   0.0000000000000000E+00
   3.5000000000000000E+04   0.0000000000000000E+00   1.0000000000000000E+30   0.0000000000000000E+00
   3.6000000000000000E+04   0.0000000000000000E+00   1.0000000000000000E+30   0.0000000000000000E+00
   3.7000000000000000E+04   0.0000000000000000E+00   1.0000000000000000E+30   0.0000000000000000E+00
   3.8000000000000000E+04   0.0000000000000000E+00   1.0000000000000000E+30   0.0000000000000000E+00
   3.9000000000000000E+04   0.0000000000000000E+00   1.0000000000000000E+30   0.0000000000000000E+00
   4.0000000000000000E+04   0.0000000000000000E+00   1.0000000000000000E+30   0.0000000000000000E+00
   4.1000000000000000E+04   0.0000000000000000E+00   1.0000000000000000E+30   0.0000000000000000E+00
   4.2000000000000000E+04   0.0000000000000000E+00   1.0000000000000000E+30   0.0000000000000000E+00
   4.3000000000000000E+04   0.0000000000000000E+00   1.0000000000000000E+30   0.0000000000000000E+00
   4.4000000000000000E+04   0.0000000000000000E+00   1.0000000000000000E+30   0.0000000000000000E+00
   4.5000000000000000E+04   0.0000000000000000E+00   1.0000000000000000E+30   0.0000000000000000E+00
   4.6000000000000000E+04   0.0000000000000000E+00   1.0000000000000000E+30   0.0000000000000000E+00
   4.7000000000000000E+04   0.0000000000000000E+00   1.0000000000000000E+30   0.0000000000000000E+00
   4.7999000000000000E+04   0.0000000000000000E+00   1.0000000000000000E+30   0.0000000000000000E+00
   4.8001000000000000E+04   0.0000000000000000E+00   1.0000000000000000E+30   0.0000000000000000E+00
   4.9000000000000000E+04   0.0000000000000000E+00   1.0000000000000000E+30   0.0000000000000000E+00
   5.0000000000000000E+04   0.0000000000000000E+00   1.0000000000000000E+30   0.0000000000000000E+00
   5.1000000000000000E+04   0.0000000000000000E+00   1.0000000000000000E+30   0.0000000000000000E+00
   5.2000000000000000E+04   0.0000000000000000E+00   1.0000000000000000E+30   0.0000000000000000E+00
   5.3000000000000000E+04   0.0000000000000000E+00   1.0000000000000000E+30   0.0000000000000000E+00
   5.4000000000000000E+04   0.0000000000000000E+00   1.0000000000000000E+30   0.0000000000000000E+00
   5.5000000000000000E+04   0.0000000000000000E+00   1.0000000000000000E+30   0.0000000000000000E+00
   5.6000000000000000E+04   0.0000000000000000E+00   1.0000000000000000E+30   0.0000000000000000E+00
   5.7000000000000000E+04   0.0000000000000000E+00   1.0000000000000000E+30   0.0000000000000000E+00
   5.8000000000000000E+04   0.0000000000000000E+00   1.0000000000000000E+30   0.0000000000000000E+00
   5.9000000000000000E+04   0.0000000000000000E+00   1.0000000000000000E+30   0.0000000000000000E+00
   6.0000000000000000E+04   0.0000000000000000E+00   1.0000000000000000E+30   0.0000000000000000E+00
   6.1000000000000000E+04   0.0000000000000000E+00   1.0000000000000000E+30   0.0000000000000000E+00
   6.2000000000000000E+04   0.0000000000000000E+00   1.0000000000000000E+30   0.0000000000000000E+00
   6.3000000000000000E+04   0.0000000000000000E+00   1.0000000000000000E+30   0.0000000000000000E+00
   6.4000000000000000E+04   0.0000000000000000E+00   1.0000000000000000E+30   0.0000000000000000E+00
   6.5000000000000000E+04   0.0000000000000000E+00   1.0000000000000000E+30   0.0000000000000000E+00
   6.6000000000000000E+04   0.0000000000000000E+00   1.0000000000000000E+30   0.0000000000000000E+00
   6.7000000000000000E+04   0.0000000000000000E+00   1.0000000000000000E+30   0.0000000000000000E+00
   6.8000000000000000E+04   0.0000000000000000E+00   1.0000000000000000E+30   0.0000000000000000E+00
   6.9000000000000000E+04   0.0000000000000000E+00   1.0000000000000000E+30   0.0000000000000000E+00
   7.0000000000000000E+04   0.0000000000000000E+00   1.0000000000000000E+30   0.0000000000000000E+00
   7.1000000000000000E+04   0.0000000000000000E+00   1.0000000000000000E+30   0.0000000000000000E+00
   7.2000000000000000E+04   0.0000000000000000E+00   1.0000000000000000E+30   0.0000000000000000E+00
   7.3000000000000000E+04   0.0000000000000000E+00   1.0000000000000000E+30   0.0000000000000000E+00
   7.4000000000000000E+04   0.0000000000000000E+00   1.0000000000000000E+30   0.0000000000000000E+00
   7.5000000000000000E+04   0.0000000000000000E+00   1.0000000000000000E+30   0.0000000000000000E+00
   7.6000000000000000E+04   0.0000000000000000E+00   1.0000000000000000E+30   0.0000000000000000E+00
   7.7000000000000000E+04   0.0000000000000000E+00   1.0000000000000000E+30   0.0000000000000000E+00
   7.8000000000000000E+04   0.0000000000000000E+00   1.0000000000000000E+30   0.0000000000000000E+00
   7.9000000000000000E+04   0.0000000000000000E+00   1.0000000000000000E+30   0.0000000000000000E+00
   8.0000000000000000E+04   0.0000000000000000E+00   1.0000000000000000E+30   0.0000000000000000E+00
   8.1000000000000000E+04   0.0000000000000000E+00   1.0000000000000000E+30   0.0000000000000000E+00
   8.2000000000000000E+04   0.0000000000000000E+00   1.0000000000000000E+30   0.0000000000000000E+00
   8.3000000000000000E+04   0.0000000000000000E+00   1.0000000000000000E+30   0.0000000000000000E+00
   8.4000000000000000E+04   0.0000000000000000E+00   1.0000000000000000E+30   0.0000000000000000E+00
   8.5000000000000000E+04   0.0000000000000000E+00   1.0000000000000000E+30   0.0000000000000000E+00
   8.6000000000000000E+04   0.0000000000000000E+00   1.0000000000000000E+30   0.0000000000000000E+00
   8.7000000000000000E+04   0.0000000000000000E+00   1.0000000000000000E+30   0.0000000000000000E+00
   8.8000000000000000E+04   0.0000000000000000E+00   1.0000000000000000E+30   0.0000000000000000E+00
   8.9000000000000000E+04   0.0000000000000000E+00   1.0000000000000000E+30   0.0000000000000000E+00
   9.0000000000000000E+04   0.0000000000000000E+00   1.0000000000000000E+30   0.0000000000000000E+00
   9.1000000000000000E+04   0.0000000000000000E+00   1.0000000000000000E+30   0.0000000000000000E+00
   9.2000000000000000E+04   0.0000000000000000E+00   1.0000000000000000E+30   0.0000000000000000E+00
   9.3000000000000000E+04   0.0000000000000000E+00   1.0000000000000000E+30   0.0000000000000000E+00
   9.4000000000000000E+04   0.0000000000000000E+00   1.0000000000000000E+30   0.0000000000000000E+00
   9.5000000000000000E+04   0.0000000000000000E+00   1.0000000000000000E+30   0.0000000000000000E+00
   9.6000000000000000E+04   0.0000000000000000E+00   1.0000000000000000E+30   0.0000000000000000E+00
   9.7000000000000000E+04   0.0000000000000000E+00   1.0000000000000000E+30   0.0000000000000000E+00
   9.8000000000000000E+04   0.0000000000000000E+00   1.0000000000000000E+30   0.0000000000000000E+00
   9.9000000000000000E+04   0.0000000000000000E+00   1.0000000000000000E+30   0.0000000000000000E+00
   1.0000000000000000E+05   0.0000000000000000E+00   1.0000000000000000E+30   0.0000000000000000E+00
   1.1000000000000000E+05   0.0000000000000000E+00   1.0000000000000000E+30   0.0000000000000000E+00
   1.2000000000000000E+05   0.0000000000000000E+00   1.0000000000000000E+30   0.0000000000000000E+00
   1.3000000000000000E+05   0.0000000000000000E+00   1.0000000000000000E+30   0.0000000000000000E+00
   1.4000000000000000E+05   0.0000000000000000E+00   1.0000000000000000E+30   0.0000000000000000E+00
   1.5000000000000000E+05   0.0000000000000000E+00   1.0000000000000000E+30   0.0000000000000000E+00
   1.6000000000000000E+05   0.0000000000000000E+00   1.0000000000000000E+30   0.0000000000000000E+00
   1.6099900000000000E+05   0.0000000000000000E+00   1.0000000000000000E+30   0.0000000000000000E+00
   1.6100100000000000E+05   0.0000000000000000E+00   1.0000000000000000E+30   0.0000000000000000E+00
   1.6299900000000000E+05   0.0000000000000000E+00   1.0000000000000000E+30   0.0000000000000000E+00
   1.6300100000000000E+05   0.0000000000000000E+00   1.0000000000000000E+30   0.0000000000000000E+00
   1.7000000000000000E+05   0.0000000000000000E+00   1.0000000000000000E+30   0.0000000000000000E+00
   1.8000000000000000E+05   0.0000000000000000E+00   1.0000000000000000E+30   0.0000000000000000E+00
   1.9000000000000000E+05   0.0000000000000000E+00   1.0000000000000000E+30   0.0000000000000000E+00
   2.0000000000000000E+05   0.0000000000000000E+00   1.0000000000000000E+30   0.0000000000000000E+00
   2.1000000000000000E+05   0.0000000000000000E+00   1.0000000000000000E+30   0.0000000000000000E+00
   2.2000000000000000E+05   0.0000000000000000E+00   1.0000000000000000E+30   0.0000000000000000E+00
   2.3000000000000000E+05   0.0000000000000000E+00   1.0000000000000000E+30   0.0000000000000000E+00
   2.4000000000000000E+05   0.0000000000000000E+00   1.0000000000000000E+30   0.0000000000000000E+00
   2.5000000000000000E+05   0.0000000000000000E+00   1.0000000000000000E+30   0.0000000000000000E+00
   2.6000000000000000E+05   0.0000000000000000E+00   1.0000000000000000E+30   0.0000000000000000E+00
   2.7000000000000000E+05   0.0000000000000000E+00   1.0000000000000000E+30   0.0000000000000000E+00
   2.8000000000000000E+05   0.0000000000000000E+00   1.0000000000000000E+30   0.0000000000000000E+00
   2.9000000000000000E+05   0.0000000000000000E+00   1.0000000000000000E+30   0.0000000000000000E+00
   3.0000000000000000E+05   0.0000000000000000E+00   1.0000000000000000E+30   0.0000000000000000E+00
   3.0399900000000000E+05   0.0000000000000000E+00   1.0000000000000000E+30   0.0000000000000000E+00
   3.0400100000000000E+05   0.0000000000000000E+00   1.0000000000000000E+30   0.0000000000000000E+00
   3.1000000000000000E+05   0.0000000000000000E+00   1.0000000000000000E+30   0.0000000000000000E+00
   3.1499900000000000E+05   0.0000000000000000E+00   1.0000000000000000E+30   0.0000000000000000E+00
   3.1500100000000000E+05   0.0000000000000000E+00   1.0000000000000000E+30   0.0000000000000000E+00
   3.2000000000000000E+05   0.0000000000000000E+00   1.0000000000000000E+30   0.0000000000000000E+00
   3.3000000000000000E+05   0.0000000000000000E+00   1.0000000000000000E+30   0.0000000000000000E+00
   3.4000000000000000E+05   0.0000000000000000E+00   1.0000000000000000E+30   0.0000000000000000E+00
   3.5000000000000000E+05   0.0000000000000000E+00   1.0000000000000000E+30   0.0000000000000000E+00
   3.6000000000000000E+05   0.0000000000000000E+00   1.0000000000000000E+30   0.0000000000000000E+00
   3.7000000000000000E+05   0.0000000000000000E+00   1.0000000000000000E+30   0.0000000000000000E+00
   3.8000000000000000E+05   0.0000000000000000E+00   1.0000000000000000E+30   0.0000000000000000E+00
   3.9000000000000000E+05   0.0000000000000000E+00   1.0000000000000000E+30   0.0000000000000000E+00
   3.9699900000000000E+05   0.0000000000000000E+00   1.0000000000000000E+30   0.0000000000000000E+00
   3.9700100000000000E+05   0.0000000000000000E+00   1.0000000000000000E+30   0.0000000000000000E+00
   4.0000000000000000E+05   0.0000000000000000E+00   1.0000000000000000E+30   0.0000000000000000E+00
   4.1000000000000000E+05   0.0000000000000000E+00   1.0000000000000000E+30   0.0000000000000000E+00
   4.2000000000000000E+05   0.0000000000000000E+00   1.0000000000000000E+30   0.0000000000000000E+00
   4.3000000000000000E+05   0.0000000000000000E+00   1.0000000000000000E+30   0.0000000000000000E+00
   4.4000000000000000E+05   0.0000000000000000E+00   1.0000000000000000E+30   0.0000000000000000E+00
   4.5000000000000000E+05   0.0000000000000000E+00   1.0000000000000000E+30   0.0000000000000000E+00
   4.6000000000000000E+05   0.0000000000000000E+00   1.0000000000000000E+30   0.0000000000000000E+00
   4.7000000000000000E+05   0.0000000000000000E+00   1.0000000000000000E+30   0.0000000000000000E+00
   4.8000000000000000E+05   0.0000000000000000E+00   1.0000000000000000E+30   0.0000000000000000E+00
   4.9000000000000000E+05   0.0000000000000000E+00   1.0000000000000000E+30   0.0000000000000000E+00
   5.0000000000000000E+05   0.0000000000000000E+00   1.0000000000000000E+30   0.0000000000000000E+00
   5.1000000000000000E+05   0.0000000000000000E+00   1.0000000000000000E+30   0.0000000000000000E+00
   5.2000000000000000E+05   0.0000000000000000E+00   1.0000000000000000E+30   0.0000000000000000E+00
   5.3000000000000000E+05   0.0000000000000000E+00   1.0000000000000000E+30   0.0000000000000000E+00
   5.4000000000000000E+05   0.0000000000000000E+00   1.0000000000000000E+30   0.0000000000000000E+00
   5.5000000000000000E+05   0.0000000000000000E+00   1.0000000000000000E+30   0.0000000000000000E+00
   5.6000000000000000E+05   0.0000000000000000E+00   1.0000000000000000E+30   0.0000000000000000E+00
   5.7000000000000000E+05   0.0000000000000000E+00   1.0000000000000000E+30   0.0000000000000000E+00
   5.8000000000000000E+05   0.0000000000000000E+00   1.0000000000000000E+30   0.0000000000000000E+00
   5.9000000000000000E+05   0.0000000000000000E+00   1.0000000000000000E+30   0.0000000000000000E+00
   6.0000000000000000E+05   0.0000000000000000E+00   1.0000000000000000E+30   0.0000000000000000E+00
   6.1000000000000000E+05   0.0000000000000000E+00   1.0000000000000000E+30   0.0000000000000000E+00
   6.2000000000000000E+05   0.0000000000000000E+00   1.0000000000000000E+30   0.0000000000000000E+00
   6.3000000000000000E+05   0.0000000000000000E+00   1.0000000000000000E+30   0.0000000000000000E+00
   6.4000000000000000E+05   0.0000000000000000E+00   1.0000000000000000E+30   0.0000000000000000E+00
   6.5000000000000000E+05   0.0000000000000000E+00   1.0000000000000000E+30   0.0000000000000000E+00
   6.6000000000000000E+05   0.0000000000000000E+00   1.0000000000000000E+30   0.0000000000000000E+00
   6.7000000000000000E+05   0.0000000000000000E+00   1.0000000000000000E+30   0.0000000000000000E+00
   6.8000000000000000E+05   0.0000000000000000E+00   1.0000000000000000E+30   0.0000000000000000E+00
   6.9000000000000000E+05   0.0000000000000000E+00   1.0000000000000000E+30   0.0000000000000000E+00
   7.0000000000000000E+05   0.0000000000000000E+00   1.0000000000000000E+30   0.0000000000000000E+00
   7.1000000000000000E+05   0.0000000000000000E+00   1.0000000000000000E+30   0.0000000000000000E+00
   7.2000000000000000E+05   0.0000000000000000E+00   1.0000000000000000E+30   0.0000000000000000E+00
   7.3000000000000000E+05   0.0000000000000000E+00   1.0000000000000000E+30   0.0000000000000000E+00
   7.4000000000000000E+05   0.0000000000000000E+00   1.0000000000000000E+30   0.0000000000000000E+00
   7.5000000000000000E+05   0.0000000000000000E+00   1.0000000000000000E+30   0.0000000000000000E+00
   7.6000000000000000E+05   0.0000000000000000E+00   1.0000000000000000E+30   0.0000000000000000E+00
   7.7000000000000000E+05   0.0000000000000000E+00   1.0000000000000000E+30   0.0000000000000000E+00
   7.8000000000000000E+05   0.0000000000000000E+00   1.0000000000000000E+30   0.0000000000000000E+00
   7.9000000000000000E+05   0.0000000000000000E+00   1.0000000000000000E+30   0.0000000000000000E+00
   8.0000000000000000E+05   0.0000000000000000E+00   1.0000000000000000E+30   0.0000000000000000E+00
   8.1000000000000000E+05   0.0000000000000000E+00   1.0000000000000000E+30   0.0000000000000000E+00
   8.2000000000000000E+05   0.0000000000000000E+00   1.0000000000000000E+30   0.0000000000000000E+00
   8.3000000000000000E+05   0.0000000000000000E+00   1.0000000000000000E+30   0.0000000000000000E+00
   8.4000000000000000E+05   0.0000000000000000E+00   1.0000000000000000E+30   0.0000000000000000E+00
   8.5000000000000000E+05   0.0000000000000000E+00   1.0000000000000000E+30   0.0000000000000000E+00
   8.6000000000000000E+05   0.0000000000000000E+00   1.0000000000000000E+30   0.0000000000000000E+00
   8.7000000000000000E+05   0.0000000000000000E+00   1.0000000000000000E+30   0.0000000000000000E+00
   8.8000000000000000E+05   0.0000000000000000E+00   1.0000000000000000E+30   0.0000000000000000E+00
   8.9000000000000000E+05   0.0000000000000000E+00   1.0000000000000000E+30   0.0000000000000000E+00
   9.0000000000000000E+05   0.0000000000000000E+00   1.0000000000000000E+30   0.0000000000000000E+00
   9.1000000000000000E+05   0.0000000000000000E+00   1.0000000000000000E+30   0.0000000000000000E+00
   9.2000000000000000E+05   0.0000000000000000E+00   1.0000000000000000E+30   0.0000000000000000E+00
   9.3000000000000000E+05   0.0000000000000000E+00   1.0000000000000000E+30   0.0000000000000000E+00
   9.4000000000000000E+05   0.0000000000000000E+00   1.0000000000000000E+30   0.0000000000000000E+00
   9.5000000000000000E+05   0.0000000000000000E+00   1.0000000000000000E+30   0.0000000000000000E+00
   9.6000000000000000E+05   0.0000000000000000E+00   1.0000000000000000E+30   0.0000000000000000E+00
   9.7000000000000000E+05   0.0000000000000000E+00   1.0000000000000000E+30   0.0000000000000000E+00
   9.8000000000000000E+05   0.0000000000000000E+00   1.0000000000000000E+30   0.0000000000000000E+00
   9.9000000000000000E+05   0.0000000000000000E+00   1.0000000000000000E+30   0.0000000000000000E+00
   1.0000000000000000E+06   0.0000000000000000E+00   1.0000000000000000E+30   0.0000000000000000E+00
   1.1000000000000000E+06   0.0000000000000000E+00   1.0000000000000000E+30   0.0000000000000000E+00
   1.2000000000000000E+06   0.0000000000000000E+00   1.0000000000000000E+30   0.0000000000000000E+00
   1.3000000000000000E+06   0.0000000000000000E+00   1.0000000000000000E+30   0.0000000000000000E+00
   1.4000000000000000E+06   0.0000000000000000E+00   1.0000000000000000E+30   0.0000000000000000E+00
   1.5000000000000000E+06   0.0000000000000000E+00   1.0000000000000000E+30   0.0000000000000000E+00
   1.6000000000000000E+06   0.0000000000000000E+00   1.0000000000000000E+30   0.0000000000000000E+00
   1.7000000000000000E+06   0.0000000000000000E+00   1.0000000000000000E+30   0.0000000000000000E+00
   1.8000000000000000E+06   0.0000000000000000E+00   1.0000000000000000E+30   0.0000000000000000E+00
   1.9000000000000000E+06   0.0000000000000000E+00   1.0000000000000000E+30   0.0000000000000000E+00
   2.0000000000000000E+06   0.0000000000000000E+00   1.0000000000000000E+30   0.0000000000000000E+00
   2.0829989999999998E+06   0.0000000000000000E+00   1.0000000000000000E+30   0.0000000000000000E+00
   2.0830010000000002E+06   0.0000000000000000E+00   1.0000000000000000E+30   0.0000000000000000E+00
   2.1000000000000000E+06   0.0000000000000000E+00   1.0000000000000000E+30   0.0000000000000000E+00
   2.1579990000000000E+06   0.0000000000000000E+00   1.0000000000000000E+30   0.0000000000000000E+00
   2.1580010000000000E+06   0.0000000000000000E+00   1.0000000000000000E+30   0.0000000000000000E+00
   2.2000000000000000E+06   0.0000000000000000E+00   1.0000000000000000E+30   0.0000000000000000E+00
   2.3000000000000000E+06   0.0000000000000000E+00   1.0000000000000000E+30   0.0000000000000000E+00
   2.3749990000000000E+06   0.0000000000000000E+00   1.0000000000000000E+30   0.0000000000000000E+00
   2.3750010000000000E+06   0.0000000000000000E+00   1.0000000000000000E+30   0.0000000000000000E+00
   2.4000000000000000E+06   0.0000000000000000E+00   1.0000000000000000E+30   0.0000000000000000E+00
   2.5000000000000000E+06   0.0000000000000000E+00   1.0000000000000000E+30   0.0000000000000000E+00
   2.6000000000000000E+06   0.0000000000000000E+00   1.0000000000000000E+30   0.0000000000000000E+00
   2.7000000000000000E+06   0.0000000000000000E+00   1.0000000000000000E+30   0.0000000000000000E+00
   2.8000000000000000E+06   0.0000000000000000E+00   1.0000000000000000E+30   0.0000000000000000E+00
   2.9000000000000000E+06   0.0000000000000000E+00   1.0000000000000000E+30   0.0000000000000000E+00
   3.0000000000000000E+06   0.0000000000000000E+00   1.0000000000000000E+30   0.0000000000000000E+00
   3.1000000000000000E+06   0.0000000000000000E+00   1.0000000000000000E+30   0.0000000000000000E+00
   3.2000000000000000E+06   0.0000000000000000E+00   1.0000000000000000E+30   0.0000000000000000E+00
   3.3000000000000000E+06   0.0000000000000000E+00   1.0000000000000000E+30   0.0000000000000000E+00
   3.4000000000000000E+06   0.0000000000000000E+00   1.0000000000000000E+30   0.0000000000000000E+00
   3.5000000000000000E+06   0.0000000000000000E+00   1.0000000000000000E+30   0.0000000000000000E+00
   3.6000000000000000E+06   0.0000000000000000E+00   1.0000000000000000E+30   0.0000000000000000E+00
   3.7000000000000000E+06   0.0000000000000000E+00   1.0000000000000000E+30   0.0000000000000000E+00
   3.8000000000000000E+06   0.0000000000000000E+00   1.0000000000000000E+30   0.0000000000000000E+00
   3.9000000000000000E+06   0.0000000000000000E+00   1.0000000000000000E+30   0.0000000000000000E+00
   4.0000000000000000E+06   0.0000000000000000E+00   1.0000000000000000E+30   0.0000000000000000E+00
   4.1000000000000000E+06   0.0000000000000000E+00   1.0000000000000000E+30   0.0000000000000000E+00
   4.2000000000000000E+06   0.0000000000000000E+00   1.0000000000000000E+30   0.0000000000000000E+00
   4.3000000000000000E+06   0.0000000000000000E+00   1.0000000000000000E+30   0.0000000000000000E+00
   4.4000000000000000E+06   0.0000000000000000E+00   1.0000000000000000E+30   0.0000000000000000E+00
   4.5000000000000000E+06   0.0000000000000000E+00   1.0000000000000000E+30   0.0000000000000000E+00
   4.6000000000000000E+06   0.0000000000000000E+00   1.0000000000000000E+30   0.0000000000000000E+00
   4.7000000000000000E+06   0.0000000000000000E+00   1.0000000000000000E+30   0.0000000000000000E+00
   4.8000000000000000E+06   0.0000000000000000E+00   1.0000000000000000E+30   0.0000000000000000E+00
   4.9000000000000000E+06   0.0000000000000000E+00   1.0000000000000000E+30   0.0000000000000000E+00
   5.0000000000000000E+06   0.0000000000000000E+00   1.0000000000000000E+30   0.0000000000000000E+00
   5.1000000000000000E+06   0.0000000000000000E+00   1.0000000000000000E+30   0.0000000000000000E+00
   5.2000000000000000E+06   0.0000000000000000E+00   1.0000000000000000E+30   0.0000000000000000E+00
   5.3000000000000000E+06   0.0000000000000000E+00   1.0000000000000000E+30   0.0000000000000000E+00
   5.4000000000000000E+06   0.0000000000000000E+00   1.0000000000000000E+30   0.0000000000000000E+00
   5.5000000000000000E+06   0.0000000000000000E+00   1.0000000000000000E+30   0.0000000000000000E+00
   5.6000000000000000E+06   0.0000000000000000E+00   1.0000000000000000E+30   0.0000000000000000E+00
   5.7000000000000000E+06   0.0000000000000000E+00   1.0000000000000000E+30   0.0000000000000000E+00
   5.8000000000000000E+06   0.0000000000000000E+00   1.0000000000000000E+30   0.0000000000000000E+00
   5.9000000000000000E+06   0.0000000000000000E+00   1.0000000000000000E+30   0.0000000000000000E+00
   6.0000000000000000E+06   0.0000000000000000E+00   1.0000000000000000E+30   0.0000000000000000E+00
   6.1000000000000000E+06   0.0000000000000000E+00   1.0000000000000000E+30   0.0000000000000000E+00
   6.2000000000000000E+06   0.0000000000000000E+00   1.0000000000000000E+30   0.0000000000000000E+00
   6.3000000000000000E+06   0.0000000000000000E+00   1.0000000000000000E+30   0.0000000000000000E+00
   6.4000000000000000E+06   0.0000000000000000E+00   1.0000000000000000E+30   0.0000000000000000E+00
   6.5000000000000000E+06   0.0000000000000000E+00   1.0000000000000000E+30   0.0000000000000000E+00
   6.6000000000000000E+06   0.0000000000000000E+00   1.0000000000000000E+30   0.0000000000000000E+00
   6.7000000000000000E+06   0.0000000000000000E+00   1.0000000000000000E+30   0.0000000000000000E+00
   6.8000000000000000E+06   0.0000000000000000E+00   1.0000000000000000E+30   0.0000000000000000E+00
   6.9000000000000000E+06   0.0000000000000000E+00   1.0000000000000000E+30   0.0000000000000000E+00
   7.0000000000000000E+06   0.0000000000000000E+00   1.0000000000000000E+30   0.0000000000000000E+00
   7.1000000000000000E+06   0.0000000000000000E+00   1.0000000000000000E+30   0.0000000000000000E+00
   7.2000000000000000E+06   0.0000000000000000E+00   1.0000000000000000E+30   0.0000000000000000E+00
   7.3000000000000000E+06   0.0000000000000000E+00   1.0000000000000000E+30   0.0000000000000000E+00
   7.4000000000000000E+06   0.0000000000000000E+00   1.0000000000000000E+30   0.0000000000000000E+00
   7.5000000000000000E+06   0.0000000000000000E+00   1.0000000000000000E+30   0.0000000000000000E+00
   7.6000000000000000E+06   0.0000000000000000E+00   1.0000000000000000E+30   0.0000000000000000E+00
   7.7000000000000000E+06   0.0000000000000000E+00   1.0000000000000000E+30   0.0000000000000000E+00
   7.8000000000000000E+06   0.0000000000000000E+00   1.0000000000000000E+30   0.0000000000000000E+00
   7.9000000000000000E+06   0.0000000000000000E+00   1.0000000000000000E+30   0.0000000000000000E+00
   8.0000000000000000E+06   0.0000000000000000E+00   1.0000000000000000E+30   0.0000000000000000E+00
   8.1000000000000000E+06   0.0000000000000000E+00   1.0000000000000000E+30   0.0000000000000000E+00
   8.2000000000000000E+06   0.0000000000000000E+00   1.0000000000000000E+30   0.0000000000000000E+00
   8.3000000000000000E+06   0.0000000000000000E+00   1.0000000000000000E+30   0.0000000000000000E+00
   8.4000000000000000E+06   0.0000000000000000E+00   1.0000000000000000E+30   0.0000000000000000E+00
   8.5000000000000000E+06   0.0000000000000000E+00   1.0000000000000000E+30   0.0000000000000000E+00
   8.6000000000000000E+06   0.0000000000000000E+00   1.0000000000000000E+30   0.0000000000000000E+00
   8.7000000000000000E+06   0.0000000000000000E+00   1.0000000000000000E+30   0.0000000000000000E+00
   8.8000000000000000E+06   0.0000000000000000E+00   1.0000000000000000E+30   0.0000000000000000E+00
   8.9000000000000000E+06   0.0000000000000000E+00   1.0000000000000000E+30   0.0000000000000000E+00
   9.0000000000000000E+06   0.0000000000000000E+00   1.0000000000000000E+30   0.0000000000000000E+00
   9.1000000000000000E+06   0.0000000000000000E+00   1.0000000000000000E+30   0.0000000000000000E+00
   9.2000000000000000E+06   0.0000000000000000E+00   1.0000000000000000E+30   0.0000000000000000E+00
   9.3000000000000000E+06   0.0000000000000000E+00   1.0000000000000000E+30   0.0000000000000000E+00
   9.4000000000000000E+06   0.0000000000000000E+00   1.0000000000000000E+30   0.0000000000000000E+00
   9.5000000000000000E+06   0.0000000000000000E+00   1.0000000000000000E+30   0.0000000000000000E+00
   9.6000000000000000E+06   0.0000000000000000E+00   1.0000000000000000E+30   0.0000000000000000E+00
   9.7000000000000000E+06   0.0000000000000000E+00   1.0000000000000000E+30   0.0000000000000000E+00
   9.8000000000000000E+06   0.0000000000000000E+00   1.0000000000000000E+30   0.0000000000000000E+00
   9.9000000000000000E+06   0.0000000000000000E+00   1.0000000000000000E+30   0.0000000000000000E+00
   1.0000000000000000E+07   0.0000000000000000E+00   1.0000000000000000E+30   0.0000000000000000E+00
   1.1000000000000000E+07   0.0000000000000000E+00   1.0000000000000000E+30   0.0000000000000000E+00
   1.2000000000000000E+07   0.0000000000000000E+00   1.0000000000000000E+30   0.0000000000000000E+00
   1.3000000000000000E+07   0.0000000000000000E+00   1.0000000000000000E+30   0.0000000000000000E+00
   1.4000000000000000E+07   0.0000000000000000E+00   1.0000000000000000E+30   0.0000000000000000E+00
   1.5000000000000000E+07   0.0000000000000000E+00   1.0000000000000000E+30   0.0000000000000000E+00
   1.6000000000000000E+07   0.0000000000000000E+00   1.0000000000000000E+30   0.0000000000000000E+00
   1.7000000000000000E+07   0.0000000000000000E+00   1.0000000000000000E+30   0.0000000000000000E+00
   1.7040999000000000E+07   0.0000000000000000E+00   1.0000000000000000E+30   0.0000000000000000E+00
   1.7041001000000000E+07   0.0000000000000000E+00   1.0000000000000000E+30   0.0000000000000000E+00
   1.8000000000000000E+07   0.0000000000000000E+00   1.0000000000000000E+30   0.0000000000000000E+00
   1.9000000000000000E+07   0.0000000000000000E+00   1.0000000000000000E+30   0.0000000000000000E+00
   2.0000000000000000E+07   0.0000000000000000E+00   1.0000000000000000E+30   0.0000000000000000E+00
   2.1000000000000000E+07   0.0000000000000000E+00   1.0000000000000000E+30   0.0000000000000000E+00
   2.2000000000000000E+07   0.0000000000000000E+00   1.0000000000000000E+30   0.0000000000000000E+00
   2.3000000000000000E+07   0.0000000000000000E+00   1.0000000000000000E+30   0.0000000000000000E+00
   2.4000000000000000E+07   0.0000000000000000E+00   1.0000000000000000E+30   0.0000000000000000E+00
   2.5000000000000000E+07   0.0000000000000000E+00   1.0000000000000000E+30   0.0000000000000000E+00
   2.6000000000000000E+07   0.0000000000000000E+00   1.0000000000000000E+30   0.0000000000000000E+00
   2.7000000000000000E+07   0.0000000000000000E+00   1.0000000000000000E+30   0.0000000000000000E+00
   2.8000000000000000E+07   0.0000000000000000E+00   1.0000000000000000E+30   0.0000000000000000E+00
   2.9000000000000000E+07   0.0000000000000000E+00   1.0000000000000000E+30   0.0000000000000000E+00
   3.0000000000000000E+07   0.0000000000000000E+00   1.0000000000000000E+30   0.0000000000000000E+00
   3.1000000000000000E+07   0.0000000000000000E+00   1.0000000000000000E+30   0.0000000000000000E+00
   3.2000000000000000E+07   0.0000000000000000E+00   1.0000000000000000E+30   0.0000000000000000E+00
   3.3000000000000000E+07   0.0000000000000000E+00   1.0000000000000000E+30   0.0000000000000000E+00
   3.4000000000000000E+07   0.0000000000000000E+00   1.0000000000000000E+30   0.0000000000000000E+00
   3.5000000000000000E+07   0.0000000000000000E+00   1.0000000000000000E+30   0.0000000000000000E+00
   3.6000000000000000E+07   0.0000000000000000E+00   1.0000000000000000E+30   0.0000000000000000E+00
   3.7000000000000000E+07   0.0000000000000000E+00   1.0000000000000000E+30   0.0000000000000000E+00
   3.8000000000000000E+07   0.0000000000000000E+00   1.0000000000000000E+30   0.0000000000000000E+00
   3.9000000000000000E+07   0.0000000000000000E+00   1.0000000000000000E+30   0.0000000000000000E+00
   4.0000000000000000E+07   0.0000000000000000E+00   1.0000000000000000E+30   0.0000000000000000E+00
   4.1000000000000000E+07   0.0000000000000000E+00   1.0000000000000000E+30   0.0000000000000000E+00
   4.2000000000000000E+07   0.0000000000000000E+00   1.0000000000000000E+30   0.0000000000000000E+00
   4.3000000000000000E+07   0.0000000000000000E+00   1.0000000000000000E+30   0.0000000000000000E+00
   4.4000000000000000E+07   0.0000000000000000E+00   1.0000000000000000E+30   0.0000000000000000E+00
   4.5000000000000000E+07   0.0000000000000000E+00   1.0000000000000000E+30   0.0000000000000000E+00
   4.6000000000000000E+07   0.0000000000000000E+00   1.0000000000000000E+30   0.0000000000000000E+00
   4.7000000000000000E+07   0.0000000000000000E+00   1.0000000000000000E+30   0.0000000000000000E+00
   4.8000000000000000E+07   0.0000000000000000E+00   1.0000000000000000E+30   0.0000000000000000E+00
   4.9000000000000000E+07   0.0000000000000000E+00   1.0000000000000000E+30   0.0000000000000000E+00
   5.0000000000000000E+07   0.0000000000000000E+00   1.0000000000000000E+30   0.0000000000000000E+00
   5.1000000000000000E+07   0.0000000000000000E+00   1.0000000000000000E+30   0.0000000000000000E+00
   5.2000000000000000E+07   0.0000000000000000E+00   1.0000000000000000E+30   0.0000000000000000E+00
   5.3000000000000000E+07   0.0000000000000000E+00   1.0000000000000000E+30   0.0000000000000000E+00
   5.4000000000000000E+07   0.0000000000000000E+00   1.0000000000000000E+30   0.0000000000000000E+00
   5.5000000000000000E+07   0.0000000000000000E+00   1.0000000000000000E+30   0.0000000000000000E+00
   5.6000000000000000E+07   0.0000000000000000E+00   1.0000000000000000E+30   0.0000000000000000E+00
   5.7000000000000000E+07   0.0000000000000000E+00   1.0000000000000000E+30   0.0000000000000000E+00
   5.8000000000000000E+07   0.0000000000000000E+00   1.0000000000000000E+30   0.0000000000000000E+00
   5.9000000000000000E+07   0.0000000000000000E+00   1.0000000000000000E+30   0.0000000000000000E+00
   6.0000000000000000E+07   0.0000000000000000E+00   1.0000000000000000E+30   0.0000000000000000E+00
   6.1000000000000000E+07   0.0000000000000000E+00   1.0000000000000000E+30   0.0000000000000000E+00
   6.2000000000000000E+07   0.0000000000000000E+00   1.0000000000000000E+30   0.0000000000000000E+00
   6.3000000000000000E+07   0.0000000000000000E+00   1.0000000000000000E+30   0.0000000000000000E+00
   6.4000000000000000E+07   0.0000000000000000E+00   1.0000000000000000E+30   0.0000000000000000E+00
   6.5000000000000000E+07   0.0000000000000000E+00   1.0000000000000000E+30   0.0000000000000000E+00
   6.6000000000000000E+07   0.0000000000000000E+00   1.0000000000000000E+30   0.0000000000000000E+00
   6.7000000000000000E+07   0.0000000000000000E+00   1.0000000000000000E+30   0.0000000000000000E+00
   6.8000000000000000E+07   0.0000000000000000E+00   1.0000000000000000E+30   0.0000000000000000E+00
   6.9000000000000000E+07   0.0000000000000000E+00   1.0000000000000000E+30   0.0000000000000000E+00
   7.0000000000000000E+07   0.0000000000000000E+00   1.0000000000000000E+30   0.0000000000000000E+00
   7.1000000000000000E+07   0.0000000000000000E+00   1.0000000000000000E+30   0.0000000000000000E+00
   7.2000000000000000E+07   0.0000000000000000E+00   1.0000000000000000E+30   0.0000000000000000E+00
   7.3000000000000000E+07   0.0000000000000000E+00   1.0000000000000000E+30   0.0000000000000000E+00
   7.4000000000000000E+07   0.0000000000000000E+00   1.0000000000000000E+30   0.0000000000000000E+00
   7.5000000000000000E+07   0.0000000000000000E+00   1.0000000000000000E+30   0.0000000000000000E+00
   7.6000000000000000E+07   0.0000000000000000E+00   1.0000000000000000E+30   0.0000000000000000E+00
   7.7000000000000000E+07   0.0000000000000000E+00   1.0000000000000000E+30   0.0000000000000000E+00
   7.8000000000000000E+07   0.0000000000000000E+00   1.0000000000000000E+30   0.0000000000000000E+00
   7.9000000000000000E+07   0.0000000000000000E+00   1.0000000000000000E+30   0.0000000000000000E+00
   8.0000000000000000E+07   0.0000000000000000E+00   1.0000000000000000E+30   0.0000000000000000E+00
   8.1000000000000000E+07   0.0000000000000000E+00   1.0000000000000000E+30   0.0000000000000000E+00
   8.2000000000000000E+07   0.0000000000000000E+00   1.0000000000000000E+30   0.0000000000000000E+00
   8.3000000000000000E+07   0.0000000000000000E+00   1.0000000000000000E+30   0.0000000000000000E+00
   8.4000000000000000E+07   0.0000000000000000E+00   1.0000000000000000E+30   0.0000000000000000E+00
   8.5000000000000000E+07   0.0000000000000000E+00   1.0000000000000000E+30   0.0000000000000000E+00
   8.6000000000000000E+07   0.0000000000000000E+00   1.0000000000000000E+30   0.0000000000000000E+00
   8.7000000000000000E+07   0.0000000000000000E+00   1.0000000000000000E+30   0.0000000000000000E+00
   8.8000000000000000E+07   0.0000000000000000E+00   1.0000000000000000E+30   0.0000000000000000E+00
   8.9000000000000000E+07   0.0000000000000000E+00   1.0000000000000000E+30   0.0000000000000000E+00
   9.0000000000000000E+07   0.0000000000000000E+00   1.0000000000000000E+30   0.0000000000000000E+00
   9.1000000000000000E+07   0.0000000000000000E+00   1.0000000000000000E+30   0.0000000000000000E+00
   9.2000000000000000E+07   0.0000000000000000E+00   1.0000000000000000E+30   0.0000000000000000E+00
   9.3000000000000000E+07   0.0000000000000000E+00   1.0000000000000000E+30   0.0000000000000000E+00
   9.4000000000000000E+07   0.0000000000000000E+00   1.0000000000000000E+30   0.0000000000000000E+00
   9.5000000000000000E+07   0.0000000000000000E+00   1.0000000000000000E+30   0.0000000000000000E+00
   9.6000000000000000E+07   0.0000000000000000E+00   1.0000000000000000E+30   0.0000000000000000E+00
   9.7000000000000000E+07   0.0000000000000000E+00   1.0000000000000000E+30   0.0000000000000000E+00
   9.8000000000000000E+07   0.0000000000000000E+00   1.0000000000000000E+30   0.0000000000000000E+00
   9.9000000000000000E+07   0.0000000000000000E+00   1.0000000000000000E+30   0.0000000000000000E+00
   1.0000000000000000E+08   0.0000000000000000E+00   1.0000000000000000E+30   0.0000000000000000E+00
   1.1000000000000000E+08   0.0000000000000000E+00   1.0000000000000000E+30   0.0000000000000000E+00
   1.2000000000000000E+08   0.0000000000000000E+00   1.0000000000000000E+30   0.0000000000000000E+00
   1.3000000000000000E+08   0.0000000000000000E+00   1.0000000000000000E+30   0.0000000000000000E+00
   1.4000000000000000E+08   0.0000000000000000E+00   1.0000000000000000E+30   0.0000000000000000E+00
   1.5000000000000000E+08   0.0000000000000000E+00   1.0000000000000000E+30   0.0000000000000000E+00
   1.6000000000000000E+08   0.0000000000000000E+00   1.0000000000000000E+30   0.0000000000000000E+00
   1.7000000000000000E+08   0.0000000000000000E+00   1.0000000000000000E+30   0.0000000000000000E+00
   1.8000000000000000E+08   0.0000000000000000E+00   1.0000000000000000E+30   0.0000000000000000E+00
   1.9000000000000000E+08   0.0000000000000000E+00   1.0000000000000000E+30   0.0000000000000000E+00
   2.0000000000000000E+08   0.0000000000000000E+00   1.0000000000000000E+30   0.0000000000000000E+00
   2.1000000000000000E+08   0.0000000000000000E+00   1.0000000000000000E+30   0.0000000000000000E+00
   2.2000000000000000E+08   0.0000000000000000E+00   1.0000000000000000E+30   0.0000000000000000E+00
   2.3000000000000000E+08   0.0000000000000000E+00   1.0000000000000000E+30   0.0000000000000000E+00
   2.4000000000000000E+08   5.6928588057530408E-04   1.7565866889047534E+03   1.2285189302815060E+00
   2.5000000000000000E+08   1.7687522507760147E-03   5.6537030528795901E+02   3.8897386696305061E+00
   2.6000000000000000E+08   3.0505514750768787E-03   3.2780958071681073E+02   6.8283730265709703E+00
   2.7000000000000000E+08   4.4161395345178054E-03   2.2644212035958446E+02   1.0050781458757934E+01
   2.8000000000000000E+08   5.8669448324580094E-03   1.7044646379963336E+02   1.3563253425727819E+01
   2.9000000000000000E+08   7.4043557066092568E-03   1.3505564016966159E+02   1.7372014303257028E+01
   3.0000000000000000E+08   9.4613759357215655E-03   1.0569287245256636E+02   2.2656930263288025E+01
   3.1000000000000000E+08   1.1162239910233587E-02   8.9587753716276609E+01   2.7075384494981996E+01
   3.2000000000000000E+08   1.2954256540120003E-02   7.7194704065258264E+01   3.1807972979841423E+01
   3.3000000000000000E+08   1.4838570207373725E-02   6.7391937769251555E+01   3.6860730743032391E+01
   3.4000000000000000E+08   1.6816303430357546E-02   5.9466101104881069E+01   4.2239735193865194E+01
   3.5000000000000000E+08   1.8888509991277454E-02   5.2942238454054412E+01   4.7950986588826389E+01
   3.6000000000000000E+08   2.1056203998303106E-02   4.7491941096343339E+01   5.4000501709361615E+01
   3.7000000000000000E+08   2.3648294704947129E-02   4.2286347175418285E+01   6.1498316651513150E+01
   3.8000000000000000E+08   2.6000541310300371E-02   3.8460737723327334E+01   6.8238704256499929E+01
   3.9000000000000000E+08   2.8451257479914227E-02   3.5147831364078421E+01   7.5334684412239142E+01
   4.0000000000000000E+08   3.1001237280066402E-02   3.2256777075248984E+01   8.2792226617142163E+01
   4.1000000000000000E+08   3.3651113144455277E-02   2.9716698990231503E+01   9.0616980099968487E+01
   4.2000000000000000E+08   3.6401507578698374E-02   2.7471389690057382E+01   9.8814683465180792E+01
   4.3000000000000000E+08   3.9252994328109324E-02   2.5475763495675377E+01   1.0739112502544128E+02
   4.4000000000000000E+08   4.2206081914166811E-02   2.3693267762538795E+01   1.1635196592501683E+02
   4.5000000000000000E+08   4.5511793011824127E-02   2.1972327034889542E+01   1.2673031037205288E+02
   4.6000000000000000E+08   4.8663096739965855E-02   2.0549452603552123E+01   1.3647234999485519E+02
   4.7000000000000000E+08   5.1917317673813419E-02   1.9261395711596830E+01   1.4661526828632481E+02
   4.8000000000000000E+08   5.5279165320251518E-02   1.8089998179361984E+01   1.5718401595778488E+02
   4.9000000000000000E+08   5.8762038193905214E-02   1.7017789558288669E+01   1.6824399411975313E+02
   5.0000000000000000E+08   6.2365229236981033E-02   1.6034575872400143E+01   1.7980160385066534E+02
   5.1000000000000000E+08   6.6087740189322716E-02   1.5131399517297497E+01   1.9186203559206825E+02
   5.2000000000000000E+08   6.9928417807363377E-02   1.4300337850554104E+01   2.0442978182840486E+02
   5.3000000000000000E+08   7.3643915431539600E-02   1.3578854330872915E+01   2.1633692103248404E+02
   5.4000000000000000E+08   7.7718502692865704E-02   1.2866948864826712E+01   2.2991194272534514E+02
   5.5000000000000000E+08   8.1907339026229445E-02   1.2208918173739804E+01   2.4400513663190887E+02
   5.6000000000000000E+08   8.5964540604692760E-02   1.1632703356125544E+01   2.5736791663444416E+02
   5.7000000000000000E+08   9.0380479313260945E-02   1.1064336099988758E+01   2.7249311115837270E+02
   5.8000000000000000E+08   9.4659609283505516E-02   1.0564167838523401E+01   2.8683755724703377E+02
   5.9000000000000000E+08   9.9296861727197094E-02   1.0070811731667279E+01   3.0300547774025910E+02
   6.0000000000000000E+08   1.0379413382162016E-01   9.6344558519905643E+00   3.1835015668514865E+02
   6.1000000000000000E+08   1.0839594879885595E-01   9.2254370304525128E+00   3.3417726915733959E+02
   6.2000000000000000E+08   1.1335567778298972E-01   8.8217901348922219E+00   3.5192265069182719E+02
   6.3000000000000000E+08   1.1816792770164093E-01   8.4625331039474059E+00   3.6876975721243650E+02
   6.4000000000000000E+08   1.2308080221156563E-01   8.1247439245730906E+00   3.8610856226796835E+02
   6.5000000000000000E+08   1.2834445479848133E-01   7.7915325720159823E+00   4.0542990919389763E+02
   6.6000000000000000E+08   1.3345692032068684E-01   7.4930546696048141E+00   4.2379527792936409E+02
   6.7000000000000000E+08   1.3866453567876241E-01   7.2116492880101157E+00   4.4265523612299677E+02
   6.8000000000000000E+08   1.4396521781451901E-01   6.9461222313321107E+00   4.6200957671254940E+02
   6.9000000000000000E+08   1.4935679056321127E-01   6.6953768638780229E+00   4.8185758529224302E+02
   7.0000000000000000E+08   1.5483676860196502E-01   6.4584142967402984E+00   5.0219728286970656E+02
   7.1000000000000000E+08   1.6040259798263790E-01   6.2343129885479849E+00   5.2302622859919131E+02
   7.2000000000000000E+08   1.6605153548437751E-01   6.0222267567895047E+00   5.4434100148434209E+02
   7.3000000000000000E+08   1.7178054113709623E-01   5.8213811260607846E+00   5.6613706074549327E+02
   7.4000000000000000E+08   1.7758664393733545E-01   5.6310541031051162E+00   5.8840952560767687E+02
   7.5000000000000000E+08   1.8346638108019581E-01   5.4505898798041139E+00   6.1115151390521055E+02
   7.6000000000000000E+08   1.8941642390267829E-01   5.2793732422791262E+00   6.3435642529119934E+02
   7.7000000000000000E+08   1.9543309909118128E-01   5.1168405180610685E+00   6.5801575159938727E+02
   7.8000000000000000E+08   2.0151262090083211E-01   4.9624683333959396E+00   6.8212037179162621E+02
   7.9000000000000000E+08   2.0765095885163579E-01   4.8157735727793511E+00   7.0665956892932365E+02
   8.0000000000000000E+08   2.1384426340933760E-01   4.6763003321057743E+00   7.3162337087874448E+02
   8.1000000000000000E+08   2.2008812246486514E-01   4.5436345623768952E+00   7.5699836612340869E+02
   8.2000000000000000E+08   2.2637840335656753E-01   4.4173825116387313E+00   7.8277273031553034E+02
   8.3000000000000000E+08   2.3271058439661635E-01   4.2971831409939956E+00   8.0893181069282900E+02
   8.4000000000000000E+08   2.3908018486576926E-01   4.1826971171259828E+00   8.3546084870402865E+02
   8.5000000000000000E+08   2.4524435994851426E-01   4.0775657397786294E+00   8.6049991964476681E+02
   8.6000000000000000E+08   2.5167969727962997E-01   3.9733042069299112E+00   8.8773144156665626E+02
   8.7000000000000000E+08   2.5813878587857680E-01   3.8738851141508808E+00   9.1528608457337793E+02
   8.8000000000000000E+08   2.6461695171038241E-01   3.7790473873135642E+00   9.4314644163846503E+02
   8.9000000000000000E+08   2.7110940066776079E-01   3.6885478612579741E+00   9.7129364245066427E+02
   9.0000000000000000E+08   2.7737908440933173E-01   3.6051744929847986E+00   9.9780287731105784E+02
   9.1000000000000000E+08   2.8389231491359235E-01   3.5224623826269053E+00   1.0264904833039734E+03
   9.2000000000000000E+08   2.9040599871481060E-01   3.4434550402729012E+00   1.0554094511962039E+03
   9.3000000000000000E+08   2.9691551411323508E-01   3.3679614316772577E+00   1.0845395658041473E+03
   9.4000000000000000E+08   3.0318890775844404E-01   3.2982736980493952E+00   1.1119109968849887E+03
   9.5000000000000000E+08   3.0968382478587547E-01   3.2290998753048523E+00   1.1414357186375094E+03
   9.6000000000000000E+08   3.1616131683921272E-01   3.1629422916041339E+00   1.1711118514222999E+03
   9.7000000000000000E+08   3.2239052385562317E-01   3.1018281432112822E+00   1.1989171037937365E+03
   9.8000000000000000E+08   3.2882879557701150E-01   3.0410961979325828E+00   1.2288767061609794E+03
   9.9000000000000000E+08   3.3523744723717191E-01   2.9829603113894545E+00   1.2589281348907014E+03
   1.0000000000000000E+09   3.4138831595700919E-01   2.9292156563610381E+00   1.2870101490536297E+03
   1.1000000000000000E+09   4.0213471850540133E-01   2.4867288348458492E+00   1.5830747208154889E+03
   1.2000000000000000E+09   4.5661225960372587E-01   2.1900419425178312E+00   1.8661165894622234E+03
   1.3000000000000000E+09   5.0422658087279348E-01   1.9832353904648290E+00   2.1305001236955964E+03
   1.4000000000000000E+09   5.4502838455859048E-01   1.8347668274375908E+00   2.3717764792463045E+03
   1.5000000000000000E+09   5.7944951769426523E-01   1.7257758777316472E+00   2.5866756557413169E+03
   1.6000000000000000E+09   6.0847484270860208E-01   1.6434533193657426E+00   2.7785392378944575E+03
   1.7000000000000000E+09   6.3273918204612956E-01   1.5804300229460038E+00   2.9468571290299501E+03
   1.8000000000000000E+09   6.5312569487749184E-01   1.5310988494910958E+00   3.0961769912421428E+03
   1.9000000000000000E+09   6.7040558183734422E-01   1.4916343585018406E+00   3.2314141770403244E+03
   2.0000000000000000E+09   6.8477588936916278E-01   1.4603317896037955E+00   3.3492962417833614E+03
   2.1000000000000000E+09   6.9668402845354260E-01   1.4353709273624948E+00   3.4515953130520929E+03
   2.2000000000000000E+09   7.0676340423872419E-01   1.4149006499241847E+00   3.5451239654140222E+03
   2.3000000000000000E+09   7.1502643864087201E-01   1.3985496842617571E+00   3.6258313474725196E+03
   2.4000000000000000E+09   7.2198911634849283E-01   1.3850624301063783E+00   3.7004636474792105E+03
   2.5000000000000000E+09   7.2759045455322968E-01   1.3743995591778910E+00   3.7644834175788169E+03
   2.6000000000000000E+09   7.3212940118884751E-01   1.3658787618366077E+00   3.8214873907566994E+03
   2.7000000000000000E+09   7.3574933102874640E-01   1.3591585582575667E+00   3.8722788055221972E+03
   2.8000000000000000E+09   7.3857126480286672E-01   1.3539654839765689E+00   3.9175450126124015E+03
   2.9000000000000000E+09   7.4069755190863784E-01   1.3500787162360519E+00   3.9578772314238727E+03
   3.0000000000000000E+09   7.4221442560334616E-01   1.3473195420408328E+00   3.9937703409488240E+03
   3.1000000000000000E+09   7.4319616625565466E-01   1.3455397718722981E+00   4.0256508842182689E+03
   3.2000000000000000E+09   7.4370639126929206E-01   1.3446166548243439E+00   4.0538866006209273E+03
   3.3000000000000000E+09   7.4371062323993242E-01   1.3446090034905751E+00   4.0761242832373837E+03
   3.4000000000000000E+09   7.4344746563075215E-01   1.3450849538529059E+00   4.0982651320471323E+03
   3.5000000000000000E+09   7.4285623180554505E-01   1.3461554970999647E+00   4.1175993704702942E+03
   3.6000000000000000E+09   7.4189941053822572E-01   1.3478916222275068E+00   4.1319193046657902E+03
   3.7000000000000000E+09   7.4077074745383475E-01   1.3499453149806253E+00   4.1466352520214723E+03
   3.8000000000000000E+09   7.3934220779571924E-01   1.3525536476287592E+00   4.1567655312131637E+03
   3.9000000000000000E+09   7.3771253906939882E-01   1.3555415518102332E+00   4.1648978643788896E+03
   4.0000000000000000E+09   7.3598969283555027E-01   1.3587146800212599E+00   4.1742612827827697E+03
   4.1000000000000000E+09   7.3403402108064841E-01   1.3623346756159822E+00   4.1793258616356634E+03
   4.2000000000000000E+09   7.3193895010117660E-01   1.3662341645594476E+00   4.1828967829762505E+03
   4.3000000000000000E+09   7.2979558270799205E-01   1.3702467152368654E+00   4.1880186622142901E+03
   4.4000000000000000E+09   7.2747452330495610E-01   1.3746185852075563E+00   4.1892902626540708E+03
   4.5000000000000000E+09   7.2505733720358556E-01   1.3792012695945102E+00   4.1894443413281833E+03
   4.6000000000000000E+09   7.2255530882079511E-01   1.3839770987663114E+00   4.1885735245584956E+03
   4.7000000000000000E+09   7.1997888937288490E-01   1.3889296127432553E+00   4.1867760401452069E+03
   4.8000000000000000E+09   7.1740043301953893E-01   1.3939216565440300E+00   4.1868707682862014E+03
   4.9000000000000000E+09   7.1470370875007805E-01   1.3991812099994101E+00   4.1835875291105167E+03
   5.0000000000000000E+09   7.1195709880788138E-01   1.4045790142052448E+00   4.1795921336690544E+03
   5.1000000000000000E+09   7.0916738154652914E-01   1.4101043364674115E+00   4.1749456877356570E+03
   5.2000000000000000E+09   7.0634040234124995E-01   1.4157479831047186E+00   4.1696997760354416E+03
   5.3000000000000000E+09   7.0348135913446985E-01   1.4215017740204983E+00   4.1638993098310484E+03
   5.4000000000000000E+09   7.0059547212095696E-01   1.4273572122477995E+00   4.1575994983113260E+03
   5.5000000000000000E+09   6.9768684514966961E-01   1.4333078041416669E+00   4.1508299770596104E+03
   5.6000000000000000E+09   6.9475948863599890E-01   1.4393470205974028E+00   4.1436304396610822E+03
   5.7000000000000000E+09   6.9181685078392552E-01   1.4454692724914981E+00   4.1360297580202714E+03
   5.8000000000000000E+09   6.8886219375648261E-01   1.4516691568553504E+00   4.1280562861396320E+03
   5.9000000000000000E+09   6.8585077195439281E-01   1.4580431208824205E+00   4.1171838747648662E+03
   6.0000000000000000E+09   6.8288460394215877E-01   1.4643762565844896E+00   4.1087111636121708E+03
   6.1000000000000000E+09   6.7991419514046203E-01   1.4707738228548271E+00   4.0999414713556271E+03
   6.2000000000000000E+09   6.7694195887918374E-01   1.4772315216738896E+00   4.0908910560267768E+03
   6.3000000000000000E+09   6.7396960412336204E-01   1.4837464388334078E+00   4.0815770302245755E+03
   6.4000000000000000E+09   6.7099879445831101E-01   1.4903156432751683E+00   4.0720054530643770E+03
   6.5000000000000000E+09   6.6798582903922410E-01   1.4970377462023676E+00   4.0595218910135181E+03
   6.6000000000000000E+09   6.6502928445122400E-01   1.5036931807073592E+00   4.0498147793352255E+03
   6.7000000000000000E+09   6.6207840143167651E-01   1.5103951402697973E+00   4.0398631193313022E+03
   6.8000000000000000E+09   6.5913389885611551E-01   1.5171424224052743E+00   4.0296780058728227E+03
   6.9000000000000000E+09   6.5619736067486445E-01   1.5239317618887598E+00   4.0192742021395998E+03
   7.0000000000000000E+09   6.5323137009050192E-01   1.5308511590027516E+00   4.0062320429493902E+03
   7.1000000000000000E+09   6.5032103491420112E-01   1.5377020676133186E+00   3.9958540717723849E+03
   7.2000000000000000E+09   6.4742034378141733E-01   1.5445915618889188E+00   3.9852367104234163E+03
   7.3000000000000000E+09   6.4453043137004196E-01   1.5515171221230883E+00   3.9744024499091784E+03
   7.4000000000000000E+09   6.4161902202202237E-01   1.5585572834928778E+00   3.9611351240196200E+03
   7.5000000000000000E+09   6.3876092818101171E-01   1.5655309457447291E+00   3.9503994438212094E+03
   7.6000000000000000E+09   6.3591441233589285E-01   1.5725386633819454E+00   3.9394102121126493E+03
   7.7000000000000000E+09   6.3304753619663279E-01   1.5796602037313470E+00   3.9258728111870464E+03
   7.8000000000000000E+09   6.3023640768647216E-01   1.5867061753396461E+00   3.9150676463533782E+03
   7.9000000000000000E+09   6.2743755961357595E-01   1.5937840900310092E+00   3.9039777363128519E+03
   8.0000000000000000E+09   6.2462039755768384E-01   1.6009723728364953E+00   3.8903370865225165E+03
   8.1000000000000000E+09   6.2185867728371724E-01   1.6080824092830974E+00   3.8794520981304645E+03
   8.2000000000000000E+09   6.1910995262312629E-01   1.6152219743247043E+00   3.8682708970225922E+03
   8.3000000000000000E+09   6.1634677025975038E-01   1.6224632759551327E+00   3.8546996578171679E+03
   8.4000000000000000E+09   6.1363606785005653E-01   1.6296304151475538E+00   3.8437241644861783E+03
   8.5000000000000000E+09   6.1090421045059329E-01   1.6369178389888916E+00   3.8297872771578855E+03
   8.6000000000000000E+09   6.0823209791138777E-01   1.6441092198749570E+00   3.8190522952867641E+03
   8.7000000000000000E+09   6.0557305448936849E-01   1.6513284278198614E+00   3.8079543608754348E+03
   8.8000000000000000E+09   6.0290017392294071E-01   1.6586493805321318E+00   3.7943465499014519E+03
   8.9000000000000000E+09   6.0027944049045145E-01   1.6658908044276206E+00   3.7834475503459148E+03
   9.0000000000000000E+09   5.9764066555365702E-01   1.6732462458417143E+00   3.7696305352337681E+03
   9.1000000000000000E+09   5.9505884865871572E-01   1.6805060579370201E+00   3.7589638287720963E+03
   9.2000000000000000E+09   5.9248982823686325E-01   1.6877926883163707E+00   3.7478913889945939E+03
   9.3000000000000000E+09   5.8991172980401829E-01   1.6951688693022298E+00   3.7345551779033426E+03
   9.4000000000000000E+09   5.8738078935647609E-01   1.7024731113449971E+00   3.7236560824706562E+03
   9.5000000000000000E+09   5.8483836231125608E-01   1.7098741540278637E+00   3.7102618339153505E+03
   9.6000000000000000E+09   5.8234492437596319E-01   1.7171953564660898E+00   3.6995237990439114E+03
   9.7000000000000000E+09   5.7983861590041219E-01   1.7246178032608837E+00   3.6861112870092056E+03
   9.8000000000000000E+09   5.7738241612501628E-01   1.7319543721322432E+00   3.6755303715541449E+03
   9.9000000000000000E+09   5.7491215794674699E-01   1.7393961602263215E+00   3.6621256847933355E+03
   1.0000000000000000E+10   5.7249298714687213E-01   1.7467462876422133E+00   3.6517072014243504E+03
   1.1000000000000000E+10   5.4909917225932547E-01   1.8211646466072722E+00   3.5346959235182139E+03
   1.2000000000000000E+10   5.2736465876451133E-01   1.8962211126220705E+00   3.4197056235823297E+03
   1.3000000000000000E+10   5.0720393589866986E-01   1.9715935331380829E+00   3.3104123322997539E+03
   1.4000000000000000E+10   4.8849244009917897E-01   2.0471145874785073E+00   3.2079419528000853E+03
   1.5000000000000000E+10   4.7109176035420525E-01   2.1227286999206236E+00   3.1111962318262958E+03
   1.6000000000000000E+10   4.5486711327345181E-01   2.1984442726656996E+00   3.0178146424422612E+03
   1.7000000000000000E+10   4.3972514854674249E-01   2.2741478473653887E+00   2.9296426434543814E+03
   1.8000000000000000E+10   4.2557001913515008E-01   2.3497895881674546E+00   2.8469139652603112E+03
   1.9000000000000000E+10   4.1231090581965996E-01   2.4253542312009291E+00   2.7690915363630761E+03
   2.0000000000000000E+10   3.9986330128171338E-01   2.5008546590662890E+00   2.6950191188843610E+03
   2.1000000000000000E+10   3.8815293943463847E-01   2.5763040760596669E+00   2.6236784747959396E+03
   2.2000000000000000E+10   3.7711808820544168E-01   2.6516893017744421E+00   2.5549710318630855E+03
   2.3000000000000000E+10   3.6672790499661245E-01   2.7268173116230066E+00   2.4938894967552410E+03
   2.4000000000000000E+10   3.5689624916109741E-01   2.8019347425212522E+00   2.4330851018747630E+03
   2.5000000000000000E+10   3.4759186233411687E-01   2.8769373174759969E+00   2.3752402104863927E+03
   2.6000000000000000E+10   3.3877479496818036E-01   2.9518134608978976E+00   2.3203569702379345E+03
   2.7000000000000000E+10   3.3040795162416625E-01   3.0265615433416810E+00   2.2682377791418517E+03
   2.8000000000000000E+10   3.2245723530582460E-01   3.1011864226013754E+00   2.2186268357722597E+03
   2.9000000000000000E+10   3.1487964601887647E-01   3.1758165783127561E+00   2.1679177531232394E+03
   3.0000000000000000E+10   3.0767693704441368E-01   3.2501623605790400E+00   2.1235687786453154E+03
   3.1000000000000000E+10   3.0080696778527477E-01   3.3243910783138202E+00   2.0810160205610646E+03
   3.2000000000000000E+10   2.9423498611614979E-01   3.3986441014368305E+00   2.0366715002518552E+03
   3.3000000000000000E+10   2.8796840835695198E-01   3.4726031431907893E+00   1.9983966983784046E+03
   3.4000000000000000E+10   2.8197064973249586E-01   3.5464684035331167E+00   1.9610679236266158E+03
   3.5000000000000000E+10   2.7621915057167279E-01   3.6203137904463372E+00   1.9228346870240371E+03
   3.6000000000000000E+10   2.7070437259776459E-01   3.6940666691257502E+00   1.8854700757591042E+03
   3.7000000000000000E+10   2.6542575188318124E-01   3.7675319478424933E+00   1.8535046670948075E+03
   3.8000000000000000E+10   2.6034697192846545E-01   3.8410279658438524E+00   1.8193414793757472E+03
   3.9000000000000000E+10   2.5547495343923088E-01   3.9142780399326602E+00   1.7894642686194738E+03
   4.0000000000000000E+10   2.5078231556798730E-01   3.9875219978535501E+00   1.7582291384046218E+03
   4.1000000000000000E+10   2.4626549942565118E-01   4.0606581203304328E+00   1.7279538935280493E+03
   4.2000000000000000E+10   2.4191476357145725E-01   4.1336873584592873E+00   1.6986258308877814E+03
   4.3000000000000000E+10   2.3772153001216809E-01   4.2066025738132087E+00   1.6703650668814353E+03
   4.4000000000000000E+10   2.3368541344299459E-01   4.2792572513043945E+00   1.6463173693184854E+03
   4.5000000000000000E+10   2.2978294826209594E-01   4.3519330201098132E+00   1.6203075344566744E+03
   4.6000000000000000E+10   2.2601417736024970E-01   4.4245012046570640E+00   1.5951369390711141E+03
   4.7000000000000000E+10   1.6982938169201223E-01   5.8882626200306909E+00   7.3649824164909103E+02
   4.8000000000000000E+10   1.6815350398706400E-01   5.9469471422785807E+00   7.2934052056977612E+02
   4.9000000000000000E+10   1.6653291672314285E-01   6.0048188651044718E+00   7.2242227469237196E+02
   5.0000000000000000E+10   1.6496499287200708E-01   6.0618921783961728E+00   7.1572820280160977E+02
   5.1000000000000000E+10   1.6344728608523221E-01   6.1181805091491954E+00   7.0924865016501542E+02
   5.2000000000000000E+10   1.6197750293838861E-01   6.1736968520892077E+00   7.0297575598919298E+02
   5.3000000000000000E+10   1.6055347464440675E-01   6.2284544275033378E+00   6.9689891482272196E+02
   5.4000000000000000E+10   1.5917316517905816E-01   6.2824660103672212E+00   6.9100940590748428E+02
   5.5000000000000000E+10   1.5783466330301904E-01   6.3357438668599002E+00   6.8530075644771125E+02
   5.6000000000000000E+10   1.5653614395736776E-01   6.3883009681926737E+00   6.7976059593037223E+02
   5.7000000000000000E+10   1.5527592170806562E-01   6.4401485368742550E+00   6.7438708286822782E+02
   5.8000000000000000E+10   1.5405237006212041E-01   6.4912990277056952E+00   6.6916899608482618E+02
   5.9000000000000000E+10   1.5286397647910233E-01   6.5417636190872468E+00   6.6410241750648856E+02
   6.0000000000000000E+10   1.5170929891122401E-01   6.5915537622065736E+00   6.5918047346666879E+02
   6.1000000000000000E+10   1.5058697508673485E-01   6.6406805729647047E+00   6.5439736050964223E+02
   6.2000000000000000E+10   1.4949571440268233E-01   6.6891549633750413E+00   6.4974748797537950E+02
   6.3000000000000000E+10   1.4843429583580886E-01   6.7369875295272319E+00   6.4522620075322618E+02
   6.4000000000000000E+10   1.4740155358824839E-01   6.7841890106084026E+00   6.4082687148831860E+02
   6.5000000000000000E+10   1.4639639077328148E-01   6.8307694931404566E+00   6.3654597127918339E+02
   6.6000000000000000E+10   1.4541775986450020E-01   6.8767391337330253E+00   6.3237848794651461E+02
   6.7000000000000000E+10   1.4446467136762337E-01   6.9221076027319626E+00   6.2832143758873337E+02
   6.8000000000000000E+10   1.4353617511821351E-01   6.9668848231215597E+00   6.2436927149951998E+02
   6.9000000000000000E+10   1.4263137373622045E-01   7.0110801978909620E+00   6.2051870219863770E+02
   7.0000000000000000E+10   1.4174940922418172E-01   7.0547031234427564E+00   6.1676553028349679E+02
   7.1000000000000000E+10   1.4088947209116029E-01   7.0977624172866953E+00   6.1310815463357903E+02
   7.2000000000000000E+10   1.4005077760164833E-01   7.1402673881921430E+00   6.0954107385273335E+02
   7.3000000000000000E+10   1.3923258683879297E-01   7.1822266805817927E+00   6.0606193317001373E+02
   7.4000000000000000E+10   1.3843419171136134E-01   7.2236489239957749E+00   6.0266758763089058E+02
   7.5000000000000000E+10   1.3765491756647047E-01   7.2645425072963530E+00   5.9935547902776193E+02
   7.6000000000000000E+10   1.3689411815201752E-01   7.3049157516725813E+00   5.9612261804111267E+02
   7.7000000000000000E+10   1.3615117252640191E-01   7.3447769963647138E+00   5.9296510950959657E+02
   7.8000000000000000E+10   1.3542550076864457E-01   7.3841336699825808E+00   5.8988361144888415E+02
   7.9000000000000000E+10   1.3471652911875828E-01   7.4229940939055679E+00   5.8687276577546800E+02
   8.0000000000000000E+10   1.3402371825159465E-01   7.4613658913921528E+00   5.8393055574541029E+02
   8.1000000000000000E+10   1.3334655754186073E-01   7.4992562120403887E+00   5.8105694889649499E+02
   8.2000000000000000E+10   1.3268454460535731E-01   7.5366728127551932E+00   5.7824767881367814E+02
   8.3000000000000000E+10   1.3203720250516482E-01   7.5736230473444319E+00   5.7550011596205593E+02
   8.4000000000000000E+10   1.3140408584675994E-01   7.6101134417248977E+00   5.7281565218147239E+02
   8.5000000000000000E+10   1.3078474705643214E-01   7.6461515773587232E+00   5.7018899256156874E+02
   8.6000000000000000E+10   1.3017877118408414E-01   7.6817440424745831E+00   5.6761983304440412E+02
   8.7000000000000000E+10   1.2958575545503001E-01   7.7168975593697029E+00   5.6510645569865812E+02
   8.8000000000000000E+10   1.2900530934432819E-01   7.7516189456272633E+00   5.6264598987104432E+02
   8.9000000000000000E+10   1.2843706911794275E-01   7.7859141980397268E+00   5.6023953015103552E+02
   9.0000000000000000E+10   1.2788066758270045E-01   7.8197902693407517E+00   5.5788225280274992E+02
   9.1000000000000000E+10   1.2733576995821111E-01   7.8532528631049932E+00   5.5557567977122187E+02
   9.2000000000000000E+10   1.2680204009783469E-01   7.8863084476278589E+00   5.5331652866928096E+02
   9.3000000000000000E+10   1.2627915821711097E-01   7.9189631457687293E+00   5.5110287932191818E+02
   9.4000000000000000E+10   1.2576682331735511E-01   7.9512225372556253E+00   5.4893523107385829E+02
   9.5000000000000000E+10   1.2526474072730368E-01   7.9830924024898611E+00   5.4681244107110444E+02
   9.6000000000000000E+10   1.2477261862751009E-01   8.0145789276519874E+00   5.4473066174995586E+02
   9.7000000000000000E+10   1.2429019292917974E-01   8.0456870846583826E+00   5.4269210396747690E+02
   9.8000000000000000E+10   1.2381719070911312E-01   8.0764229447696447E+00   5.4069255323779748E+02
   9.9000000000000000E+10   1.2335336305969070E-01   8.1067915393283609E+00   5.3873290430427051E+02
   1.0000000000000000E+11   1.2289846435283368E-01   8.1367981712860438E+00   5.3681211049713261E+02
   1.1000000000000000E+11   1.1879212735065302E-01   8.4180662666994746E+00   5.1949650245922658E+02
   1.2000000000000000E+11   1.1536225995135856E-01   8.6683461334897647E+00   5.0508163361615641E+02
   1.3000000000000000E+11   1.1246520254973583E-01   8.8916391677485045E+00   4.9294987543028356E+02
   1.4000000000000000E+11   1.0999487418233825E-01   9.0913327319444210E+00   4.8264730249635255E+02
   1.5000000000000000E+11   1.0787125623217013E-01   9.2703101357020543E+00   4.7382938553715451E+02
   1.6000000000000000E+11   1.0603287877604306E-01   9.4310369721465950E+00   4.6623245685973592E+02
   1.7000000000000000E+11   1.0443175751082603E-01   9.5756312431717330E+00   4.5965165322317307E+02
   1.8000000000000000E+11   1.0302989793256724E-01   9.7059205149800025E+00   4.5392402864871650E+02
   1.9000000000000000E+11   1.0179683401767248E-01   9.8234882219067323E+00   4.4891772432586896E+02
   2.0000000000000000E+11   1.0070786612388408E-01   9.9297109400557364E+00   4.4452708369171859E+02
   2.1000000000000000E+11   9.9742765456682952E-02   1.0025789794592047E+01   4.4066618944289388E+02
   2.2000000000000000E+11   9.8884806483174797E-02   1.0112777033852513E+01   4.3726165845180992E+02
   2.3000000000000000E+11   9.8120058123209952E-02   1.0191596082671436E+01   4.3425588705596800E+02
   2.4000000000000000E+11   9.7436813253507906E-02   1.0263061430367523E+01   4.3159660473543164E+02
   2.5000000000000000E+11   9.6825178862794917E-02   1.0327892101465048E+01   4.2924213098847099E+02
   2.6000000000000000E+11   9.6276735902572144E-02   1.0386725210667263E+01   4.2715656140310813E+02
   2.7000000000000000E+11   9.5784276916954209E-02   1.0440126836965202E+01   4.2530840249028267E+02
   2.8000000000000000E+11   9.5341602485052329E-02   1.0488600715063294E+01   4.2367177799785151E+02
   2.9000000000000000E+11   9.4943349520285991E-02   1.0532596596313846E+01   4.2222356828710457E+02
   3.0000000000000000E+11   9.4584859009205532E-02   1.0572516684754740E+01   4.2094401622405354E+02
   3.1000000000000000E+11   9.4262062731488863E-02   1.0608721801988994E+01   4.1981464669007721E+02
   3.2000000000000000E+11   9.3971400016997927E-02   1.0641535614230671E+01   4.1882097290271730E+02
   3.3000000000000000E+11   9.3709738098120693E-02   1.0671249544555655E+01   4.1794966526846213E+02
   3.4000000000000000E+11   9.3474312170255744E-02   1.0698126327782790E+01   4.1718901351576227E+02
   3.5000000000000000E+11   9.3262671806334838E-02   1.0722403515058588E+01   4.1652764555405508E+02
   3.6000000000000000E+11   9.3072643770962013E-02   1.0744295632783915E+01   4.1595707544617437E+02
   3.7000000000000000E+11   9.2902290410156865E-02   1.0763997266214565E+01   4.1546904574389453E+02
   3.8000000000000000E+11   9.2749877915859147E-02   1.0781685350650061E+01   4.1505488466407490E+02
   3.9000000000000000E+11   9.2613860751244531E-02   1.0797519851655276E+01   4.1471037671414246E+02
   4.0000000000000000E+11   9.2492841567532777E-02   1.0811647507551809E+01   4.1442722890198434E+02
   4.1000000000000000E+11   9.2385568760184930E-02   1.0824201370625392E+01   4.1420087909732973E+02
   4.2000000000000000E+11   9.2290912460472954E-02   1.0835302992895294E+01   4.1402683235096140E+02
   4.3000000000000000E+11   9.2207851567459559E-02   1.0845063440919638E+01   4.1390117850582840E+02
   4.4000000000000000E+11   9.2135458072802920E-02   1.0853584720985785E+01   4.1381890821528879E+02
   4.5000000000000000E+11   9.2072891319074660E-02   1.0860960111859017E+01   4.1377622371050006E+02
   4.6000000000000000E+11   9.2019390616097124E-02   1.0867274748340577E+01   4.1377143948222715E+02
   4.7000000000000000E+11   9.1974256603520529E-02   1.0872607585302546E+01   4.1379988463540246E+02
   4.8000000000000000E+11   9.1936858077234604E-02   1.0877030397970714E+01   4.1386060292405568E+02
   4.9000000000000000E+11   9.1906610614322592E-02   1.0880610146710834E+01   4.1394902476749064E+02
   5.0000000000000000E+11   9.1882987865052904E-02   1.0883407508130714E+01   4.1406508411509827E+02
   5.1000000000000000E+11   9.1865499432397427E-02   1.0885479382125240E+01   4.1420484381307375E+02
   5.2000000000000000E+11   9.1853702108092669E-02   1.0886877469818348E+01   4.1436802721912034E+02
   5.3000000000000000E+11   9.1847182852658263E-02   1.0887650213553153E+01   4.1455159114168589E+02
   5.4000000000000000E+11   9.1845565662860534E-02   1.0887841920106643E+01   4.1475471602442605E+02
   5.5000000000000000E+11   9.1848501882845032E-02   1.0887493856737306E+01   4.1497554780269354E+02
   5.6000000000000000E+11   9.1855670813145870E-02   1.0886644135822758E+01   4.1521281890430487E+02
   5.7000000000000000E+11   9.1866776369533762E-02   1.0885328075271781E+01   4.1546538582341475E+02
   5.8000000000000000E+11   9.1881544520357239E-02   1.0883578472915641E+01   4.1573202824838347E+02
   5.9000000000000000E+11   9.1899721479935428E-02   1.0881425796468070E+01   4.1601152142654314E+02
   6.0000000000000000E+11   9.1921073278312823E-02   1.0878898214909473E+01   4.1630327778645358E+02
   6.1000000000000000E+11   9.1945381725351299E-02   1.0876022060434590E+01   4.1660613156327645E+02
   6.2000000000000000E+11   9.1972444888184055E-02   1.0872821758905671E+01   4.1691928162414030E+02
   6.3000000000000000E+11   9.2002074059447325E-02   1.0869320178084770E+01   4.1724141903446412E+02
   6.4000000000000000E+11   9.2034097698117198E-02   1.0865538153914642E+01   4.1757324593300825E+02
   6.5000000000000000E+11   9.2068350661723433E-02   1.0861495756279915E+01   4.1791269317028360E+02
   6.6000000000000000E+11   9.2104682603208740E-02   1.0857211291938833E+01   4.1825951334210066E+02
   6.7000000000000000E+11   9.2142952218659840E-02   1.0852701980146566E+01   4.1861289564844941E+02
   6.8000000000000000E+11   9.2183030775083150E-02   1.0847983534408783E+01   4.1897357726271474E+02
   6.9000000000000000E+11   9.2224792665284189E-02   1.0843071272920586E+01   4.1933954841997036E+02
   7.0000000000000000E+11   9.2268124280833572E-02   1.0837979072342815E+01   4.1971074951621279E+02
   7.1000000000000000E+11   9.2312919103942015E-02   1.0832719945450163E+01   4.2008695554998695E+02
   7.2000000000000000E+11   9.2359077170727791E-02   1.0827306103887095E+01   4.2046777137643170E+02
   7.3000000000000000E+11   9.2406503911325211E-02   1.0821749094193807E+01   4.2085230706549169E+02
   7.4000000000000000E+11   9.2455113126524907E-02   1.0816059449643410E+01   4.2124089264459047E+02
   7.5000000000000000E+11   9.2504822877619727E-02   1.0810247172982118E+01   4.2163324113077545E+02
   7.6000000000000000E+11   9.2555554899463890E-02   1.0804321805279269E+01   4.2202834964726782E+02
   7.7000000000000000E+11   9.2607238029511110E-02   1.0798292026389239E+01   4.2242637956366480E+02
   7.8000000000000000E+11   9.2659804297409928E-02   1.0792166113262043E+01   4.2282687966031887E+02
   7.9000000000000000E+11   9.2713190255113986E-02   1.0785951785806885E+01   4.2322960611602105E+02
   8.0000000000000000E+11   9.2767336831719269E-02   1.0779656225488164E+01   4.2363457599340205E+02
   8.1000000000000000E+11   9.2822187247507307E-02   1.0773286319288438E+01   4.2404116006348136E+02
   8.2000000000000000E+11   9.2877689470786798E-02   1.0766848375513629E+01   4.2444943573311804E+02
   8.3000000000000000E+11   9.2933794092219094E-02   1.0760348372387449E+01   4.2485922635674643E+02
   8.4000000000000000E+11   9.2990454398002187E-02   1.0753791950730420E+01   4.2527024898630162E+02
   8.5000000000000000E+11   9.3047626313979503E-02   1.0747184421724038E+01   4.2568216480617485E+02
   8.6000000000000000E+11   9.3105268622011877E-02   1.0740530743322305E+01   4.2609479942699403E+02
   8.7000000000000000E+11   9.3163343556294409E-02   1.0733835453165604E+01   4.2650850018713908E+02
   8.8000000000000000E+11   9.3221814432970784E-02   1.0727102943474989E+01   4.2692303636050582E+02
   8.9000000000000000E+11   9.3280645715515448E-02   1.0720337454028465E+01   4.2733770397184230E+02
   9.0000000000000000E+11   9.3339805892075356E-02   1.0713542742484973E+01   4.2775282406575155E+02
   9.1000000000000000E+11   9.3399264011317290E-02   1.0706722484224597E+01   4.2816807172449478E+02
   9.2000000000000000E+11   9.3458991928851168E-02   1.0699880015411296E+01   4.2858366819553191E+02
   9.3000000000000000E+11   9.3518961343106666E-02   1.0693018673840422E+01   4.2899893298435086E+02
   9.4000000000000000E+11   9.3579147646347699E-02   1.0686141358961493E+01   4.2941426541795482E+02
   9.5000000000000000E+11   9.3639526628968572E-02   1.0679250910380377E+01   4.2982954900532997E+02
   9.6000000000000000E+11   9.3700074782148757E-02   1.0672350073625713E+01   4.3024433510760264E+02
   9.7000000000000000E+11   9.3760771451422892E-02   1.0665441255654519E+01   4.3065897496331422E+02
   9.8000000000000000E+11   9.3821595939656888E-02   1.0658526856046755E+01   4.3107318313158061E+02
   9.9000000000000000E+11   9.3882528752413971E-02   1.0651609125667990E+01   4.3148672656681140E+02
   1.0000000000000000E+12   9.3943552557089638E-02   1.0644690058876565E+01   4.3189991163646789E+02
   1.1000000000000000E+12   9.4555449005003525E-02   1.0575805101904638E+01   4.3598830984484084E+02
   1.2000000000000000E+12   9.5162539212623590E-02   1.0508336665604098E+01   4.3997278197328581E+02
   1.3000000000000000E+12   9.5757585486046778E-02   1.0443036913725379E+01   4.4383105814115771E+02
   1.4000000000000000E+12   9.6336663735315325E-02   1.0380263974549679E+01   4.4755342509302415E+02
   1.5000000000000000E+12   9.6897813495593690E-02   1.0320150310156111E+01   4.5113822680707216E+02
   1.6000000000000000E+12   9.7440249277499114E-02   1.0262699525245569E+01   4.5458746028651962E+02
   1.7000000000000000E+12   9.7963892863508317E-02   1.0207842611902793E+01   4.5790562431866078E+02
   1.8000000000000000E+12   9.8469087027612673E-02   1.0155471429521636E+01   4.6109839943819674E+02
   1.9000000000000000E+12   9.8956419248094452E-02   1.0105458621061176E+01   4.6417222156065810E+02
   2.0000000000000000E+12   9.9426610310565613E-02   1.0057669640717247E+01   4.6713340852227833E+02
   2.1000000000000000E+12   9.9880445592675934E-02   1.0011969751097391E+01   4.6998838775105253E+02
   2.2000000000000000E+12   1.0031873058948071E-01   9.9682282074735387E+00   4.7274294469848627E+02
   2.3000000000000000E+12   1.0074226577849957E-01   9.9263203211915485E+00   4.7540317562576331E+02
   2.4000000000000000E+12   1.0115182835652628E-01   9.8861287655160854E+00   4.7797452761726089E+02
   2.5000000000000000E+12   1.0154816329310568E-01   9.8475439394568767E+00   4.8046196004707281E+02
   2.6000000000000000E+12   1.0193197818164133E-01   9.8104639764570685E+00   4.8287012640167751E+02
   2.7000000000000000E+12   1.0230394198038248E-01   9.7747944081349019E+00   4.8520376586590231E+02
   2.8000000000000000E+12   1.0266468316771019E-01   9.7404479237171344E+00   4.8746690109862681E+02
   2.9000000000000000E+12   1.0301479154811743E-01   9.7073438189981456E+00   4.8966355028439727E+02
   3.0000000000000000E+12   1.0335481690749172E-01   9.6754077838002992E+00   4.9179624112119018E+02
   3.1000000000000000E+12   1.0368527926769294E-01   9.6445706378261917E+00   4.9387030844207698E+02
   3.2000000000000000E+12   1.0400665750531148E-01   9.6147691309946346E+00   4.9588704690875147E+02
   3.3000000000000000E+12   1.0431940340539246E-01   9.5859443915139213E+00   4.9784988755028985E+02
   3.4000000000000000E+12   1.0462393864493892E-01   9.5580420021625141E+00   4.9976159756668272E+02
   3.5000000000000000E+12   1.0492065598554637E-01   9.5310117021929202E+00   5.0162416307702478E+02
   3.6000000000000000E+12   1.0520992653594834E-01   9.5048065607984071E+00   5.0344109265312630E+02
   3.7000000000000000E+12   1.0549209259202960E-01   9.4793834820142209E+00   5.0521340478368751E+02
   3.8000000000000000E+12   1.0576747863562039E-01   9.4547020776121631E+00   5.0694371746410292E+02
   3.9000000000000000E+12   1.0603638655339483E-01   9.4307249851111088E+00   5.0863325599105247E+02
   4.0000000000000000E+12   1.0629910227417101E-01   9.4074171710383698E+00   5.1028496485557895E+02
   4.1000000000000000E+12   1.0655589050650742E-01   9.3847463077503885E+00   5.1189915246514238E+02
   4.2000000000000000E+12   1.0680700454318678E-01   9.3626818229478204E+00   5.1347874020177755E+02
   4.3000000000000000E+12   1.0705267744027658E-01   9.3411956049197205E+00   5.1502360762847104E+02
   4.4000000000000000E+12   1.0729313495300782E-01   9.3202608017556710E+00   5.1653712570221342E+02
   4.5000000000000000E+12   1.0752858256356211E-01   9.2998528964043761E+00   5.1801844010639320E+02
   4.6000000000000000E+12   1.0775922203119725E-01   9.2799482137175335E+00   5.1947089587455264E+02
   4.7000000000000000E+12   1.0798523638029309E-01   9.2605251747404278E+00   5.2089412534595294E+02
   4.8000000000000000E+12   1.0820680294338929E-01   9.2415631254087742E+00   5.2228954383975656E+02
   4.9000000000000000E+12   1.0842408886568827E-01   9.2230426878547522E+00   5.2365848892679901E+02
   5.0000000000000000E+12   1.0863725148263655E-01   9.2049456917623669E+00   5.2500178389636255E+02
   5.1000000000000000E+12   1.0884644016115155E-01   9.1872549852752154E+00   5.2632028794773146E+02
   5.2000000000000000E+12   1.0905179641027066E-01   9.1699543970631794E+00   5.2761476780265298E+02
   5.3000000000000000E+12   1.0925345599742958E-01   9.1530285323287828E+00   5.2888667145416866E+02
   5.4000000000000000E+12   1.0945154439467035E-01   9.1364631310647297E+00   5.3013582193550258E+02
   5.5000000000000000E+12   1.0964618559188394E-01   9.1202443076507773E+00   5.3136416998498373E+02
   5.6000000000000000E+12   1.0983749295709494E-01   9.1043592955150867E+00   5.3257148609601995E+02
   5.7000000000000000E+12   1.1002557624448565E-01   9.0887958430494376E+00   5.3375841708210885E+02
   5.8000000000000000E+12   1.1021054171205394E-01   9.0735421899357949E+00   5.3492654518292750E+02
   5.9000000000000000E+12   1.1039248737903773E-01   9.0585874432419811E+00   5.3607525087403269E+02
   6.0000000000000000E+12   1.1057150976011716E-01   9.0439210079475405E+00   5.3720636412964689E+02
   6.1000000000000000E+12   1.1074769861382722E-01   9.0295330062519863E+00   5.3831954379048364E+02
   6.2000000000000000E+12   1.1092114115506371E-01   9.0154139200753143E+00   5.3941560153227374E+02
   6.3000000000000000E+12   1.1109191934792113E-01   9.0015548013728068E+00   5.4049491255336591E+02
   6.4000000000000000E+12   1.1126011344169641E-01   8.9879469745824920E+00   5.4155829026757738E+02
   6.5000000000000000E+12   1.1142579866409079E-01   8.9745822959245274E+00   5.4260597964718602E+02
   6.6000000000000000E+12   1.1158904717514831E-01   8.9614529858868384E+00   5.4363843378035165E+02
   6.7000000000000000E+12   1.1174992851028387E-01   8.9485515859455287E+00   5.4465578531113647E+02
   6.8000000000000000E+12   1.1190851154981918E-01   8.9358707943749422E+00   5.4565961501771289E+02
   6.9000000000000000E+12   1.1206485794689815E-01   8.9234039851623184E+00   5.4664914091816820E+02
   7.0000000000000000E+12   1.1221902865082171E-01   8.9111446786050728E+00   5.4762500048705658E+02
   7.1000000000000000E+12   1.1237108375567303E-01   8.8990865494746583E+00   5.4858772914179440E+02
   7.2000000000000000E+12   1.1252107941140502E-01   8.8872236671650811E+00   5.4953755591410470E+02
   7.3000000000000000E+12   1.1266906919375913E-01   8.8755503809149356E+00   5.5047489619809403E+02
   7.4000000000000000E+12   1.1281510638087491E-01   8.8640611357835510E+00   5.5139993742427316E+02
   7.5000000000000000E+12   1.1295924045338132E-01   8.8527507443067801E+00   5.5231315723941680E+02
   7.6000000000000000E+12   1.1310152042590232E-01   8.8416141200784573E+00   5.5321482415452772E+02
   7.7000000000000000E+12   1.1324199180893026E-01   8.8306465121813602E+00   5.5410497424476773E+02
   7.8000000000000000E+12   1.1338070127651396E-01   8.8198431368067691E+00   5.5498461892043929E+02
   7.9000000000000000E+12   1.1351769042924677E-01   8.8091996605875238E+00   5.5585338081335840E+02
   8.0000000000000000E+12   1.1365300107820607E-01   8.7987117851106049E+00   5.5671147525488425E+02
   8.1000000000000000E+12   1.1378667411939825E-01   8.7883753325163845E+00   5.5755944745741874E+02
   8.2000000000000000E+12   1.1391874714555021E-01   8.7781864272289898E+00   5.5839734651398135E+02
   8.3000000000000000E+12   1.1404925902187764E-01   8.7681411398575939E+00   5.5922551146127637E+02
   8.4000000000000000E+12   1.1417824409449388E-01   8.7582359312900309E+00   5.6004403341207683E+02
   8.5000000000000000E+12   1.1430573962491486E-01   8.7484670785685843E+00   5.6085340250354488E+02
   8.6000000000000000E+12   1.1443177682332525E-01   8.7388313610119930E+00   5.6165315593886760E+02
   8.7000000000000000E+12   1.1455638998962692E-01   8.7293253574990466E+00   5.6244430453702557E+02
   8.8000000000000000E+12   1.1467961112518772E-01   8.7199458577546967E+00   5.6322737658706023E+02
   8.9000000000000000E+12   1.1480146910599631E-01   8.7106899222404479E+00   5.6400138396977979E+02
   9.0000000000000000E+12   1.1492199433649043E-01   8.7015545263860474E+00   5.6476713919998645E+02
   9.1000000000000000E+12   1.1504121489589383E-01   8.6925368521616075E+00   5.6552473130105784E+02
   9.2000000000000000E+12   1.1515915994300775E-01   8.6836340287207712E+00   5.6627429091582223E+02
   9.3000000000000000E+12   1.1527585342606465E-01   8.6748436058326615E+00   5.6701600868309004E+02
   9.4000000000000000E+12   1.1539132398046693E-01   8.6661628058733147E+00   5.6775015476088890E+02
   9.5000000000000000E+12   1.1550559603823377E-01   8.6575891930724111E+00   5.6847676200733213E+02
   9.6000000000000000E+12   1.1561869349997464E-01   8.6491203950528934E+00   5.6919586557847811E+02
   9.7000000000000000E+12   1.1573064130113575E-01   8.6407539849188275E+00   5.6990800792560242E+02
   9.8000000000000000E+12   1.1584146099501633E-01   8.6324878105864151E+00   5.7061296168854972E+02
   9.9000000000000000E+12   1.1595117507015407E-01   8.6243196707145842E+00   5.7131102338488483E+02
   1.0000000000000000E+13   1.1605980701869266E-01   8.6162473097938168E+00   5.7200233783320118E+02
   1.1000000000000000E+13   1.1709086809828044E-01   8.5403756607274293E+00   5.7856895873754195E+02
   1.2000000000000000E+13   1.1803339766414084E-01   8.4721783816260103E+00   5.8458075822992976E+02
   1.3000000000000000E+13   1.1890133343511192E-01   8.4103346119808702E+00   5.9012492475464558E+02
   1.4000000000000000E+13   1.1970557461522827E-01   8.3538298296826827E+00   5.9526969044474106E+02
   1.5000000000000000E+13   1.2045479979192902E-01   8.3018692632205457E+00   6.0006932024433013E+02
   1.6000000000000000E+13   1.2115603019849326E-01   8.2538194620744232E+00   6.0456772394713175E+02
   1.7000000000000000E+13   1.2181503027270194E-01   8.2091676023996722E+00   6.0880125035403057E+02
   1.8000000000000000E+13   1.2243658393838611E-01   8.1674934715855123E+00   6.1279992444423499E+02
   1.9000000000000000E+13   1.2302470570787703E-01   8.1284486253883568E+00   6.1658867473923146E+02
   2.0000000000000000E+13   1.2358280614785146E-01   8.0917405193374918E+00   6.2019004584194170E+02
   2.1000000000000000E+13   1.2411378912306360E-01   8.0571224766046061E+00   6.2362130837652512E+02
   2.2000000000000000E+13   1.2462016737726161E-01   8.0243833806827460E+00   6.2689840631078391E+02
   2.3000000000000000E+13   1.2510411209939637E-01   7.9933423707566940E+00   6.3003533850766121E+02
   2.4000000000000000E+13   1.2556752980902441E-01   7.9638422569982836E+00   6.3304393678681049E+02
   2.5000000000000000E+13   1.2601207959575170E-01   7.9357471379570317E+00   6.3593465969089107E+02
   2.6000000000000000E+13   1.2643924039424112E-01   7.9089371059330311E+00   6.3871715918579253E+02
   2.7000000000000000E+13   1.2685030931461302E-01   7.8833075410152054E+00   6.4139928164884259E+02
   2.8000000000000000E+13   1.2724647081659493E-01   7.8587641258934200E+00   6.4398851924005714E+02
   2.9000000000000000E+13   1.2762875002511118E-01   7.8352252122131452E+00   6.4649139036400243E+02
   3.0000000000000000E+13   1.2799809310547644E-01   7.8126163893391229E+00   6.4891409987038128E+02
   3.1000000000000000E+13   1.2835534445909880E-01   7.7908715388057432E+00   6.5126173802460255E+02
   3.2000000000000000E+13   1.2870127156391087E-01   7.7699310026118678E+00   6.5353914604681427E+02
   3.3000000000000000E+13   1.2903656184501655E-01   7.7497415128053539E+00   6.5575084305053235E+02
   3.4000000000000000E+13   1.2936186366416538E-01   7.7302535049749048E+00   6.5790072957170014E+02
   3.5000000000000000E+13   1.2967772066066491E-01   7.7114248685536140E+00   6.5999244419976981E+02
   3.6000000000000000E+13   1.2998471031309985E-01   7.6932125139276497E+00   6.6202943535935674E+02
   3.7000000000000000E+13   1.3028329348715031E-01   7.6755812140919586E+00   6.6401465839673131E+02
   3.8000000000000000E+13   1.3057390864395460E-01   7.6584978606007201E+00   6.6595109339956366E+02
   3.9000000000000000E+13   1.3085697828846149E-01   7.6419310080322767E+00   6.6784111073480460E+02
   4.0000000000000000E+13   1.3113288679809057E-01   7.6258520987167140E+00   6.6968727481194242E+02
   4.1000000000000000E+13   1.3140198544794027E-01   7.6102350858023149E+00   6.7149167966791140E+02
   4.2000000000000000E+13   1.3166459944168554E-01   7.5950559546030574E+00   6.7325651527164916E+02
   4.3000000000000000E+13   1.3192102739352574E-01   7.5802926929681949E+00   6.7498381517955556E+02
   4.4000000000000000E+13   1.3217154640386974E-01   7.5659249453309112E+00   6.7667496193794284E+02
   4.5000000000000000E+13   1.3241646028923276E-01   7.5519312162229246E+00   6.7833196405810656E+02
   4.6000000000000000E+13   1.3265598309193727E-01   7.5382954970598641E+00   6.7995639616898268E+02
   4.7000000000000000E+13   1.3289036119084105E-01   7.5250002410928909E+00   6.8154946968038280E+02
   4.8000000000000000E+13   1.3311978364762350E-01   7.5120314396473447E+00   6.8311247789070376E+02
   4.9000000000000000E+13   1.3334448478914573E-01   7.4993727830684183E+00   6.8464708578580507E+02
   5.0000000000000000E+13   1.3356463731767829E-01   7.4870116827520681E+00   6.8615412018425366E+02
   5.1000000000000000E+13   1.3378043745286969E-01   7.4749344451224138E+00   6.8763507766451357E+02
   5.2000000000000000E+13   1.3399203257097858E-01   7.4631303131421474E+00   6.8909073280585642E+02
   5.3000000000000000E+13   1.3419959906201601E-01   7.4515870910902091E+00   6.9052212364574757E+02
   5.4000000000000000E+13   1.3440326776512104E-01   7.4402952891559826E+00   6.9192994867155937E+02
   5.5000000000000000E+13   1.3460322444084913E-01   7.4292425322949551E+00   6.9331557255832104E+02
   5.6000000000000000E+13   1.3479954392323842E-01   7.4184227252983144E+00   6.9467967386213093E+02
   5.7000000000000000E+13   1.3499240365585624E-01   7.4078242398687610E+00   6.9602291848264554E+02
   5.8000000000000000E+13   1.3518189019257956E-01   7.3974405785819712E+00   6.9734602070629751E+02
   5.9000000000000000E+13   1.3536817762012582E-01   7.3872605628645589E+00   6.9864996984233790E+02
   6.0000000000000000E+13   1.3555126665599571E-01   7.3772825932923007E+00   6.9993484080691258E+02
   6.1000000000000000E+13   1.3573136066525293E-01   7.3674941082057464E+00   7.0120198759312723E+02
   6.2000000000000000E+13   1.3590851469066162E-01   7.3578907272739915E+00   7.0245186563517689E+02
   6.3000000000000000E+13   1.3608281695644645E-01   7.3484663410520961E+00   7.0368450206607270E+02
   6.4000000000000000E+13   1.3625437627558007E-01   7.3392138097455248E+00   7.0490099704026181E+02
   6.5000000000000000E+13   1.3642331680254513E-01   7.3301252559880883E+00   7.0610185024281554E+02
   6.6000000000000000E+13   1.3658961095878930E-01   7.3212010267875502E+00   7.0728735045917495E+02
   6.7000000000000000E+13   1.3675340797583788E-01   7.3124320249238988E+00   7.0845785883664314E+02
   6.8000000000000000E+13   1.3691478964603906E-01   7.3038128502060635E+00   7.0961422125607032E+02
   6.9000000000000000E+13   1.3707380883650699E-01   7.2953397041205532E+00   7.1075664353795685E+02
   7.0000000000000000E+13   1.3723056824057278E-01   7.2870061883511612E+00   7.1188542013108679E+02
   7.1000000000000000E+13   1.3738503659794724E-01   7.2788130699158096E+00   7.1300103173993205E+02
   7.2000000000000000E+13   1.3753739651251484E-01   7.2707498131899557E+00   7.1410400656783327E+02
   7.3000000000000000E+13   1.3768762259972928E-01   7.2628169556467190E+00   7.1519477854490628E+02
   7.4000000000000000E+13   1.3783580944792259E-01   7.2550087238238499E+00   7.1627314728771023E+02
   7.5000000000000000E+13   1.3798197699728798E-01   7.2473233226659382E+00   7.1733997976327953E+02
   7.6000000000000000E+13   1.3812625203719955E-01   7.2397533796159514E+00   7.1839541356238385E+02
   7.7000000000000000E+13   1.3826859855246831E-01   7.2323001062351375E+00   7.1943978861542962E+02
   7.8000000000000000E+13   1.3840910282982893E-01   7.2249583268340309E+00   7.2047328771733510E+02
   7.9000000000000000E+13   1.3854781673393241E-01   7.2177247074228736E+00   7.2149622161841421E+02
   8.0000000000000000E+13   1.3868482931034559E-01   7.2105940135833038E+00   7.2250891493753704E+02
   8.1000000000000000E+13   1.3882008106398405E-01   7.2035687656678915E+00   7.2351166813428722E+02
   8.2000000000000000E+13   1.3895369855255976E-01   7.1966418340548630E+00   7.2450467092065378E+02
   8.3000000000000000E+13   1.3908563471233282E-01   7.1898151241015942E+00   7.2548799662620104E+02
   8.4000000000000000E+13   1.3921602664320884E-01   7.1830810296206771E+00   7.2646197619637906E+02
   8.5000000000000000E+13   1.3934490005102862E-01   7.1764377428509869E+00   7.2742730205408066E+02
   8.6000000000000000E+13   1.3947215994142145E-01   7.1698896784849531E+00   7.2838310001890375E+02
   8.7000000000000000E+13   1.3959801039499276E-01   7.1634258767048244E+00   7.2933075472705718E+02
   8.8000000000000000E+13   1.3972248403716334E-01   7.1570442430297803E+00   7.3026983198036123E+02
   8.9000000000000000E+13   1.3984546891433750E-01   7.1507500941096014E+00   7.3120072663259441E+02
   9.0000000000000000E+13   1.3996705799692072E-01   7.1445382528651864E+00   7.3212344465785532E+02
   9.1000000000000000E+13   1.4008735456402066E-01   7.1384030565228134E+00   7.3303823564688275E+02
   9.2000000000000000E+13   1.4020631912920442E-01   7.1323461468128944E+00   7.3394521758912299E+02
   9.3000000000000000E+13   1.4032403108111272E-01   7.1263631203835756E+00   7.3484455288077834E+02
   9.4000000000000000E+13   1.4044039227513339E-01   7.1204586073850056E+00   7.3573682526568928E+02
   9.5000000000000000E+13   1.4055563031929935E-01   7.1146207215485173E+00   7.3662184003731318E+02
   9.6000000000000000E+13   1.4066951350034751E-01   7.1088608691145421E+00   7.3749927173132812E+02
   9.7000000000000000E+13   1.4078230583839987E-01   7.1031653732669549E+00   7.3837003154662045E+02
   9.8000000000000000E+13   1.4089400829860346E-01   7.0975338985363523E+00   7.3923405133324979E+02
   9.9000000000000000E+13   1.4100441283864576E-01   7.0919766258969545E+00   7.4009112362488747E+02
   1.0000000000000000E+14   1.4111378182709267E-01   7.0864800521419271E+00   7.4094183316964586E+02
