   1.0000000000000000E+00   0.0000000000000000E+00   1.0000000000000000E+30
   2.0000000000000000E+00   0.0000000000000000E+00   1.0000000000000000E+30
   3.0000000000000000E+00   6.9419675047537122E-03   1.4405138014766294E+02
   4.0000000000000000E+00   6.7610724535591025E-03   1.4790552931785092E+02
   5.0000000000000000E+00   6.4208252522838447E-03   1.5574322002367325E+02
   6.0000000000000000E+00   6.0661639666788952E-03   1.6484882464320864E+02
   7.0000000000000000E+00   5.7344236903018563E-03   1.7438544028255450E+02
   8.0000000000000000E+00   5.4338587845760228E-03   1.8403128230687452E+02
   9.0000000000000000E+00   5.1640242019298874E-03   1.9364742706400997E+02
   1.0000000000000000E+01   4.9219687536759789E-03   2.0317073310413619E+02
   1.0449000000000000E+01   4.8214100252124562E-03   2.0740820522849745E+02
   1.0450999999999999E+01   4.8209726244959963E-03   2.0742702311124285E+02
   1.1000000000000000E+01   4.7042712180757175E-03   2.1257277772539871E+02
   1.2000000000000000E+01   4.5077101744789710E-03   2.2184212411473112E+02
   1.3000000000000000E+01   4.3294544729880662E-03   2.3097598236431591E+02
   1.4000000000000000E+01   4.1670827698975631E-03   2.3997603484717501E+02
   1.5000000000000000E+01   4.0185456139563563E-03   2.4884624838573768E+02
   1.6000000000000000E+01   3.8821128093309708E-03   2.5759169017356209E+02
   1.7000000000000000E+01   3.7563217839351143E-03   2.6621787416529645E+02
   1.8000000000000000E+01   3.6399321215351025E-03   2.7473039787848046E+02
   1.9000000000000000E+01   3.5318872953662797E-03   2.8313474252475930E+02
   2.0000000000000000E+01   3.4312831207103413E-03   2.9143616682758051E+02
   2.0608999999999998E+01   3.3733247123780199E-03   2.9644344534358561E+02
   2.0611000000000001E+01   3.3731382654065335E-03   2.9645983096974510E+02
   2.1000000000000000E+01   3.3373419795710139E-03   2.9963965518707238E+02
   2.2000000000000000E+01   3.2493918213628735E-03   3.0774989751176759E+02
   2.3000000000000000E+01   3.1668490456058605E-03   3.1577128735818440E+02
   2.4000000000000000E+01   3.0892045143773262E-03   3.2370793042219952E+02
   2.5000000000000000E+01   3.0160120811148798E-03   3.3156365860124356E+02
   2.6000000000000000E+01   2.9468791432841614E-03   3.3934204674764709E+02
   2.7000000000000000E+01   2.8814588263711446E-03   3.4704643038727068E+02
   2.8000000000000000E+01   2.8194434871200336E-03   3.5467992338497498E+02
   2.9000000000000000E+01   2.7605592878529456E-03   3.6224543497407035E+02
   3.0000000000000000E+01   2.7045616441408369E-03   3.6974568583652012E+02
   3.1000000000000000E+01   2.6512313878038936E-03   3.7718322308651250E+02
   3.2000000000000000E+01   2.6003715184911534E-03   3.8456043411067770E+02
   3.3000000000000000E+01   2.5518044417515069E-03   3.9187955927908820E+02
   3.4000000000000000E+01   2.5053696110183738E-03   3.9914270357638912E+02
   3.5000000000000000E+01   2.4609215064724278E-03   4.0635184721248407E+02
   3.6000000000000000E+01   2.4183278959290368E-03   4.1350885530592421E+02
   3.7000000000000000E+01   2.3774683330378414E-03   4.2061548669388037E+02
   3.8000000000000000E+01   2.3382328557583635E-03   4.2767340196135780E+02
   3.9000000000000000E+01   2.3005208546329294E-03   4.3468417075469631E+02
   4.0000000000000000E+01   2.2642400855140150E-03   4.4164927844786649E+02
   4.1000000000000000E+01   2.2293058056365635E-03   4.4857013222304727E+02
   4.2000000000000000E+01   2.1956400153744322E-03   4.5544806662191650E+02
   4.3000000000000000E+01   2.1631707908498230E-03   4.6228434861915844E+02
   4.4000000000000000E+01   2.1318316949016404E-03   4.6908018226370291E+02
   4.5000000000000000E+01   2.1015612558398702E-03   4.7583671293005403E+02
   4.6000000000000000E+01   2.0723025050192693E-03   4.8255503121669091E+02
   4.7000000000000000E+01   2.0440025655961095E-03   4.8923617652522950E+02
   4.8000000000000000E+01   2.0166122859462850E-03   4.9588114035056338E+02
   4.9000000000000000E+01   1.9900859121583557E-03   5.0249086930897681E+02
   5.0000000000000000E+01   1.9643807948012881E-03   5.0906626792854473E+02
   5.1000000000000000E+01   1.9394571258311353E-03   5.1560820122355631E+02
   5.2000000000000000E+01   1.9152777020628470E-03   5.2211749707259241E+02
   5.3000000000000000E+01   1.8918077121115513E-03   5.2859494841779917E+02
   5.4000000000000000E+01   1.8690145441143081E-03   5.3504131530120435E+02
   5.5000000000000000E+01   1.8468676118916564E-03   5.4145732675215902E+02
   5.5999000000000002E+01   1.8253594275891808E-03   5.4783731077048037E+02
   5.6000999999999998E+01   1.8253169680090304E-03   5.4785005427893054E+02
   5.7000000000000000E+01   1.8043993084166630E-03   5.5420105479728159E+02
   5.7999000000000002E+01   1.7840456472642745E-03   5.6052377445243030E+02
   5.8000999999999998E+01   1.7840054486897780E-03   5.6053640460259089E+02
   5.9000000000000000E+01   1.7641929959300656E-03   5.6683140807551490E+02
   6.0000000000000000E+01   1.7448791034439198E-03   5.7310560830619750E+02
   6.1000000000000000E+01   1.7260625921042526E-03   5.7935326596754203E+02
   6.2000000000000000E+01   1.7077233654010579E-03   5.8557493576551883E+02
   6.3000000000000000E+01   1.6898424261880545E-03   5.9177115244750928E+02
   6.4000000000000000E+01   1.6724018012643838E-03   5.9794243180315368E+02
   6.5000000000000000E+01   1.6553844721477319E-03   6.0408927160140524E+02
   6.6000000000000000E+01   1.6387743114484664E-03   6.1021215246907821E+02
   6.7000000000000000E+01   1.6225560243181808E-03   6.1631153871572053E+02
   6.8000000000000000E+01   1.6067150945097523E-03   6.2238787910629810E+02
   6.9000000000000000E+01   1.5912377346171472E-03   6.2844160758957912E+02
   7.0000000000000000E+01   1.5761108401278164E-03   6.3447314398199558E+02
   7.1000000000000000E+01   1.5613219469451777E-03   6.4048289461155753E+02
   7.2000000000000000E+01   1.5468591920764826E-03   6.4647125292484691E+02
   7.3000000000000000E+01   1.5327112772150276E-03   6.5243860005846875E+02
   7.4000000000000000E+01   1.5188674349647883E-03   6.5838530537932229E+02
   7.5000000000000000E+01   1.5053173974900645E-03   6.6431172699350964E+02
   7.6000000000000000E+01   1.4920513673826103E-03   6.7021821222832455E+02
   7.7000000000000000E+01   1.4790599905682422E-03   6.7610509808720383E+02
   7.8000000000000000E+01   1.4663343310851945E-03   6.8197271168023940E+02
   7.9000000000000000E+01   1.4538658475827962E-03   6.8782137063237610E+02
   8.0000000000000000E+01   1.4416463714067012E-03   6.9365138346947037E+02
   8.1000000000000000E+01   1.4296680861440897E-03   6.9946304998460653E+02
   8.2000000000000000E+01   1.4179235085164761E-03   7.0525666158555009E+02
   8.3000000000000000E+01   1.4064054705168816E-03   7.1103250162449990E+02
   8.4000000000000000E+01   1.3951071026969367E-03   7.1679084571131534E+02
   8.5000000000000000E+01   1.3840218185179074E-03   7.2253196201116214E+02
   8.6000000000000000E+01   1.3731432996868685E-03   7.2825611152750048E+02
   8.7000000000000000E+01   1.3624654824058143E-03   7.3396354837131003E+02
   8.8000000000000000E+01   1.3519825444669445E-03   7.3965452001769529E+02
   8.9000000000000000E+01   1.3416888931355310E-03   7.4532926754949665E+02
   9.0000000000000000E+01   1.3315791537616573E-03   7.5098802589019249E+02
   9.1000000000000000E+01   1.3216481590712158E-03   7.5663102402590050E+02
   9.2000000000000000E+01   1.3118909390902188E-03   7.6225848521637681E+02
   9.3000000000000000E+01   1.3023027116555097E-03   7.6787062719756068E+02
   9.4000000000000000E+01   1.2928788734760544E-03   7.7346766237380336E+02
   9.5000000000000000E+01   1.2836149917044297E-03   7.7904979800225340E+02
   9.6000000000000000E+01   1.2745067959858726E-03   7.8461723636904389E+02
   9.7000000000000000E+01   1.2655501709538757E-03   7.9017017495740697E+02
   9.8000000000000000E+01   1.2567411491426431E-03   7.9570880660843056E+02
   9.9000000000000000E+01   1.2480759042880916E-03   8.0123331967570107E+02
   1.0000000000000000E+02   1.2395507449957240E-03   8.0674389817211545E+02
   1.1000000000000000E+02   1.1612770845448937E-03   8.6112092738995341E+02
   1.2000000000000000E+02   1.0937574849617798E-03   9.1427945751150139E+02
   1.3000000000000000E+02   1.0348222949846005E-03   9.6634949290001680E+02
   1.3099900000000000E+02   1.0293405519479807E-03   9.7149577766808579E+02
   1.3100100000000000E+02   1.0293296460611267E-03   9.7150607079728002E+02
   1.4000000000000000E+02   9.8286059206018159E-04   1.0174382899042606E+03
   1.4099900000000000E+02   9.7800301661073999E-04   1.0224917336814467E+03
   1.4100100000000000E+02   9.7799334836571532E-04   1.0225018418285352E+03
   1.5000000000000000E+02   9.3664912486984744E-04   1.0676356529334885E+03
   1.6000000000000000E+02   8.9524093541470495E-04   1.1170177328148732E+03
   1.7000000000000000E+02   8.5789058249430359E-04   1.1656498164282391E+03
   1.8000000000000000E+02   8.2400259023242544E-04   1.2135884181115637E+03
   1.9000000000000000E+02   7.9309507564492442E-04   1.2608828761001018E+03
   1.9299900000000000E+02   7.8434599109903963E-04   1.2749475503773306E+03
   1.9300100000000000E+02   7.8434023177408507E-04   1.2749569121784282E+03
   2.0000000000000000E+02   7.6477355677051083E-04   1.3075765906745057E+03
   2.1000000000000000E+02   7.3871174685160744E-04   1.3537079980953388E+03
   2.2000000000000000E+02   7.1463724104680389E-04   1.3993113464604721E+03
   2.3000000000000000E+02   6.9232069262070402E-04   1.4444173208439140E+03
   2.4000000000000000E+02   6.7156751918984528E-04   1.4890535522122391E+03
   2.5000000000000000E+02   6.5221147094366794E-04   1.5332450356218451E+03
   2.6000000000000000E+02   6.3410958789336062E-04   1.5770144768228486E+03
   2.7000000000000000E+02   6.1713820627415307E-04   1.6203825817839049E+03
   2.8000000000000000E+02   6.0118976646707819E-04   1.6633683002898574E+03
   2.9000000000000000E+02   5.8617023971789756E-04   1.7059890322669125E+03
   3.0000000000000000E+02   5.7199703724476162E-04   1.7482608036168779E+03
   3.1000000000000000E+02   5.5859729879266095E-04   1.7901984169300079E+03
   3.2000000000000000E+02   5.4590648217001515E-04   1.8318155813518326E+03
   3.3000000000000000E+02   5.3386719339439538E-04   1.8731250250495320E+03
   3.4000000000000000E+02   5.2242821059337815E-04   1.9141385930598813E+03
   3.5000000000000000E+02   5.1154366499697940E-04   1.9548673327933893E+03
   3.6000000000000000E+02   5.0117235011508192E-04   1.9953215690577797E+03
   3.7000000000000000E+02   4.9127713614397102E-04   2.0355109701399692E+03
   3.8000000000000000E+02   4.8182447124868775E-04   2.0754446062243742E+03
   3.9000000000000000E+02   4.7278395495413395E-04   2.1151310012138902E+03
   4.0000000000000000E+02   4.6412797169169038E-04   2.1545781788482191E+03
   4.1000000000000000E+02   4.5583137477069220E-04   2.1937937038736181E+03
   4.2000000000000000E+02   4.4787121281067248E-04   2.2327847189025024E+03
   4.3000000000000000E+02   4.4022649208279004E-04   2.2715579775056740E+03
   4.4000000000000000E+02   4.3287796934438788E-04   2.3101198740017717E+03
   4.5000000000000000E+02   4.2580797066956545E-04   2.3484764703383580E+03
   4.6000000000000000E+02   4.1900023252341263E-04   2.3866335204100938E+03
   4.7000000000000000E+02   4.1243976193781326E-04   2.4245964921073200E+03
   4.8000000000000000E+02   4.0611271314637993E-04   2.4623705873486369E+03
   4.9000000000000000E+02   4.0000627844665707E-04   2.4999607603243044E+03
   5.0000000000000000E+02   3.9410859140019889E-04   2.5373717341384900E+03
   5.1000000000000000E+02   3.8840864076244373E-04   2.5746080160240681E+03
   5.2000000000000000E+02   3.8289619377147323E-04   2.6116739112764267E+03
   5.3000000000000000E+02   3.7756172762213664E-04   2.6485735360359381E+03
   5.4000000000000000E+02   3.7239636811781839E-04   2.6853108290347805E+03
   5.5000000000000000E+02   3.6739183463198804E-04   2.7218895624114457E+03
   5.6000000000000000E+02   3.6254039063094372E-04   2.7583133516783046E+03
   5.7000000000000000E+02   3.5783479910814474E-04   2.7945856649279667E+03
   5.8000000000000000E+02   3.5326828236774730E-04   2.8307098313428951E+03
   5.9000000000000000E+02   3.4883448566615038E-04   2.8666890490782589E+03
   6.0000000000000000E+02   3.4452744428446899E-04   2.9025263925689515E+03
   6.1000000000000000E+02   3.4034155365740229E-04   2.9382248193138039E+03
   6.2000000000000000E+02   3.3627154223025209E-04   2.9737871761841789E+03
   6.2599900000000002E+02   3.3388347535004507E-04   2.9950568801034410E+03
   6.2600099999999998E+02   3.3388268573564240E-04   2.9950639632501579E+03
   6.3000000000000000E+02   3.3231244675635134E-04   3.0092162052936633E+03
   6.3799900000000002E+02   3.2922225971365049E-04   3.0374616858221430E+03
   6.3800099999999998E+02   3.2922149537829599E-04   3.0374687377291020E+03
   6.4000000000000000E+02   3.2845958978081747E-04   3.0445145494680323E+03
   6.5000000000000000E+02   3.2470855908657862E-04   3.0796847573499449E+03
   6.6000000000000000E+02   3.2105518890512185E-04   3.1147292881645963E+03
   6.7000000000000000E+02   3.1749554271635292E-04   3.1496505161755590E+03
   6.8000000000000000E+02   3.1402589748179966E-04   3.1844507348568545E+03
   6.9000000000000000E+02   3.1064272917318209E-04   3.2191321607997597E+03
   7.0000000000000000E+02   3.0734269947288776E-04   3.2536969373766278E+03
   7.1000000000000000E+02   3.0412264353624175E-04   3.2881471381818760E+03
   7.2000000000000000E+02   3.0097955871770247E-04   3.3224847702628517E+03
   7.3000000000000000E+02   2.9791059417268965E-04   3.3567117771593271E+03
   7.4000000000000000E+02   2.9491304125643653E-04   3.3908300417629462E+03
   7.5000000000000000E+02   2.9198432464872171E-04   3.4248413890131692E+03
   7.6000000000000000E+02   2.8912199414124777E-04   3.4587475884365263E+03
   7.7000000000000000E+02   2.8632371702997115E-04   3.4925503565438989E+03
   7.8000000000000000E+02   2.8358727106092129E-04   3.5262513590928288E+03
   7.9000000000000000E+02   2.8091053788250513E-04   3.5598522132276312E+03
   8.0000000000000000E+02   2.7829149696246072E-04   3.5933544895009572E+03
   8.1000000000000000E+02   2.7572821993092957E-04   3.6267597137880994E+03
   8.2000000000000000E+02   2.7321886531510775E-04   3.6600693690996923E+03
   8.3000000000000000E+02   2.7076167363406428E-04   3.6932848972986667E+03
   8.4000000000000000E+02   2.6835496282490379E-04   3.7264077007306182E+03
   8.5000000000000000E+02   2.6599712397460811E-04   3.7594391437685599E+03
   8.6000000000000000E+02   2.6368661733358384E-04   3.7923805542809300E+03
   8.7000000000000000E+02   2.6142196858943540E-04   3.8252332250259565E+03
   8.8000000000000000E+02   2.5920176538117015E-04   3.8579984149777929E+03
   8.8099900000000002E+02   2.5898235637042747E-04   3.8612668986982299E+03
   8.8100099999999998E+02   2.5898191754356872E-04   3.8612734413466123E+03
   8.9000000000000000E+02   2.5702465403594699E-04   3.8906773505865399E+03
   9.0000000000000000E+02   2.5488933651160575E-04   3.9232712269799790E+03
   9.1000000000000000E+02   2.5279456753020142E-04   3.9557812091058090E+03
   9.2000000000000000E+02   2.5073915188847650E-04   3.9882084328209708E+03
   9.3000000000000000E+02   2.4872194193264693E-04   4.0205540059300311E+03
   9.3699900000000002E+02   2.4733223250030434E-04   4.0431446798943593E+03
   9.3700099999999998E+02   2.4733183794614633E-04   4.0431511296889271E+03
   9.4000000000000000E+02   2.4674183518579734E-04   4.0528190091761180E+03
   9.5000000000000000E+02   2.4479777211728633E-04   4.0850044971850684E+03
   9.6000000000000000E+02   2.4288873404402611E-04   4.1171114993696647E+03
   9.7000000000000000E+02   2.4101374115488282E-04   4.1491410207908830E+03
   9.8000000000000000E+02   2.3917185064957161E-04   4.1810940429824004E+03
   9.9000000000000000E+02   2.3736215498442999E-04   4.2129715247386266E+03
   1.0000000000000000E+03   2.3558378021790565E-04   4.2447744028686520E+03
   1.0779990000000000E+03   2.2269868861928414E-04   4.4903721984171898E+03
   1.0780010000000000E+03   2.2269837897880403E-04   4.4903784418438809E+03
   1.1000000000000000E+03   2.1935155760735353E-04   4.5588917211613007E+03
   1.2000000000000000E+03   2.0548901240220670E-04   4.8664402456842081E+03
   1.3000000000000000E+03   1.9349531912804511E-04   5.1680836751314500E+03
   1.4000000000000000E+03   1.8300368578269685E-04   5.4643708170305663E+03
   1.5000000000000000E+03   1.7373893171214889E-04   5.7557623391906354E+03
   1.6000000000000000E+03   1.6549030869824740E-04   6.0426499162762784E+03
   1.7000000000000000E+03   1.5809351176502919E-04   6.3253702750703487E+03
   1.8000000000000000E+03   1.5141843371081068E-04   6.6042157186084014E+03
   1.9000000000000000E+03   1.4536062327073754E-04   6.8794421590878637E+03
   2.0000000000000000E+03   1.3983519737336317E-04   7.1512753497245576E+03
   2.1000000000000000E+03   1.3477241903668666E-04   7.4199157895042927E+03
   2.2000000000000000E+03   1.3011443013236020E-04   7.6855426333784826E+03
   2.3000000000000000E+03   1.2581280029549493E-04   7.9483168457526808E+03
   2.4000000000000000E+03   1.2182666259003232E-04   8.2083837703506015E+03
   2.5000000000000000E+03   1.1812127761567493E-04   8.4658752443708599E+03
   2.6000000000000000E+03   1.1466691490665844E-04   8.7209113527997470E+03
   2.7000000000000000E+03   1.1143797235786485E-04   8.9736018956685912E+03
   2.8000000000000000E+03   1.0841227633961965E-04   9.2240476241577326E+03
   2.9000000000000000E+03   1.0557052047593693E-04   9.4723412889484971E+03
   3.0000000000000000E+03   1.0289581191020241E-04   9.7185685348661627E+03
   3.1000000000000000E+03   1.0037330167125725E-04   9.9628086687354498E+03
   3.2000000000000000E+03   9.7989881412826352E-05   1.0205135321952797E+04
   3.3000000000000000E+03   9.5733932959699499E-05   1.0445617025062198E+04
   3.4000000000000000E+03   9.3595120184293562E-05   1.0684317708347926E+04
   3.5000000000000000E+03   9.1564215055437535E-05   1.0921297139876648E+04
   3.6000000000000000E+03   8.9632951456327460E-05   1.1156611310375489E+04
   3.7000000000000000E+03   8.7793901708808374E-05   1.1390312772711297E+04
   3.8000000000000000E+03   8.6040371773169158E-05   1.1622450942405625E+04
   3.9000000000000000E+03   8.4366311892979066E-05   1.1853072364577547E+04
   4.0000000000000000E+03   8.2766240080081764E-05   1.2082220951832953E+04
   4.1000000000000000E+03   8.1235176326938812E-05   1.2309938196913658E+04
   4.2000000000000000E+03   7.9768585823141868E-05   1.2536263363338800E+04
   4.3000000000000000E+03   7.8362329763309235E-05   1.2761233656789766E+04
   4.4000000000000000E+03   7.7012622582297416E-05   1.2984884379588264E+04
   4.5000000000000000E+03   7.5715994654016353E-05   1.3207249070285510E+04
   4.5629989999999998E+03   7.4924939856750006E-05   1.3346690726905001E+04
   4.5630010000000002E+03   7.4924915049777178E-05   1.3346695145875567E+04
   4.6000000000000000E+03   7.4469259652433406E-05   1.3428359630097699E+04
   4.7000000000000000E+03   7.3269485905420683E-05   1.3648246437689519E+04
   4.8000000000000000E+03   7.2113971180130733E-05   1.3866938453606144E+04
   4.8579989999999998E+03   7.1463072075738759E-05   1.3993241137746913E+04
   4.8580010000000002E+03   7.1463049867414617E-05   1.3993245486377926E+04
   4.9000000000000000E+03   7.1000220427343876E-05   1.4084463315481149E+04
   5.0000000000000000E+03   6.9925926085369095E-05   1.4300847425018723E+04
   5.1000000000000000E+03   6.8888950604880831E-05   1.4516116027599199E+04
   5.1949989999999998E+03   6.7936592511399815E-05   1.4719607843625648E+04
   5.1950010000000002E+03   6.7936572785931676E-05   1.4719612117482036E+04
   5.2000000000000000E+03   6.7887310906401382E-05   1.4730293285275879E+04
   5.3000000000000000E+03   6.6919164524343992E-05   1.4943402343826605E+04
   5.4000000000000000E+03   6.5982797226819560E-05   1.5155465394448862E+04
   5.5000000000000000E+03   6.5076611930111114E-05   1.5366503730617507E+04
   5.6000000000000000E+03   6.4199118751766043E-05   1.5576537800567416E+04
   5.7000000000000000E+03   6.3348926067477291E-05   1.5785587255809696E+04
   5.8000000000000000E+03   6.2524732454930244E-05   1.5993670996046741E+04
   5.9000000000000000E+03   6.1725319423137716E-05   1.6200807210811299E+04
   6.0000000000000000E+03   6.0949544838891101E-05   1.6407013418120117E+04
   6.1000000000000000E+03   6.0196336973175923E-05   1.6612306500404000E+04
   6.2000000000000000E+03   5.9464689100052518E-05   1.6816702737946660E+04
   6.3000000000000000E+03   5.8753654588794306E-05   1.7020217840044344E+04
   6.4000000000000000E+03   5.8062342437255324E-05   1.7222866974074346E+04
   6.5000000000000000E+03   5.7389913200631598E-05   1.7424664792645039E+04
   6.6000000000000000E+03   5.6735575275174046E-05   1.7625625458980285E+04
   6.7000000000000000E+03   5.6098581501077627E-05   1.7825762670679840E+04
   6.8000000000000000E+03   5.5478226052856372E-05   1.8025089681981888E+04
   6.9000000000000000E+03   5.4873841589072128E-05   1.8223619324642754E+04
   7.0000000000000000E+03   5.4284796636395743E-05   1.8421364027539545E+04
   7.1000000000000000E+03   5.3710493185716454E-05   1.8618335835090340E+04
   7.2000000000000000E+03   5.3150364480409190E-05   1.8814546424579879E+04
   7.3000000000000000E+03   5.2603872978984644E-05   1.9010007122469902E+04
   7.4000000000000000E+03   5.2070508476210296E-05   1.9204728919766068E+04
   7.5000000000000000E+03   5.1549786368430622E-05   1.9398722486508803E+04
   7.6000000000000000E+03   5.1041246050262590E-05   1.9591998185452911E+04
   7.7000000000000000E+03   5.0544449431166175E-05   1.9784566084983227E+04
   7.8000000000000000E+03   5.0058979561488571E-05   1.9976435971326136E+04
   7.9000000000000000E+03   4.9584439358633038E-05   2.0167617360100136E+04
   8.0000000000000000E+03   4.9120450424893778E-05   2.0358119507251293E+04
   8.1000000000000000E+03   4.8666651949317622E-05   2.0547951419411780E+04
   8.2000000000000000E+03   4.8222699686667322E-05   2.0737121863720156E+04
   8.3000000000000000E+03   4.7788265007212766E-05   2.0925639377137220E+04
   8.4000000000000000E+03   4.7363034011654110E-05   2.1113512275289228E+04
   8.5000000000000000E+03   4.6946706706000619E-05   2.1300748660867888E+04
   8.6000000000000000E+03   4.6538996231695311E-05   2.1487356431614477E+04
   8.7000000000000000E+03   4.6139628146696414E-05   2.1673343287912907E+04
   8.8000000000000000E+03   4.5748339753601829E-05   2.1858716740016098E+04
   8.9000000000000000E+03   4.5364879471248379E-05   2.2043484114926086E+04
   9.0000000000000000E+03   4.4989006246518289E-05   2.2227652562950097E+04
   9.1000000000000000E+03   4.4620489003372452E-05   2.2411229063949060E+04
   9.2000000000000000E+03   4.4259106126372282E-05   2.2594220433298335E+04
   9.3000000000000000E+03   4.3904644976187047E-05   2.2776633327575684E+04
   9.4000000000000000E+03   4.3556901434787547E-05   2.2958474249991785E+04
   9.5000000000000000E+03   4.3215679478211434E-05   2.3139749555579292E+04
   9.6000000000000000E+03   4.2880790774965646E-05   2.3320465456150425E+04
   9.7000000000000000E+03   4.2552054308273057E-05   2.3500628025039397E+04
   9.8000000000000000E+03   4.2229296020523921E-05   2.3680243201638710E+04
   9.9000000000000000E+03   4.1912348478415098E-05   2.3859316795741026E+04
   1.0000000000000000E+04   4.1601050557379555E-05   2.4037854491696518E+04
   1.1000000000000000E+04   3.8767315026036192E-05   2.5794925424378722E+04
   1.2000000000000000E+04   3.6358529600089464E-05   2.7503862532370935E+04
   1.3000000000000000E+04   3.4283233067440392E-05   2.9168777578031990E+04
   1.4000000000000000E+04   3.2474794794218688E-05   3.0793112207071583E+04
   1.5000000000000000E+04   3.0883462540623474E-05   3.2379788978797980E+04
   1.6000000000000000E+04   2.9471296388505135E-05   3.3931320387726009E+04
   1.7000000000000000E+04   2.8208832642604518E-05   3.5449889496301759E+04
   1.8000000000000000E+04   2.7072823392710423E-05   3.6937410830569606E+04
   1.9000000000000000E+04   2.6044666406410591E-05   3.8395577213224038E+04
   2.0000000000000000E+04   2.5109290471573155E-05   3.9825896360238643E+04
   2.1000000000000000E+04   2.4254348630131435E-05   4.1229719884445360E+04
   2.2000000000000000E+04   2.3469624100133560E-05   4.2608266571866799E+04
   2.3000000000000000E+04   2.2746585988484247E-05   4.3962641273123932E+04
   2.4000000000000000E+04   2.2078052347920941E-05   4.5293850392295528E+04
   2.5000000000000000E+04   2.1457931379594408E-05   4.6602814703329612E+04
   2.6000000000000000E+04   2.0881020344301651E-05   4.7890380044234582E+04
   2.7000000000000000E+04   2.0342847650296131E-05   4.9157326309005868E+04
   2.8000000000000000E+04   1.9839547634086649E-05   5.0404375061550490E+04
   2.9000000000000000E+04   1.9367760370339425E-05   5.1632196024659657E+04
   3.0000000000000000E+04   1.8924550839466692E-05   5.2841412643439042E+04
   3.1000000000000000E+04   1.8507343208300576E-05   5.4032606881764550E+04
   3.2000000000000000E+04   1.8113867013685548E-05   5.5206323378904759E+04
   3.3000000000000000E+04   1.7742112797411782E-05   5.6363073069058613E+04
   3.3175999000000003E+04   1.7678795221009633E-05   5.6564940511986446E+04
   3.3176000999999997E+04   1.7678794504959204E-05   5.6564942803056118E+04
   3.4000000000000000E+04   1.7390295303181015E-05   5.7503336347432880E+04
   3.5000000000000000E+04   1.7056822767212793E-05   5.8627565851374988E+04
   3.6000000000000000E+04   1.6740271152125837E-05   5.9736188913105558E+04
   3.7000000000000000E+04   1.6439362416169181E-05   6.0829609730875891E+04
   3.8000000000000000E+04   1.6152946096140684E-05   6.1908211297685411E+04
   3.9000000000000000E+04   1.5879983626612220E-05   6.2972357120328888E+04
   4.0000000000000000E+04   1.5619534930611828E-05   6.4022392756403890E+04
   4.1000000000000000E+04   1.5370746905306460E-05   6.5058647192659788E+04
   4.2000000000000000E+04   1.5132843496103770E-05   6.6081434084576947E+04
   4.3000000000000000E+04   1.4905117108173538E-05   6.7091052874158820E+04
   4.4000000000000000E+04   1.4686921148861838E-05   6.8087789800484839E+04
   4.5000000000000000E+04   1.4477663530244149E-05   6.9071918815558791E+04
   4.6000000000000000E+04   1.4276800990003991E-05   7.0043702416259606E+04
   4.7000000000000000E+04   1.4083834112339956E-05   7.1003392401776538E+04
   4.8000000000000000E+04   1.3898302949818890E-05   7.1951230564666257E+04
   4.9000000000000000E+04   1.3719783162849879E-05   7.2887449322652392E+04
   5.0000000000000000E+04   1.3547882606449378E-05   7.3812272297366741E+04
   5.1000000000000000E+04   1.3382238304711642E-05   7.4725914845494743E+04
   5.2000000000000000E+04   1.3222513762332649E-05   7.5628584547117556E+04
   5.3000000000000000E+04   1.3068396569984461E-05   7.6520481655477430E+04
   5.4000000000000000E+04   1.2919596266571324E-05   7.7401799511911973E+04
   5.5000000000000000E+04   1.2775842426640596E-05   7.8272724929259304E+04
   5.6000000000000000E+04   1.2636882945633847E-05   7.9133438546687568E+04
   5.7000000000000000E+04   1.2502482499400519E-05   7.9984115158565430E+04
   5.8000000000000000E+04   1.2372421157564326E-05   8.0824924019710888E+04
   5.9000000000000000E+04   1.2246493133028452E-05   8.1656029129108632E+04
   6.0000000000000000E+04   1.2124505652206138E-05   8.2477589493971929E+04
   6.1000000000000000E+04   1.2006277932533911E-05   8.3289759375822759E+04
   6.2000000000000000E+04   1.1891640255512290E-05   8.4092688520110314E+04
   6.3000000000000000E+04   1.1780433124974184E-05   8.4886522370729188E+04
   6.4000000000000000E+04   1.1672506501539069E-05   8.5671402270638777E+04
   6.5000000000000000E+04   1.1567719105282258E-05   8.6447465649763428E+04
   6.6000000000000000E+04   1.1465937779610442E-05   8.7214846201090710E+04
   6.7000000000000000E+04   1.1367036910129223E-05   8.7973674045950815E+04
   6.8000000000000000E+04   1.1270897893014992E-05   8.8724075889263317E+04
   6.9000000000000000E+04   1.1177408648014119E-05   8.9466175165535285E+04
   7.0000000000000000E+04   1.1086463171742298E-05   9.0200092176271995E+04
   7.1000000000000000E+04   1.0997961127426372E-05   9.0925944219445490E+04
   7.2000000000000000E+04   1.0911807467652151E-05   9.1643845711581831E+04
   7.3000000000000000E+04   1.0827912087046226E-05   9.2353908302998854E+04
   7.4000000000000000E+04   1.0746189502145508E-05   9.3056240986662975E+04
   7.5000000000000000E+04   1.0666558555990013E-05   9.3750950201124680E+04
   7.6000000000000000E+04   1.0588942145232121E-05   9.4438139927912416E+04
   7.7000000000000000E+04   1.0513266967774551E-05   9.5117911783769741E+04
   7.8000000000000000E+04   1.0439463289149085E-05   9.5790365108081111E+04
   7.9000000000000000E+04   1.0367464726025748E-05   9.6455597045791830E+04
   8.0000000000000000E+04   1.0297208045397714E-05   9.7113702626115744E+04
   8.1000000000000000E+04   1.0228632978127635E-05   9.7764774837297125E+04
   8.2000000000000000E+04   1.0161682045664954E-05   9.8408904697683116E+04
   8.3000000000000000E+04   1.0096300398857500E-05   9.9046181323325174E+04
   8.4000000000000000E+04   1.0032435667878828E-05   9.9676691992327687E+04
   8.5000000000000000E+04   9.9700378223834692E-06   1.0030052220613712E+05
   8.6000000000000000E+04   9.9090590410812225E-06   1.0091775574796512E+05
   8.7000000000000000E+04   9.8494535899971818E-06   1.0152847473849423E+05
   8.8000000000000000E+04   9.7911777087446245E-06   1.0213275968905023E+05
   8.9000000000000000E+04   9.7341895042013431E-06   1.0273068955236523E+05
   9.0000000000000000E+04   9.6784488510294351E-06   1.0332234177108211E+05
   9.1000000000000000E+04   9.6239172985279219E-06   1.0390779232412571E+05
   9.2000000000000000E+04   9.5705579833522938E-06   1.0448711577104188E+05
   9.3000000000000000E+04   9.5183355476682568E-06   1.0506038529446191E+05
   9.4000000000000000E+04   9.4672160623527433E-06   1.0562767274073233E+05
   9.5000000000000000E+04   9.4171669548766101E-06   1.0618904865885993E+05
   9.6000000000000000E+04   9.3681569415401393E-06   1.0674458233783588E+05
   9.7000000000000000E+04   9.3201559637561791E-06   1.0729434184242808E+05
   9.8000000000000000E+04   9.2731351280993609E-06   1.0783839404753310E+05
   9.9000000000000000E+04   9.2270666498647806E-06   1.0837680467114160E+05
   1.0000000000000000E+05   9.1819237998958353E-06   1.0890963830600998E+05
   1.1000000000000000E+05   8.7761867595798388E-06   1.1394470370727108E+05
   1.2000000000000000E+05   8.4398295659376160E-06   1.1848580497832672E+05
   1.3000000000000000E+05   8.1577495176356751E-06   1.2258282726604553E+05
   1.4000000000000000E+05   7.9189732167757680E-06   1.2627899762074873E+05
   1.5000000000000000E+05   7.7153269370292322E-06   1.2961213544957666E+05
   1.6000000000000000E+05   7.5405917193307312E-06   1.3261558737312932E+05
   1.7000000000000000E+05   7.3899482802268066E-06   1.3531894433898648E+05
   1.8000000000000000E+05   7.2596017016065578E-06   1.3774860400105684E+05
   1.9000000000000000E+05   7.1465212534190890E-06   1.3992822025423532E+05
   2.0000000000000000E+05   7.0482560262730151E-06   1.4187906856283444E+05
   2.1000000000000000E+05   6.9628017187274769E-06   1.4362034715283551E+05
   2.2000000000000000E+05   6.8885027011704490E-06   1.4516942844924584E+05
   2.3000000000000000E+05   6.8239788841219925E-06   1.4654207127264069E+05
   2.4000000000000000E+05   6.7680703351915253E-06   1.4775260162418240E+05
   2.5000000000000000E+05   6.7197947984420949E-06   1.4881406798788533E+05
   2.6000000000000000E+05   6.6783147289921967E-06   1.4973837571008081E+05
   2.7000000000000000E+05   6.6429114376227202E-06   1.5053640401351900E+05
   2.8000000000000000E+05   6.6129646124620844E-06   1.5121810845857352E+05
   2.9000000000000000E+05   6.5879359524712307E-06   1.5179261110225055E+05
   3.0000000000000000E+05   6.5673559774954040E-06   1.5226828017648749E+05
   3.1000000000000000E+05   6.5508133157145741E-06   1.5265280077530624E+05
   3.2000000000000000E+05   6.5379459402779148E-06   1.5295323778059447E+05
   3.3000000000000000E+05   6.5284339521465743E-06   1.5317609205055927E+05
   3.4000000000000000E+05   6.5219935988890655E-06   1.5332735073066258E+05
   3.5000000000000000E+05   6.5183722885257453E-06   1.5341253241400383E+05
   3.6000000000000000E+05   6.5173444098648019E-06   1.5343672777003731E+05
   3.7000000000000000E+05   6.5187078106372416E-06   1.5340463617163480E+05
   3.8000000000000000E+05   6.5222808153462872E-06   1.5332059877690303E+05
   3.9000000000000000E+05   6.5278996884294105E-06   1.5318862846077167E+05
   4.0000000000000000E+05   6.5354164667896587E-06   1.5301243693980260E+05
   4.1000000000000000E+05   6.5446971002432410E-06   1.5279545938998979E+05
   4.2000000000000000E+05   6.5556198498704973E-06   1.5254087682032914E+05
   4.3000000000000000E+05   6.5680739033565735E-06   1.5225163643316441E+05
   4.4000000000000000E+05   6.5819581736790041E-06   1.5193047017511618E+05
   4.5000000000000000E+05   6.5971802533473246E-06   1.5157991165886560E+05
   4.6000000000000000E+05   6.6136555011249451E-06   1.5120231161570267E+05
   4.7000000000000000E+05   6.6313062420019252E-06   1.5079985202102657E+05
   4.8000000000000000E+05   6.6500610643219042E-06   1.5037455901947699E+05
   4.9000000000000000E+05   6.6698542005338529E-06   1.4992831476285649E+05
   5.0000000000000000E+05   6.6906249801578805E-06   1.4946286826203237E+05
   5.1000000000000000E+05   6.7123173453001595E-06   1.4897984534360279E+05
   5.2000000000000000E+05   6.7348794205114419E-06   1.4848075779270014E+05
   5.3000000000000000E+05   6.7582631299890360E-06   1.4796701175522630E+05
   5.4000000000000000E+05   6.7824238561390834E-06   1.4743991546545032E+05
   5.5000000000000000E+05   6.8073201343658407E-06   1.4690068635844442E+05
   5.6000000000000000E+05   6.8329133796721306E-06   1.4635045762104832E+05
   5.7000000000000000E+05   6.8591676412604950E-06   1.4579028422991454E+05
   5.8000000000000000E+05   6.8860493818390515E-06   1.4522114852056594E+05
   5.9000000000000000E+05   6.9135272787723518E-06   1.4464396532728689E+05
   6.0000000000000000E+05   6.9415720445917342E-06   1.4405958672994148E+05
   6.1000000000000000E+05   6.9701562646966189E-06   1.4346880644052904E+05
   6.2000000000000000E+05   6.9992542503533126E-06   1.4287236385926709E+05
   6.3000000000000000E+05   7.0288419053323158E-06   1.4227094782731796E+05
   6.4000000000000000E+05   7.0588966047284444E-06   1.4166520010084071E+05
   6.5000000000000000E+05   7.0893970846823463E-06   1.4105571856888125E+05
   6.6000000000000000E+05   7.1203233418755942E-06   1.4044306023560243E+05
   6.7000000000000000E+05   7.1516565418013883E-06   1.3982774398560758E+05
   6.8000000000000000E+05   7.1833789349291254E-06   1.3921025314946254E+05
   6.9000000000000000E+05   7.2154737799805927E-06   1.3859103788506732E+05
   7.0000000000000000E+05   7.2479252736232394E-06   1.3797051738919210E+05
   7.1000000000000000E+05   7.2807184859619072E-06   1.3734908195229896E+05
   7.2000000000000000E+05   7.3138393012789139E-06   1.3672709486864688E+05
   7.3000000000000000E+05   7.3472743635299032E-06   1.3610489421271087E+05
   7.4000000000000000E+05   7.3810110261564996E-06   1.3548279449200717E+05
   7.5000000000000000E+05   7.4150373058210225E-06   1.3486108818562122E+05
   7.6000000000000000E+05   7.4493418397110679E-06   1.3424004717694447E+05
   7.7000000000000000E+05   7.4839138460955183E-06   1.3361992408847902E+05
   7.8000000000000000E+05   7.5187430878474944E-06   1.3300095352590180E+05
   7.9000000000000000E+05   7.5538198386770933E-06   1.3238335323802626E+05
   8.0000000000000000E+05   7.5891348518401586E-06   1.3176732519880409E+05
   8.1000000000000000E+05   7.6246793311166539E-06   1.3115305661694595E+05
   8.2000000000000000E+05   7.6604449038666531E-06   1.3054072087839761E+05
   8.3000000000000000E+05   7.6964235959932468E-06   1.2993047842644727E+05
   8.4000000000000000E+05   7.7326078086569239E-06   1.2932247758388384E+05
   8.5000000000000000E+05   7.7689902965998730E-06   1.2871685532129624E+05
   8.6000000000000000E+05   7.8055641479519955E-06   1.2811373797528494E+05
   8.7000000000000000E+05   7.8423227654019508E-06   1.2751324192007369E+05
   8.8000000000000000E+05   7.8792598486265792E-06   1.2691547419575312E+05
   8.9000000000000000E+05   7.9163693778819073E-06   1.2632053309613994E+05
   9.0000000000000000E+05   7.9536455986671587E-06   1.2572850871901764E+05
   9.1000000000000000E+05   7.9910830073808543E-06   1.2513948348132086E+05
   9.2000000000000000E+05   8.0286763378949436E-06   1.2455353260163835E+05
   9.3000000000000000E+05   8.0664205489791031E-06   1.2397072455223792E+05
   9.4000000000000000E+05   8.1043108125134548E-06   1.2339112148264983E+05
   9.5000000000000000E+05   8.1423425024323309E-06   1.2281477961671031E+05
   9.6000000000000000E+05   8.1805111843468708E-06   1.2224174962482370E+05
   9.7000000000000000E+05   8.2188126057984428E-06   1.2167207697307658E+05
   9.8000000000000000E+05   8.2572426870989350E-06   1.2110580225071912E+05
   9.9000000000000000E+05   8.2957975127163575E-06   1.2054296147743876E+05
   1.0000000000000000E+06   8.3344733231691774E-06   1.1998358639172546E+05
   1.1000000000000000E+06   8.7271560361182757E-06   1.1458486543169303E+05
   1.2000000000000000E+06   9.1287148548176979E-06   1.0954444474429477E+05
   1.3000000000000000E+06   9.5370884120062964E-06   1.0485380409613214E+05
   1.4000000000000000E+06   9.9508070335655106E-06   1.0049436157558433E+05
   1.5000000000000000E+06   1.0368796083110592E-05   9.6443212113011745E+04
   1.6000000000000000E+06   1.0790252539678031E-05   9.2676236846430562E+04
   1.7000000000000000E+06   1.1214564919349975E-05   8.9169754439119395E+04
   1.8000000000000000E+06   1.1641259809105944E-05   8.5901355729367642E+04
   1.9000000000000000E+06   1.2069965266397221E-05   8.2850279841649564E+04
   2.0000000000000000E+06   1.2500385207735832E-05   7.9997534746461461E+04
   2.1000000000000000E+06   1.2932281134284981E-05   7.7325878521839724E+04
   2.2000000000000000E+06   1.3365458863594975E-05   7.4819728241715231E+04
   2.3000000000000000E+06   1.3799758744090002E-05   7.2465034972315611E+04
   2.4000000000000000E+06   1.4235048335234134E-05   7.0249146785461358E+04
   2.5000000000000000E+06   1.4671216861175211E-05   6.8160671978499871E+04
   2.6000000000000000E+06   1.4544818970061263E-05   6.8753004218091563E+04
   2.7000000000000000E+06   1.4949277778785961E-05   6.6892863641818738E+04
   2.8000000000000000E+06   1.5363242830532820E-05   6.5090424660385237E+04
   2.9000000000000000E+06   1.5780244701148617E-05   6.3370373459874922E+04
   3.0000000000000000E+06   1.6198956978154157E-05   6.1732369642600810E+04
   3.1000000000000000E+06   1.6618817972127642E-05   6.0172751255664312E+04
   3.2000000000000000E+06   1.7039555201305951E-05   5.8686977927883818E+04
   3.3000000000000000E+06   1.7461013757233719E-05   5.7270443394829919E+04
   3.4000000000000000E+06   1.7883071700555264E-05   5.5918805043372413E+04
   3.5000000000000000E+06   1.8305646757987777E-05   5.4627952413844338E+04
   3.6000000000000000E+06   1.8728687803617135E-05   5.3394023675639823E+04
   3.7000000000000000E+06   1.9152139450429051E-05   5.2213487824076903E+04
   3.8000000000000000E+06   1.9575960031978378E-05   5.1083063020482608E+04
   3.9000000000000000E+06   2.0000130129221734E-05   4.9999674679062358E+04
   4.0000000000000000E+06   2.0424615038933055E-05   4.8960531108851603E+04
   4.1000000000000000E+06   2.0849388818127058E-05   4.7963036649331967E+04
   4.2000000000000000E+06   2.1274438720254092E-05   4.7004765350070615E+04
   4.3000000000000000E+06   2.1699748519627408E-05   4.6083483368275018E+04
   4.4000000000000000E+06   2.2125297707392571E-05   4.5197131953884498E+04
   4.5000000000000000E+06   2.2551075839279126E-05   4.4343782404306192E+04
   4.6000000000000000E+06   2.2977072569454003E-05   4.3521645195542107E+04
   4.7000000000000000E+06   2.3403271086427109E-05   4.2729069637618188E+04
   4.8000000000000000E+06   2.3829663840701727E-05   4.1964503011241490E+04
   4.9000000000000000E+06   2.4256247032531295E-05   4.1226493062131536E+04
   5.0000000000000000E+06   2.4683008796464822E-05   4.0513699453983230E+04
   5.1000000000000000E+06   2.5109942442390326E-05   3.9824862294857805E+04
   5.2000000000000000E+06   2.5537037139917867E-05   3.9158810574656054E+04
   5.3000000000000000E+06   2.5964293084762894E-05   3.8514431983008566E+04
   5.4000000000000000E+06   2.6391698194952816E-05   3.7890703076895654E+04
   5.5000000000000000E+06   2.6819254281836661E-05   3.7286644493961569E+04
   5.6000000000000000E+06   2.7246950263349972E-05   3.6701355209838141E+04
   5.7000000000000000E+06   2.7674783291276661E-05   3.6133977616916301E+04
   5.8000000000000000E+06   2.8102751811696146E-05   3.5583703926951661E+04
   5.9000000000000000E+06   2.8530845340244008E-05   3.5049785173713601E+04
   6.0000000000000000E+06   2.8959067714343124E-05   3.4531498384691113E+04
   6.1000000000000000E+06   2.9387409337423724E-05   3.4028178139763375E+04
   6.2000000000000000E+06   2.9815871196946932E-05   3.3539184328861658E+04
   6.3000000000000000E+06   3.0244443371013705E-05   3.3063924759098089E+04
   6.4000000000000000E+06   3.0673131906356317E-05   3.2601822437074730E+04
   6.5000000000000000E+06   3.1101926724810889E-05   3.2152348915486058E+04
   6.6000000000000000E+06   3.1530826102119252E-05   3.1714995248183117E+04
   6.7000000000000000E+06   3.1959832797659294E-05   3.1289275082604287E+04
   6.8000000000000000E+06   3.2388937935670932E-05   3.0874738837875553E+04
   6.9000000000000000E+06   3.2818141291711271E-05   3.0470951755350194E+04
   7.0000000000000000E+06   3.3247442668797440E-05   3.0077501297219929E+04
   7.1000000000000000E+06   3.3676839698511326E-05   2.9693997683642650E+04
   7.2000000000000000E+06   3.4106324885707633E-05   2.9320074893764162E+04
   7.3000000000000000E+06   3.4535904501386964E-05   2.8955373094682960E+04
   7.4000000000000000E+06   3.4965571434517233E-05   2.8599561196154868E+04
   7.5000000000000000E+06   3.5395321899724150E-05   2.8252321107095049E+04
   7.6000000000000000E+06   3.5825159345422196E-05   2.7913344093130516E+04
   7.7000000000000000E+06   3.6255077300571500E-05   2.7582343617958220E+04
   7.8000000000000000E+06   3.6685080878865778E-05   2.7259037626276539E+04
   7.9000000000000000E+06   3.7115161206088185E-05   2.6943167360834883E+04
   8.0000000000000000E+06   3.7545320263754665E-05   2.6634477825066679E+04
   8.1000000000000000E+06   3.7975558304054038E-05   2.6332726750017162E+04
   8.2000000000000000E+06   3.8405868482188688E-05   2.6037687455597199E+04
   8.3000000000000000E+06   3.8836254544243687E-05   2.5749136000248516E+04
   8.4000000000000000E+06   3.9266713827340546E-05   2.5466862452434769E+04
   8.5000000000000000E+06   3.9697244610806778E-05   2.5190665241480518E+04
   8.6000000000000000E+06   4.0127846534243966E-05   2.4920350488946086E+04
   8.7000000000000000E+06   4.0558514720079927E-05   2.4655735223580927E+04
   8.8000000000000000E+06   4.0989254999704766E-05   2.4396637606787506E+04
   8.9000000000000000E+06   4.1420057625076626E-05   2.4142892534137321E+04
   9.0000000000000000E+06   4.1850930387157108E-05   2.3894331398349808E+04
   9.1000000000000000E+06   4.2281863652170583E-05   2.3650802344628064E+04
   9.2000000000000000E+06   4.2712864605772835E-05   2.3412150162011043E+04
   9.3000000000000000E+06   4.3143927880667317E-05   2.3178232699765325E+04
   9.4000000000000000E+06   4.3575050816119970E-05   2.2948911849118587E+04
   9.5000000000000000E+06   4.4006232646018639E-05   2.2724053841279521E+04
   9.6000000000000000E+06   4.4437477925479142E-05   2.2503527353127069E+04
   9.7000000000000000E+06   4.4868780822933327E-05   2.2287211322864387E+04
   9.8000000000000000E+06   4.5300142890803251E-05   2.2074985556017269E+04
   9.9000000000000000E+06   4.5731562247115618E-05   2.1866736032248104E+04
   1.0000000000000000E+07   4.6163039290818522E-05   2.1662351859031358E+04
   1.1000000000000000E+07   5.0480722955853099E-05   1.9809541968615031E+04
   1.2000000000000000E+07   5.4803267668860394E-05   1.8247087127036535E+04
   1.3000000000000000E+07   5.9130088421294549E-05   1.6911863768495052E+04
   1.4000000000000000E+07   6.3460705329834637E-05   1.5757782627888198E+04
   1.5000000000000000E+07   6.7794710918458727E-05   1.4750413217378678E+04
   1.6000000000000000E+07   7.2131761129765284E-05   1.3863518432622168E+04
   1.7000000000000000E+07   7.6471555001969574E-05   1.3076757756191104E+04
   1.8000000000000000E+07   8.0813834593051177E-05   1.2374118924508821E+04
   1.9000000000000000E+07   8.5158370936191865E-05   1.1742826794435605E+04
   2.0000000000000000E+07   8.9504960506050824E-05   1.1172565122045911E+04
   2.1000000000000000E+07   9.3853427166705163E-05   1.0654911921583549E+04
   2.2000000000000000E+07   9.8203610064224271E-05   1.0182925040596871E+04
   2.3000000000000000E+07   1.0255536546103525E-04   9.7508306416200012E+03
   2.4000000000000000E+07   1.0690856617382947E-04   9.3537874072133400E+03
   2.5000000000000000E+07   1.1126309577038263E-04   8.9877060590128967E+03
   2.6000000000000000E+07   1.1561884890840262E-04   8.6491087693861737E+03
   2.7000000000000000E+07   1.1997572927693401E-04   8.3350191411777105E+03
   2.8000000000000000E+07   1.2433365327632335E-04   8.0428747458869084E+03
   2.9000000000000000E+07   1.2869253916245599E-04   7.7704582294210750E+03
   3.0000000000000000E+07   1.3305231811507211E-04   7.5158404916713780E+03
   3.1000000000000000E+07   1.3741291886585358E-04   7.2773361358856573E+03
   3.2000000000000000E+07   1.4177428518414006E-04   7.0534652930972261E+03
   3.3000000000000000E+07   1.4613636041603819E-04   6.8429239455059815E+03
   3.4000000000000000E+07   1.5049909315166841E-04   6.6445583096785213E+03
   3.5000000000000000E+07   1.5486243580798068E-04   6.4573438663972383E+03
   3.6000000000000000E+07   1.5922634634050458E-04   6.2803676840106991E+03
   3.7000000000000000E+07   1.6359078032981080E-04   6.1128139249897094E+03
   3.8000000000000000E+07   1.6795570661290305E-04   5.9539507181185354E+03
   3.9000000000000000E+07   1.7232108478466230E-04   5.8031203857010923E+03
   4.0000000000000000E+07   1.7668688703641208E-04   5.6597295745774145E+03
   4.1000000000000000E+07   1.8105308280983367E-04   5.5232420485782877E+03
   4.2000000000000000E+07   1.8541964271310044E-04   5.3931718633893543E+03
   4.3000000000000000E+07   1.8978654239194473E-04   5.2690774983128831E+03
   4.4000000000000000E+07   1.9415375706908447E-04   5.1505570383795184E+03
   4.5000000000000000E+07   1.9852126562555189E-04   5.0372437272598618E+03
   4.6000000000000000E+07   2.0288904713248042E-04   4.9288022893962843E+03
   4.7000000000000000E+07   2.0725708148526287E-04   4.8249256084941335E+03
   4.8000000000000000E+07   2.1162535076519627E-04   4.7253318016210906E+03
   4.9000000000000000E+07   2.1599383809770115E-04   4.6297617043485616E+03
   5.0000000000000000E+07   2.2036252763772227E-04   4.5379766275144930E+03
   5.1000000000000000E+07   2.2473140425835502E-04   4.4497563805118361E+03
   5.2000000000000000E+07   2.2910045534490727E-04   4.3648974791189967E+03
   5.3000000000000000E+07   2.3346966686503510E-04   4.2832116626871421E+03
   5.4000000000000000E+07   2.3783902621657592E-04   4.2045244462504706E+03
   5.5000000000000000E+07   2.4220852222879219E-04   4.1286738831402135E+03
   5.6000000000000000E+07   2.4657814438024632E-04   4.0555094715041237E+03
   5.7000000000000000E+07   2.5094788397428603E-04   3.9848911421881826E+03
   5.8000000000000000E+07   2.5531772947798753E-04   3.9166884416705429E+03
   5.9000000000000000E+07   2.5968767256417572E-04   3.8507796312621413E+03
   6.0000000000000000E+07   2.6405770506116917E-04   3.7870510151118274E+03
   6.1000000000000000E+07   2.6842781899241068E-04   3.7253962862480862E+03
   6.2000000000000000E+07   2.7279800778460536E-04   3.6657159197056003E+03
   6.3000000000000000E+07   2.7716826403814969E-04   3.6079166692127469E+03
   6.4000000000000000E+07   2.8153858008802076E-04   3.5519110726755753E+03
   6.5000000000000000E+07   2.8590895197456534E-04   3.4976169619514426E+03
   6.6000000000000000E+07   2.9027937285929417E-04   3.4449571464546525E+03
   6.7000000000000000E+07   2.9464983623002914E-04   3.3938590049624659E+03
   6.8000000000000000E+07   2.9902033848819824E-04   3.3442541235015970E+03
   6.9000000000000000E+07   3.0339087424765008E-04   3.2960780461172544E+03
   7.0000000000000000E+07   3.0776143858479650E-04   3.2492699689681021E+03
   7.1000000000000000E+07   3.1213202848013482E-04   3.2037724704808488E+03
   7.2000000000000000E+07   3.1650263895020131E-04   3.1595313180227249E+03
   7.3000000000000000E+07   3.2087326662644011E-04   3.1164952148045345E+03
   7.4000000000000000E+07   3.2524390627606999E-04   3.0746156367682752E+03
   7.5000000000000000E+07   3.2961455694985282E-04   3.0338465911629596E+03
   7.6000000000000000E+07   3.3398521461613993E-04   2.9941445196887912E+03
   7.7000000000000000E+07   3.3835587597274170E-04   2.9554681062508316E+03
   7.8000000000000000E+07   3.4272653856455435E-04   2.9177781335180875E+03
   7.9000000000000000E+07   3.4709719876849351E-04   2.8810373680571793E+03
   8.0000000000000000E+07   3.5146785601090122E-04   2.8452104023105426E+03
   8.1000000000000000E+07   3.5583850630208585E-04   2.8102635951126081E+03
   8.2000000000000000E+07   3.6020914807614776E-04   2.7761649179120832E+03
   8.3000000000000000E+07   3.6457977908377500E-04   2.7428838826802157E+03
   8.4000000000000000E+07   3.6895039805579812E-04   2.7103914381704108E+03
   8.5000000000000000E+07   3.7332100168837711E-04   2.6786599079007397E+03
   8.6000000000000000E+07   3.7769158963409235E-04   2.6476628748042822E+03
   8.7000000000000000E+07   3.8206215937587135E-04   2.6173751455354254E+03
   8.8000000000000000E+07   3.8643271058454452E-04   2.5877726512523532E+03
   8.9000000000000000E+07   3.9080324035552065E-04   2.5588324167688129E+03
   9.0000000000000000E+07   3.9517374860475790E-04   2.5305324645948917E+03
   9.1000000000000000E+07   3.9954423307241450E-04   2.5028517926793788E+03
   9.2000000000000000E+07   4.0391469328453846E-04   2.4757702966144593E+03
   9.3000000000000000E+07   4.0828512794585013E-04   2.4492687378332030E+03
   9.4000000000000000E+07   4.1265553587966909E-04   2.4233286919761608E+03
   9.5000000000000000E+07   4.1702591655362755E-04   2.3979325032462457E+03
   9.6000000000000000E+07   4.2139626878013139E-04   2.3730632520663403E+03
   9.7000000000000000E+07   4.2576659159004800E-04   2.3487047122824902E+03
   9.8000000000000000E+07   4.3013688435680850E-04   2.3248413153299289E+03
   9.9000000000000000E+07   4.3450714641613436E-04   2.3014581192694222E+03
   1.0000000000000000E+08   4.3887737589869212E-04   2.2785407836352774E+03
   1.1000000000000000E+08   4.8257783408215749E-04   2.0722045841619674E+03
   1.2000000000000000E+08   5.2627470277649723E-04   1.9001483345565416E+03
   1.3000000000000000E+08   5.6996784742008408E-04   1.7544849319596251E+03
   1.4000000000000000E+08   6.1365729993311826E-04   1.6295740311554819E+03
   1.5000000000000000E+08   6.5734318905957996E-04   1.5212753652025178E+03
   1.6000000000000000E+08   7.0102569456677007E-04   1.4264812370650616E+03
   1.7000000000000000E+08   7.4470502023237634E-04   1.3428135608485115E+03
   1.8000000000000000E+08   7.8838138208615991E-04   1.2684216328826408E+03
   1.9000000000000000E+08   8.3205499139399125E-04   1.2018436405563059E+03
   2.0000000000000000E+08   8.7572605429233100E-04   1.1419096132843667E+03
   2.1000000000000000E+08   9.1939476616902452E-04   1.0876720607915195E+03
   2.2000000000000000E+08   9.6306131045567308E-04   1.0383554911232488E+03
   2.3000000000000000E+08   1.0067258569261554E-03   9.9331907799935595E+02
   2.4000000000000000E+08   1.0503885642751975E-03   9.5202864350492325E+02
   2.5000000000000000E+08   1.0940495775920061E-03   9.1403536044590578E+02
   2.6000000000000000E+08   1.1377090286965456E-03   8.7895936023790171E+02
   2.7000000000000000E+08   1.1813670409487865E-03   8.4647697568816068E+02
   2.8000000000000000E+08   1.2250237284871953E-03   8.1631071851556612E+02
   2.9000000000000000E+08   1.2686791922042655E-03   7.8822132982456435E+02
   3.0000000000000000E+08   1.3123335255933967E-03   7.6200141236796571E+02
   3.1000000000000000E+08   1.3559868163254855E-03   7.3747029687932024E+02
   3.2000000000000000E+08   1.3996391423695752E-03   7.1446987278950348E+02
   3.3000000000000000E+08   1.4432905762069531E-03   6.9286117188408105E+02
   3.4000000000000000E+08   1.4869411836366973E-03   6.7252155700889443E+02
   3.5000000000000000E+08   1.5305910256442001E-03   6.5334239077948132E+02
   3.6000000000000000E+08   1.5742401574948635E-03   6.3522709368012227E+02
   3.7000000000000000E+08   1.6178886302262686E-03   6.1808951575371782E+02
   3.8000000000000000E+08   1.6615364914171614E-03   6.0185256548116968E+02
   3.9000000000000000E+08   1.7051837834725953E-03   5.8644705027836176E+02
   4.0000000000000000E+08   1.7488305459886239E-03   5.7181068931678249E+02
   4.1000000000000000E+08   1.7924768163242882E-03   5.5788727134035287E+02
   4.2000000000000000E+08   1.8361226271406661E-03   5.4462593359424341E+02
   4.3000000000000000E+08   1.8797680098189477E-03   5.3198053950089104E+02
   4.4000000000000000E+08   1.9234129929596203E-03   5.1990914258162854E+02
   4.5000000000000000E+08   1.9670576032781903E-03   5.0837352110759497E+02
   4.6000000000000000E+08   2.0107018649566425E-03   4.9733877380253170E+02
   4.7000000000000000E+08   2.0543458009995843E-03   4.8677296661225660E+02
   4.8000000000000000E+08   2.0979894319567644E-03   4.7664682422509378E+02
   4.9000000000000000E+08   2.1416327772629355E-03   4.6693345872210045E+02
   5.0000000000000000E+08   2.1852758546966832E-03   4.5760813118891133E+02
   5.1000000000000000E+08   2.2289186813521556E-03   4.4864804102828833E+02
   5.2000000000000000E+08   2.2725612725649326E-03   4.4003213997893550E+02
   5.3000000000000000E+08   2.3162036431761727E-03   4.3174096670909142E+02
   5.4000000000000000E+08   2.3598458059128692E-03   4.2375650031641197E+02
   5.5000000000000000E+08   2.4034877741158818E-03   4.1606202901025705E+02
   5.6000000000000000E+08   2.4471295585662086E-03   4.0864203388802497E+02
   5.7000000000000000E+08   2.4907711700553601E-03   4.0148208395144309E+02
   5.8000000000000000E+08   2.5344126191546657E-03   3.9456874245423489E+02
   5.9000000000000000E+08   2.5780539152079891E-03   3.8788948287736775E+02
   6.0000000000000000E+08   2.6216950672836394E-03   3.8143261299877588E+02
   6.1000000000000000E+08   2.6653360827241751E-03   3.7518720677728737E+02
   6.2000000000000000E+08   2.7089769701883980E-03   3.6914304219074052E+02
   6.3000000000000000E+08   2.7526177360396769E-03   3.6329054590731079E+02
   6.4000000000000000E+08   2.7962583878555869E-03   3.5762074218287341E+02
   6.5000000000000000E+08   2.8398989312592542E-03   3.5212520734200388E+02
   6.6000000000000000E+08   2.8835393724739446E-03   3.4679602766860990E+02
   6.7000000000000000E+08   2.9271797169772482E-03   3.4162576154792777E+02
   6.8000000000000000E+08   2.9708199699450639E-03   3.3660740472890114E+02
   6.9000000000000000E+08   3.0144601365615594E-03   3.3173435862404506E+02
   7.0000000000000000E+08   3.0581002205019889E-03   3.2700040152243588E+02
   7.1000000000000000E+08   3.1017402272185556E-03   3.2239966172045843E+02
   7.2000000000000000E+08   3.1453801601214423E-03   3.1792659363674198E+02
   7.3000000000000000E+08   3.1890200230029397E-03   3.1357595524230999E+02
   7.4000000000000000E+08   3.2326598196563833E-03   3.0934278760772776E+02
   7.5000000000000000E+08   3.2762995534546405E-03   3.0522239608572011E+02
   7.6000000000000000E+08   3.3199392271473322E-03   3.0121033295517674E+02
   7.7000000000000000E+08   3.3635788443816196E-03   2.9730238126284985E+02
   7.8000000000000000E+08   3.4072184076508359E-03   2.9349454022510605E+02
   7.9000000000000000E+08   3.4508579196417832E-03   2.8978301143844408E+02
   8.0000000000000000E+08   3.4944973833224238E-03   2.8616418623534395E+02
   8.1000000000000000E+08   3.5381368002919307E-03   2.8263463411519035E+02
   8.2000000000000000E+08   3.5817761727374251E-03   2.7919109173026169E+02
   8.3000000000000000E+08   3.6254155036665064E-03   2.7583045280979957E+02
   8.4000000000000000E+08   3.6690547947243191E-03   2.7254975898367223E+02
   8.5000000000000000E+08   3.7126940471898561E-03   2.6934619101105346E+02
   8.6000000000000000E+08   3.7563332638566541E-03   2.6621706056328264E+02
   8.7000000000000000E+08   3.7999724457119235E-03   2.6315980294237380E+02
   8.8000000000000000E+08   3.8436115942834647E-03   2.6017196989604321E+02
   8.9000000000000000E+08   3.8872507118618512E-03   2.5725122306840780E+02
   9.0000000000000000E+08   3.9308897988750303E-03   2.5439532807207857E+02
   9.1000000000000000E+08   3.9745288578493815E-03   2.5160214852260512E+02
   9.2000000000000000E+08   4.0181678891833827E-03   2.4886964098536745E+02
   9.3000000000000000E+08   4.0618068939517792E-03   2.4619584980493462E+02
   9.4000000000000000E+08   4.1054458743678473E-03   2.4357890241433989E+02
   9.5000000000000000E+08   4.1490848305642432E-03   2.4101700515581120E+02
   9.6000000000000000E+08   4.1927237643469891E-03   2.3850843895406231E+02
   9.7000000000000000E+08   4.2363626755878413E-03   2.3605155568066166E+02
   9.8000000000000000E+08   4.2800015665548329E-03   2.3364477429501164E+02
   9.9000000000000000E+08   4.3236404376148533E-03   2.3128657769508064E+02
   1.0000000000000000E+09   4.3672792895430249E-03   2.2897550939652322E+02
   1.1000000000000000E+09   4.8036669189916656E-03   2.0817430035509403E+02
   1.2000000000000000E+09   5.2400533332199782E-03   1.9083775229163683E+02
   1.3000000000000000E+09   5.6764389340015599E-03   1.7616678548412713E+02
   1.4000000000000000E+09   6.1128239790843421E-03   1.6359051126314176E+02
   1.5000000000000000E+09   6.5492086370910509E-03   1.5269020356697143E+02
   1.6000000000000000E+09   6.9855930216964207E-03   1.4315176920472166E+02
   1.7000000000000000E+09   7.4219772089149112E-03   1.3473498662847544E+02
   1.8000000000000000E+09   7.8583612527466130E-03   1.2725299433778073E+02
   1.9000000000000000E+09   8.2947451903846257E-03   1.2055825429806005E+02
   2.0000000000000000E+09   8.7311290482899630E-03   1.1453272474490059E+02
   2.1000000000000000E+09   9.1675128460669258E-03   1.0908083978622656E+02
   2.2000000000000000E+09   9.6038965979586156E-03   1.0412440302747096E+02
   2.3000000000000000E+09   1.0040280314309081E-02   9.9598812851353628E+01
   2.4000000000000000E+09   1.0476664002782323E-02   9.5450231078750519E+01
   2.5000000000000000E+09   1.0913047669482843E-02   9.1633430943071204E+01
   2.6000000000000000E+09   1.1349431318675060E-02   8.8110141549959238E+01
   2.7000000000000000E+09   1.1785814953664122E-02   8.4847760119388909E+01
   2.8000000000000000E+09   1.2222198577658560E-02   8.1818340100277837E+01
   2.9000000000000000E+09   1.2658582191937469E-02   7.8997788602022283E+01
   3.0000000000000000E+09   1.3094965799069672E-02   7.6365224265881238E+01
   3.1000000000000000E+09   1.3531349399566220E-02   7.3902459427443176E+01
   3.2000000000000000E+09   1.3967732994617494E-02   7.1593579314936292E+01
   3.3000000000000000E+09   1.4404116585455623E-02   6.9424597757681141E+01
   3.4000000000000000E+09   1.4840500172684823E-02   6.7383173637272918E+01
   3.5000000000000000E+09   1.5276883756389699E-02   6.5458375932312819E+01
   3.6000000000000000E+09   1.5713267337223700E-02   6.3640487909924744E+01
   3.7000000000000000E+09   1.6149650915949311E-02   6.1920843069889855E+01
   3.8000000000000000E+09   1.6586034492250788E-02   6.0291686989268790E+01
   3.9000000000000000E+09   1.7022418066748136E-02   5.8746060405684446E+01
   4.0000000000000000E+09   1.7458801639901399E-02   5.7277699845935580E+01
   4.1000000000000000E+09   1.7895185211399066E-02   5.5880952791872168E+01
   4.2000000000000000E+09   1.8331568781465021E-02   5.4550704957182738E+01
   4.3000000000000000E+09   1.8767952350747085E-02   5.3282317714334660E+01
   4.4000000000000000E+09   1.9204335918608300E-02   5.2071574056931418E+01
   4.5000000000000000E+09   1.9640719485585389E-02   5.0914631754397533E+01
   4.6000000000000000E+09   2.0077103051866094E-02   4.9807982626609757E+01
   4.7000000000000000E+09   2.0513486617230469E-02   4.8748417012641923E+01
   4.8000000000000000E+09   2.0949870182058131E-02   4.7732992677750303E+01
   4.9000000000000000E+09   2.1386253745974325E-02   4.6759007532501421E+01
   5.0000000000000000E+09   2.1822637309556137E-02   4.5823975618295229E+01
   5.1000000000000000E+09   2.2259020872702616E-02   4.4925605924847829E+01
   5.2000000000000000E+09   2.2695404434695518E-02   4.4061783647761473E+01
   5.3000000000000000E+09   2.3131787996636101E-02   4.3230553563149698E+01
   5.4000000000000000E+09   2.3568171558119442E-02   4.2430105260138070E+01
   5.5000000000000000E+09   2.4004555119007478E-02   4.1658759974608827E+01
   5.6000000000000000E+09   2.4440938679503157E-02   4.0914958836610786E+01
   5.7000000000000000E+09   2.4877322239969520E-02   4.0197252355132306E+01
   5.8000000000000000E+09   2.5313705799731634E-02   3.9504290992060191E+01
   5.9000000000000000E+09   2.5750089359376574E-02   3.8834816689125880E+01
   6.0000000000000000E+09   2.6186472918304168E-02   3.8187655249325573E+01
   6.1000000000000000E+09   2.6622856477271223E-02   3.7561709460205066E+01
   6.2000000000000000E+09   2.7059240035995701E-02   3.6955952889650440E+01
   6.3000000000000000E+09   2.7495623594519913E-02   3.6369424267188023E+01
   6.4000000000000000E+09   2.7932007152726160E-02   3.5801222394517403E+01
   6.5000000000000000E+09   2.8368390710766585E-02   3.5250501524588515E+01
   6.6000000000000000E+09   2.8804774268240296E-02   3.4716467162271250E+01
   6.7000000000000000E+09   2.9241157825736365E-02   3.4198372238183346E+01
   6.8000000000000000E+09   2.9677541382822158E-02   3.3695513624279414E+01
   6.9000000000000000E+09   3.0113924939989233E-02   3.3207228947830330E+01
   7.0000000000000000E+09   3.0550308497034287E-02   3.2732893682467278E+01
   7.1000000000000000E+09   3.0986692053436363E-02   3.2271918482795975E+01
   7.2000000000000000E+09   3.1423075610335791E-02   3.1823746739516377E+01
   7.3000000000000000E+09   3.1859459166154742E-02   3.1387852341898199E+01
   7.4000000000000000E+09   3.2295842723004210E-02   3.0963737610962042E+01
   7.5000000000000000E+09   3.2732226278442161E-02   3.0550931412160384E+01
   7.6000000000000000E+09   3.3168609834378360E-02   3.0148987400838472E+01
   7.7000000000000000E+09   3.3604993390346172E-02   2.9757482418885814E+01
   7.8000000000000000E+09   3.4041376945925655E-02   2.9376015006340342E+01
   7.9000000000000000E+09   3.4477760501281242E-02   2.9004204027777234E+01
   8.0000000000000000E+09   3.4914144056919248E-02   2.8641687402381592E+01
   8.1000000000000000E+09   3.5350527612068944E-02   2.8288120929165210E+01
   8.2000000000000000E+09   3.5786911167152893E-02   2.7943177194846946E+01
   8.3000000000000000E+09   3.6223294722327215E-02   2.7606544563811390E+01
   8.4000000000000000E+09   3.6659678276986289E-02   2.7277926239406376E+01
   8.5000000000000000E+09   3.7096061831816705E-02   2.6957039389618334E+01
   8.6000000000000000E+09   3.7532445386402331E-02   2.6643614337004838E+01
   8.7000000000000000E+09   3.7968828941090264E-02   2.6337393801413498E+01
   8.8000000000000000E+09   3.8405212495801679E-02   2.6038132196490690E+01
   8.9000000000000000E+09   3.8841596049988769E-02   2.5745594972796937E+01
   9.0000000000000000E+09   3.9277979604035118E-02   2.5459558003774408E+01
   9.1000000000000000E+09   3.9714363158706419E-02   2.5179807013492905E+01
   9.2000000000000000E+09   4.0150746712654908E-02   2.4906137042896273E+01
   9.3000000000000000E+09   4.0587130266937381E-02   2.4638351946124377E+01
   9.4000000000000000E+09   4.1023513820494163E-02   2.4376263924530743E+01
   9.5000000000000000E+09   4.1459897374730804E-02   2.4119693084659815E+01
   9.6000000000000000E+09   4.1896280928501416E-02   2.3868467029485547E+01
   9.7000000000000000E+09   4.2332664482541416E-02   2.3622420469479643E+01
   9.8000000000000000E+09   4.2769048036049556E-02   2.3381394861936400E+01
   9.9000000000000000E+09   4.3205431589992613E-02   2.3145238068438218E+01
   1.0000000000000000E+10   4.3641815143269952E-02   2.2913804036728092E+01
   1.1000000000000000E+10   4.8005650676235197E-02   2.0830881071570225E+01
   1.2000000000000000E+10   5.2369486203909327E-02   1.9095089000994459E+01
   1.3000000000000000E+10   5.6733321728326666E-02   1.7626325579676134E+01
   1.4000000000000000E+10   6.1097157249807396E-02   1.6367373622823550E+01
   1.5000000000000000E+10   6.5460992768582638E-02   1.5276273055240623E+01
   1.6000000000000000E+10   6.9824828285930549E-02   1.4321553300568540E+01
   1.7000000000000000E+10   7.4188663801292742E-02   1.3479148279020158E+01
   1.8000000000000000E+10   7.8552499315591134E-02   1.2730339692724707E+01
   1.9000000000000000E+10   8.2916334828539870E-02   1.2060349773875911E+01
   2.0000000000000000E+10   8.7280170340600774E-02   1.1457356190960853E+01
   2.1000000000000000E+10   9.1644005851816632E-02   1.0911788400181303E+01
   2.2000000000000000E+10   9.6007841362059795E-02   1.0415815893921122E+01
   2.3000000000000000E+10   1.0037167687210675E-01   9.9629699449397133E+00
   2.4000000000000000E+10   1.0473551238168193E-01   9.5478599116959924E+00
   2.5000000000000000E+10   1.0909934789002276E-01   9.1659576279781874E+00
   2.6000000000000000E+10   1.1346318339868242E-01   8.8134315470969984E+00
   2.7000000000000000E+10   1.1782701890676871E-01   8.4870177424352544E+00
   2.8000000000000000E+10   1.2219085441399782E-01   8.1839185493529296E+00
   2.9000000000000000E+10   1.2655468992182747E-01   7.9017221773266391E+00
   3.0000000000000000E+10   1.3091852542883298E-01   7.6383383995842360E+00
   3.1000000000000000E+10   1.3528236093533155E-01   7.3919466890293695E+00
   3.2000000000000000E+10   1.3964619644191947E-01   7.1609540788023693E+00
   3.3000000000000000E+10   1.4401003194840392E-01   6.9439606843381672E+00
   3.4000000000000000E+10   1.4837386745459960E-01   6.7397313095312201E+00
   3.5000000000000000E+10   1.5273770296082465E-01   6.5471719203246623E+00
   3.6000000000000000E+10   1.5710153846664188E-01   6.3653100393560749E+00
   3.7000000000000000E+10   1.6146537397195096E-01   6.1932783196830528E+00
   3.8000000000000000E+10   1.6582920947752028E-01   6.0303007121043999E+00
   3.9000000000000000E+10   1.7019304498296065E-01   5.8756807606334203E+00
   4.0000000000000000E+10   1.7455688048842363E-01   5.7287916534823662E+00
   4.1000000000000000E+10   1.7892071599352835E-01   5.5890677300674936E+00
   4.2000000000000000E+10   1.8328455149836459E-01   5.4559972012094153E+00
   4.3000000000000000E+10   1.8764838700337999E-01   5.3291158851367468E+00
   4.4000000000000000E+10   1.9201222250855379E-01   5.2080017976743749E+00
   4.5000000000000000E+10   1.9637605801331423E-01   5.0922704637049003E+00
   4.6000000000000000E+10   2.0073989351807847E-01   4.9815708401277048E+00
   4.7000000000000000E+10   2.0510372902276941E-01   4.8755817593593633E+00
   4.8000000000000000E+10   2.0946756452734908E-01   4.7740088173385686E+00
   4.9000000000000000E+10   2.1383140003160803E-01   4.6765816426033906E+00
   5.0000000000000000E+10   2.1819523553610704E-01   4.5830514930493047E+00
   5.1000000000000000E+10   2.2255907104054831E-01   4.4931891354714040E+00
   5.2000000000000000E+10   2.2692290654545624E-01   4.4067829697029035E+00
   5.3000000000000000E+10   2.3128674204960412E-01   4.3236373651954940E+00
   5.4000000000000000E+10   2.3565057755384866E-01   4.2435711823005802E+00
   5.5000000000000000E+10   2.4001441305809093E-01   4.1664164549900136E+00
   5.6000000000000000E+10   2.4437824856220536E-01   4.0920172146395215E+00
   5.7000000000000000E+10   2.4874208406636839E-01   4.0202284376341559E+00
   5.8000000000000000E+10   2.5310591957065398E-01   3.9509151018526549E+00
   5.9000000000000000E+10   2.5746975507433251E-01   3.8839513391050393E+00
   6.0000000000000000E+10   2.6183359057875649E-01   3.8192196722720033E+00
   6.1000000000000000E+10   2.6619742608271246E-01   3.7566103275892746E+00
   6.2000000000000000E+10   2.7056126158671984E-01   3.6960206133555520E+00
   6.3000000000000000E+10   2.7492509709031143E-01   3.6373543579090035E+00
   6.4000000000000000E+10   2.7928893259437154E-01   3.5805214002244821E+00
   6.5000000000000000E+10   2.8365276809849777E-01   3.5254371275966272E+00
   6.6000000000000000E+10   2.8801660360236792E-01   3.4720220552999352E+00
   6.7000000000000000E+10   2.9238043910621409E-01   3.4202014439027728E+00
   6.8000000000000000E+10   2.9674427460990649E-01   3.3699049503636700E+00
   6.9000000000000000E+10   3.0110811011370753E-01   3.3210663094473607E+00
   7.0000000000000000E+10   3.0547194561761043E-01   3.2736230424636097E+00
   7.1000000000000000E+10   3.0983578112136911E-01   3.2275161906115661E+00
   7.2000000000000000E+10   3.1419961662510770E-01   3.1826900705393482E+00
   7.3000000000000000E+10   3.1856345212882520E-01   3.1390920500058055E+00
   7.4000000000000000E+10   3.2292728763247830E-01   3.0966723417257151E+00
   7.5000000000000000E+10   3.2729112313596131E-01   3.0553838137082203E+00
   7.6000000000000000E+10   3.3165495863962519E-01   3.0151818145634777E+00
   7.7000000000000000E+10   3.3601879414343633E-01   2.9760240124340491E+00
   7.8000000000000000E+10   3.4038262964715060E-01   2.9378702463067103E+00
   7.9000000000000000E+10   3.4474646515044016E-01   2.9006823886174469E+00
   8.0000000000000000E+10   3.4911030065404242E-01   2.8644242181526733E+00
   8.1000000000000000E+10   3.5347413615786050E-01   2.8290613023901785E+00
   8.2000000000000000E+10   3.5783797166143505E-01   2.7945608884295279E+00
   8.3000000000000000E+10   3.6220180716499656E-01   2.7608918018028068E+00
   8.4000000000000000E+10   3.6656564266856423E-01   2.7280243525282182E+00
   8.5000000000000000E+10   3.7092947817180688E-01   2.6959302477890978E+00
   8.6000000000000000E+10   3.7529331367532970E-01   2.6645825106948506E+00
   8.7000000000000000E+10   3.7965714917912535E-01   2.6339554046648335E+00
   8.8000000000000000E+10   3.8402098468207196E-01   2.6040243629599891E+00
   8.9000000000000000E+10   3.8838482018555842E-01   2.5747659229375408E+00
   9.0000000000000000E+10   3.9274865568903566E-01   2.5461576647426245E+00
   9.1000000000000000E+10   3.9711249119304581E-01   2.5181781539928352E+00
   9.2000000000000000E+10   4.0147632669650624E-01   2.4908068882376333E+00
   9.3000000000000000E+10   4.0584016219995800E-01   2.4640242468346414E+00
   9.4000000000000000E+10   4.1020399770339833E-01   2.4378114440587657E+00
   9.5000000000000000E+10   4.1456783320683188E-01   2.4121504851561664E+00
   9.6000000000000000E+10   4.1893166871025739E-01   2.3870241251482534E+00
   9.7000000000000000E+10   4.2329550421367323E-01   2.3624158301837648E+00
   9.8000000000000000E+10   4.2765933971670916E-01   2.3383097412590637E+00
   9.9000000000000000E+10   4.3202317522010925E-01   2.3146906401271536E+00
   1.0000000000000000E+11   4.3638701072350267E-01   2.2915439172721066E+00
