   5.4000000000000000E+01   3.6925221600000004E-03
   5.4312352799999999E+01   3.9324228899999996E-03
   5.4587143200000000E+01   4.1550875700000003E-03
   5.4828725100000000E+01   4.3602375599999998E-03
   5.5254068699999998E+01   4.7439225699999997E-03
   5.5575240500000000E+01   5.0536850400000003E-03
   5.5817343800000003E+01   5.2992097100000007E-03
   5.6182477700000000E+01   5.6900423699999996E-03
   5.6549999999999997E+01   6.1097000000000000E-03
   5.6824334600000000E+01   6.4410641700000000E-03
   5.7100000000000001E+01   6.7904000000000003E-03
   5.7599999999999994E+01   7.4372000000000006E-03
   5.7948943100000001E+01   7.8877526200000006E-03
   5.8300000000000004E+01   8.3656000000000008E-03
   5.8884369999999997E+01   9.1535999999999996E-03
   5.9224308800000003E+01   9.6080204700000008E-03
   5.9566209999999998E+01   1.0085000000000000E-02
   6.0255959999999995E+01   1.1025000000000000E-02
   6.0953689999999995E+01   1.1960000000000000E-02
   6.1659499999999994E+01   1.2885000000000001E-02
   6.2373480000000001E+01   1.3790000000000000E-02
   6.3095730000000003E+01   1.4668000000000000E-02
   6.3826350000000005E+01   1.5509000000000000E-02
   6.4565420000000003E+01   1.6310000000000002E-02
   6.5400000000000006E+01   1.7146000000000002E-02
   6.6099999999999994E+01   1.7791000000000001E-02
   6.6900000000000006E+01   1.8464999999999999E-02
   6.8000000000000000E+01   1.9283999999999999E-02
   6.9183099999999996E+01   2.0031000000000000E-02
   7.0299999999999997E+01   2.0619999999999999E-02
   7.1614340000000013E+01   2.1184000000000001E-02
   7.3000000000000000E+01   2.1642999999999999E-02
   7.4500000000000000E+01   2.2006000000000001E-02
   7.6500000000000000E+01   2.2315000000000002E-02
   7.8523560000000003E+01   2.2464999999999999E-02
   8.0799999999999997E+01   2.2484000000000001E-02
   8.3176380000000009E+01   2.2378000000000002E-02
   8.6500000000000000E+01   2.2067000000000000E-02
   9.0157110000000003E+01   2.1571000000000000E-02
   9.4000000000000000E+01   2.0923000000000001E-02
   9.8000000000000000E+01   2.0149000000000000E-02
   1.0232929999999999E+02   1.9226000000000000E-02
   1.0715190000000000E+02   1.8145000000000001E-02
   1.1220179999999999E+02   1.6990000000000002E-02
   1.1481536100000000E+02   1.6379013899999999E-02
   1.1748980000000000E+02   1.5790000000000002E-02
   1.2070101600000000E+02   1.5065372800000001E-02
   1.2400000000000000E+02   1.4374000000000000E-02
   1.2785298999999999E+02   1.3573722000000000E-02
   1.3182569999999998E+02   1.2818000000000000E-02
   1.3645835000000002E+02   1.1973157900000000E-02
   1.4125380000000001E+02   1.1183999999999999E-02
   1.4412856900000000E+02   1.0729627600000000E-02
   1.4855079300000000E+02   1.0082445600000000E-02
   1.5310870000000000E+02   9.4742999999999997E-03
   1.5667507200000000E+02   9.0209048100000008E-03
   1.6218099100000001E+02   8.3811682099999996E-03
   1.6788040000000001E+02   7.7868000000000000E-03
   1.7129709900000000E+02   7.4483117200000006E-03
   1.7655296700000000E+02   6.9679669999999994E-03
   1.8197010000000000E+02   6.5186000000000003E-03
   1.8567355000000001E+02   6.2249461199999998E-03
   1.9137052599999998E+02   5.8090818999999997E-03
   1.9724230000000000E+02   5.4210000000000005E-03
   2.0183666800000000E+02   5.1329426099999999E-03
   2.0535253900000001E+02   4.9269897700000001E-03
   2.1074150999999998E+02   4.6334506499999999E-03
   2.1627190000000002E+02   4.3574000000000000E-03
   2.2197439599999998E+02   4.0888837400000003E-03
   2.2634972700000000E+02   3.8984122499999998E-03
   2.3307495500000002E+02   3.6292114099999999E-03
   2.4000000000000000E+02   3.3786000000000003E-03
   2.4697809700000002E+02   3.1441260400000000E-03
   2.5234449800000002E+02   2.9790125000000002E-03
   2.5644568099999998E+02   2.8608929599999999E-03
   2.6272276799999997E+02   2.6924369300000005E-03
   2.6915350000000001E+02   2.5339000000000000E-03
   2.7621676800000000E+02   2.3700884099999999E-03
   2.8163559600000002E+02   2.2542176900000000E-03
   2.8996381200000002E+02   2.0909460000000002E-03
   2.9853829999999999E+02   1.9395000000000000E-03
   3.0637268000000000E+02   1.8105505300000002E-03
   3.1238309300000003E+02   1.7194965200000001E-03
   3.1696815700000002E+02   1.6542238899999999E-03
   3.2397224399999999E+02   1.5609312400000001E-03
   3.3113110000000000E+02   1.4729000000000001E-03
   3.3593091399999997E+02   1.4163760200000001E-03
   3.4449860799999999E+02   1.3226284099999998E-03
   3.5106747500000000E+02   1.2564126700000001E-03
   3.5607619400000004E+02   1.2089355700000001E-03
   3.6372357700000003E+02   1.1410624900000000E-03
   3.7153519999999997E+02   1.0770000000000000E-03
   3.7746350699999999E+02   1.0306882700000001E-03
   3.8272832099999999E+02   9.9180206000000016E-04
   3.9211905700000000E+02   9.2724807400000012E-04
   3.9931301200000001E+02   8.8160519400000002E-04
   4.1035216600000001E+02   8.1731871600000000E-04
   4.2169650000000001E+02   7.5772000000000003E-04
   4.2780908400000004E+02   7.2735107600000002E-04
   4.3872008000000000E+02   6.7710485000000006E-04
   4.4708556099999998E+02   6.4171147299999995E-04
   4.5346418699999998E+02   6.1638592499999999E-04
   4.6320316299999996E+02   5.8025926100000000E-04
   4.7315129999999999E+02   5.4624999999999997E-04
   4.8139328799999998E+02   5.1953766999999996E-04
   4.8872271499999999E+02   4.9723814299999997E-04
   5.0181875400000001E+02   4.6049230499999998E-04
   5.1187056899999999E+02   4.3472621800000002E-04
   5.1954134499999998E+02   4.1635225899999998E-04
   5.3126358099999993E+02   3.9023710899999998E-04
   5.4325030000000004E+02   3.6576000000000002E-04
   5.5191853400000002E+02   3.4900665000000002E-04
   5.5961662300000000E+02   3.3497817200000001E-04
   5.7334754199999998E+02   3.1177150600000000E-04
   5.8386637699999994E+02   2.9542779699999998E-04
   5.9188195600000006E+02   2.8373476900000002E-04
   6.0411212100000000E+02   2.6705724300000002E-04
   6.1659499999999991E+02   2.5136000000000001E-04
   6.2643353600000000E+02   2.3961656100000001E-04
   6.3517094800000007E+02   2.2979200400000002E-04
   6.5075568399999997E+02   2.1355834900000002E-04
   6.6269467200000008E+02   2.0214024500000001E-04
   6.7179243700000006E+02   1.9397911000000002E-04
   6.8567380200000002E+02   1.8235103200000001E-04
   6.9984199999999998E+02   1.7142000000000001E-04
   7.0998635200000001E+02   1.6400593500000000E-04
   7.2809407299999998E+02   1.5179455599999999E-04
   7.4197729800000002E+02   1.4323649000000000E-04
   7.5256316700000002E+02   1.3713609400000000E-04
   7.6872582299999999E+02   1.2846917500000001E-04
   7.8523559999999998E+02   1.2035000000000000E-04
   7.9661776199999997E+02   1.1506023100000001E-04
   8.0671241299999997E+02   1.1062276200000000E-04
   8.2468682799999999E+02   1.0326501000000001E-04
   8.3842997700000001E+02   9.8069670200000002E-05
   8.5947531100000003E+02   9.0762614900000014E-05
   8.8104890000000000E+02   8.3999999999999995E-05
   8.9510712100000001E+02   7.9883407800000007E-05
   9.0759195199999999E+02   7.6447223799999998E-05
   9.2986088099999995E+02   7.0785728600000002E-05
   9.4692042300000003E+02   6.6816496199999999E-05
   9.5992016000000001E+02   6.3986328499999995E-05
   9.7975515399999995E+02   5.9964253700000004E-05
   1.0000000000000000E+03   5.6195000000000000E-05
   1.0159562599999999E+03   5.3397783900000004E-05
   1.0301267100000000E+03   5.1064677900000001E-05
   1.0426878899999999E+03   4.9106987099999999E-05
   1.0650396300000000E+03   4.5859890800000003E-05
   1.0821173200000001E+03   4.3566263200000005E-05
   1.1082486500000000E+03   4.0339105700000003E-05
   1.1350110000000000E+03   3.7351000000000002E-05
   1.1564452500000000E+03   3.5129368300000003E-05
   1.1755319999999999E+03   3.3294111899999998E-05
   1.1924911400000001E+03   3.1767086900000002E-05
   1.2075309800000000E+03   3.0488503199999999E-05
   1.2343085400000000E+03   2.8373562200000001E-05
   1.2547806900000000E+03   2.6884204000000000E-05
   1.2703573200000001E+03   2.5818717900000002E-05
   1.2940855600000000E+03   2.4299140800000001E-05
   1.3182570000000001E+03   2.2869000000000001E-05
   1.3431516899999999E+03   2.1485807700000001E-05
   1.3653198800000000E+03   2.0344317699999999E-05
   1.3850169899999999E+03   1.9395373400000000E-05
   1.4024849099999999E+03   1.8601427900000003E-05
   1.4335855600000000E+03   1.7289424400000000E-05
   1.4573628100000001E+03   1.6366515500000002E-05
   1.4754542000000001E+03   1.5706810099999999E-05
   1.5030132300000000E+03   1.4766774900000001E-05
   1.5310870000000000E+03   1.3882999999999999E-05
   1.5555174700000000E+03   1.3159232900000000E-05
   1.5772136899999998E+03   1.2556957299999999E-05
   1.5964459900000002E+03   1.2052621799999999E-05
   1.6306685100000000E+03   1.1218285399999999E-05
   1.6568159900000001E+03   1.0630659399999999E-05
   1.6767013700000000E+03   1.0210229200000000E-05
   1.7069778400000000E+03   9.6105542400000008E-06
   1.7378009999999999E+03   9.0460999999999997E-06
   1.7706186299999999E+03   8.4842515400000011E-06
   1.7998420500000000E+03   8.0213352700000000E-06
   1.8258079200000000E+03   7.6370504600000004E-06
   1.8488351700000001E+03   7.3159339799999997E-06
   1.8898338600000002E+03   6.7861271300000001E-06
   1.9211784299999999E+03   6.4141062800000000E-06
   1.9450275600000000E+03   6.1485367299999997E-06
   1.9813574900000001E+03   5.7706563200000004E-06
   2.0183660000000002E+03   5.4160000000000003E-06
   2.0564821200000001E+03   5.0750936100000002E-06
   2.0904237300000000E+03   4.7944498900000006E-06
   2.1205818599999998E+03   4.5616469400000001E-06
   2.1473269100000002E+03   4.3672363299999997E-06
   2.1949449700000000E+03   4.0467417999999997E-06
   2.2313501999999999E+03   3.8219024300000003E-06
   2.2590498400000001E+03   3.6615095600000000E-06
   2.3012453499999997E+03   3.4334524900000005E-06
   2.3442290000000003E+03   3.2196000000000001E-06
   2.3919386600000003E+03   2.9990146199999997E-06
   2.4344804400000003E+03   2.8184359100000000E-06
   2.4723247200000001E+03   2.6693716699999997E-06
   2.5059207300000003E+03   2.5454221499999999E-06
   2.5356915300000001E+03   2.4416968700000001E-06
   2.5886440000000002E+03   2.2702444500000000E-06
   2.6290827700000000E+03   2.1496031099999998E-06
   2.6598258800000003E+03   2.0633482000000002E-06
   2.7066158899999996E+03   1.9404117500000002E-06
   2.7542289999999998E+03   1.8247999999999999E-06
   2.8102829600000000E+03   1.6981573900000001E-06
   2.8602651999999998E+03   1.5945761799999999E-06
   2.9047283400000001E+03   1.5091388100000001E-06
   2.9442002200000002E+03   1.4381448000000001E-06
   2.9791778599999998E+03   1.3787701300000001E-06
   3.0413915800000000E+03   1.2807019100000000E-06
   3.0889030000000002E+03   1.2117560600000000E-06
   3.1250230000000001E+03   1.1624935600000000E-06
   3.1799964700000000E+03   1.0923293400000000E-06
   3.2359369999999999E+03   1.0264000000000000E-06
   3.3017945900000000E+03   9.5425776299999990E-07
   3.3605185499999998E+03   8.9530524299999999E-07
   3.4127581399999999E+03   8.4671718799999996E-07
   3.4591335100000001E+03   8.0637066100000000E-07
   3.5002286100000001E+03   7.7264770200000006E-07
   3.5733232899999998E+03   7.1699053199999993E-07
   3.6291442800000000E+03   6.7789487100000003E-07
   3.6715815400000001E+03   6.4997857900000003E-07
   3.7361696800000000E+03   6.1024480600000001E-07
   3.8018940000000002E+03   5.7293999999999999E-07
   3.8792699800000000E+03   5.3216925800000004E-07
   3.9482646599999998E+03   4.9888200900000007E-07
   4.0096408700000002E+03   4.7146818900000002E-07
   4.0641272199999999E+03   4.4871969100000000E-07
   4.1124097900000006E+03   4.2971698500000003E-07
   4.1982886099999996E+03   3.9837810199999999E-07
   4.2638726100000003E+03   3.7638314200000005E-07
   4.3137320800000007E+03   3.6068758300000000E-07
   4.3896165899999996E+03   3.3836289900000000E-07
   4.4668360000000002E+03   3.1741999999999999E-07
   4.5577448800000002E+03   2.9455742900000000E-07
   4.6388065900000001E+03   2.7590763000000002E-07
   4.7109173699999992E+03   2.6056028799999998E-07
   4.7749332599999998E+03   2.4783331000000001E-07
   4.8316603500000001E+03   2.3720819900000000E-07
   4.9325592099999994E+03   2.1969857099999999E-07
   5.0096137100000005E+03   2.0741988299999999E-07
   5.0681935100000001E+03   1.9866334800000000E-07
   5.1573500700000004E+03   1.8621677500000001E-07
   5.2480749999999998E+03   1.7454999999999998E-07
   5.3548835300000001E+03   1.6183044000000000E-07
   5.4501226500000002E+03   1.5146351500000000E-07
   5.5348453700000000E+03   1.4293871400000000E-07
   5.6100574200000001E+03   1.3587403800000002E-07
   5.6767058799999995E+03   1.2997947099999999E-07
   5.7952515999999996E+03   1.2027261800000000E-07
   5.8857826699999996E+03   1.1347123000000000E-07
   5.9546078600000001E+03   1.0862380500000000E-07
   6.0593575899999996E+03   1.0173816300000000E-07
   6.1659499999999998E+03   9.5289000000000000E-08
   6.2914391800000003E+03   8.8264643699999997E-08
   6.4033354800000006E+03   8.2544430400000006E-08
   6.5028760700000003E+03   7.7844180799999997E-08
   6.5912425899999998E+03   7.3951541800000002E-08
   6.6695477700000001E+03   7.0705496799999996E-08
   6.8088269600000003E+03   6.5363994500000009E-08
   6.9151917899999999E+03   6.1624390900000004E-08
   6.9960544099999997E+03   5.8960774700000000E-08
   7.1191247199999998E+03   5.5179656799999998E-08
   7.2443599999999997E+03   5.1641019999999999E-08
   7.3282457199999999E+03   4.9404153400000003E-08
   7.4077705599999999E+03   4.7395168400000003E-08
   7.5592130100000004E+03   4.3845897600000001E-08
   7.6942627300000004E+03   4.0959014500000003E-08
   7.8144089700000004E+03   3.8589350100000003E-08
   7.9210749099999994E+03   3.6628630900000000E-08
   8.0156012900000005E+03   3.4994899699999999E-08
   8.0992367500000009E+03   3.3625272500000001E-08
   8.2477041100000006E+03   3.1356145400000003E-08
   8.3608379499999992E+03   2.9755367000000002E-08
   8.5334550600000002E+03   2.7506116399999999E-08
   8.7096360000000004E+03   2.5426890000000001E-08
   8.8104890699999996E+03   2.4313722800000003E-08
   8.9060992000000006E+03   2.3314429300000002E-08
   9.0881735300000000E+03   2.1550124400000001E-08
   9.2505394200000010E+03   2.0116232600000001E-08
   9.3949873499999994E+03   1.8940062499999998E-08
   9.5232283600000010E+03   1.7967465600000001E-08
   9.6368743800000011E+03   1.7157502099999999E-08
   9.7374266100000004E+03   1.6478792799999998E-08
   9.9159241500000007E+03   1.5355014199999999E-08
   1.0051941400000000E+04   1.4562764900000001E-08
   1.0259473400000001E+04   1.3450371500000001E-08
   1.0471289999999999E+04   1.2422949999999999E-08
   1.0607796699999999E+04   1.1806502300000000E-08
   1.0737387500000001E+04   1.1256392900000001E-08
   1.0860316400000000E+04   1.0763967000000001E-08
   1.0976840000000000E+04   1.0321900100000001E-08
   1.1198702099999999E+04   9.5413722900000006E-09
   1.1396506700000000E+04   8.9069832199999992E-09
   1.1572449800000000E+04   8.3865907899999997E-09
   1.1728626699999999E+04   7.9562499699999994E-09
   1.1867009500000000E+04   7.5978552499999990E-09
   1.1989433199999999E+04   7.2975282799999999E-09
   1.2206721300000001E+04   6.8002386000000005E-09
   1.2372267800000000E+04   6.4496392599999997E-09
   1.2624806600000000E+04   5.9573394700000004E-09
   1.2882500000000000E+04   5.5026170000000000E-09
   1.3078641900000001E+04   5.1827036499999998E-09
   1.3265236300000000E+04   4.8996975600000002E-09
   1.3442585599999999E+04   4.6484307400000007E-09
   1.3611003300000000E+04   4.4245834299999998E-09
   1.3770810900000000E+04   4.2245264699999999E-09
   1.3922334100000000E+04   4.0451960999999996E-09
   1.4065900900000001E+04   3.8839937900000001E-09
   1.4339091000000000E+04   3.5988526599999997E-09
   1.4582481299999999E+04   3.3665798100000000E-09
   1.4798834400000000E+04   3.1756721100000002E-09
   1.4990774800000001E+04   3.0175297099999998E-09
   1.5160763799999999E+04   2.8856288100000000E-09
   1.5462895699999999E+04   2.6685237499999998E-09
   1.5693439500000000E+04   2.5164831600000000E-09
   1.5868600300000000E+04   2.4081650200000001E-09
   1.6135013800000001E+04   2.2543668000000002E-09
   1.6405900000000001E+04   2.1103910000000001E-09
   1.6625752399999998E+04   2.0011566499999999E-09
   1.6841543500000000E+04   1.9007305399999998E-09
   1.7053261800000000E+04   1.8082513000000000E-09
   1.7260901500000000E+04   1.7229550599999999E-09
   1.7464463199999998E+04   1.6441630700000001E-09
   1.7663952600000001E+04   1.5712710699999999E-09
   1.7859380700000002E+04   1.5037400500000000E-09
   1.8050763200000001E+04   1.4410883899999999E-09
   1.8238120600000002E+04   1.3828849200000001E-09
   1.8606677299999999E+04   1.2767207700000000E-09
   1.8958960500000001E+04   1.1846060400000000E-09
   1.9295281100000000E+04   1.1042936699999999E-09
   1.9615998199999998E+04   1.0339530300000000E-09
   1.9921510300000002E+04   9.7208339000000002E-10
   2.0212247900000002E+04   9.1744717000000008E-10
   2.0488666799999999E+04   8.6901798000000006E-10
   2.0751241800000000E+04   8.2593996000000007E-10
   2.1000461200000002E+04   7.8749574000000007E-10
   2.1236822000000000E+04   7.5308104000000003E-10
   2.1460825799999999E+04   7.2218442999999997E-10
   2.1887220799999999E+04   6.6762892000000005E-10
   2.2267260200000001E+04   6.2328443999999997E-10
   2.2605203799999999E+04   5.8690597999999997E-10
   2.2905109199999999E+04   5.5682086999999999E-10
   2.3170788500000002E+04   5.3176421000000007E-10
   2.3405784599999999E+04   5.1076631999999993E-10
   2.3822776999999998E+04   4.7599541000000004E-10
   2.4140389400000000E+04   4.5147961999999999E-10
   2.4624765299999999E+04   4.1705299000000000E-10
   2.5118860000000001E+04   3.8525150000000000E-10
   2.5391445599999999E+04   3.6894690000000000E-10
   2.5662661100000001E+04   3.5357116000000000E-10
   2.5932468000000001E+04   3.3906164000000003E-10
   2.6200829500000000E+04   3.2536049999999995E-10
   2.6467710100000000E+04   3.1241430000000004E-10
   2.7001101600000002E+04   2.8841252999999999E-10
   2.7528073100000001E+04   2.6692070000000001E-10
   2.8048382399999999E+04   2.4762892000000000E-10
   2.8561808300000001E+04   2.3027068000000003E-10
   2.9068150399999999E+04   2.1461607000000002E-10
   2.9567227599999998E+04   2.0046629000000000E-10
   3.0058878600000000E+04   1.8764894999999999E-10
   3.0542960100000000E+04   1.7601417000000001E-10
   3.1019347099999999E+04   1.6543135000000001E-10
   3.1487931599999996E+04   1.5578641000000002E-10
   3.1948621900000002E+04   1.4697944000000001E-10
   3.2401342200000003E+04   1.3892276000000001E-10
   3.2846031600000002E+04   1.3153923000000000E-10
   3.3282643700000001E+04   1.2476086000000002E-10
   3.3711145499999999E+04   1.1852760000000001E-10
   3.4131516799999998E+04   1.1278626000000000E-10
   3.4543749499999998E+04   1.0748967000000000E-10
   3.4947847400000006E+04   1.0259592000000000E-10
   3.5343824500000002E+04   9.8067669999999990E-11
   3.5731705399999999E+04   9.3871600000000001E-11
   3.6111523800000003E+04   8.9977950000000002E-11
   3.6483322600000000E+04   8.6360050000000003E-11
   3.7214611000000004E+04   7.9759140000000012E-11
   3.7913501000000004E+04   7.4029760000000005E-11
   3.8580626100000001E+04   6.9032810000000000E-11
   3.9216713100000001E+04   6.4654940000000000E-11
   3.9822565999999999E+04   6.0803180000000000E-11
   4.0399050899999995E+04   5.7400810000000006E-11
   4.0947082500000004E+04   5.4384200000000005E-11
   4.1467612100000006E+04   5.1700270000000001E-11
   4.1961616700000006E+04   4.9304510000000000E-11
   4.2430089599999999E+04   4.7159410000000004E-11
   4.2874031799999997E+04   4.5233219999999999E-11
   4.3718981200000002E+04   4.1831129999999999E-11
   4.4471960500000001E+04   3.9064870000000005E-11
   4.5141448299999996E+04   3.6794880000000002E-11
   4.5735512400000000E+04   3.4917100000000000E-11
   4.6261728199999998E+04   3.3352829999999999E-11
   4.6727131200000003E+04   3.2041690000000000E-11
   4.7552880799999999E+04   2.9869990000000003E-11
   4.8181755299999997E+04   2.8338370000000002E-11
   4.9140695000000000E+04   2.6186930000000001E-11
   5.0118720000000001E+04   2.4198819999999998E-11
   5.0955078600000001E+04   2.2653119999999999E-11
   5.1751835899999998E+04   2.1293820000000000E-11
   5.2510107000000004E+04   2.0093649999999999E-11
   5.3231073499999999E+04   1.9029990000000002E-11
   5.3915967299999997E+04   1.8084010000000002E-11
   5.4566056199999999E+04   1.7239900000000000E-11
   5.5182631699999998E+04   1.6484370000000000E-11
   5.5766997199999998E+04   1.5806160000000001E-11
   5.6879413200000003E+04   1.4608819999999999E-11
   5.7870964899999999E+04   1.3635790000000000E-11
   5.8752741699999999E+04   1.2837710000000001E-11
   5.9535310799999999E+04   1.2177790000000001E-11
   6.0228604599999999E+04   1.1628249999999999E-11
   6.0841856299999999E+04   1.1167790000000001E-11
   6.1930109900000003E+04   1.0405420000000000E-11
   6.2759055100000005E+04   9.8679900000000002E-12
   6.4023323400000001E+04   9.1134500000000009E-12
   6.5313060000000005E+04   8.4166000000000003E-12
   6.6212125499999995E+04   7.9735799999999996E-12
   6.7066236199999999E+04   7.5794599999999997E-12
   6.7876968600000007E+04   7.2276800000000006E-12
   6.8645928899999999E+04   6.9127299999999994E-12
   6.9374738899999997E+04   6.6299399999999999E-12
   7.0762177899999995E+04   6.1305100000000003E-12
   7.1998929899999988E+04   5.7244800000000003E-12
   7.3098806399999987E+04   5.3913200000000005E-12
   7.4074972599999994E+04   5.1157499999999999E-12
   7.4939805500000002E+04   4.8862000000000007E-12
   7.5704812900000004E+04   4.6938200000000003E-12
   7.7062415200000003E+04   4.3751900000000001E-12
   7.8096570099999997E+04   4.1504900000000000E-12
   7.9673881699999998E+04   3.8349000000000001E-12
   8.1283049999999988E+04   3.5433100000000002E-12
   8.2224263399999996E+04   3.3869800000000002E-12
   8.3116546900000001E+04   3.2466999999999999E-12
   8.4815759399999995E+04   2.9991399999999997E-12
   8.6331042400000006E+04   2.7980600000000003E-12
   8.7679105599999995E+04   2.6332000000000001E-12
   8.8875917300000001E+04   2.4969400000000001E-12
   8.9936521000000008E+04   2.3835100000000002E-12
   9.0874926500000001E+04   2.2884900000000001E-12
   9.2540758000000002E+04   2.1312300000000000E-12
   9.3810140700000004E+04   2.0204200000000000E-12
   9.4773591399999990E+04   1.9411100000000000E-12
   9.6237351999999999E+04   1.8279500000000001E-12
   9.7723720000000001E+04   1.7213800000000001E-12
   9.9712593299999993E+04   1.5921199999999999E-12
   1.0148603400000000E+05   1.4870099999999999E-12
   1.0306365000000001E+05   1.4007399999999999E-12
   1.0446416799999999E+05   1.3293800000000001E-12
   1.0570522400000000E+05   1.2699200000000001E-12
   1.0680323699999999E+05   1.2200800000000000E-12
   1.0875227499999999E+05   1.1375200000000000E-12
   1.1023736000000000E+05   1.0792900000000001E-12
   1.1250309599999999E+05   9.9748200000000005E-13
   1.1481539999999999E+05   9.2187600000000002E-13
   1.1698363500000001E+05   8.5819499999999996E-13
   1.1891440200000000E+05   8.0609199999999999E-13
   1.2062994700000000E+05   7.6310500000000001E-13
   1.2215133800000000E+05   7.2737500000000002E-13
   1.2349828800000000E+05   6.9748700000000008E-13
   1.2589128599999999E+05   6.4810700000000004E-13
   1.2771641499999999E+05   6.1338000000000006E-13
   1.2910260500000001E+05   5.8856200000000001E-13
   1.3121015099999998E+05   5.5320399999999999E-13
   1.3335210000000001E+05   5.1997100000000003E-13
   1.3567502100000001E+05   4.8715499999999996E-13
   1.3774074700000000E+05   4.6014600000000003E-13
   1.3957404000000001E+05   4.3774299999999998E-13
   1.4119817800000001E+05   4.1903799999999996E-13
   1.4408602499999999E+05   3.8820599999999998E-13
   1.4629060499999998E+05   3.6657999999999999E-13
   1.4796614700000000E+05   3.5115499999999998E-13
   1.5051551199999999E+05   3.2922600000000002E-13
   1.5310879999999999E+05   3.0866600000000000E-13
   1.5555183600000001E+05   2.9101199999999998E-13
   1.5772144799999997E+05   2.7639599999999998E-13
   1.5964466899999999E+05   2.6420999999999999E-13
   1.6306690500000000E+05   2.4416199999999998E-13
   1.6568163900000000E+05   2.3013199999999999E-13
   1.6767016800000001E+05   2.2014000000000001E-13
   1.7069780000000002E+05   2.0596100000000001E-13
   1.7378010000000001E+05   1.9269499999999999E-13
   1.7655297800000000E+05   1.8184100000000001E-13
   1.7901551600000000E+05   1.7284600000000000E-13
   1.8119839700000000E+05   1.6534200000000000E-13
   1.8508267999999999E+05   1.5298500000000000E-13
   1.8805043900000001E+05   1.4432700000000001E-13
   1.9030744499999998E+05   1.3815600000000000E-13
   1.9374384700000001E+05   1.2939200000000001E-13
   1.9724230000000002E+05   1.2118300000000001E-13
   2.0010136900000001E+05   1.1505999999999999E-13
   2.0263703000000000E+05   1.0995700000000000E-13
   2.0488207699999999E+05   1.0567800000000000E-13
   2.0887092600000001E+05   9.8586099999999995E-14
   2.1191344400000002E+05   9.3581299999999997E-14
   2.1656051900000000E+05   8.6546500000000006E-14
   2.2130950000000000E+05   8.0040399999999996E-14
   2.2451742299999998E+05   7.6066100000000006E-14
   2.2736247700000001E+05   7.2750699999999993E-14
   2.3242834600000002E+05   6.7292800000000010E-14
   2.3630168300000002E+05   6.3469699999999997E-14
   2.3924898699999999E+05   6.0745699999999998E-14
   2.4373901200000002E+05   5.6877300000000000E-14
   2.4831329999999999E+05   5.3255199999999998E-14
   2.5155038800000001E+05   5.0912600000000000E-14
   2.5731716399999999E+05   4.7058400000000001E-14
   2.6172884000000003E+05   4.4360399999999997E-14
   2.6508716300000000E+05   4.2439000000000003E-14
   2.7020561700000003E+05   3.9711699999999999E-14
   2.7542290000000002E+05   3.7159700000000000E-14
   2.7901338600000000E+05   3.5556000000000003E-14
   2.8540973200000002E+05   3.2914299999999998E-14
   2.9030303800000000E+05   3.1062700000000002E-14
   2.9402799500000000E+05   2.9742600000000000E-14
   2.9970523800000001E+05   2.7866999999999999E-14
   3.0549209999999998E+05   2.6109700000000002E-14
   3.0947458900000004E+05   2.5006100000000001E-14
   3.1656927400000003E+05   2.3186000000000001E-14
   3.2199682200000004E+05   2.1908400000000002E-14
   3.2612846299999999E+05   2.0996600000000002E-14
   3.3242553800000000E+05   1.9699500000000002E-14
   3.3884420000000001E+05   1.8482599999999999E-14
   3.4673687800000003E+05   1.7146300000000002E-14
   3.5277680200000003E+05   1.6207900000000001E-14
   3.5737568900000001E+05   1.5538000000000000E-14
   3.6438667499999999E+05   1.4584600000000001E-14
   3.7153520000000001E+05   1.3689700000000000E-14
   3.8018938000000000E+05   1.2721300000000001E-14
   3.8681204800000001E+05   1.2040200000000000E-14
   3.9185464700000000E+05   1.1553400000000000E-14
   3.9954206799999997E+05   1.0859900000000000E-14
   4.0738029999999999E+05   1.0208000000000000E-14
   4.1686940300000005E+05   9.5012499999999995E-15
   4.2413100099999999E+05   9.0035200000000000E-15
   4.2966009100000001E+05   8.6474000000000008E-15
   4.3808916499999998E+05   8.1394699999999997E-15
   4.4668360000000003E+05   7.6613700000000001E-15
   4.5250669399999996E+05   7.3651899999999993E-15
   4.6288036499999999E+05   6.8741499999999999E-15
   4.7081638900000002E+05   6.5274800000000001E-15
   4.7685757000000001E+05   6.2789999999999997E-15
   4.8606499500000000E+05   5.9239100000000004E-15
   4.9545020000000001E+05   5.5888900000000000E-15
   5.0699070899999997E+05   5.2190499999999995E-15
   5.1582215899999993E+05   4.9578300000000003E-15
   5.2935861499999999E+05   4.5903000000000005E-15
   5.4325029999999993E+05   4.2500099999999998E-15
   5.5590422399999993E+05   3.9761400000000000E-15
   5.6558772199999995E+05   3.7823900000000003E-15
   5.8043016000000003E+05   3.5093100000000002E-15
   5.9566209999999998E+05   3.2559500000000004E-15
   6.0778499199999997E+05   3.0766700000000004E-15
   6.1703880099999998E+05   2.9487199999999999E-15
   6.3118435799999989E+05   2.7667000000000002E-15
   6.4565419999999995E+05   2.5959200000000002E-15
   6.5879453300000005E+05   2.4574500000000001E-15
   6.6882498899999994E+05   2.3584600000000001E-15
   6.8415774399999995E+05   2.2174099999999999E-15
   6.9984200000000000E+05   2.0847900000000001E-15
   7.1408515700000001E+05   1.9766699999999998E-15
   7.2495743499999994E+05   1.8992800000000000E-15
   7.4157701699999999E+05   1.7888400000000001E-15
   7.5857759999999998E+05   1.6848300000000000E-15
   7.7068164599999995E+05   1.6174399999999999E-15
   7.9233030699999991E+05   1.5059400000000002E-15
   8.0896495400000003E+05   1.4273899999999999E-15
   8.2166972900000005E+05   1.3711799999999999E-15
   8.4110198100000003E+05   1.2909800000000001E-15
   8.6099380000000005E+05   1.2154800000000000E-15
   8.8613523000000010E+05   1.1316300000000000E-15
   9.1201080000000005E+05   1.0535699999999999E-15
   9.3864202700000000E+05   9.8402200000000000E-16
   9.6605090000000002E+05   9.1906200000000002E-16
   9.9363173300000001E+05   8.6293200000000004E-16
   1.0220000000000000E+06   8.1022999999999995E-16
   1.0525081499999999E+06   7.6097500000000000E-16
   1.0839270000000000E+06   7.1471400000000000E-16
   1.1155783800000001E+06   6.7430000000000003E-16
   1.1481540000000000E+06   6.3617200000000008E-16
   1.1885025400000000E+06   5.9537300000000000E-16
   1.2302690000000000E+06   5.5719100000000001E-16
   1.2553072200000000E+06   5.3712599999999994E-16
   1.2938232300000002E+06   5.0837500000000000E-16
   1.3335210000000000E+06   4.8116300000000006E-16
   1.3645827700000000E+06   4.6236400000000005E-16
   1.4125372800000000E+06   4.3553500000000004E-16
   1.4621770000000000E+06   4.1026199999999997E-16
   1.5135611200000001E+06   3.8716099999999998E-16
   1.5532807900000000E+06   3.7069200000000000E-16
   1.6148232200000000E+06   3.4729400000000004E-16
   1.6788040000000000E+06   3.2537199999999998E-16
   1.7278259500000000E+06   3.1055999999999996E-16
   1.8040558900000001E+06   2.8959599999999999E-16
   1.8836490000000000E+06   2.7004799999999999E-16
   1.9386525699999998E+06   2.5819200000000000E-16
   2.0241840100000000E+06   2.4137800000000000E-16
   2.1134890000000000E+06   2.2565800000000002E-16
   2.1752040800000001E+06   2.1614600000000000E-16
   2.2711720400000000E+06   2.0262500000000001E-16
   2.3713740000000000E+06   1.8994999999999999E-16
   2.4476541299999999E+06   1.8150500000000000E-16
   2.5666995899999999E+06   1.6953600000000000E-16
   2.6915350000000000E+06   1.5835700000000002E-16
   2.7941518999999999E+06   1.5037900000000000E-16
   2.8736739899999998E+06   1.4466000000000002E-16
   2.9972207000000002E+06   1.3648799999999999E-16
   3.1260790000000000E+06   1.2877699999999999E-16
   3.2452635800000001E+06   1.2250300000000000E-16
   3.3376246699999999E+06   1.1799900000000000E-16
   3.4811182500000000E+06   1.1155100000000000E-16
   3.6307810000000000E+06   1.0545600000000001E-16
   3.7800716900000004E+06   1.0012200000000000E-16
   3.8960545000000000E+06   9.6299400000000004E-17
   4.0767351999999997E+06   9.0837200000000012E-17
   4.2657950000000000E+06   8.5684899999999999E-17
   4.4668358200000003E+06   8.0913799999999999E-17
   4.6238101800000006E+06   7.7510600000000004E-17
   4.8696753099999996E+06   7.2672300000000010E-17
   5.1286140000000000E+06   6.8136000000000002E-17
   5.3857972999999998E+06   6.4237500000000004E-17
   5.5871135499999998E+06   6.1460700000000001E-17
   5.7430238200000003E+06   5.9457100000000001E-17
   5.9850846500000004E+06   5.6573600000000005E-17
   6.2373480000000000E+06   5.3829900000000004E-17
   6.5879452299999995E+06   5.0499699999999999E-17
   6.8637662199999997E+06   4.8138000000000001E-17
   7.0781842000000002E+06   4.6439400000000000E-17
   7.4124354699999997E+06   4.4003299999999998E-17
   7.7624710000000000E+06   4.1694999999999999E-17
   8.0121669900000012E+06   4.0225100000000003E-17
   8.4686170500000007E+06   3.7776400000000002E-17
   8.8279399699999988E+06   3.6038300000000000E-17
   9.1074024599999990E+06   3.4787300000000000E-17
   9.5432711799999997E+06   3.2991800000000003E-17
   1.0000000000000000E+07   3.1289000000000000E-17
   1.0336535800000001E+07   3.0165700000000003E-17
   1.0952954399999999E+07   2.8295999999999998E-17
   1.1439274500000000E+07   2.6970199999999998E-17
   1.1818133299999999E+07   2.6016700000000001E-17
   1.2410077100000000E+07   2.4649400000000001E-17
   1.3031670000000000E+07   2.3354000000000001E-17
   1.3547995800000001E+07   2.2393800000000002E-17
   1.4016534900000000E+07   2.1586200000000003E-17
   1.4875804900000000E+07   2.0242199999999998E-17
   1.5554653200000001E+07   1.9289400000000002E-17
   1.6084043000000002E+07   1.8604399999999999E-17
   1.6912101000000000E+07   1.7622199999999999E-17
   1.7782790000000000E+07   1.6691900000000000E-17
   1.8620867899999999E+07   1.5898500000000002E-17
   1.9386523500000000E+07   1.5235400000000001E-17
   2.0082253699999999E+07   1.4677800000000001E-17
   2.0711468899999999E+07   1.4206700000000000E-17
   2.1860404100000001E+07   1.3418400000000001E-17
   2.2763741699999999E+07   1.2856000000000000E-17
   2.3465658600000001E+07   1.2449800000000000E-17
   2.4559323100000001E+07   1.1864300000000001E-17
   2.5703960000000000E+07   1.1306400000000000E-17
   2.7305493800000001E+07   1.0619099999999999E-17
   2.8788483300000001E+07   1.0052100000000001E-17
   3.0152021900000002E+07   9.5808999999999996E-18
   3.1397993000000000E+07   9.1867000000000006E-18
   3.2530381400000002E+07   8.8552000000000005E-18
   3.3554673299999997E+07   8.5749000000000005E-18
   3.5425400299999997E+07   8.1054999999999990E-18
   3.6896577200000003E+07   7.7705000000000004E-18
   3.9218686899999999E+07   7.2936999999999999E-18
   4.1686940000000000E+07   6.8461000000000001E-18
   4.3276289600000001E+07   6.5890999999999999E-18
   4.4821294299999997E+07   6.3569000000000004E-18
   4.6319794199999996E+07   6.1466000000000001E-18
   4.9265829099999994E+07   5.7710000000000003E-18
   5.1996914500000000E+07   5.4611999999999999E-18
   5.4510526800000004E+07   5.2038000000000000E-18
   5.6809417299999997E+07   4.9885000000000001E-18
   5.8900339099999994E+07   4.8075000000000000E-18
   6.0792929700000003E+07   4.6544000000000004E-18
   6.4252467199999996E+07   4.3982999999999999E-18
   6.6975715300000004E+07   4.2155000000000004E-18
   6.9093632299999997E+07   4.0834000000000002E-18
   7.2396741500000000E+07   3.8929000000000003E-18
   7.5857760000000000E+07   3.7114000000000001E-18
   7.9204527900000006E+07   3.5528000000000001E-18
   8.2476102600000009E+07   3.4101999999999998E-18
   8.5665828299999997E+07   3.2818000000000001E-18
   8.8768143799999997E+07   3.1658000000000001E-18
   9.1778522900000006E+07   3.0607999999999999E-18
   9.7700868400000006E+07   2.8731999999999999E-18
   1.0319558500000000E+08   2.7185000000000002E-18
   1.0825637300000000E+08   2.5899000000000000E-18
   1.1288774100000000E+08   2.4825000000000001E-18
   1.1710243600000000E+08   2.3921000000000002E-18
   1.2091917700000000E+08   2.3158000000000000E-18
   1.2790024300000000E+08   2.1879000000000001E-18
   1.3339928800000001E+08   2.0967000000000002E-18
   1.3767818100000000E+08   2.0308000000000000E-18
   1.4435523100000000E+08   1.9358000000000001E-18
   1.5135610000000000E+08   1.8453000000000001E-18
   1.5803378400000000E+08   1.7668000000000001E-18
   1.6456143700000000E+08   1.6963000000000002E-18
   1.7092578100000000E+08   1.6327000000000000E-18
   1.7711571800000000E+08   1.5753000000000000E-18
   1.8312221800000000E+08   1.5233000000000000E-18
   1.9493885700000000E+08   1.4304000000000001E-18
   2.0590226400000000E+08   1.3538000000000001E-18
   2.1599986900000000E+08   1.2901000000000000E-18
   2.2524066900000000E+08   1.2368000000000000E-18
   2.3365009600000000E+08   1.1920000000000001E-18
   2.4126550100000000E+08   1.1542000000000000E-18
   2.5519457000000000E+08   1.0908000000000000E-18
   2.6616661599999997E+08   1.0455000000000001E-18
   2.7470413700000000E+08   1.0127999999999999E-18
   2.8802661500000000E+08   9.6569999999999999E-19
   3.0199520000000000E+08   9.2075000000000009E-19
   3.1536567100000000E+08   8.8165000000000004E-19
   3.2843761800000000E+08   8.4649999999999998E-19
   3.4118424300000000E+08   8.1482000000000005E-19
   3.5358312800000000E+08   7.8620000000000000E-19
   3.6561599900000000E+08   7.6028999999999998E-19
   3.8929228600000000E+08   7.1396999999999993E-19
   4.1126341600000000E+08   6.7577000000000001E-19
   4.3150300500000000E+08   6.4401999999999996E-19
   4.5002806800000000E+08   6.1745999999999997E-19
   4.6688874700000000E+08   5.9513000000000001E-19
   4.8215923100000000E+08   5.7625000000000002E-19
   5.1009418700000000E+08   5.4464000000000000E-19
   5.3210248900000000E+08   5.2208000000000004E-19
   5.4922965300000000E+08   5.0577000000000004E-19
   5.7595958100000000E+08   4.8226000000000001E-19
   6.0399040000000000E+08   4.5983999999999997E-19
   6.3073134000000000E+08   4.4031000000000001E-19
   6.5687523400000000E+08   4.2276000000000000E-19
   6.8236848400000000E+08   4.0694000000000000E-19
   7.0716625300000000E+08   3.9264999999999999E-19
   7.3123199300000000E+08   3.7969999999999999E-19
   7.7858456700000000E+08   3.5657000000000005E-19
   8.2252682700000000E+08   3.3749000000000000E-19
   8.6300600400000000E+08   3.2163999999999996E-19
   9.0005723200000000E+08   3.0836999999999999E-19
   9.3377960700000000E+08   2.9722000000000001E-19
   9.6432150600000000E+08   2.8778999999999999E-19
   1.0202000000000000E+09   2.7200000000000003E-19
   1.0642200000000000E+09   2.6073000000000003E-19
   1.0984800000000000E+09   2.5258999999999998E-19
   1.1519300000000000E+09   2.4085000000000000E-19
   1.2079800000000000E+09   2.2965000000000002E-19
   1.2609100000000000E+09   2.2000000000000003E-19
   1.3126400000000000E+09   2.1131000000000001E-19
   1.3630600000000000E+09   2.0347999999999998E-19
   1.4120800000000000E+09   1.9640999999999998E-19
   1.4596400000000000E+09   1.9000000000000000E-19
   1.5531600000000000E+09   1.7854000000000000E-19
   1.6399000000000000E+09   1.6907999999999999E-19
   1.7197600000000000E+09   1.6121999999999999E-19
   1.7928200000000000E+09   1.5464000000000000E-19
   1.8592800000000000E+09   1.4910000000000001E-19
   1.9194600000000000E+09   1.4442000000000001E-19
   2.0294900000000000E+09   1.3656999999999999E-19
   2.1161200000000000E+09   1.3097000000000000E-19
   2.2530500000000000E+09   1.2300000000000001E-19
   2.3988300000000000E+09   1.1551000000000001E-19
   2.5050500000000000E+09   1.1062000000000000E-19
   2.6088900000000000E+09   1.0621000000000000E-19
   2.7101500000000000E+09   1.0224000000000001E-19
   2.8086400000000000E+09   9.8657000000000002E-20
   2.9042300000000000E+09   9.5409000000000001E-20
   3.0923100000000000E+09   8.9605000000000004E-20
   3.2668300000000000E+09   8.4817000000000005E-20
   3.4276100000000000E+09   8.0838000000000008E-20
   3.5747600000000000E+09   7.7510000000000002E-20
   3.7086900000000000E+09   7.4710000000000005E-20
   3.8299900000000000E+09   7.2343999999999999E-20
   4.0518800000000000E+09   6.8381000000000003E-20
   4.2266899999999995E+09   6.5553000000000001E-20
   4.3627400000000000E+09   6.3507999999999996E-20
   4.5750400000000000E+09   6.0560999999999998E-20
   4.7976700000000000E+09   5.7750000000000003E-20
   5.0100900000000000E+09   5.5300999999999999E-20
   5.2177600000000000E+09   5.3099999999999999E-20
   5.4202700000000000E+09   5.1115000000000001E-20
   5.6172600000000000E+09   4.9323000000000002E-20
   5.8084200000000000E+09   4.7698999999999995E-20
   6.1845600000000000E+09   4.4798000000000002E-20
   6.5336200000000000E+09   4.2404000000000003E-20
   6.8551600000000000E+09   4.0415000000000001E-20
   7.1494600000000000E+09   3.8750999999999998E-20
   7.4173200000000000E+09   3.7350999999999999E-20
   7.6599200000000000E+09   3.6168000000000002E-20
   8.1037000000000000E+09   3.4187000000000001E-20
   8.4533300000000000E+09   3.2773000000000000E-20
   8.7254200000000000E+09   3.1751000000000000E-20
   9.1500500000000000E+09   3.0277000000000005E-20
   9.5953300000000000E+09   2.8872000000000004E-20
   1.0021000000000000E+10   2.7645000000000001E-20
   1.0437000000000000E+10   2.6542000000000002E-20
   1.0843000000000000E+10   2.5549000000000000E-20
   1.1238000000000000E+10   2.4651000000000002E-20
   1.1621000000000000E+10   2.3838000000000000E-20
   1.2374000000000000E+10   2.2388000000000003E-20
   1.3072000000000000E+10   2.1191000000000003E-20
   1.3716000000000000E+10   2.0197000000000002E-20
   1.4305000000000000E+10   1.9365000000000000E-20
   1.4841000000000000E+10   1.8665000000000001E-20
   1.5326000000000000E+10   1.8073999999999999E-20
   1.6213000000000000E+10   1.7085000000000000E-20
   1.6912000000000000E+10   1.6378999999999999E-20
   1.8016000000000000E+10   1.5375000000000002E-20
   1.9191000000000000E+10   1.4434000000000000E-20
   2.0041000000000000E+10   1.3820999999999998E-20
   2.0873000000000000E+10   1.3271000000000001E-20
   2.1684000000000000E+10   1.2774000000000000E-20
   2.2472000000000000E+10   1.2326000000000001E-20
   2.3238000000000000E+10   1.1920000000000001E-20
   2.4743000000000000E+10   1.1195000000000001E-20
   2.6140000000000000E+10   1.0596000000000001E-20
   2.7426000000000000E+10   1.0099000000000000E-20
   2.8604000000000000E+10   9.6834000000000012E-21
   2.9675000000000000E+10   9.3335999999999994E-21
   3.0646000000000000E+10   9.0379000000000006E-21
   3.2421000000000000E+10   8.5432000000000005E-21
   3.3819000000000000E+10   8.1899000000000011E-21
   3.4906000000000000E+10   7.9347000000000000E-21
   3.6603000000000000E+10   7.5668000000000004E-21
   3.8381000000000000E+10   7.2162000000000001E-21
   4.0082000000000000E+10   6.9099999999999995E-21
   4.1744000000000000E+10   6.6348000000000001E-21
   4.3365000000000000E+10   6.3867999999999995E-21
   4.4941000000000000E+10   6.1627000000000000E-21
   4.6471000000000000E+10   5.9597000000000007E-21
   4.9481000000000000E+10   5.5971999999999999E-21
   5.2274000000000000E+10   5.2981000000000002E-21
   5.4846000000000000E+10   5.0495000000000002E-21
   5.7201000000000000E+10   4.8416000000000002E-21
   5.9344000000000000E+10   4.6667000000000001E-21
   6.1285000000000000E+10   4.5189000000000005E-21
   6.4835000000000000E+10   4.2714999999999999E-21
   6.7632000000000000E+10   4.0947999999999996E-21
   6.9808000000000000E+10   3.9671000000000002E-21
   7.3203000000000000E+10   3.7830999999999998E-21
   7.6763000000000000E+10   3.6076000000000004E-21
   7.9343000000000000E+10   3.4903000000000001E-21
   8.4069000000000000E+10   3.2941000000000001E-21
   8.7797000000000000E+10   3.1541999999999999E-21
   9.0702000000000000E+10   3.0530999999999999E-21
   9.5238000000000000E+10   2.9076999999999997E-21
   1.0000000000000000E+11   2.7692000000000000E-21
