   7.6499999999999995E+00   2.3576992600000003E-03
   7.7000000000000011E+00   2.1758599999999999E-03
   7.7349208200000001E+00   2.0530438099999999E-03
   7.7700000000000005E+00   1.9371600000000001E-03
   7.8110694699999996E+00   1.8051521400000001E-03
   7.8523559999999994E+00   1.6821399999999999E-03
   7.8976881500000005E+00   1.5512793900000002E-03
   7.9432820000000000E+00   1.4305990000000001E-03
   7.9815488300000004E+00   1.3323583500000000E-03
   8.0199999999999996E+00   1.2408639999999999E-03
   8.0599007499999988E+00   1.1486419800000001E-03
   8.0999999999999996E+00   1.0632739999999999E-03
   8.1249615399999993E+00   1.0113922200000001E-03
   8.1500000000000004E+00   9.6204199999999998E-04
   8.1861329099999995E+00   8.9241170400000008E-04
   8.2224260000000005E+00   8.2782109999999999E-04
   8.2561438699999989E+00   7.6931509500000007E-04
   8.2900000000000009E+00   7.1494399999999991E-04
   8.3199459200000003E+00   6.6796232099999994E-04
   8.3499999999999996E+00   6.2406800000000008E-04
   8.3749626900000003E+00   5.8830847100000002E-04
   8.3999999999999986E+00   5.5459800000000001E-04
   8.4299466200000008E+00   5.1506176200000003E-04
   8.4600000000000009E+00   4.7834400000000001E-04
   8.4856511200000000E+00   4.4762341399999999E-04
   8.5113799999999991E+00   4.1887580000000003E-04
   8.5306681499999986E+00   3.9766801700000004E-04
   8.5499999999999989E+00   3.7753400000000001E-04
   8.5749635599999987E+00   3.5194156000000002E-04
   8.6000000000000014E+00   3.2808400000000003E-04
   8.6174822399999993E+00   3.1167778999999999E-04
   8.6349999999999998E+00   2.9609200000000002E-04
   8.6574707699999998E+00   2.7638090400000003E-04
   8.6799999999999997E+00   2.5798200000000002E-04
   8.6999770200000004E+00   2.4191251900000001E-04
   8.7199999999999989E+00   2.2684400000000003E-04
   8.7374824800000006E+00   2.1386255700000002E-04
   8.7550000000000008E+00   2.0162400000000002E-04
   8.7724825500000012E+00   1.8956859100000001E-04
   8.7900000000000009E+00   1.7823400000000002E-04
   8.8049872300000001E+00   1.6864558400000003E-04
   8.8200000000000003E+00   1.5957299999999998E-04
   8.8349872700000009E+00   1.5061855800000001E-04
   8.8499999999999996E+00   1.4216660000000001E-04
   8.8649873100000001E+00   1.3381817600000001E-04
   8.8799999999999990E+00   1.2595999999999999E-04
   8.8962396599999991E+00   1.1756006300000000E-04
   8.9125090000000000E+00   1.0972030000000001E-04
   8.9262439199999992E+00   1.0317512699999999E-04
   8.9400000000000013E+00   9.7020400000000017E-05
   8.9549874400000000E+00   9.0389502300000006E-05
   8.9700000000000006E+00   8.4211799999999999E-05
   8.9799944400000005E+00   8.0137539500000008E-05
   8.9900000000000002E+00   7.6260400000000006E-05
   9.0028463300000006E+00   7.1328928500000009E-05
   9.0157109999999996E+00   6.6716360000000001E-05
   9.0253503500000001E+00   6.3291996900000010E-05
   9.0350000000000001E+00   6.0043400000000002E-05
   9.0449944799999997E+00   5.6705414300000001E-05
   9.0549999999999997E+00   5.3553000000000000E-05
   9.0659933299999995E+00   5.0121242499999997E-05
   9.0770000000000000E+00   4.6909399999999995E-05
   9.0844969099999986E+00   4.4739931800000006E-05
   9.0920000000000005E+00   4.2670799999999998E-05
   9.1009955500000004E+00   4.0209195899999999E-05
   9.1099999999999994E+00   3.7889600000000004E-05
   9.1189955600000001E+00   3.5592464500000001E-05
   9.1280000000000001E+00   3.3434600000000000E-05
   9.1349973200000001E+00   3.1771643200000000E-05
   9.1419999999999995E+00   3.0191400000000000E-05
   9.1484977000000001E+00   2.8736125699999997E-05
   9.1549999999999994E+00   2.7351000000000000E-05
   9.1624969400000005E+00   2.5766927099999998E-05
   9.1699999999999999E+00   2.4274600000000000E-05
   9.1774969399999993E+00   2.2797455900000001E-05
   9.1849999999999987E+00   2.1410200000000000E-05
   9.1924969500000007E+00   2.0038444899999999E-05
   9.1999999999999993E+00   1.8754580000000000E-05
   9.2074969500000012E+00   1.7486509600000000E-05
   9.2149999999999999E+00   1.6304180000000001E-05
   9.2203554499999996E+00   1.5469556800000001E-05
   9.2257140000000000E+00   1.4677660000000001E-05
   9.2328542400000000E+00   1.3635253499999999E-05
   9.2400000000000002E+00   1.2666880000000001E-05
   9.2449986500000012E+00   1.1998474200000001E-05
   9.2500000000000000E+00   1.1365340000000001E-05
   9.2549986500000010E+00   1.0740471700000000E-05
   9.2599999999999998E+00   1.0149960000000000E-05
   9.2649986599999998E+00   9.5681758700000009E-06
   9.2699999999999996E+00   9.0197400000000005E-06
   9.2749986599999996E+00   8.4807025399999994E-06
   9.2799999999999994E+00   7.9738800000000003E-06
   9.2854983799999999E+00   7.4280584900000001E-06
   9.2910000000000004E+00   6.9196000000000006E-06
   9.2964983799999992E+00   6.4245294099999998E-06
   9.3019999999999996E+00   5.9648800000000006E-06
   9.3059991499999999E+00   5.6397485500000005E-06
   9.3100000000000005E+00   5.3323400000000009E-06
   9.3149986599999988E+00   4.9602042799999998E-06
   9.3200000000000003E+00   4.6140400000000005E-06
   9.3237477500000008E+00   4.3620236599999998E-06
   9.3293721800000000E+00   4.0095725499999994E-06
   9.3349999999999991E+00   3.6855999999999999E-06
   9.3394967599999994E+00   3.4419940300000004E-06
   9.3428707499999994E+00   3.2699156399999998E-06
   9.3479340099999995E+00   3.0277936000000001E-06
   9.3529999999999998E+00   2.8036000000000001E-06
   9.3569991500000000E+00   2.6430105600000001E-06
   9.3610000000000007E+00   2.4916200000000001E-06
   9.3644993499999991E+00   2.3722084300000002E-06
   9.3680000000000003E+00   2.2585200000000002E-06
   9.3740000000000006E+00   2.0881000000000000E-06
   9.3800000000000008E+00   1.9446360000000001E-06
   9.3850000000000016E+00   1.8455100000000000E-06
   9.3900000000000006E+00   1.7648540000000000E-06
   9.3935000000000013E+00   1.7193300000000000E-06
   9.3970000000000002E+00   1.6827660000000001E-06
   9.4009999999999998E+00   1.6519360000000002E-06
   9.4050000000000011E+00   1.6326499999999999E-06
   9.4089999999999989E+00   1.6249420000000000E-06
   9.4130000000000003E+00   1.6287299999999999E-06
   9.4169999999999998E+00   1.6439620000000001E-06
   9.4215000000000000E+00   1.6747100000000001E-06
   9.4259999999999984E+00   1.7197980000000002E-06
   9.4299999999999997E+00   1.7718420000000000E-06
   9.4350000000000005E+00   1.8526840000000003E-06
   9.4399999999999995E+00   1.9509560000000001E-06
   9.4450000000000003E+00   2.0665600000000000E-06
   9.4520000000000000E+00   2.2573000000000000E-06
   9.4559991599999993E+00   2.3832655100000002E-06
   9.4599999999999991E+00   2.5162600000000001E-06
   9.4649986799999990E+00   2.7017345099999999E-06
   9.4700000000000006E+00   2.9008800000000003E-06
   9.4749960499999997E+00   3.1176862300000000E-06
   9.4787448200000011E+00   3.2908598400000001E-06
   9.4843707500000001E+00   3.5688212400000000E-06
   9.4900000000000002E+00   3.8702599999999998E-06
   9.4959981100000004E+00   4.2091438200000002E-06
   9.5020000000000007E+00   4.5777000000000002E-06
   9.5059991600000000E+00   4.8322623399999996E-06
   9.5099999999999998E+00   5.1009800000000002E-06
   9.5149986900000005E+00   5.4451027599999996E-06
   9.5199999999999996E+00   5.8124400000000007E-06
   9.5254984199999999E+00   6.2254938400000005E-06
   9.5310000000000006E+00   6.6679000000000001E-06
   9.5364984199999991E+00   7.1181021199999997E-06
   9.5419999999999998E+00   7.5987000000000006E-06
   9.5484977900000008E+00   8.1749875899999997E-06
   9.5550000000000015E+00   8.7949799999999999E-06
   9.5599987000000013E+00   9.2766413100000004E-06
   9.5650000000000013E+00   9.7846800000000000E-06
   9.5709981199999987E+00   1.0398582100000001E-05
   9.5770000000000000E+00   1.1051000000000000E-05
   9.5829981300000000E+00   1.1707179499999999E-05
   9.5889999999999986E+00   1.2402320000000000E-05
   9.5944984299999998E+00   1.3041937300000001E-05
   9.5999999999999996E+00   1.3714540000000000E-05
   9.6074970799999999E+00   1.4634280300000000E-05
   9.6150000000000002E+00   1.5615700000000000E-05
   9.6209981300000003E+00   1.6401994600000000E-05
   9.6269999999999989E+00   1.7227880000000000E-05
   9.6344970900000000E+00   1.8260994100000002E-05
   9.6419999999999995E+00   1.9356060000000000E-05
   9.6484978199999993E+00   2.0304399100000000E-05
   9.6549999999999994E+00   2.1299200000000001E-05
   9.6624970900000005E+00   2.2445646600000000E-05
   9.6699999999999999E+00   2.3653800000000000E-05
   9.6774971000000001E+00   2.4859758700000002E-05
   9.6849999999999987E+00   2.6127199999999999E-05
   9.6924970999999989E+00   2.7391319800000001E-05
   9.7000000000000011E+00   2.8716599999999999E-05
   9.7149999999999999E+00   3.1420400000000002E-05
   9.7300000000000004E+00   3.4237399999999999E-05
   9.7399948700000003E+00   3.6146949600000002E-05
   9.7500000000000000E+00   3.8163000000000000E-05
   9.7611796000000002E+00   4.0405665500000001E-05
   9.7723720000000007E+00   4.2780119999999995E-05
   9.7899999999999991E+00   4.6582000000000002E-05
   9.7999949000000015E+00   4.8773070600000003E-05
   9.8099999999999987E+00   5.1067200000000005E-05
   9.8300000000000001E+00   5.5728600000000000E-05
   9.8449885800000008E+00   5.9272988200000004E-05
   9.8600000000000012E+00   6.3042799999999999E-05
   9.8749886099999991E+00   6.6776063299999993E-05
   9.8900000000000006E+00   7.0730399999999996E-05
   9.9049886500000000E+00   7.4646207100000008E-05
   9.9199999999999999E+00   7.8778799999999999E-05
   9.9450000000000003E+00   8.5749599999999996E-05
   9.9624846300000005E+00   9.0681568199999998E-05
   9.9799999999999986E+00   9.5897199999999994E-05
   1.0010000000000002E+01   1.0494200000000001E-04
   1.0029980100000001E+01   1.1103257600000001E-04
   1.0050000000000001E+01   1.1747660000000000E-04
   1.0067484800000001E+01   1.2304103400000000E-04
   1.0084999999999999E+01   1.2886899999999999E-04
   1.0119999999999999E+01   1.4063680000000000E-04
   1.0144969200000000E+01   1.4909770800000002E-04
   1.0170000000000000E+01   1.5806760000000000E-04
   1.0192475199999999E+01   1.6600293399999998E-04
   1.0215000000000000E+01   1.7433659999999999E-04
   1.0242463100000000E+01   1.8434276500000000E-04
   1.0270000000000000E+01   1.9492319999999999E-04
   1.0299956400000001E+01   2.0622686900000000E-04
   1.0330000000000000E+01   2.1818599999999999E-04
   1.0359956600000000E+01   2.2989199899999999E-04
   1.0390000000000001E+01   2.4222599999999998E-04
   1.0440000000000000E+01   2.6279200000000003E-04
   1.0500000000000000E+01   2.8806799999999999E-04
   1.0534941900000000E+01   3.0279840199999998E-04
   1.0570000000000000E+01   3.1828200000000003E-04
   1.0609924599999999E+01   3.3550598100000003E-04
   1.0650000000000000E+01   3.5366199999999998E-04
   1.0689925200000001E+01   3.7131161900000000E-04
   1.0730000000000000E+01   3.8984200000000000E-04
   1.0810000000000000E+01   4.2667400000000004E-04
   1.0879999999999999E+01   4.5936000000000002E-04
   1.0964780000000001E+01   4.9943510000000004E-04
   1.1066999999999998E+01   5.4828180000000002E-04
   1.1150000000000000E+01   5.8827200000000004E-04
   1.1270000000000001E+01   6.4641199999999996E-04
   1.1379999999999999E+01   6.9986000000000007E-04
   1.1500000000000000E+01   7.5814199999999995E-04
   1.1650000000000000E+01   8.3068800000000000E-04
   1.1800000000000001E+01   9.0260800000000006E-04
   1.1950000000000001E+01   9.7364200000000004E-04
   1.2070000000000000E+01   1.0296839999999999E-03
   1.2220000000000001E+01   1.0986060000000000E-03
   1.2400000000000000E+01   1.1794519999999999E-03
   1.2600000000000000E+01   1.2666719999999999E-03
   1.2799999999999999E+01   1.3509420000000002E-03
   1.3031670000000000E+01   1.4446780000000000E-03
   1.3299999999999999E+01   1.5478779999999999E-03
   1.3570000000000000E+01   1.6458060000000001E-03
   1.3900000000000000E+01   1.7574379999999998E-03
   1.4199999999999999E+01   1.8513340000000001E-03
   1.4500000000000000E+01   1.9381880000000000E-03
   1.4800000000000001E+01   2.0182400000000001E-03
   1.5150000000000000E+01   2.1034000000000001E-03
   1.5500000000000000E+01   2.1802000000000002E-03
   1.5900000000000000E+01   2.2584000000000003E-03
   1.6405900000000003E+01   2.3439400000000001E-03
   1.6982440000000000E+01   2.4251049999999999E-03
   1.7669999999999998E+01   2.5020660000000003E-03
   1.8407720000000001E+01   2.5640060000000002E-03
   1.9199999999999999E+01   2.6105000000000000E-03
   2.0000000000000000E+01   2.6402600000000002E-03
   2.0892959999999999E+01   2.6567870000000003E-03
   2.1900000000000002E+01   2.6588599999999999E-03
   2.3173949999999998E+01   2.6426380000000001E-03
   2.4547090000000001E+01   2.6080010000000000E-03
   2.6302679999999999E+01   2.5466040000000001E-03
   2.8183830000000000E+01   2.4686410000000002E-03
   3.0199520000000000E+01   2.3780110000000002E-03
   3.2734070000000003E+01   2.2602560000000000E-03
   3.5481339999999996E+01   2.1340990000000000E-03
   3.7153521400000002E+01   2.0574422399999999E-03
   3.8904510000000002E+01   1.9835389999999999E-03
   4.0738024599999996E+01   1.9054498700000000E-03
   4.2657950000000000E+01   1.8304350000000000E-03
   4.4668356299999999E+01   1.7520224700000001E-03
   4.6773510000000002E+01   1.6769689999999999E-03
   4.9079891699999997E+01   1.5959356800000000E-03
   5.1500000000000000E+01   1.5188179999999999E-03
   5.4125709599999993E+01   1.4372433400000001E-03
   5.6885290000000005E+01   1.3600500000000000E-03
   5.9566211100000004E+01   1.2875548900000001E-03
   6.2373480000000001E+01   1.2189239999999999E-03
   6.5313051200000004E+01   1.1500406400000000E-03
   6.8391159999999999E+01   1.0850499999999999E-03
   7.0185917500000002E+01   1.0481635200000000E-03
   7.2966749200000010E+01   9.9517160599999995E-04
   7.5857759999999999E+01   9.4485880000000008E-04
   7.8072845099999995E+01   9.0742048100000007E-04
   8.1517338899999999E+01   8.5402596800000005E-04
   8.5113799999999998E+01   8.0377330000000002E-04
   8.8167089500000003E+01   7.6332020900000009E-04
   9.0528723700000000E+01   7.3432218399999995E-04
   9.4190312300000002E+01   6.9287753800000007E-04
   9.8000000000000000E+01   6.5377199999999995E-04
   1.0254620700000001E+02   6.1037065300000005E-04
   1.0609373600000001E+02   5.7972114400000002E-04
   1.0883469199999999E+02   5.5774830900000001E-04
   1.1307946900000000E+02   5.2634069699999996E-04
   1.1748980000000000E+02   4.9670170000000002E-04
   1.2057302499999999E+02   4.7712942300000001E-04
   1.2333714700000002E+02   4.6063738599999999E-04
   1.2832771000000000E+02   4.3313612800000001E-04
   1.3220270800000000E+02   4.1359314299999999E-04
   1.3823569900000001E+02   3.8591949300000001E-04
   1.4454400000000001E+02   3.6009749999999999E-04
   1.4940841600000002E+02   3.4167318500000004E-04
   1.5379888199999999E+02   3.2632687099999998E-04
   1.5774624499999999E+02   3.1346534500000000E-04
   1.6128320700000000E+02   3.0262802599999999E-04
   1.6766478599999999E+02   2.8455647300000000E-04
   1.7261613600000001E+02   2.7171459200000001E-04
   1.8031866600000001E+02   2.5353020300000002E-04
   1.8836490000000001E+02   2.3656280000000000E-04
   1.9303008100000000E+02   2.2741606000000001E-04
   2.0147388600000002E+02   2.1225201500000001E-04
   2.0804826100000000E+02   2.0154630499999999E-04
   2.1311944900000000E+02   1.9387289900000000E-04
   2.2095893900000002E+02   1.8290707500000000E-04
   2.2908680000000001E+02   1.7256150000000001E-04
   2.3713739800000002E+02   1.6294925900000001E-04
   2.4336047300000001E+02   1.5609311700000002E-04
   2.5300262200000000E+02   1.4634598099999999E-04
   2.6302679999999998E+02   1.3720750000000001E-04
   2.7070731699999999E+02   1.3060019399999999E-04
   2.7661453000000000E+02   1.2585436999999999E-04
   2.8571791899999999E+02   1.1905702400000001E-04
   2.9512090000000001E+02   1.1262680000000000E-04
   3.0286562099999998E+02   1.0751388900000000E-04
   3.1486543899999998E+02   1.0027641800000000E-04
   3.2734069999999997E+02   9.3526149999999996E-05
   3.3787028499999997E+02   8.8197606000000000E-05
   3.4598915900000003E+02   8.4401390500000005E-05
   3.5853472899999997E+02   7.9011227900000012E-05
   3.7153519999999997E+02   7.3965299999999995E-05
   3.8459175600000003E+02   6.9246546500000006E-05
   3.9468441200000001E+02   6.5906111899999997E-05
   4.0242733900000002E+02   6.3506966800000000E-05
   4.1432747100000000E+02   6.0071004100000004E-05
   4.2657950000000000E+02   5.6820939999999999E-05
   4.3588806999999997E+02   5.4467154400000000E-05
   4.4419954600000000E+02   5.2487715999999999E-05
   4.5912779100000000E+02   4.9195220000000001E-05
   4.7065230000000003E+02   4.6862109099999996E-05
   4.7948512399999998E+02   4.5185180700000002E-05
   4.9304614299999997E+02   4.2781628800000000E-05
   5.0699070000000006E+02   4.0505929999999997E-05
   5.1656502599999999E+02   3.9020671699999999E-05
   5.3375721399999998E+02   3.6551312500000001E-05
   5.4702582199999995E+02   3.4802396600000003E-05
   5.5719329200000004E+02   3.3545848699999999E-05
   5.7279993000000002E+02   3.1745577600000003E-05
   5.8884370000000001E+02   3.0041919999999999E-05
   6.0778506299999992E+02   2.8149707400000001E-05
   6.2238986899999998E+02   2.6809180299999997E-05
   6.4495772900000009E+02   2.4917129599999998E-05
   6.6834390000000008E+02   2.3158610000000000E-05
   6.8984257700000001E+02   2.1660769599999999E-05
   7.0641921000000002E+02   2.0601314299999999E-05
   7.1911256900000001E+02   1.9840870000000000E-05
   7.3858153700000003E+02   1.8752509199999998E-05
   7.5857759999999996E+02   1.7723850000000001E-05
   7.7401612899999998E+02   1.6967674999999998E-05
   7.8778237000000001E+02   1.6332534100000001E-05
   8.1246505200000001E+02   1.5277709100000001E-05
   8.3148326399999996E+02   1.4531543099999999E-05
   8.4603850700000010E+02   1.3995933199999999E-05
   8.6835049500000002E+02   1.3229305500000001E-05
   8.9125090000000000E+02   1.2504670000000002E-05
   9.0808180799999991E+02   1.1998903800000001E-05
   9.3830431699999997E+02   1.1162536900000000E-05
   9.6162948000000006E+02   1.0573746900000000E-05
   9.7950308799999993E+02   1.0152626500000001E-05
   1.0069383300000000E+03   9.5521835799999999E-06
   1.0351420000000001E+03   8.9872519999999999E-06
   1.0531735200000001E+03   8.6422370500000004E-06
   1.0854877600000000E+03   8.0700250000000007E-06
   1.1103724600000000E+03   7.6658692900000008E-06
   1.1294096500000001E+03   7.3760916899999997E-06
   1.1585791400000001E+03   6.9618339600000004E-06
   1.1885020000000000E+03   6.5708420000000006E-06
   1.2267327200000000E+03   6.1062969599999994E-06
   1.2562106600000000E+03   5.7795708700000001E-06
   1.2787830400000000E+03   5.5460508600000002E-06
   1.3134043600000000E+03   5.2133422599999993E-06
   1.3489630000000000E+03   4.9005930000000002E-06
   1.3724611199999999E+03   4.7039305200000006E-06
   1.4145720300000000E+03   4.3785706900000001E-06
   1.4470009900000000E+03   4.1494063400000002E-06
   1.4718096600000001E+03   3.9854390099999998E-06
   1.5098224500000001E+03   3.7515563600000003E-06
   1.5488170000000000E+03   3.5313990000000004E-06
   1.5757963299999999E+03   3.3866691700000003E-06
   1.6241459000000002E+03   3.1475182300000002E-06
   1.6613791500000000E+03   2.9793042999999999E-06
   1.6898631799999998E+03   2.8590702100000000E-06
   1.7335074900000000E+03   2.6877555199999999E-06
   1.7782790000000000E+03   2.5267060000000000E-06
   1.8118611400000000E+03   2.4124220800000000E-06
   1.8417653299999999E+03   2.3166720199999999E-06
   1.8952901900000002E+03   2.1581631100000002E-06
   1.9364521900000000E+03   2.0464401500000002E-06
   1.9679093000000000E+03   1.9664600800000002E-06
   2.0160556899999999E+03   1.8523125600000001E-06
   2.0653800000000001E+03   1.7447910000000000E-06
   2.1043839199999998E+03   1.6643236800000000E-06
   2.1391161000000002E+03   1.5969649200000001E-06
   2.2012824599999999E+03   1.4855803700000002E-06
   2.2490900000000001E+03   1.4071705399999999E-06
   2.2856258100000000E+03   1.3510912200000002E-06
   2.3415453499999999E+03   1.2711347199999999E-06
   2.3988330000000001E+03   1.1959099999999999E-06
   2.4441339900000003E+03   1.1397230000000001E-06
   2.4844735799999999E+03   1.0927291400000000E-06
   2.5566765100000002E+03   1.0151042600000000E-06
   2.6122024400000000E+03   9.6052626000000013E-07
   2.6546368499999999E+03   9.2152726299999999E-07
   2.7195844300000003E+03   8.6597750500000008E-07
   2.7861210000000001E+03   8.1377629999999994E-07
   2.8428240400000000E+03   7.7193981699999999E-07
   2.8933850599999996E+03   7.3710108000000011E-07
   2.9383630699999999E+03   7.0790943699999996E-07
   3.0187635399999999E+03   6.5957828699999991E-07
   3.0805043299999998E+03   6.2550795400000004E-07
   3.1276372099999999E+03   6.0111518899999999E-07
   3.1996921000000002E+03   5.6629796700000002E-07
   3.2734069999999997E+03   5.3349739999999994E-07
   3.3400272500000001E+03   5.0558788000000006E-07
   3.3994312500000001E+03   4.8236741000000008E-07
   3.4522757900000001E+03   4.6292602700000002E-07
   3.5467380800000001E+03   4.3077002299999996E-07
   3.6192771800000000E+03   4.0812751900000004E-07
   3.6746534600000000E+03   3.9193015899999998E-07
   3.7593105700000001E+03   3.6883140500000002E-07
   3.8459179999999997E+03   3.4709400000000002E-07
   3.9241898799999999E+03   3.2862810900000002E-07
   3.9939834199999996E+03   3.1327815200000003E-07
   4.0560702700000002E+03   3.0043625100000001E-07
   4.1670536600000005E+03   2.7921659900000003E-07
   4.2522795699999997E+03   2.6429132400000003E-07
   4.3173409499999998E+03   2.5362330700000000E-07
   4.4168042599999999E+03   2.3842321900000002E-07
   4.5185590000000002E+03   2.2413410000000001E-07
   4.6105205200000000E+03   2.1201757000000001E-07
   4.6925208399999992E+03   2.0195414899999999E-07
   4.7654665999999997E+03   1.9354127200000001E-07
   4.8958608300000005E+03   1.7965322400000002E-07
   4.9959926400000004E+03   1.6989518900000000E-07
   5.0724331699999993E+03   1.6292608900000002E-07
   5.1892924800000001E+03   1.5300476700000001E-07
   5.3088440000000001E+03   1.4368760000000001E-07
   5.4246904999999997E+03   1.3524960800000000E-07
   5.5281280100000004E+03   1.2827385600000001E-07
   5.6202524899999999E+03   1.2246585500000001E-07
   5.7021199000000006E+03   1.1759998800000000E-07
   5.8482678100000003E+03   1.0954529600000001E-07
   5.9603317299999999E+03   1.0386843100000000E-07
   6.0457866400000003E+03   9.9804691099999998E-08
   6.1762717100000000E+03   9.4005232700000013E-08
   6.3095729999999994E+03   8.8542770000000000E-08
   6.4472568600000004E+03   8.3261404500000005E-08
   6.5701926100000001E+03   7.8899278500000002E-08
   6.6796827899999998E+03   7.5270303799999999E-08
   6.7769824099999996E+03   7.2232139100000004E-08
   6.9506795800000000E+03   6.7207445899999996E-08
   7.0838678399999999E+03   6.3669666800000007E-08
   7.1854312199999995E+03   6.1139089499999996E-08
   7.3405130599999993E+03   5.7530553600000004E-08
   7.4989420000000000E+03   5.4135000000000001E-08
   7.6625794999999998E+03   5.0857418399999998E-08
   7.8086888400000007E+03   4.8152735100000001E-08
   7.9388180900000007E+03   4.5904395999999999E-08
   8.0544588600000006E+03   4.4023384800000000E-08
   8.2608982199999991E+03   4.0915178499999998E-08
   8.4191926899999999E+03   3.8728904700000003E-08
   8.5399009299999998E+03   3.7166211000000001E-08
   8.7242159499999998E+03   3.4939597700000000E-08
   8.9125090000000000E+03   3.2846380000000004E-08
   9.1069929100000008E+03   3.0829713200000000E-08
   9.2806445200000016E+03   2.9166963000000000E-08
   9.4353037299999996E+03   2.7785788200000000E-08
   9.5727433199999996E+03   2.6631019399999998E-08
   9.8180974900000001E+03   2.4724451400000002E-08
   1.0006231299999999E+04   2.3384646700000002E-08
   1.0149693600000001E+04   2.2427658000000001E-08
   1.0368752899999999E+04   2.1065103899999999E-08
   1.0592539999999999E+04   1.9785330000000001E-08
   1.0839271600000000E+04   1.8474869000000000E-08
   1.1059871600000000E+04   1.7399616699999999E-08
   1.1256576500000001E+04   1.6510233000000002E-08
   1.1431560900000000E+04   1.5769395100000002E-08
   1.1586902200000000E+04   1.5148482799999999E-08
   1.1863846100000001E+04   1.4120134400000000E-08
   1.2075889300000001E+04   1.3394950100000001E-08
   1.2237405100000000E+04   1.2875609699999999E-08
   1.2483738299999999E+04   1.2134108299999999E-08
   1.2735029999999999E+04   1.1435310000000001E-08
   1.3050435100000001E+04   1.0621886099999999E-08
   1.3332816000000001E+04   9.9577479500000005E-09
   1.3584906799999999E+04   9.4107813000000005E-09
   1.3809393300000000E+04   8.9568884000000012E-09
   1.4008859800000000E+04   8.5777268200000010E-09
   1.4364883900000001E+04   7.9524061600000001E-09
   1.4637827299999999E+04   7.5135176399999997E-09
   1.4845932900000002E+04   7.2003213300000001E-09
   1.5163651699999999E+04   6.7548348999999994E-09
   1.5488170000000000E+04   6.3369109999999997E-09
   1.5690078199999998E+04   6.0911247400000000E-09
   1.6075777199999999E+04   5.6556794700000004E-09
   1.6421033700000000E+04   5.3002782800000008E-09
   1.6729210299999999E+04   5.0076713600000002E-09
   1.7003605500000001E+04   4.7649223099999999E-09
   1.7247390800000001E+04   4.5621895800000001E-09
   1.7682455400000003E+04   4.2279414799999997E-09
   1.8015940800000000E+04   3.9934265200000006E-09
   1.8270175800000001E+04   3.8261169900000001E-09
   1.8658271000000001E+04   3.5882035700000001E-09
   1.9054610000000001E+04   3.3650839999999998E-09
   1.9316905999999999E+04   3.2258324999999998E-09
   1.9566086700000000E+04   3.1005222100000001E-09
   2.0041996700000000E+04   2.8785368500000005E-09
   2.0467903999999999E+04   2.6973768300000002E-09
   2.0847990899999997E+04   2.5482393700000002E-09
   2.1186352299999999E+04   2.4245240500000003E-09
   2.1486920400000003E+04   2.3212102899999999E-09
   2.2023211300000003E+04   2.1508913700000003E-09
   2.2434195500000002E+04   2.0314047800000000E-09
   2.2747458900000001E+04   1.9461663700000003E-09
   2.3225574900000000E+04   1.8249678200000000E-09
   2.3713740000000002E+04   1.7113169999999999E-09
   2.4057475699999999E+04   1.6360348899999998E-09
   2.4384251700000001E+04   1.5684684099999998E-09
   2.4694634200000000E+04   1.5076613100000000E-09
   2.5287289600000000E+04   1.3999300100000000E-09
   2.5817519000000000E+04   1.3119991000000001E-09
   2.6290581999999999E+04   1.2396022400000000E-09
   2.6711617300000002E+04   1.1795397000000002E-09
   2.7085550600000002E+04   1.1293771600000000E-09
   2.7752573799999998E+04   1.0466711800000002E-09
   2.8263599100000003E+04   9.8864122999999991E-10
   2.8653033899999999E+04   9.4724005999999999E-10
   2.9247270100000002E+04   8.8836629000000002E-10
   2.9853830000000002E+04   8.3315169999999999E-10
   3.0330184699999998E+04   7.9249125000000001E-10
   3.0783668000000001E+04   7.5617613000000000E-10
   3.1214964500000002E+04   7.2364352000000006E-10
   3.1624791499999999E+04   6.9441649999999999E-10
   3.2407775000000001E+04   6.4275997000000003E-10
   3.3108771500000003E+04   6.0072266000000003E-10
   3.3734570700000004E+04   5.6620154999999995E-10
   3.4291840300000003E+04   5.3762687999999999E-10
   3.4786997600000002E+04   5.1380952000000004E-10
   3.5226121800000001E+04   4.9383648000000006E-10
   3.6007969299999997E+04   4.6073370000000001E-10
   3.6605722099999999E+04   4.3737109000000006E-10
   3.7060539700000001E+04   4.2062991000000004E-10
   3.7753383600000001E+04   3.9671194000000003E-10
   3.8459180000000000E+04   3.7415400000000003E-10
   3.9157280400000003E+04   3.5328991999999998E-10
   3.9823253700000001E+04   3.3478775000000005E-10
   4.0457886899999998E+04   3.1832296000000005E-10
   4.1062037700000001E+04   3.0362338999999999E-10
   4.1636620200000005E+04   2.9045964000000000E-10
   4.2182591099999998E+04   2.7863742000000002E-10
   4.3225656600000002E+04   2.5775229000000003E-10
   4.4159474999999999E+04   2.4076604000000003E-10
   4.4993099999999999E+04   2.2682391999999999E-10
   4.5735420800000000E+04   2.1528847000000000E-10
   4.6394991300000002E+04   2.0567722000000001E-10
   4.6979913499999995E+04   1.9762002000000002E-10
   4.8021327700000002E+04   1.8427195999999999E-10
   4.8817510300000002E+04   1.7485598000000001E-10
   4.9423298199999997E+04   1.6811111000000001E-10
   5.0346104099999997E+04   1.5847848000000001E-10
   5.1286139999999999E+04   1.4939779999999999E-10
   5.2066995199999998E+04   1.4231624000000001E-10
   5.2809841099999998E+04   1.3598245000000001E-10
   5.3515881699999998E+04   1.3030076000000000E-10
   5.4186365200000000E+04   1.2518998000000000E-10
   5.5466245800000004E+04   1.1614137000000000E-10
   5.6610915699999998E+04   1.0876198999999999E-10
   5.7631863399999995E+04   1.0269069000000001E-10
   5.8540285199999998E+04   9.7656970000000011E-11
   5.9346892599999999E+04   9.3455290000000001E-11
   6.0785290499999996E+04   8.6532659999999995E-11
   6.1886921699999999E+04   8.1679330000000010E-11
   6.2726227499999994E+04   7.8218820000000006E-11
   6.4006576800000010E+04   7.3301000000000004E-11
   6.5313060000000005E+04   6.8692380000000001E-11
   6.6618336500000005E+04   6.4440500000000004E-11
   6.7907693699999989E+04   6.0572620000000004E-11
   6.9180550900000002E+04   5.7047150000000002E-11
   7.0436378499999992E+04   5.3827639999999998E-11
   7.1674696899999995E+04   5.0882119999999999E-11
   7.2895074599999993E+04   4.8182430000000002E-11
   7.4097126999999993E+04   4.5703790000000005E-11
   7.5280514700000000E+04   4.3424260000000001E-11
   7.6444941399999996E+04   4.1324439999999997E-11
   7.7590152699999991E+04   3.9387119999999997E-11
   7.8715934099999999E+04   3.7596989999999999E-11
   7.9822109100000001E+04   3.5940429999999997E-11
   8.0908537599999996E+04   3.4405280000000003E-11
   8.1975114300000001E+04   3.2980650000000006E-11
   8.3021766699999993E+04   3.1656820000000003E-11
   8.4048453099999999E+04   3.0425060000000003E-11
   8.6073928100000005E+04   2.8173250000000000E-11
   8.8017119600000005E+04   2.6213769999999998E-11
   8.9878685200000007E+04   2.4500720000000001E-11
   9.1659645299999989E+04   2.2996550000000000E-11
   9.3361332599999994E+04   2.1670359999999999E-11
   9.4985345799999996E+04   2.0496609999999998E-11
   9.6533505300000004E+04   1.9454019999999999E-11
   9.8007813999999998E+04   1.8524800000000003E-11
   9.9410421700000006E+04   1.7694020000000000E-11
   1.0074359200000000E+05   1.6949029999999999E-11
   1.0200967199999999E+05   1.6279110000000001E-11
   1.0442661400000000E+05   1.5093560000000000E-11
   1.0658836700000000E+05   1.4127250000000001E-11
   1.0851658000000000E+05   1.3332610000000002E-11
   1.1023235800000001E+05   1.2674060000000001E-11
   1.1175590400000001E+05   1.2124560000000000E-11
   1.1447295100000000E+05   1.1219649999999999E-11
   1.1655400000000000E+05   1.0585569999999999E-11
   1.1813957600000000E+05   1.0133640000000001E-11
   1.2055847499999999E+05   9.4916599999999996E-12
   1.2302689999999999E+05   8.8903500000000012E-12
   1.2535021399999999E+05   8.3729600000000003E-12
   1.2756815299999999E+05   7.9152900000000003E-12
   1.2968309900000000E+05   7.5089600000000008E-12
   1.3169769500000001E+05   7.1470000000000001E-12
   1.3361479300000001E+05   6.8235200000000000E-12
   1.3543740900000001E+05   6.5335700000000000E-12
   1.3716868600000002E+05   6.2729400000000005E-12
   1.4047469900000002E+05   5.8119499999999993E-12
   1.4343275899999999E+05   5.4364699999999998E-12
   1.4607211400000000E+05   5.1278700000000000E-12
   1.4842136000000002E+05   4.8722600000000001E-12
   1.5050792199999999E+05   4.6590700000000003E-12
   1.5235771300000002E+05   4.4801900000000001E-12
   1.5564972000000000E+05   4.1835300000000000E-12
   1.5816532000000001E+05   3.9739899999999997E-12
   1.6201515700000001E+05   3.6791999999999999E-12
   1.6595869999999998E+05   3.4062799999999999E-12
   1.6987472700000001E+05   3.1636499999999998E-12
   1.7337697799999997E+05   2.9655600000000001E-12
   1.7650062599999999E+05   2.8024400000000003E-12
   1.7927994899999999E+05   2.6670900000000001E-12
   1.8174773499999999E+05   2.5540300000000002E-12
   1.8614837800000000E+05   2.3675799999999999E-12
   1.8951864500000002E+05   2.2367299999999999E-12
   1.9208632900000000E+05   2.1433600000000003E-12
   1.9600323000000001E+05   2.0105700000000000E-12
   2.0000000000000000E+05   1.8860000000000002E-12
   2.0400990399999998E+05   1.7724599999999999E-12
   2.0758446599999999E+05   1.6787300000000001E-12
   2.1076354799999998E+05   1.6007900000000001E-12
   2.1358515800000000E+05   1.5355699999999999E-12
   2.1861417199999999E+05   1.4277600000000000E-12
   2.2246348899999997E+05   1.3519000000000001E-12
   2.2539489100000000E+05   1.2976599999999999E-12
   2.2986457800000001E+05   1.2203600000000001E-12
   2.3442289999999999E+05   1.1476600000000000E-12
   2.3850639900000000E+05   1.0882700000000000E-12
   2.4213776900000000E+05   1.0388200000000000E-12
   2.4536054299999998E+05   9.9740899999999992E-13
   2.5110395499999999E+05   9.2886400000000003E-13
   2.5549957000000001E+05   8.8056500000000010E-13
   2.5884670399999997E+05   8.4599599999999994E-13
   2.6394979900000000E+05   7.9667100000000005E-13
   2.6915350000000000E+05   7.5022099999999998E-13
   2.7344817400000000E+05   7.1518600000000002E-13
   2.7726218900000001E+05   6.8587600000000002E-13
   2.8406516700000002E+05   6.3744299999999997E-13
   2.8927671999999997E+05   6.0337600000000001E-13
   2.9324803500000003E+05   5.7902600000000002E-13
   2.9930746400000004E+05   5.4433100000000004E-13
   3.0549209999999998E+05   5.1171500000000001E-13
   3.0992027500000002E+05   4.9036200000000009E-13
   3.1782459100000001E+05   4.5511500000000003E-13
   3.2388484600000002E+05   4.3035199999999997E-13
   3.2850575099999999E+05   4.1266900000000003E-13
   3.3556101300000004E+05   3.8749700000000000E-13
   3.4276779999999999E+05   3.6386000000000003E-13
   3.5176288500000001E+05   3.3754599999999997E-13
   3.5866377300000004E+05   3.1906799999999998E-13
   3.6392813899999997E+05   3.0587599999999997E-13
   3.7196991999999998E+05   2.8710299999999997E-13
   3.8018940000000002E+05   2.6948299999999999E-13
   3.9016652299999999E+05   2.5044300000000001E-13
   3.9782081500000000E+05   2.3705100000000001E-13
   4.0365991699999996E+05   2.2747899999999998E-13
   4.1257965899999999E+05   2.1384100000000002E-13
   4.2169650000000000E+05   2.0102099999999998E-13
   4.3276286600000004E+05   1.8718400000000000E-13
   4.4125280800000002E+05   1.7743500000000002E-13
   4.4772939000000001E+05   1.7045799999999999E-13
   4.5762293599999999E+05   1.6050400000000001E-13
   4.6773510000000003E+05   1.5113100000000000E-13
   4.7863006500000000E+05   1.4209700000000001E-13
   4.8696750900000002E+05   1.3567800000000002E-13
   4.9974677499999997E+05   1.2658900000000000E-13
   5.1286140000000002E+05   1.1810800000000000E-13
   5.2480746700000006E+05   1.1124500000000000E-13
   5.3394927399999998E+05   1.0636000000000000E-13
   5.4796142999999993E+05   9.9432700000000005E-14
   5.6234130000000005E+05   9.2956199999999992E-14
   5.7378605099999998E+05   8.8348599999999997E-14
   5.8252221299999999E+05   8.5043400000000003E-14
   5.9587648400000005E+05   8.0315999999999993E-14
   6.0953690000000002E+05   7.5851400000000000E-14
   6.2373483399999992E+05   7.1707000000000002E-14
   6.3459989700000000E+05   6.8748099999999999E-14
   6.5125338399999996E+05   6.4536999999999993E-14
   6.6834390000000002E+05   6.0583800000000003E-14
   6.8194601800000004E+05   5.7772199999999998E-14
   7.0287000699999998E+05   5.3797600000000005E-14
   7.2443600000000000E+05   5.0096400000000000E-14
   7.3917966999999993E+05   4.7845599999999996E-14
   7.6185969299999997E+05   4.4657600000000005E-14
   7.8523559999999998E+05   4.1682000000000005E-14
   8.0121667799999996E+05   3.9875299999999997E-14
   8.2580019500000007E+05   3.7311099999999998E-14
   8.5113800000000000E+05   3.4911800000000004E-14
   8.7096356100000010E+05   3.3249700000000001E-14
   9.0157112300000002E+05   3.0903700000000002E-14
   9.3325429999999993E+05   2.8723200000000001E-14
   9.5499258799999999E+05   2.7406099999999999E-14
   9.8855309999999998E+05   2.5542899999999999E-14
   1.0232930000000000E+06   2.3806400000000000E-14
   1.0531737900000000E+06   2.2481199999999998E-14
   1.0761556000000001E+06   2.1535900000000002E-14
   1.1115720300000000E+06   2.0192000000000000E-14
   1.1481540000000000E+06   1.8931900000000000E-14
   1.1748977600000000E+06   1.8110900000000000E-14
   1.2161859100000001E+06   1.6945700000000001E-14
   1.2589250000000000E+06   1.5855400000000000E-14
   1.2882491799999999E+06   1.5193900000000001E-14
   1.3335211199999999E+06   1.4253100000000000E-14
   1.3803840000000000E+06   1.3370500000000001E-14
   1.4125372900000000E+06   1.2834500000000000E-14
   1.4621769299999999E+06   1.2070499999999999E-14
   1.5135610000000000E+06   1.1352100000000001E-14
   1.5488164600000000E+06   1.0919400000000000E-14
   1.6032453600000001E+06   1.0301100000000000E-14
   1.6595870000000000E+06   9.7178800000000001E-15
   1.7080477700000000E+06   9.2756600000000013E-15
   1.7834050500000000E+06   8.6497600000000004E-15
   1.8620870000000000E+06   8.0661000000000007E-15
   1.9219849200000002E+06   7.6775399999999997E-15
   1.9681694300000002E+06   7.3984599999999999E-15
   2.0395353499999999E+06   6.9987399999999998E-15
   2.1134890000000000E+06   6.6206100000000001E-15
   2.1752040800000001E+06   6.3415599999999997E-15
   2.2711720400000000E+06   5.9448700000000007E-15
   2.3713740000000000E+06   5.5730099999999994E-15
   2.4476541299999999E+06   5.3252600000000001E-15
   2.5666995899999999E+06   4.9741300000000002E-15
   2.6915350000000000E+06   4.6461599999999998E-15
   2.7941518999999999E+06   4.4120900000000003E-15
   2.8736739899999998E+06   4.2443200000000003E-15
   2.9972207000000002E+06   4.0045400000000002E-15
   3.1260790000000000E+06   3.7783100000000004E-15
   3.2452635800000001E+06   3.5942199999999995E-15
   3.3376246699999999E+06   3.4620699999999999E-15
   3.4811182500000000E+06   3.2728899999999998E-15
   3.6307810000000000E+06   3.0940499999999999E-15
   3.7800716900000004E+06   2.9375400000000000E-15
   3.8960545000000000E+06   2.8253700000000000E-15
   4.0767351999999997E+06   2.6651100000000000E-15
   4.2657950000000000E+06   2.5139300000000002E-15
   4.4668358200000003E+06   2.3739499999999999E-15
   4.6238101800000006E+06   2.2741000000000000E-15
   4.8696753099999996E+06   2.1321400000000000E-15
   5.1286140000000000E+06   1.9990500000000000E-15
   5.3857972999999998E+06   1.8846699999999999E-15
   5.5871135499999998E+06   1.8032100000000000E-15
   5.7430238200000003E+06   1.7444200000000001E-15
   5.9850846500000004E+06   1.6598300000000002E-15
   6.2373480000000000E+06   1.5793300000000000E-15
   6.5879452299999995E+06   1.4816300000000000E-15
   6.8637662199999997E+06   1.4123400000000002E-15
   7.0781842000000002E+06   1.3625099999999999E-15
   7.4124354699999997E+06   1.2910400000000000E-15
   7.7624710000000000E+06   1.2233200000000001E-15
   8.0121669900000012E+06   1.1801900000000002E-15
   8.4686170500000007E+06   1.1083500000000000E-15
   8.8279399699999988E+06   1.0573500000000001E-15
   9.1074024599999990E+06   1.0206400000000002E-15
   9.5432711799999997E+06   9.6796200000000009E-16
   1.0000000000000000E+07   9.1800000000000013E-16
   1.0336535800000001E+07   8.8504300000000003E-16
   1.0952954399999999E+07   8.3018999999999999E-16
   1.1439274500000000E+07   7.9129299999999994E-16
   1.1818133299999999E+07   7.6332199999999998E-16
   1.2410077100000000E+07   7.2320700000000002E-16
   1.3031670000000000E+07   6.8519999999999997E-16
   1.3547995800000001E+07   6.5703099999999997E-16
   1.4016534900000000E+07   6.3333500000000006E-16
   1.4875804900000000E+07   5.9390500000000003E-16
   1.5554653200000001E+07   5.6595199999999999E-16
   1.6084043000000002E+07   5.4585500000000007E-16
   1.6912101000000000E+07   5.1703799999999998E-16
   1.7782790000000000E+07   4.8974300000000000E-16
   1.8594089700000003E+07   4.6716900000000004E-16
   1.9334282699999999E+07   4.4827200000000002E-16
   2.0006082899999999E+07   4.3236599999999999E-16
   2.1238388600000001E+07   4.0587599999999998E-16
   2.2212180100000001E+07   3.8707800000000004E-16
   2.2971714100000001E+07   3.7355400000000000E-16
   2.4159988699999999E+07   3.5414899999999998E-16
   2.5409730000000000E+07   3.3575100000000000E-16
   2.6992930900000002E+07   3.1533299999999999E-16
   2.8458944299999997E+07   2.9848800000000001E-16
   2.9806874300000001E+07   2.8448900000000000E-16
   3.1038582600000001E+07   2.7278000000000002E-16
   3.2158008399999999E+07   2.6293000000000001E-16
   3.3170575000000000E+07   2.5460299999999999E-16
   3.5019887399999999E+07   2.4066100000000002E-16
   3.6474223500000000E+07   2.3070800000000002E-16
   3.8769751600000001E+07   2.1654500000000000E-16
   4.1209750000000000E+07   2.0325200000000001E-16
   4.2811700899999999E+07   1.9547600000000000E-16
   4.4370040899999999E+07   1.8845600000000001E-16
   4.5882462399999999E+07   1.8210500000000000E-16
   4.7347145300000004E+07   1.7634500000000001E-16
   5.0220620799999997E+07   1.6603100000000000E-16
   5.2877610299999997E+07   1.5750300000000000E-16
   5.5317538200000003E+07   1.5040000000000001E-16
   5.7544655100000001E+07   1.4444899999999999E-16
   5.9566813699999996E+07   1.3943499999999999E-16
   6.3278078299999997E+07   1.3107600000000001E-16
   6.6212496799999997E+07   1.2513799999999999E-16
   6.8502272299999997E+07   1.2086100000000000E-16
   7.2086260400000006E+07   1.1471799999999998E-16
   7.5857760000000000E+07   1.0888800000000000E-16
   7.9204527900000006E+07   1.0423400000000000E-16
   8.2476102600000009E+07   1.0005300000000001E-16
   8.5665828299999997E+07   9.6285000000000008E-17
   8.8768143799999997E+07   9.2881600000000000E-17
   9.1778522900000006E+07   8.9800400000000002E-17
   9.7700868400000006E+07   8.4295800000000001E-17
   1.0319558500000000E+08   7.9756800000000010E-17
   1.0825637300000000E+08   7.5986200000000009E-17
   1.1288774100000000E+08   7.2833399999999996E-17
   1.1710243600000000E+08   7.0182199999999999E-17
   1.2091917700000000E+08   6.7941700000000003E-17
   1.2790024300000000E+08   6.4191500000000002E-17
   1.3339928800000001E+08   6.1515300000000007E-17
   1.3767818100000000E+08   5.9581700000000001E-17
   1.4435523100000000E+08   5.6794600000000004E-17
   1.5135610000000000E+08   5.4137899999999999E-17
   1.5803378400000000E+08   5.1836100000000001E-17
   1.6456143700000000E+08   4.9767099999999998E-17
   1.7092578100000000E+08   4.7902600000000006E-17
   1.7711571800000000E+08   4.6217999999999999E-17
   1.8312221800000000E+08   4.4692600000000005E-17
   1.9493885700000000E+08   4.1966800000000004E-17
   2.0590226400000000E+08   3.9718400000000006E-17
   2.1599986900000000E+08   3.7850200000000002E-17
   2.2524066900000000E+08   3.6287700000000001E-17
   2.3365009600000000E+08   3.4973500000000003E-17
   2.4126550100000000E+08   3.3862700000000004E-17
   2.5519457000000000E+08   3.2002999999999998E-17
   2.6616661599999997E+08   3.0675499999999997E-17
   2.7470413700000000E+08   2.9716199999999999E-17
   2.8802661500000000E+08   2.8333200000000000E-17
   3.0199520000000000E+08   2.7014599999999998E-17
   3.1536567100000000E+08   2.5867299999999998E-17
   3.2843761800000000E+08   2.4836100000000000E-17
   3.4118424300000000E+08   2.3906699999999999E-17
   3.5358312800000000E+08   2.3066999999999999E-17
   3.6561599900000000E+08   2.2306599999999998E-17
   3.8929228600000000E+08   2.0947700000000001E-17
   4.1126341600000000E+08   1.9826800000000000E-17
   4.3150300500000000E+08   1.8895300000000001E-17
   4.5002806800000000E+08   1.8116199999999999E-17
   4.6688874700000000E+08   1.7460899999999999E-17
   4.8215923100000000E+08   1.6906900000000001E-17
   5.1009418700000000E+08   1.5979500000000000E-17
   5.3210248900000000E+08   1.5317500000000002E-17
   5.4922965300000000E+08   1.4838999999999999E-17
   5.7595958100000000E+08   1.4149199999999999E-17
   6.0399040000000000E+08   1.3491500000000001E-17
   6.3073134000000000E+08   1.2918600000000000E-17
   6.5687523400000000E+08   1.2403500000000000E-17
   6.8236848400000000E+08   1.1939400000000000E-17
   7.0716625300000000E+08   1.1520000000000000E-17
   7.3123199300000000E+08   1.1140299999999999E-17
   7.7858456700000000E+08   1.0461600000000000E-17
   8.2252682700000000E+08   9.9018000000000007E-18
   8.6300600400000000E+08   9.4366000000000011E-18
   9.0005723200000000E+08   9.0475000000000006E-18
   9.3377960700000000E+08   8.7201999999999993E-18
   9.6432150600000000E+08   8.4436000000000003E-18
   1.0202000000000000E+09   7.9803999999999995E-18
   1.0642200000000000E+09   7.6497000000000002E-18
   1.0984800000000000E+09   7.4107000000000002E-18
   1.1519300000000000E+09   7.0662999999999991E-18
   1.2079800000000000E+09   6.7379000000000002E-18
   1.2609100000000000E+09   6.4545999999999995E-18
   1.3126400000000000E+09   6.1997999999999999E-18
   1.3630600000000000E+09   5.9701000000000003E-18
   1.4120800000000000E+09   5.7625000000000000E-18
   1.4596400000000000E+09   5.5744000000000002E-18
   1.5531600000000000E+09   5.2381999999999996E-18
   1.6399000000000000E+09   4.9607000000000001E-18
   1.7197600000000000E+09   4.7300000000000003E-18
   1.7928200000000000E+09   4.5369000000000001E-18
   1.8592800000000000E+09   4.3743999999999996E-18
   1.9194600000000000E+09   4.2370999999999996E-18
   2.0294900000000000E+09   4.0070000000000003E-18
   2.1161200000000000E+09   3.8427000000000004E-18
   2.2530500000000000E+09   3.6086999999999999E-18
   2.3988300000000000E+09   3.3891000000000003E-18
   2.5050500000000000E+09   3.2453000000000004E-18
   2.6088900000000000E+09   3.1162000000000000E-18
   2.7101500000000000E+09   2.9996999999999999E-18
   2.8086400000000000E+09   2.8945000000000003E-18
   2.9042300000000000E+09   2.7992000000000001E-18
   3.0923100000000000E+09   2.6289000000000003E-18
   3.2668300000000000E+09   2.4885000000000003E-18
   3.4276100000000000E+09   2.3717000000000003E-18
   3.5747600000000000E+09   2.2741000000000001E-18
   3.7086900000000000E+09   2.1918999999999999E-18
   3.8299900000000000E+09   2.1225000000000001E-18
   4.0518800000000000E+09   2.0063000000000003E-18
   4.2266899999999995E+09   1.9233000000000000E-18
   4.3627400000000000E+09   1.8632999999999999E-18
   4.5750400000000000E+09   1.7768000000000001E-18
   4.7976700000000000E+09   1.6943000000000001E-18
   5.0100900000000000E+09   1.6225000000000000E-18
   5.2177600000000000E+09   1.5579000000000002E-18
   5.4202700000000000E+09   1.4997000000000000E-18
   5.6172600000000000E+09   1.4471000000000002E-18
   5.8084200000000000E+09   1.3994999999999999E-18
   6.1845600000000000E+09   1.3143000000000000E-18
   6.5336200000000000E+09   1.2441000000000002E-18
   6.8551600000000000E+09   1.1857000000000002E-18
   7.1494600000000000E+09   1.1369000000000001E-18
   7.4173200000000000E+09   1.0958000000000000E-18
   7.6599200000000000E+09   1.0611000000000001E-18
   8.1037000000000000E+09   1.0030000000000000E-18
   8.4533300000000000E+09   9.6152000000000010E-19
   8.7254200000000000E+09   9.3154000000000013E-19
   9.1500500000000000E+09   8.8830000000000012E-19
   9.5953300000000000E+09   8.4707000000000001E-19
   1.0021000000000000E+10   8.1108000000000000E-19
   1.0437000000000000E+10   7.7873000000000003E-19
   1.0843000000000000E+10   7.4957999999999998E-19
   1.1238000000000000E+10   7.2323999999999995E-19
   1.1621000000000000E+10   6.9938999999999998E-19
   1.2374000000000000E+10   6.5683000000000003E-19
   1.3072000000000000E+10   6.2173000000000002E-19
   1.3716000000000000E+10   5.9256000000000001E-19
   1.4305000000000000E+10   5.6815000000000004E-19
   1.4841000000000000E+10   5.4762999999999997E-19
   1.5326000000000000E+10   5.3028000000000002E-19
   1.6213000000000000E+10   5.0126999999999999E-19
   1.6912000000000000E+10   4.8055999999999995E-19
   1.8016000000000000E+10   4.5110999999999998E-19
   1.9191000000000000E+10   4.2349000000000002E-19
   2.0041000000000000E+10   4.0551000000000001E-19
   2.0873000000000000E+10   3.8935000000000002E-19
   2.1684000000000000E+10   3.7478999999999999E-19
   2.2472000000000000E+10   3.6163000000000001E-19
   2.3238000000000000E+10   3.4972000000000002E-19
   2.4743000000000000E+10   3.2844000000000004E-19
   2.6140000000000000E+10   3.1088999999999999E-19
   2.7426000000000000E+10   2.9630000000000001E-19
   2.8604000000000000E+10   2.8409999999999999E-19
   2.9675000000000000E+10   2.7384000000000001E-19
   3.0646000000000000E+10   2.6517000000000000E-19
   3.2421000000000000E+10   2.5064999999999999E-19
   3.3819000000000000E+10   2.4029000000000000E-19
   3.4906000000000000E+10   2.3279999999999998E-19
   3.6603000000000000E+10   2.2200000000000000E-19
   3.8381000000000000E+10   2.1172000000000001E-19
   4.0082000000000000E+10   2.0274000000000001E-19
   4.1744000000000000E+10   1.9465999999999999E-19
   4.3365000000000000E+10   1.8738000000000000E-19
   4.4941000000000000E+10   1.8080999999999999E-19
   4.6471000000000000E+10   1.7486000000000001E-19
   4.9481000000000000E+10   1.6422000000000002E-19
   5.2274000000000000E+10   1.5544000000000000E-19
   5.4846000000000000E+10   1.4815000000000001E-19
   5.7201000000000000E+10   1.4205000000000000E-19
   5.9344000000000000E+10   1.3692000000000001E-19
   6.1285000000000000E+10   1.3258000000000001E-19
   6.4835000000000000E+10   1.2532000000000001E-19
   6.7632000000000000E+10   1.2013999999999999E-19
   6.9808000000000000E+10   1.1639000000000001E-19
   7.3203000000000000E+10   1.1099000000000000E-19
   7.6763000000000000E+10   1.0585000000000000E-19
   7.9343000000000000E+10   1.0240000000000000E-19
   8.4069000000000000E+10   9.6645999999999997E-20
   8.7797000000000000E+10   9.2541000000000003E-20
   9.0702000000000000E+10   8.9578000000000004E-20
   9.5238000000000000E+10   8.5310000000000008E-20
   1.0000000000000000E+11   8.1247000000000009E-20
