   1.0000000000000000E+00   0.0000000000000000E+00   1.0000000000000000E+30   0.0000000000000000E+00
   2.0000000000000000E+00   0.0000000000000000E+00   1.0000000000000000E+30   0.0000000000000000E+00
   3.0000000000000000E+00   0.0000000000000000E+00   1.0000000000000000E+30   0.0000000000000000E+00
   4.0000000000000000E+00   0.0000000000000000E+00   1.0000000000000000E+30   0.0000000000000000E+00
   5.0000000000000000E+00   0.0000000000000000E+00   1.0000000000000000E+30   0.0000000000000000E+00
   6.0000000000000000E+00   0.0000000000000000E+00   1.0000000000000000E+30   0.0000000000000000E+00
   7.0000000000000000E+00   0.0000000000000000E+00   1.0000000000000000E+30   0.0000000000000000E+00
   8.0000000000000000E+00   0.0000000000000000E+00   1.0000000000000000E+30   0.0000000000000000E+00
   8.1190000000000015E+00   0.0000000000000000E+00   1.0000000000000000E+30   0.0000000000000000E+00
   8.1210000000000004E+00   0.0000000000000000E+00   1.0000000000000000E+30   0.0000000000000000E+00
   8.4990000000000006E+00   0.0000000000000000E+00   1.0000000000000000E+30   0.0000000000000000E+00
   8.5009999999999994E+00   0.0000000000000000E+00   1.0000000000000000E+30   0.0000000000000000E+00
   9.0000000000000000E+00   0.0000000000000000E+00   1.0000000000000000E+30   0.0000000000000000E+00
   1.0000000000000000E+01   0.0000000000000000E+00   1.0000000000000000E+30   0.0000000000000000E+00
   1.1000000000000000E+01   0.0000000000000000E+00   1.0000000000000000E+30   0.0000000000000000E+00
   1.2000000000000000E+01   0.0000000000000000E+00   1.0000000000000000E+30   0.0000000000000000E+00
   1.3000000000000000E+01   0.0000000000000000E+00   1.0000000000000000E+30   0.0000000000000000E+00
   1.4000000000000000E+01   0.0000000000000000E+00   1.0000000000000000E+30   0.0000000000000000E+00
   1.5000000000000000E+01   0.0000000000000000E+00   1.0000000000000000E+30   0.0000000000000000E+00
   1.6000000000000000E+01   0.0000000000000000E+00   1.0000000000000000E+30   0.0000000000000000E+00
   1.7000000000000000E+01   0.0000000000000000E+00   1.0000000000000000E+30   0.0000000000000000E+00
   1.8000000000000000E+01   0.0000000000000000E+00   1.0000000000000000E+30   0.0000000000000000E+00
   1.9000000000000000E+01   0.0000000000000000E+00   1.0000000000000000E+30   0.0000000000000000E+00
   2.0000000000000000E+01   0.0000000000000000E+00   1.0000000000000000E+30   0.0000000000000000E+00
   2.1000000000000000E+01   0.0000000000000000E+00   1.0000000000000000E+30   0.0000000000000000E+00
   2.2000000000000000E+01   0.0000000000000000E+00   1.0000000000000000E+30   0.0000000000000000E+00
   2.3000000000000000E+01   0.0000000000000000E+00   1.0000000000000000E+30   0.0000000000000000E+00
   2.4000000000000000E+01   0.0000000000000000E+00   1.0000000000000000E+30   0.0000000000000000E+00
   2.5000000000000000E+01   0.0000000000000000E+00   1.0000000000000000E+30   0.0000000000000000E+00
   2.6000000000000000E+01   0.0000000000000000E+00   1.0000000000000000E+30   0.0000000000000000E+00
   2.7000000000000000E+01   0.0000000000000000E+00   1.0000000000000000E+30   0.0000000000000000E+00
   2.8000000000000000E+01   0.0000000000000000E+00   1.0000000000000000E+30   0.0000000000000000E+00
   2.9000000000000000E+01   0.0000000000000000E+00   1.0000000000000000E+30   0.0000000000000000E+00
   3.0000000000000000E+01   0.0000000000000000E+00   1.0000000000000000E+30   0.0000000000000000E+00
   3.1000000000000000E+01   0.0000000000000000E+00   1.0000000000000000E+30   0.0000000000000000E+00
   3.2000000000000000E+01   0.0000000000000000E+00   1.0000000000000000E+30   0.0000000000000000E+00
   3.3000000000000000E+01   0.0000000000000000E+00   1.0000000000000000E+30   0.0000000000000000E+00
   3.4000000000000000E+01   0.0000000000000000E+00   1.0000000000000000E+30   0.0000000000000000E+00
   3.5000000000000000E+01   0.0000000000000000E+00   1.0000000000000000E+30   0.0000000000000000E+00
   3.6000000000000000E+01   0.0000000000000000E+00   1.0000000000000000E+30   0.0000000000000000E+00
   3.7000000000000000E+01   0.0000000000000000E+00   1.0000000000000000E+30   0.0000000000000000E+00
   3.8000000000000000E+01   0.0000000000000000E+00   1.0000000000000000E+30   0.0000000000000000E+00
   3.9000000000000000E+01   0.0000000000000000E+00   1.0000000000000000E+30   0.0000000000000000E+00
   4.0000000000000000E+01   0.0000000000000000E+00   1.0000000000000000E+30   0.0000000000000000E+00
   4.1000000000000000E+01   0.0000000000000000E+00   1.0000000000000000E+30   0.0000000000000000E+00
   4.2000000000000000E+01   0.0000000000000000E+00   1.0000000000000000E+30   0.0000000000000000E+00
   4.3000000000000000E+01   0.0000000000000000E+00   1.0000000000000000E+30   0.0000000000000000E+00
   4.4000000000000000E+01   0.0000000000000000E+00   1.0000000000000000E+30   0.0000000000000000E+00
   4.5000000000000000E+01   0.0000000000000000E+00   1.0000000000000000E+30   0.0000000000000000E+00
   4.6000000000000000E+01   0.0000000000000000E+00   1.0000000000000000E+30   0.0000000000000000E+00
   4.7000000000000000E+01   0.0000000000000000E+00   1.0000000000000000E+30   0.0000000000000000E+00
   4.8000000000000000E+01   0.0000000000000000E+00   1.0000000000000000E+30   0.0000000000000000E+00
   4.8999000000000002E+01   0.0000000000000000E+00   1.0000000000000000E+30   0.0000000000000000E+00
   4.9000999999999998E+01   0.0000000000000000E+00   1.0000000000000000E+30   0.0000000000000000E+00
   5.0000000000000000E+01   0.0000000000000000E+00   1.0000000000000000E+30   0.0000000000000000E+00
   5.1000000000000000E+01   0.0000000000000000E+00   1.0000000000000000E+30   0.0000000000000000E+00
   5.2000000000000000E+01   0.0000000000000000E+00   1.0000000000000000E+30   0.0000000000000000E+00
   5.2999000000000002E+01   0.0000000000000000E+00   1.0000000000000000E+30   0.0000000000000000E+00
   5.3000999999999998E+01   0.0000000000000000E+00   1.0000000000000000E+30   0.0000000000000000E+00
   5.4000000000000000E+01   0.0000000000000000E+00   1.0000000000000000E+30   0.0000000000000000E+00
   5.5000000000000000E+01   0.0000000000000000E+00   1.0000000000000000E+30   0.0000000000000000E+00
   5.6000000000000000E+01   0.0000000000000000E+00   1.0000000000000000E+30   0.0000000000000000E+00
   5.7000000000000000E+01   0.0000000000000000E+00   1.0000000000000000E+30   0.0000000000000000E+00
   5.8000000000000000E+01   0.0000000000000000E+00   1.0000000000000000E+30   0.0000000000000000E+00
   5.9000000000000000E+01   0.0000000000000000E+00   1.0000000000000000E+30   0.0000000000000000E+00
   6.0000000000000000E+01   0.0000000000000000E+00   1.0000000000000000E+30   0.0000000000000000E+00
   6.1000000000000000E+01   0.0000000000000000E+00   1.0000000000000000E+30   0.0000000000000000E+00
   6.2000000000000000E+01   0.0000000000000000E+00   1.0000000000000000E+30   0.0000000000000000E+00
   6.3000000000000000E+01   0.0000000000000000E+00   1.0000000000000000E+30   0.0000000000000000E+00
   6.4000000000000000E+01   0.0000000000000000E+00   1.0000000000000000E+30   0.0000000000000000E+00
   6.5000000000000000E+01   0.0000000000000000E+00   1.0000000000000000E+30   0.0000000000000000E+00
   6.6000000000000000E+01   0.0000000000000000E+00   1.0000000000000000E+30   0.0000000000000000E+00
   6.7000000000000000E+01   0.0000000000000000E+00   1.0000000000000000E+30   0.0000000000000000E+00
   6.8000000000000000E+01   0.0000000000000000E+00   1.0000000000000000E+30   0.0000000000000000E+00
   6.9000000000000000E+01   0.0000000000000000E+00   1.0000000000000000E+30   0.0000000000000000E+00
   7.0000000000000000E+01   0.0000000000000000E+00   1.0000000000000000E+30   0.0000000000000000E+00
   7.1000000000000000E+01   0.0000000000000000E+00   1.0000000000000000E+30   0.0000000000000000E+00
   7.2000000000000000E+01   0.0000000000000000E+00   1.0000000000000000E+30   0.0000000000000000E+00
   7.3000000000000000E+01   0.0000000000000000E+00   1.0000000000000000E+30   0.0000000000000000E+00
   7.4000000000000000E+01   0.0000000000000000E+00   1.0000000000000000E+30   0.0000000000000000E+00
   7.5000000000000000E+01   0.0000000000000000E+00   1.0000000000000000E+30   0.0000000000000000E+00
   7.6000000000000000E+01   0.0000000000000000E+00   1.0000000000000000E+30   0.0000000000000000E+00
   7.7000000000000000E+01   0.0000000000000000E+00   1.0000000000000000E+30   0.0000000000000000E+00
   7.8000000000000000E+01   0.0000000000000000E+00   1.0000000000000000E+30   0.0000000000000000E+00
   7.9000000000000000E+01   0.0000000000000000E+00   1.0000000000000000E+30   0.0000000000000000E+00
   8.0000000000000000E+01   0.0000000000000000E+00   1.0000000000000000E+30   0.0000000000000000E+00
   8.0998999999999995E+01   0.0000000000000000E+00   1.0000000000000000E+30   0.0000000000000000E+00
   8.1001000000000005E+01   0.0000000000000000E+00   1.0000000000000000E+30   0.0000000000000000E+00
   8.2000000000000000E+01   0.0000000000000000E+00   1.0000000000000000E+30   0.0000000000000000E+00
   8.3000000000000000E+01   0.0000000000000000E+00   1.0000000000000000E+30   0.0000000000000000E+00
   8.4000000000000000E+01   0.0000000000000000E+00   1.0000000000000000E+30   0.0000000000000000E+00
   8.5000000000000000E+01   0.0000000000000000E+00   1.0000000000000000E+30   0.0000000000000000E+00
   8.6000000000000000E+01   0.0000000000000000E+00   1.0000000000000000E+30   0.0000000000000000E+00
   8.7000000000000000E+01   0.0000000000000000E+00   1.0000000000000000E+30   0.0000000000000000E+00
   8.8000000000000000E+01   0.0000000000000000E+00   1.0000000000000000E+30   0.0000000000000000E+00
   8.9000000000000000E+01   0.0000000000000000E+00   1.0000000000000000E+30   0.0000000000000000E+00
   9.0000000000000000E+01   0.0000000000000000E+00   1.0000000000000000E+30   0.0000000000000000E+00
   9.1000000000000000E+01   0.0000000000000000E+00   1.0000000000000000E+30   0.0000000000000000E+00
   9.2000000000000000E+01   0.0000000000000000E+00   1.0000000000000000E+30   0.0000000000000000E+00
   9.3000000000000000E+01   0.0000000000000000E+00   1.0000000000000000E+30   0.0000000000000000E+00
   9.4000000000000000E+01   0.0000000000000000E+00   1.0000000000000000E+30   0.0000000000000000E+00
   9.5000000000000000E+01   0.0000000000000000E+00   1.0000000000000000E+30   0.0000000000000000E+00
   9.6000000000000000E+01   0.0000000000000000E+00   1.0000000000000000E+30   0.0000000000000000E+00
   9.7000000000000000E+01   0.0000000000000000E+00   1.0000000000000000E+30   0.0000000000000000E+00
   9.8000000000000000E+01   0.0000000000000000E+00   1.0000000000000000E+30   0.0000000000000000E+00
   9.9000000000000000E+01   0.0000000000000000E+00   1.0000000000000000E+30   0.0000000000000000E+00
   1.0000000000000000E+02   0.0000000000000000E+00   1.0000000000000000E+30   0.0000000000000000E+00
   1.1000000000000000E+02   0.0000000000000000E+00   1.0000000000000000E+30   0.0000000000000000E+00
   1.2000000000000000E+02   0.0000000000000000E+00   1.0000000000000000E+30   0.0000000000000000E+00
   1.3000000000000000E+02   0.0000000000000000E+00   1.0000000000000000E+30   0.0000000000000000E+00
   1.4000000000000000E+02   0.0000000000000000E+00   1.0000000000000000E+30   0.0000000000000000E+00
   1.5000000000000000E+02   0.0000000000000000E+00   1.0000000000000000E+30   0.0000000000000000E+00
   1.6000000000000000E+02   0.0000000000000000E+00   1.0000000000000000E+30   0.0000000000000000E+00
   1.7000000000000000E+02   0.0000000000000000E+00   1.0000000000000000E+30   0.0000000000000000E+00
   1.8000000000000000E+02   0.0000000000000000E+00   1.0000000000000000E+30   0.0000000000000000E+00
   1.9000000000000000E+02   0.0000000000000000E+00   1.0000000000000000E+30   0.0000000000000000E+00
   2.0000000000000000E+02   0.0000000000000000E+00   1.0000000000000000E+30   0.0000000000000000E+00
   2.1000000000000000E+02   0.0000000000000000E+00   1.0000000000000000E+30   0.0000000000000000E+00
   2.2000000000000000E+02   0.0000000000000000E+00   1.0000000000000000E+30   0.0000000000000000E+00
   2.3000000000000000E+02   0.0000000000000000E+00   1.0000000000000000E+30   0.0000000000000000E+00
   2.4000000000000000E+02   0.0000000000000000E+00   1.0000000000000000E+30   0.0000000000000000E+00
   2.5000000000000000E+02   0.0000000000000000E+00   1.0000000000000000E+30   0.0000000000000000E+00
   2.6000000000000000E+02   0.0000000000000000E+00   1.0000000000000000E+30   0.0000000000000000E+00
   2.7000000000000000E+02   0.0000000000000000E+00   1.0000000000000000E+30   0.0000000000000000E+00
   2.8000000000000000E+02   0.0000000000000000E+00   1.0000000000000000E+30   0.0000000000000000E+00
   2.8599900000000002E+02   0.0000000000000000E+00   1.0000000000000000E+30   0.0000000000000000E+00
   2.8600099999999998E+02   0.0000000000000000E+00   1.0000000000000000E+30   0.0000000000000000E+00
   2.8999900000000002E+02   0.0000000000000000E+00   1.0000000000000000E+30   0.0000000000000000E+00
   2.9000099999999998E+02   0.0000000000000000E+00   1.0000000000000000E+30   0.0000000000000000E+00
   3.0000000000000000E+02   3.3708181172973945E-05   2.9666388550259890E+04   9.8519245039627515E-03
   3.1000000000000000E+02   9.5241308534471685E-05   1.0499645746026890E+04   2.8058212057318760E-02
   3.2000000000000000E+02   1.7407691551213372E-04   5.7445870812795793E+03   5.1683954213728213E-02
   3.3000000000000000E+02   2.6621868688322351E-04   3.7563103165580897E+03   7.9647085176278443E-02
   3.4000000000000000E+02   3.6911552793621031E-04   2.7091789001432035E+03   1.1126365276225113E-01
   3.5000000000000000E+02   4.8225969692493098E-04   2.0735715764273396E+03   1.4646736635347848E-01
   3.6000000000000000E+02   6.0308695634999374E-04   1.6581356792264348E+03   1.8452580147500383E-01
   3.7000000000000000E+02   7.3035605383762504E-04   1.3691951956111575E+03   2.2510161795354700E-01
   3.8000000000000000E+02   8.6472120397921041E-04   1.1564420941666212E+03   2.6847408775797982E-01
   3.9000000000000000E+02   1.0038277198270783E-03   9.9618687574423882E+02   3.1392079625043362E-01
   4.0000000000000000E+02   1.1468939713560320E-03   8.7192018179121521E+02   3.6121956602047400E-01
   4.1000000000000000E+02   1.2951509784598456E-03   7.7211075514081756E+02   4.1084085225782030E-01
   4.2000000000000000E+02   1.4462461233416494E-03   6.9144524148450785E+02   4.6201259696760211E-01
   4.3000000000000000E+02   1.6016727534763143E-03   6.2434726309077359E+02   5.1530266881395381E-01
   4.4000000000000000E+02   1.7590209219668039E-03   5.6849807043902354E+02   5.6988791221934931E-01
   4.5000000000000000E+02   1.9178467871267390E-03   5.2141808548646907E+02   6.2562577198671465E-01
   4.6000000000000000E+02   2.0799736465970165E-03   4.8077532214702370E+02   6.8321735918116733E-01
   4.6599900000000002E+02   2.1778340221502747E-03   4.5917181466962973E+02   7.1830352737219516E-01
   4.6600099999999998E+02   2.1778489255114522E-03   4.5916867248501057E+02   7.1830857717430197E-01
   4.7000000000000000E+02   2.2428915178219406E-03   4.4585303928167451E+02   7.4175574687887835E-01
   4.8000000000000000E+02   2.4086155269499952E-03   4.1517626570575578E+02   8.0202725034332212E-01
   4.8799900000000002E+02   2.5421254130200133E-03   3.9337162316158611E+02   8.5109730439408715E-01
   4.8800099999999998E+02   2.5421404252228153E-03   3.9336930016851898E+02   8.5110249498102708E-01
   4.9000000000000000E+02   2.5769962838219159E-03   3.8804867755451738E+02   8.6401589845912519E-01
   5.0000000000000000E+02   2.7453721196863154E-03   3.6424934631967471E+02   9.2671218627014695E-01
   5.1000000000000000E+02   2.9134221841554142E-03   3.4323895981793481E+02   9.8999039876804518E-01
   5.2000000000000000E+02   3.0835051257587513E-03   3.2430625512708764E+02   1.0548029207349496E+00
   5.3000000000000000E+02   3.2555011834932484E-03   3.0717236567764684E+02   1.1211371318442591E+00
   5.4000000000000000E+02   3.4265493092278769E-03   2.9183878875081348E+02   1.1878387825193346E+00
   5.5000000000000000E+02   3.5991940411628830E-03   2.7783997988530365E+02   1.2559692514421905E+00
   5.6000000000000000E+02   3.7704645903990685E-03   2.6521930547931748E+02   1.3242955228673161E+00
   5.7000000000000000E+02   3.9430376766811416E-03   2.5361157614950844E+02   1.3939567998864770E+00
   5.8000000000000000E+02   4.1168409122141134E-03   2.4290469836547112E+02   1.4649477557986892E+00
   5.9000000000000000E+02   4.2887181974919780E-03   2.3316990157683838E+02   1.5359077002443826E+00
   5.9199900000000002E+02   4.3213570567614190E-03   2.3140878822668643E+02   1.5494313477498862E+00
   5.9200099999999998E+02   4.3213712207470362E-03   2.3140802974735644E+02   1.5494367411714636E+00
   6.0000000000000000E+02   4.4584205119162501E-03   2.2429467954564822E+02   1.6067071152474948E+00
   6.1000000000000000E+02   4.6320478631441293E-03   2.1588723379926881E+02   1.6800669911659061E+00
   6.2000000000000000E+02   4.8032400838617867E-03   2.0819279955625370E+02   1.7531621598268381E+00
   6.3000000000000000E+02   4.9750185288107394E-03   2.0100427650850310E+02   1.8273592113957065E+00
   6.4000000000000000E+02   5.1439739374024357E-03   1.9440222912656756E+02   1.9010934014033747E+00
   6.5000000000000000E+02   5.3132544692049231E-03   1.8820856516394940E+02   1.9758134609298157E+00
   6.6000000000000000E+02   5.4827754983568363E-03   1.8238937565466537E+02   2.0514964655211259E+00
   6.7000000000000000E+02   5.6489912566641091E-03   1.7702275584517875E+02   2.1264573531493070E+00
   6.8000000000000000E+02   5.8151931511476306E-03   1.7196333363452422E+02   2.2022558404108032E+00
   6.9000000000000000E+02   5.9812981686579066E-03   1.6718778629696399E+02   2.2788648428994365E+00
   7.0000000000000000E+02   6.1436340694640077E-03   1.6277011109277277E+02   2.3544802143634165E+00
   7.1000000000000000E+02   6.3056241485350455E-03   1.5858858321460932E+02   2.4307711623679706E+00
   7.2000000000000000E+02   6.4671912160421084E-03   1.5462663258192566E+02   2.5077086968736491E+00
   7.3000000000000000E+02   6.6282505119919129E-03   1.5086937317634386E+02   2.5852588771070590E+00
   7.4000000000000000E+02   6.7849867886297429E-03   1.4738422212933364E+02   2.6614659018287932E+00
   7.5000000000000000E+02   6.9409882260371902E-03   1.4407170383156361E+02   2.7381464155976136E+00
   7.6000000000000000E+02   7.0961740791073719E-03   1.4092100741217868E+02   2.8152637065825923E+00
   7.7000000000000000E+02   7.2466549274286520E-03   1.3799470376531818E+02   2.8907616320233891E+00
   7.8000000000000000E+02   7.3999556377361241E-03   1.3513594526168418E+02   2.9686111287650401E+00
   7.9000000000000000E+02   7.5483522160120281E-03   1.3247924465934946E+02   3.0447025738391171E+00
   8.0000000000000000E+02   7.6917085768504149E-03   1.3001012583987915E+02   3.1189058074052651E+00
   8.1000000000000000E+02   7.8376941407735812E-03   1.2758854607476430E+02   3.1953796178591807E+00
   8.2000000000000000E+02   7.9784753565294870E-03   1.2533722989839310E+02   3.2698353724844194E+00
   8.3000000000000000E+02   8.1178686891108642E-03   1.2318504256435915E+02   3.3443494230569311E+00
   8.4000000000000000E+02   8.2558192065373577E-03   1.2112668349231191E+02   3.4188879334029685E+00
   8.5000000000000000E+02   8.3922684765253986E-03   1.1915729373972844E+02   3.4934142233914329E+00
   8.6000000000000000E+02   8.5232180661951509E-03   1.1732657691420656E+02   3.5656253621465250E+00
   8.7000000000000000E+02   8.6525549275459999E-03   1.1557279998494224E+02   3.6377108409627108E+00
   8.8000000000000000E+02   8.7802383567587312E-03   1.1389212449229626E+02   3.7096406977194478E+00
   8.9000000000000000E+02   8.9062230876422906E-03   1.1228104103832035E+02   3.7813814004318975E+00
   9.0000000000000000E+02   9.0265294286592020E-03   1.1078454990962567E+02   3.8505580945292630E+00
   9.1000000000000000E+02   9.1450706764949676E-03   1.0934852614865414E+02   3.9194507313542846E+00
   9.2000000000000000E+02   9.2618237359401809E-03   1.0797009622624704E+02   3.9880363548057707E+00
   9.3000000000000000E+02   9.3767602278545126E-03   1.0664664294490649E+02   4.0562883030785626E+00
   9.4000000000000000E+02   9.4898587745867093E-03   1.0537564612425446E+02   4.1241832494464852E+00
   9.5000000000000000E+02   9.5971881224036874E-03   1.0419718643063784E+02   4.1892742553367528E+00
   9.6000000000000000E+02   9.7065624952459850E-03   1.0302308366012926E+02   4.2563734695093558E+00
   9.7000000000000000E+02   9.8101633039459745E-03   1.0193510230331914E+02   4.3206041870453475E+00
   9.8000000000000000E+02   9.9118876492973827E-03   1.0088895631004115E+02   4.3843698071430701E+00
   9.9000000000000000E+02   1.0007879676522332E-02   9.9921265275192951E+01   4.4451912169540195E+00
   1.0000000000000000E+03   1.0105855814341416E-02   9.8952529936245554E+01   4.5079732338266787E+00
   1.1000000000000000E+03   1.0935327584638688E-02   9.1446734655186916E+01   5.0731547984207319E+00
   1.2000000000000000E+03   1.1537824940312415E-02   8.6671448489919854E+01   5.5391272400837686E+00
   1.3000000000000000E+03   1.1958219406794098E-02   8.3624490066794323E+01   5.9176727045667308E+00
   1.4000000000000000E+03   1.2226071247148406E-02   8.1792423730005581E+01   6.2136868336967011E+00
   1.5000000000000000E+03   1.2382028055312399E-02   8.0762214035766064E+01   6.4455797863757036E+00
   1.6000000000000000E+03   1.2449623284874672E-02   8.0323715595067256E+01   6.6219964091402019E+00
   1.7000000000000000E+03   1.2413313567601190E-02   8.0558667478601777E+01   6.8767655343244787E+00
   1.8000000000000000E+03   1.2305146906561265E-02   8.1266807100595202E+01   6.8478395490916038E+00
   1.9000000000000000E+03   1.2161728340417129E-02   8.2225155176069464E+01   6.7969061388751300E+00
   2.0000000000000000E+03   1.1995128519346100E-02   8.3367176799078933E+01   6.7307014294258485E+00
   2.1000000000000000E+03   1.1813756644132145E-02   8.4647079682032967E+01   6.6540080184039114E+00
   2.2000000000000000E+03   1.1623533519751358E-02   8.6032358258419805E+01   6.5702646151740582E+00
   2.3000000000000000E+03   1.1428658146913908E-02   8.7499336067728223E+01   6.4819680427083091E+00
   2.4000000000000000E+03   1.1232120022298892E-02   8.9030387675231495E+01   6.3909444331617005E+00
   2.5000000000000000E+03   1.1036048154671879E-02   9.0612145397052402E+01   6.2985358119581125E+00
   2.6000000000000000E+03   1.0841952845844337E-02   9.2234306330090234E+01   6.2057306856149550E+00
   2.7000000000000000E+03   1.0650895645210727E-02   9.3888817739910849E+01   6.1132568223708823E+00
   2.8000000000000000E+03   1.0463610351797123E-02   9.5569307951939393E+01   6.0216480516828730E+00
   2.8439989999999998E+03   1.0382535653965245E-02   9.6315585453162910E+01   5.9817195597959385E+00
   2.8440010000000002E+03   1.0382531987968053E-02   9.6315619461501740E+01   5.9817177507779720E+00
   2.9000000000000000E+03   1.0280590134896728E-02   9.7270680659232937E+01   5.9312929268889141E+00
   2.9729989999999998E+03   1.0149867296684477E-02   9.8523455604848834E+01   5.8662899914133817E+00
   2.9730010000000002E+03   1.0149863749444790E-02   9.8523490037460007E+01   5.8662882224746715E+00
   3.0000000000000000E+03   1.0102150879497233E-02   9.8988820492628449E+01   5.8424705477603425E+00
   3.1000000000000000E+03   9.9284776412741083E-03   1.0072037588550901E+02   5.7553771771683024E+00
   3.2000000000000000E+03   9.7596589686277050E-03   1.0246259661474720E+02   5.6701461817026351E+00
   3.2299989999999998E+03   9.7099657835201837E-03   1.0298697465002468E+02   5.6449547079074645E+00
   3.2300010000000002E+03   9.7099624851495533E-03   1.0298700963360088E+02   5.6449530343093040E+00
   3.3000000000000000E+03   9.5957124219073677E-03   1.0421321065405868E+02   5.5868630805300246E+00
   3.4000000000000000E+03   9.4366036483856126E-03   1.0597032971402560E+02   5.5055769760838569E+00
   3.5000000000000000E+03   9.2822607013759717E-03   1.0773237599885161E+02   5.4263092856362158E+00
   3.6000000000000000E+03   9.1325848240164254E-03   1.0949802484946530E+02   5.3490604436395008E+00
   3.7000000000000000E+03   8.9874585879417650E-03   1.1126615941704296E+02   5.2738150676310074E+00
   3.8000000000000000E+03   8.8467520415155595E-03   1.1303583454212962E+02   5.2005459533187084E+00
   3.9000000000000000E+03   8.7103273526729311E-03   1.1480624774603115E+02   5.1292171722331652E+00
   4.0000000000000000E+03   8.5780423082485666E-03   1.1657671576630129E+02   5.0597864778596477E+00
   4.1000000000000000E+03   8.4497529414690690E-03   1.1834665544980311E+02   4.9922071763862057E+00
   4.2000000000000000E+03   8.3253154927418610E-03   1.2011556809730703E+02   4.9264295811909511E+00
   4.3000000000000000E+03   8.2045878594369601E-03   1.2188302656175409E+02   4.8624021424751511E+00
   4.4000000000000000E+03   8.0874306534044760E-03   1.2364866455813643E+02   4.8000723225594468E+00
   4.5000000000000000E+03   7.9737079571556759E-03   1.2541216776099648E+02   4.7393872715010641E+00
   4.6000000000000000E+03   7.8632878486064369E-03   1.2717326635539918E+02   4.6802943455936905E+00
   4.7000000000000000E+03   7.7560427482959169E-03   1.2893172877621265E+02   4.6227415020302116E+00
   4.8000000000000000E+03   7.6518496307691249E-03   1.3068735642410752E+02   4.5666775958433803E+00
   4.9000000000000000E+03   7.5505901324399482E-03   1.3243997918833577E+02   4.5120525996896266E+00
   5.0000000000000000E+03   7.4521505810352610E-03   1.3418945163894944E+02   4.4588177627236867E+00
   5.1000000000000000E+03   7.3564219661279955E-03   1.3593564977708090E+02   4.4069257214275463E+00
   5.2000000000000000E+03   7.2632998659398510E-03   1.3767846825233656E+02   4.3563305726084867E+00
   5.3000000000000000E+03   7.1726843422257784E-03   1.3941781797269039E+02   4.3069879166925320E+00
   5.4000000000000000E+03   7.0844798124182883E-03   1.4115362404549643E+02   4.2588548777864270E+00
   5.5000000000000000E+03   6.9985949061544565E-03   1.4288582399884518E+02   4.2118901056715892E+00
   5.6000000000000000E+03   6.9149423117043918E-03   1.4461436624097021E+02   4.1660537638567314E+00
   5.7000000000000000E+03   6.8334386165470173E-03   1.4633920872260748E+02   4.1213075069799663E+00
   5.8000000000000000E+03   6.7540041453539130E-03   1.4806031777281351E+02   4.0776144501922653E+00
   5.9000000000000000E+03   6.6765627978611118E-03   1.4977766708348162E+02   4.0349391326222053E+00
   6.0000000000000000E+03   6.6010418884943217E-03   1.5149123682172197E+02   3.9932474765952093E+00
   6.1000000000000000E+03   6.5273719891317970E-03   1.5320101285249558E+02   3.9525067439377422E+00
   6.2000000000000000E+03   6.4554867760159753E-03   1.5490698605646489E+02   3.9126854904246575E+00
   6.3000000000000000E+03   6.3853228815223817E-03   1.5660915173041042E+02   3.8737535192018808E+00
   6.4000000000000000E+03   6.3168197512680499E-03   1.5830750905932661E+02   3.8356818338408227E+00
   6.5000000000000000E+03   6.2499195068621517E-03   1.6000206065086786E+02   3.7984425915368796E+00
   6.6000000000000000E+03   6.1845668144584909E-03   1.6169281212423255E+02   3.7620090568464306E+00
   6.7000000000000000E+03   6.1207087591663442E-03   1.6337977174659795E+02   3.7263555562647963E+00
   6.8000000000000000E+03   6.0582947252938550E-03   1.6506295011117928E+02   3.6914574338724524E+00
   6.9000000000000000E+03   5.9972762823353705E-03   1.6674235985182844E+02   3.6572910082153101E+00
   7.0000000000000000E+03   5.9376070765691487E-03   1.6841801538976495E+02   3.6238335305363858E+00
   7.1000000000000000E+03   5.8792427281016812E-03   1.7008993270854205E+02   3.5910631444390928E+00
   7.2000000000000000E+03   5.8221407331679863E-03   1.7175812915396031E+02   3.5589588470293001E+00
   7.3000000000000000E+03   5.7662603714848191E-03   1.7342262325599754E+02   3.5275004515599164E+00
   7.4000000000000000E+03   5.7115626184439444E-03   1.7508343457021218E+02   3.4966685515825988E+00
   7.5000000000000000E+03   5.6580100619281681E-03   1.7674058353639876E+02   3.4664444865957793E+00
   7.6000000000000000E+03   5.6055668235321715E-03   1.7839409135254616E+02   3.4368103091664191E+00
   7.7000000000000000E+03   5.5541984839722648E-03   1.8004397986238652E+02   3.4077487534944439E+00
   7.8000000000000000E+03   5.5038720124734371E-03   1.8169027145502258E+02   3.3792432053822212E+00
   7.9000000000000000E+03   5.4545556999264439E-03   1.8333298897534138E+02   3.3512776735656140E+00
   8.0000000000000000E+03   5.4062190956172436E-03   1.8497215564398564E+02   3.3238367623617235E+00
   8.1000000000000000E+03   5.3588329473351721E-03   1.8660779498589852E+02   3.2969056455844705E+00
   8.2000000000000000E+03   5.3123691446757652E-03   1.8823993076652698E+02   3.2704700416782817E+00
   8.3000000000000000E+03   5.2668006653632240E-03   1.8986858693484183E+02   3.2445161900208794E+00
   8.4000000000000000E+03   5.2221015244248150E-03   1.9149378757245523E+02   3.2190308283449585E+00
   8.5000000000000000E+03   5.1782467260556514E-03   1.9311555684827619E+02   3.1940011712286682E+00
   8.6000000000000000E+03   5.1352122180263072E-03   1.9473391897800576E+02   3.1694148896080310E+00
   8.7000000000000000E+03   5.0929748484870203E-03   1.9634889818807412E+02   3.1452600912629420E+00
   8.8000000000000000E+03   5.0515123250342584E-03   1.9796051868352481E+02   3.1215253022310230E+00
   8.9000000000000000E+03   5.0108031759111054E-03   1.9956880461946542E+02   3.0981994491052278E+00
   9.0000000000000000E+03   4.9708267132224431E-03   2.0117378007565449E+02   3.0752718421728051E+00
   9.1000000000000000E+03   4.9315629980473362E-03   2.0277546903404712E+02   3.0527321593530687E+00
   9.2000000000000000E+03   4.8929928073460751E-03   2.0437389535881888E+02   3.0305704308966441E+00
   9.3000000000000000E+03   4.8550976025558057E-03   2.0596908277880618E+02   3.0087770248063825E+00
   9.4000000000000000E+03   4.8178594997833361E-03   2.0756105487197607E+02   2.9873426329453556E+00
   9.5000000000000000E+03   4.7812612415026193E-03   2.0914983505183406E+02   2.9662582577966163E+00
   9.6000000000000000E+03   4.7452861696759266E-03   2.1073544655543796E+02   2.9455151998431979E+00
   9.7000000000000000E+03   4.7099182002137982E-03   2.1231791243308791E+02   2.9251050455348220E+00
   9.8000000000000000E+03   4.6751417987061237E-03   2.1389725553923452E+02   2.9050196558148462E+00
   9.9000000000000000E+03   4.6409419573476551E-03   2.1547349852474997E+02   2.8852511551763858E+00
   1.0000000000000000E+04   4.6073041729957553E-03   2.1704666383026790E+02   2.8657919212224949E+00
   1.1000000000000000E+04   4.2989706730640898E-03   2.3261382224951319E+02   2.6866946415463162E+00
   1.2000000000000000E+04   4.0339462903460103E-03   2.4789621081301644E+02   2.5316866678882173E+00
   1.3000000000000000E+04   3.8035468904694118E-03   2.6291249425784940E+02   2.3961090514503751E+00
   1.4000000000000000E+04   3.6012782667724872E-03   2.7767918109149986E+02   2.2764401177670632E+00
   1.5000000000000000E+04   3.4221862206277077E-03   2.9221086625045700E+02   2.1699682392527966E+00
   1.6000000000000000E+04   3.2624246803977315E-03   3.0652048643712664E+02   2.0745710640094641E+00
   1.7000000000000000E+04   3.1189613547211491E-03   3.2061955448287534E+02   1.9885631189809612E+00
   1.8000000000000000E+04   2.9893725122635928E-03   3.3451836326774372E+02   1.9105883869869316E+00
   1.9000000000000000E+04   2.8716969533397162E-03   3.4822615904405359E+02   1.8395431319163253E+00
   2.0000000000000000E+04   2.7643301769021199E-03   3.6175128729400274E+02   1.7745194899491152E+00
   2.1000000000000000E+04   2.6659463984538018E-03   3.7510131508269677E+02   1.7147635879365537E+00
   2.2000000000000000E+04   2.5754402216003210E-03   3.8828313373883032E+02   1.6596440009935256E+00
   2.2122999000000000E+04   2.5648050518237773E-03   3.8989318088285961E+02   1.6531575764441633E+00
   2.2123001000000000E+04   2.5648048797376282E-03   3.8989320704282858E+02   1.6531574714720463E+00
   2.3000000000000000E+04   2.4918824112333607E-03   4.0130304523681309E+02   1.6086276856222643E+00
   2.4000000000000000E+04   2.4144859394510062E-03   4.1416683512655914E+02   1.5612613965633437E+00
   2.5000000000000000E+04   2.3425796196164541E-03   4.2687983436128769E+02   1.5171571800729697E+00
   2.6000000000000000E+04   2.2755874174480101E-03   4.3944697194778149E+02   1.4759809347866950E+00
   2.7000000000000000E+04   2.2130120595313220E-03   4.5187281998444377E+02   1.4374433072311452E+00
   2.8000000000000000E+04   2.1544219303691417E-03   4.6416163236356346E+02   1.4012923828397335E+00
   2.9000000000000000E+04   2.0994405113415496E-03   4.7631737817662520E+02   1.3673077712999415E+00
   3.0000000000000000E+04   2.0477378028617341E-03   4.8834377067341836E+02   1.3352957845063880E+00
   3.1000000000000000E+04   1.9990233073119671E-03   5.0024429247134361E+02   1.3050854779200243E+00
   3.2000000000000000E+04   1.9530402503010074E-03   5.1202221758915493E+02   1.2765253795947140E+00
   3.3000000000000000E+04   1.9095607918757874E-03   5.2368063077881197E+02   1.2494807709478020E+00
   3.4000000000000000E+04   1.8683820347597197E-03   5.3522244455139150E+02   1.2238314132786530E+00
   3.5000000000000000E+04   1.8293226785936055E-03   5.4665041422260515E+02   1.1994696367510527E+00
   3.6000000000000000E+04   1.7922202010460713E-03   5.5796715125536844E+02   1.1762987259141080E+00
   3.7000000000000000E+04   1.7569284711843288E-03   5.6917513512995185E+02   1.1542315492310240E+00
   3.8000000000000000E+04   1.7233157194709641E-03   5.8027672393482680E+02   1.1331893904869248E+00
   3.9000000000000000E+04   1.6912628035231675E-03   5.9127416384777234E+02   1.1131009480747880E+00
   4.0000000000000000E+04   1.6606617204052783E-03   6.0216959764445812E+02   1.0939014745751392E+00
   4.1000000000000000E+04   1.6314143253838402E-03   6.1296507235506806E+02   1.0755320341167134E+00
   4.2000000000000000E+04   1.6034312243605063E-03   6.2366254617426978E+02   1.0579388590510004E+00
   4.3000000000000000E+04   1.5766308130429252E-03   6.3426389470974664E+02   1.0410727907250261E+00
   4.4000000000000000E+04   1.5509384405789392E-03   6.4477091665012631E+02   1.0248887917443108E+00
   4.5000000000000000E+04   1.5262856791965281E-03   6.5518533891140430E+02   1.0093455192494112E+00
   4.6000000000000000E+04   1.5026096844259103E-03   6.6550882132911443E+02   9.9440495043865917E-01
   4.7000000000000000E+04   1.4798526330419522E-03   6.7574296093552391E+02   9.8003205300198604E-01
   4.8000000000000000E+04   1.4579612278743839E-03   6.8588929587512928E+02   9.6619449427155368E-01
   4.9000000000000000E+04   1.4368862603695094E-03   6.9594930898903601E+02   9.5286238386892685E-01
   5.0000000000000000E+04   1.4165822231584023E-03   7.0592443110743466E+02   9.4000804541001348E-01
   5.1000000000000000E+04   1.3970069660719307E-03   7.1581604407583961E+02   9.2760581349781501E-01
   5.2000000000000000E+04   1.3781213899984072E-03   7.2562548354405556E+02   9.1563185277871006E-01
   5.3000000000000000E+04   1.3598891738023568E-03   7.3535404153848924E+02   9.0406399630457368E-01
   5.4000000000000000E+04   1.3422765301952906E-03   7.4500296884018985E+02   8.9288160082827805E-01
   5.5000000000000000E+04   1.3252519870275508E-03   7.5457347718672850E+02   8.8206541698989338E-01
   5.6000000000000000E+04   1.3087861909590909E-03   7.6406674131180330E+02   8.7159747263012022E-01
   5.7000000000000000E+04   1.2928517308670698E-03   7.7348390084092296E+02   8.6146096769895175E-01
   5.8000000000000000E+04   1.2774229787154972E-03   7.8282606204997387E+02   8.5164017943545378E-01
   5.9000000000000000E+04   1.2624759458836987E-03   7.9209429950764525E+02   8.4212037665562134E-01
   6.0000000000000000E+04   1.2479881532375724E-03   8.0128965760273195E+02   8.3288774214501615E-01
   6.1000000000000000E+04   1.2339385134229606E-03   8.1041315196977519E+02   8.2392930226988015E-01
   6.2000000000000000E+04   1.2203072240519865E-03   8.1946577082411750E+02   8.1523286303053633E-01
   6.3000000000000000E+04   1.2070756706313625E-03   8.2844847620609312E+02   8.0678695188110183E-01
   6.4000000000000000E+04   1.1942263381909133E-03   8.3736220515355660E+02   7.9858076470851858E-01
   6.5000000000000000E+04   1.1817427307338816E-03   8.4620787079348804E+02   7.9060411745103287E-01
   6.6000000000000000E+04   1.1696092976908829E-03   8.5498636337302025E+02   7.8284740187960844E-01
   6.7000000000000000E+04   1.1578113666887001E-03   8.6369855122425088E+02   7.7530154513407012E-01
   6.8000000000000000E+04   1.1463350819976615E-03   8.7234528167571170E+02   7.6795797264151255E-01
   6.9000000000000000E+04   1.1351673481124380E-03   8.8092738190787918E+02   7.6080857409368863E-01
   7.0000000000000000E+04   1.1242957779706668E-03   8.8944565975777459E+02   7.5384567219124321E-01
   7.1000000000000000E+04   1.1137086453576555E-03   8.9790090448553622E+02   7.4706199389014227E-01
   7.2000000000000000E+04   1.1033948411268693E-03   9.0629388748883900E+02   7.4045064392690385E-01
   7.3000000000000000E+04   1.0933438328623347E-03   9.1462536298580130E+02   7.3400508040565782E-01
   7.4000000000000000E+04   1.0835456276848396E-03   9.2289606865624353E+02   7.2771909226712383E-01
   7.5000000000000000E+04   1.0739907379094730E-03   9.3110672625213135E+02   7.2158677846801078E-01
   7.6000000000000000E+04   1.0646701493104019E-03   9.3925804217175687E+02   7.1560252872400931E-01
   7.7000000000000000E+04   1.0555752917510047E-03   9.4735070801172765E+02   7.0976100567534184E-01
   7.8000000000000000E+04   1.0466980119920981E-03   9.5538540108314419E+02   7.0405712835983192E-01
   7.9000000000000000E+04   1.0380305484809622E-03   9.6336278490395557E+02   6.9848605687838050E-01
   8.0000000000000000E+04   1.0295655079511617E-03   9.7128350967196161E+02   6.9304317815201211E-01
   8.1000000000000000E+04   1.0212958436949173E-03   9.7914821270801269E+02   6.8772409268539536E-01
   8.2000000000000000E+04   1.0132148353615795E-03   9.8695751887913934E+02   6.8252460225123568E-01
   8.3000000000000000E+04   1.0053160701509040E-03   9.9471204101004196E+02   6.7744069841846433E-01
   8.4000000000000000E+04   9.9759342531593282E-04   1.0024123802573230E+03   6.7246855186770016E-01
   8.5000000000000000E+04   9.9004105182613506E-04   1.0100591264932862E+03   6.6760450241398228E-01
   8.6000000000000000E+04   9.8265335915927567E-04   1.0176528586393534E+03   6.6284504970539915E-01
   8.7000000000000000E+04   9.7542500106919327E-04   1.0251941450176789E+03   6.5818684451969245E-01
   8.8000000000000000E+04   9.6835086231423129E-04   1.0326835436590943E+03   6.5362668063703644E-01
   8.9000000000000000E+04   9.6142604622821422E-04   1.0401216026163593E+03   6.4916148722767353E-01
   9.0000000000000000E+04   9.5464586309607026E-04   1.0475088602561364E+03   6.4478832172616252E-01
   9.1000000000000000E+04   9.4800581926323486E-04   1.0548458455425662E+03   6.4050436315199677E-01
   9.2000000000000000E+04   9.4150160693499724E-04   1.0621330783018427E+03   6.3630690584807303E-01
   9.3000000000000000E+04   9.3512909460672614E-04   1.0693710694784402E+03   6.3219335360335527E-01
   9.4000000000000000E+04   9.2888431807215763E-04   1.0765603213922684E+03   6.2816121412937787E-01
   9.5000000000000000E+04   9.2276347199589544E-04   1.0837013279654921E+03   6.2420809387646004E-01
   9.6000000000000000E+04   9.1676290198161299E-04   1.0907945749533139E+03   6.2033169315446191E-01
   9.7000000000000000E+04   9.1087909710829424E-04   1.0978405401711730E+03   6.1652980153978021E-01
   9.8000000000000000E+04   9.0510868292641947E-04   1.1048396936893541E+03   6.1280029355859389E-01
   9.9000000000000000E+04   8.9944841483966442E-04   1.1117924980481066E+03   6.0914112461056336E-01
   1.0000000000000000E+05   8.9389517188334211E-04   1.1186994084475325E+03   6.0555032713166468E-01
   1.1000000000000000E+05   8.4364008726898749E-04   1.1853395957477287E+03   5.7301831890388411E-01
   1.2000000000000000E+05   8.0138285134519324E-04   1.2478430232458932E+03   5.4561400572745966E-01
   1.3000000000000000E+05   7.6536407776435619E-04   1.3065677225419570E+03   5.2222138525446948E-01
   1.4000000000000000E+05   7.3430765285931881E-04   1.3618270163821696E+03   5.0202826731271133E-01
   1.5000000000000000E+05   7.0726483794291166E-04   1.4138975195041680E+03   4.8442901105296138E-01
   1.6000000000000000E+05   6.8351522248569305E-04   1.4630252071978273E+03   4.6896249732019402E-01
   1.7000000000000000E+05   6.6250168115029092E-04   1.5094301319563695E+03   4.5527125828339515E-01
   1.8000000000000000E+05   6.4378642600115832E-04   1.5533101656265753E+03   4.4307377840481910E-01
   1.9000000000000000E+05   6.2702056574654905E-04   1.5948440204818016E+03   4.3214525549453237E-01
   2.0000000000000000E+05   6.1192255525920839E-04   1.6341937250154203E+03   4.2230394617806655E-01
   2.1000000000000000E+05   5.9826264093999716E-04   1.6715066787870769E+03   4.1340128751814587E-01
   2.2000000000000000E+05   5.8585143805421830E-04   1.7069173770764971E+03   4.0531462724622769E-01
   2.3000000000000000E+05   5.7453141130748078E-04   1.7405488722092077E+03   3.9794179095627596E-01
   2.4000000000000000E+05   5.6417043100973486E-04   1.7725140224209040E+03   3.9119696532421094E-01
   2.5000000000000000E+05   5.5465683679267990E-04   1.8029165669038368E+03   3.8500753902385698E-01
   2.6000000000000000E+05   5.4589561199397938E-04   1.8318520574791305E+03   3.7931165049991933E-01
   2.7000000000000000E+05   5.3780538719795906E-04   1.8594086705046586E+03   3.7405626431438155E-01
   2.8000000000000000E+05   5.3031607010413460E-04   1.8856679183861747E+03   3.6919564742336081E-01
   2.9000000000000000E+05   5.2336695390374803E-04   1.9107052757937586E+03   3.6469015143768407E-01
   3.0000000000000000E+05   5.1690519486048323E-04   1.9345907333547075E+03   3.6050523132227924E-01
   3.1000000000000000E+05   5.1088457758721652E-04   1.9573892888345872E+03   3.5661064856535390E-01
   3.2000000000000000E+05   5.0526450634234474E-04   1.9791613846757023E+03   3.5297981947463214E-01
   3.3000000000000000E+05   5.0000917545700531E-04   1.9999632988454789E+03   3.4958927862164280E-01
   3.4000000000000000E+05   4.9508688276596075E-04   2.0198474950763821E+03   3.4641823432128593E-01
   3.5000000000000000E+05   4.9046945806802752E-04   2.0388629374375876E+03   3.4344819821588995E-01
   3.6000000000000000E+05   4.8613178464824265E-04   2.0570553738295152E+03   3.4066267488961299E-01
   3.7000000000000000E+05   4.8205139671754060E-04   2.0744675916496785E+03   3.3804690047768260E-01
   3.8000000000000000E+05   4.7820813886541384E-04   2.0911396497194260E+03   3.3558762138582082E-01
   3.9000000000000000E+05   4.7458387691674602E-04   2.1071090878534528E+03   3.3327290621398914E-01
   4.0000000000000000E+05   4.7116225109665173E-04   2.1224111177677210E+03   3.3109198510268889E-01
   4.1000000000000000E+05   4.6792846462423416E-04   2.1370787964417623E+03   3.2903511201182378E-01
   4.2000000000000000E+05   4.6486910175079564E-04   2.1511431846809951E+03   3.2709344612302149E-01
   4.3000000000000000E+05   4.6197197078044961E-04   2.1646334913146629E+03   3.2525894941995614E-01
   4.4000000000000000E+05   4.5922596797955367E-04   2.1775772053999426E+03   3.2352429785513626E-01
   4.5000000000000000E+05   4.5662095925273283E-04   2.1900002173279900E+03   3.2188280406434711E-01
   4.6000000000000000E+05   4.5414767694509060E-04   2.2019269298627428E+03   3.2032834991648912E-01
   4.7000000000000000E+05   4.5179762957638461E-04   2.2133803600023803E+03   3.1885532747367640E-01
   4.8000000000000000E+05   4.4956302260972658E-04   2.2243822327623179E+03   3.1745858714417652E-01
   4.9000000000000000E+05   4.4743668874866130E-04   2.2349530674310222E+03   3.1613339203988933E-01
   5.0000000000000000E+05   4.4541202640635536E-04   2.2451122572242507E+03   3.1487537767039292E-01
   5.1000000000000000E+05   4.4348294527250397E-04   2.2548781428010425E+03   3.1368051626783683E-01
   5.2000000000000000E+05   4.4164381812153100E-04   2.2642680797692528E+03   3.1254508516533180E-01
   5.3000000000000000E+05   4.3988943782891126E-04   2.2732985018588602E+03   3.1146563861626186E-01
   5.4000000000000000E+05   4.3821497922053515E-04   2.2819849786484415E+03   3.1043898273237935E-01
   5.5000000000000000E+05   4.3661596493366911E-04   2.2903422694401947E+03   3.0946215306594871E-01
   5.6000000000000000E+05   4.3508823486909545E-04   2.2983843732314872E+03   3.0853239454108994E-01
   5.7000000000000000E+05   4.3362791877866894E-04   2.3061245752269406E+03   3.0764714344295724E-01
   5.8000000000000000E+05   4.3223141177087319E-04   2.3135754893494468E+03   3.0680401128285328E-01
   5.9000000000000000E+05   4.3089535209001197E-04   2.3207490987071610E+03   3.0600077020056998E-01
   6.0000000000000000E+05   4.2961660109172366E-04   2.3276567931938434E+03   3.0523533980110518E-01
   6.1000000000000000E+05   4.2839222538171957E-04   2.3343094032786157E+03   3.0450577534968493E-01
   6.2000000000000000E+05   4.2721948044348724E-04   2.3407172326550321E+03   3.0381025700247860E-01
   6.3000000000000000E+05   4.2609579567729947E-04   2.3468900893763871E+03   3.0314707999399676E-01
   6.4000000000000000E+05   4.2501876123111394E-04   2.3528373126480096E+03   3.0251464588992322E-01
   6.5000000000000000E+05   4.2398611568040200E-04   2.3585677997856742E+03   3.0191145449390250E-01
   6.6000000000000000E+05   4.2299573483391015E-04   2.3640900312922813E+03   3.0133609648541582E-01
   6.7000000000000000E+05   4.2204562179736372E-04   2.3694120928000739E+03   3.0078724681215380E-01
   6.8000000000000000E+05   4.2113389756172473E-04   2.3745416975213498E+03   3.0026365852015574E-01
   6.9000000000000000E+05   4.2025879255193051E-04   2.3794862064103804E+03   2.9976415717199240E-01
   7.0000000000000000E+05   4.1941863902522777E-04   2.3842526462917895E+03   2.9928763578876927E-01
   7.1000000000000000E+05   4.1861186385772130E-04   2.3888477282619069E+03   2.9883305011486411E-01
   7.2000000000000000E+05   4.1783698193601377E-04   2.3932778648902286E+03   2.9839941427544664E-01
   7.3000000000000000E+05   4.1709259044192759E-04   2.3975491843200980E+03   2.9798579692676835E-01
   7.4000000000000000E+05   4.1637736303207071E-04   2.4016675467608861E+03   2.9759131749024953E-01
   7.5000000000000000E+05   4.1569004508644144E-04   2.4056385564683255E+03   2.9721514292491841E-01
   7.6000000000000000E+05   4.1502944871450124E-04   2.4094675765716570E+03   2.9685648450738716E-01
   7.7000000000000000E+05   4.1439444868859621E-04   2.4131597398677200E+03   2.9651459507443290E-01
   7.8000000000000000E+05   4.1378397832089687E-04   2.4167199611205879E+03   2.9618876632941649E-01
   7.9000000000000000E+05   4.1319702570650639E-04   2.4201529483184122E+03   2.9587832637279665E-01
   8.0000000000000000E+05   4.1263263063074496E-04   2.4234632110199645E+03   2.9558263756826153E-01
   8.1000000000000000E+05   4.1208988099781179E-04   2.4266550723804598E+03   2.9530109428483153E-01
   8.2000000000000000E+05   4.1156791010731676E-04   2.4297326770185973E+03   2.9503312103587098E-01
   8.3000000000000000E+05   4.1106589397727812E-04   2.4326999993224340E+03   2.9477817069195905E-01
   8.4000000000000000E+05   4.1058304858386665E-04   2.4355608529116803E+03   2.9453572271160838E-01
   8.5000000000000000E+05   4.1011862782561670E-04   2.4383188964174587E+03   2.9430528170628723E-01
   8.6000000000000000E+05   4.0967192102837468E-04   2.4409776425237064E+03   2.9408637586621650E-01
   8.7000000000000000E+05   4.0924225112789239E-04   2.4435404634881893E+03   2.9387855569475424E-01
   8.8000000000000000E+05   4.0882897254973418E-04   2.4460105989145613E+03   2.9368139265920368E-01
   8.9000000000000000E+05   4.0843146962097379E-04   2.4483911607692830E+03   2.9349447808640405E-01
   9.0000000000000000E+05   4.0804915477432179E-04   2.4506851400122773E+03   2.9331742200709748E-01
   9.1000000000000000E+05   4.0768146723645760E-04   2.4528954106711808E+03   2.9314985222125994E-01
   9.2000000000000000E+05   4.0732787113513936E-04   2.4550247377210035E+03   2.9299141315941324E-01
   9.3000000000000000E+05   4.0698785457688060E-04   2.4570757794225497E+03   2.9284176515379867E-01
   9.4000000000000000E+05   4.0666092820496280E-04   2.4590510930422756E+03   2.9270058352618111E-01
   9.5000000000000000E+05   4.0634662392200854E-04   2.4609531398295399E+03   2.9256755776217680E-01
   9.6000000000000000E+05   4.0604449387024943E-04   2.4627842886586409E+03   2.9244239080754086E-01
   9.7000000000000000E+05   4.0575410941428783E-04   2.4645468198548010E+03   2.9232479838373809E-01
   9.8000000000000000E+05   4.0547506003039187E-04   2.4662429297748827E+03   2.9221450828342466E-01
   9.9000000000000000E+05   4.0520695259792201E-04   2.4678747331176182E+03   2.9211125984134917E-01
   1.0000000000000000E+06   4.0494941023819486E-04   2.4694442681415221E+03   2.9201480324037349E-01
   1.1000000000000000E+06   4.0288237763230175E-04   2.4821140251328370E+03   2.9137563075882350E-01
   1.2000000000000000E+06   4.0155274878280795E-04   2.4903328467585229E+03   2.9120436383551385E-01
   1.3000000000000000E+06   4.0076042439159967E-04   2.4952563654909663E+03   2.9136883402201091E-01
   1.4000000000000000E+06   4.0036594686588612E-04   2.4977149226304664E+03   2.9177723171239545E-01
   1.5000000000000000E+06   4.0026981417197623E-04   2.4983147981535008E+03   2.9236432395100465E-01
   1.6000000000000000E+06   4.0039961127300602E-04   2.4975049221967556E+03   2.9308287723612347E-01
   1.7000000000000000E+06   4.0070173916439863E-04   2.4956218110890786E+03   2.9389814375018258E-01
   1.8000000000000000E+06   4.0113594596020031E-04   2.4929204427349364E+03   2.9478421625320433E-01
   1.9000000000000000E+06   4.0167162255322223E-04   2.4895958386193893E+03   2.9572155991922427E-01
   2.0000000000000000E+06   4.0228523968816575E-04   2.4857983871721399E+03   2.9669530561220420E-01
   2.1000000000000000E+06   4.0295853941347978E-04   2.4816448894606751E+03   2.9769404692297408E-01
   2.2000000000000000E+06   4.0367723951428581E-04   2.4772266110500168E+03   2.9870897905788507E-01
   2.3000000000000000E+06   4.0443008896916640E-04   2.4726152362917778E+03   2.9973327233160901E-01
   2.4000000000000000E+06   4.0520817233300220E-04   2.4678673044584966E+03   3.0076161122739015E-01
   2.5000000000000000E+06   4.0600438937372316E-04   2.4630275587476708E+03   3.0178985050724111E-01
   2.6000000000000000E+06   4.0681306218243223E-04   2.4581314932104065E+03   3.0281475615500514E-01
   2.7000000000000000E+06   4.0762963663728842E-04   2.4532072992764429E+03   3.0383380875616989E-01
   2.8000000000000000E+06   4.0845045168051041E-04   2.4482773758374965E+03   3.0484505223319147E-01
   2.9000000000000000E+06   4.0927255934647920E-04   2.4433595098503215E+03   3.0584697647138420E-01
   3.0000000000000000E+06   4.1009358467404452E-04   2.4384677970391372E+03   3.0683842611909606E-01
   3.1000000000000000E+06   4.1091161805756311E-04   2.4336133515210413E+03   3.0781853011271026E-01
   3.2000000000000000E+06   4.1172512422902219E-04   2.4288049019902655E+03   3.0878664380679649E-01
   3.3000000000000000E+06   4.1253287526008881E-04   2.4240492333357238E+03   3.0974230526227831E-01
   3.4000000000000000E+06   4.1333389237422074E-04   2.4193515664924680E+03   3.1068519861777810E-01
   3.5000000000000000E+06   4.1412740332254997E-04   2.4147158385969778E+03   3.1161512643548356E-01
   3.6000000000000000E+06   4.1491280244745384E-04   2.4101449608237722E+03   3.1253198530864679E-01
   3.7000000000000000E+06   4.1568962393772035E-04   2.4056409936992382E+03   3.1343574843464805E-01
   3.8000000000000000E+06   4.1645751693586652E-04   2.4012053074647656E+03   3.1432645029393291E-01
   3.9000000000000000E+06   4.1721622267934299E-04   2.3968387268789479E+03   3.1520417322655009E-01
   4.0000000000000000E+06   4.1796556330032735E-04   2.3925416058295082E+03   3.1606903950600540E-01
   4.1000000000000000E+06   4.1870542319095928E-04   2.3883139424824917E+03   3.1692120116055350E-01
   4.2000000000000000E+06   4.1943574081840734E-04   2.3841554323644186E+03   3.1776083450215670E-01
   4.3000000000000000E+06   4.2015649789580193E-04   2.3800655351235300E+03   3.1858813405812564E-01
   4.4000000000000000E+06   4.2086771469106952E-04   2.3760435051047630E+03   3.1940330930359900E-01
   4.5000000000000000E+06   4.2156943555717312E-04   2.3720884761921511E+03   3.2020657780905515E-01
   4.6000000000000000E+06   4.2226173476652800E-04   2.3681994309830334E+03   3.2099816668478265E-01
   4.7000000000000000E+06   4.2294470562005400E-04   2.3643752639815170E+03   3.2177830758258746E-01
   4.8000000000000000E+06   4.2361845179559725E-04   2.3606148310142926E+03   3.2254723274408864E-01
   4.9000000000000000E+06   4.2428309694096862E-04   2.3569168963125867E+03   3.2330517841738748E-01
   5.0000000000000000E+06   4.2493876965519611E-04   2.3532802168449357E+03   3.2405237861117142E-01
   5.1000000000000000E+06   4.2558560944497753E-04   2.3497035092519654E+03   3.2478906725705031E-01
   5.2000000000000000E+06   4.2622376105166200E-04   2.3461854813833138E+03   3.2551547582547441E-01
   5.3000000000000000E+06   4.2685337127225154E-04   2.3427248495647696E+03   3.2623183198678024E-01
   5.4000000000000000E+06   4.2747459312098468E-04   2.3393203153876757E+03   3.2693836122988906E-01
   5.5000000000000000E+06   4.2808757976894906E-04   2.3359705986791964E+03   3.2763528446044499E-01
   5.6000000000000000E+06   4.2869248743308797E-04   2.3326744212098752E+03   3.2832281917897310E-01
   5.7000000000000000E+06   4.2928946871429574E-04   2.3294305425077368E+03   3.2900117689159342E-01
   5.8000000000000000E+06   4.2987867874382668E-04   2.3262377257745320E+03   3.2967056562125929E-01
   5.9000000000000000E+06   4.3046027356543118E-04   2.3230947462751110E+03   3.3033118935164135E-01
   6.0000000000000000E+06   4.3103440318352184E-04   2.3200004283050912E+03   3.3098324536478457E-01
   6.1000000000000000E+06   4.3160121528135605E-04   2.3169536243036555E+03   3.3162692582072256E-01
   6.2000000000000000E+06   4.3216086425289604E-04   2.3139531658628175E+03   3.3226242145126028E-01
   6.3000000000000000E+06   4.3271349388389991E-04   2.3109979562326921E+03   3.3288991480066299E-01
   6.4000000000000000E+06   4.3325924693623716E-04   2.3080869181014164E+03   3.3350958414464132E-01
   6.5000000000000000E+06   4.3379826518981124E-04   2.3052189928939520E+03   3.3412160362365212E-01
   6.6000000000000000E+06   4.3433068934290386E-04   2.3023931408413569E+03   3.3472614332009126E-01
   6.7000000000000000E+06   4.3485665087199569E-04   2.2996083835782470E+03   3.3532336614404629E-01
   6.8000000000000000E+06   4.3537628838634363E-04   2.2968637169156568E+03   3.3591343443799460E-01
   6.9000000000000000E+06   4.3588972432468526E-04   2.2941582335974517E+03   3.3649650084220550E-01
   7.0000000000000000E+06   4.3639709229698900E-04   2.2914909784033403E+03   3.3707271925544907E-01
   7.1000000000000000E+06   4.3689851465655676E-04   2.2888610660214626E+03   3.3764223604307037E-01
   7.2000000000000000E+06   4.3739411290017968E-04   2.2862676257103994E+03   3.3820519426952134E-01
   7.3000000000000000E+06   4.3788400371479571E-04   2.2837098215885594E+03   3.3876173223210021E-01
   7.4000000000000000E+06   4.3836830324146581E-04   2.2811868298999061E+03   3.3931198525258094E-01
   7.5000000000000000E+06   4.3884712608536830E-04   2.2786978438716528E+03   3.3985608538084028E-01
   7.6000000000000000E+06   4.3932058116822595E-04   2.2762420948748522E+03   3.4039415984237481E-01
   7.7000000000000000E+06   4.3978877569310457E-04   2.2738188313787814E+03   3.4092633270195216E-01
   7.8000000000000000E+06   4.4025181341742723E-04   2.2714273275504820E+03   3.4145272426550477E-01
   7.9000000000000000E+06   4.4070980228475476E-04   2.2690668435685770E+03   3.4197345419281300E-01
   8.0000000000000000E+06   4.4116283028241535E-04   2.2667367496936195E+03   3.4248863199824908E-01
   8.1000000000000000E+06   4.4161100512538488E-04   2.2644363215451890E+03   3.4299837287674850E-01
   8.2000000000000000E+06   4.4205441619344672E-04   2.2621649357358569E+03   3.4350278267467421E-01
   8.3000000000000000E+06   4.4249315892677139E-04   2.2599219441616069E+03   3.4400196764325280E-01
   8.4000000000000000E+06   4.4292731844036291E-04   2.2577067576712211E+03   3.4449602800611295E-01
   8.5000000000000000E+06   4.4335698514147236E-04   2.2555187659463772E+03   3.4498506422391595E-01
   8.6000000000000000E+06   4.4378224600678557E-04   2.2533573819100229E+03   3.4546917359750051E-01
   8.7000000000000000E+06   4.4420317861043168E-04   2.2512220716840143E+03   3.4594844796016683E-01
   8.8000000000000000E+06   4.4461987182857916E-04   2.2491122492733407E+03   3.4642298195363286E-01
   8.9000000000000000E+06   4.4503239796295381E-04   2.2470274177280098E+03   3.4689286202328196E-01
   9.0000000000000000E+06   4.4544083676642700E-04   2.2449670471599889E+03   3.4735817600746777E-01
   9.1000000000000000E+06   4.4584526163504517E-04   2.2429306444408699E+03   3.4781900771121377E-01
   9.2000000000000000E+06   4.4624575152644162E-04   2.2409176929514065E+03   3.4827544168684776E-01
   9.3000000000000000E+06   4.4664237149752379E-04   2.2389277502874447E+03   3.4872755555986851E-01
   9.4000000000000000E+06   4.4703519398735377E-04   2.2369603410426098E+03   3.4917542852180855E-01
   9.5000000000000000E+06   4.4742428899167519E-04   2.2350150061223121E+03   3.4961913747656781E-01
   9.6000000000000000E+06   4.4780971521235301E-04   2.2330913466801326E+03   3.5005875357187788E-01
   9.7000000000000000E+06   4.4819154909813167E-04   2.2311888789787286E+03   3.5049435376547006E-01
   9.8000000000000000E+06   4.4856983911875523E-04   2.2293072623085081E+03   3.5092600272005303E-01
   9.9000000000000000E+06   4.4894466221820784E-04   2.2274460176429361E+03   3.5135377524440164E-01
   1.0000000000000000E+07   4.4931606657907364E-04   2.2256048122508287E+03   3.5177773361790748E-01
   1.1000000000000000E+07   4.5285455761977689E-04   2.2082144988361015E+03   3.5582125574568280E-01
   1.2000000000000000E+07   4.5610813637879735E-04   2.1924625329847245E+03   3.5954638031002306E-01
   1.3000000000000000E+07   4.5911793782796924E-04   2.1780895878973442E+03   3.6299872337948569E-01
   1.4000000000000000E+07   4.6191706417842896E-04   2.1648907943650270E+03   3.6621493420801166E-01
   1.5000000000000000E+07   4.6453245577148211E-04   2.1527021149452926E+03   3.6922484530408045E-01
   1.6000000000000000E+07   4.6698630828961185E-04   2.1413904053474475E+03   3.7205304438969611E-01
   1.7000000000000000E+07   4.6929709993390943E-04   2.1308463234501746E+03   3.7472001923529841E-01
   1.8000000000000000E+07   4.7148034864750196E-04   2.1209791730845627E+03   3.7724300559790719E-01
   1.9000000000000000E+07   4.7354919134330863E-04   2.1117130348450555E+03   3.7963662993174335E-01
   2.0000000000000000E+07   4.7551492797399036E-04   2.1029834000389110E+03   3.8191344108255637E-01
   2.1000000000000000E+07   4.7738718846599603E-04   2.0947357284834834E+03   3.8408422122982011E-01
   2.2000000000000000E+07   4.7917440396543322E-04   2.0869228233487579E+03   3.8615836476247828E-01
   2.3000000000000000E+07   4.8088389179620701E-04   2.0795040488147365E+03   3.8814406409010582E-01
   2.4000000000000000E+07   4.8252207619822632E-04   2.0724440379577309E+03   3.9004851901767723E-01
   2.5000000000000000E+07   4.8409460598353090E-04   2.0657119241564542E+03   3.9187808184296502E-01
   2.6000000000000000E+07   4.8560654027546529E-04   2.0592803371897335E+03   3.9363841126458715E-01
   2.7000000000000000E+07   4.8706228229103405E-04   2.0531255167126055E+03   3.9533451198576985E-01
   2.8000000000000000E+07   4.8846586689383156E-04   2.0472259532872356E+03   3.9697090333691193E-01
   2.9000000000000000E+07   4.8982093596806474E-04   2.0415623885566174E+03   3.9855165491943867E-01
   3.0000000000000000E+07   4.9113061446140645E-04   2.0361182352613885E+03   4.0008037549359338E-01
   3.1000000000000000E+07   4.9239788545985680E-04   2.0308779333324862E+03   4.0156039393195153E-01
   3.2000000000000000E+07   4.9362541328213446E-04   2.0258276277774305E+03   4.0299471625363775E-01
   3.3000000000000000E+07   4.9481552629697324E-04   2.0209551779501571E+03   4.0438604202359529E-01
   3.4000000000000000E+07   4.9597045393643064E-04   2.0162491375507861E+03   4.0573687829576088E-01
   3.5000000000000000E+07   4.9709231527449193E-04   2.0116987715808987E+03   4.0704955219856037E-01
   3.6000000000000000E+07   4.9818277548543326E-04   2.0072954128644699E+03   4.0832608940460197E-01
   3.7000000000000000E+07   4.9924368213680767E-04   2.0030298545189610E+03   4.0956847946998109E-01
   3.8000000000000000E+07   5.0027652207137476E-04   1.9988945230920303E+03   4.1077847149942631E-01
   3.9000000000000000E+07   5.0128275748669688E-04   1.9948821001020335E+03   4.1195771729569663E-01
   4.0000000000000000E+07   5.0226367380396637E-04   1.9909861137803496E+03   4.1310771957592513E-01
   4.1000000000000000E+07   5.0322053130608699E-04   1.9872003183267259E+03   4.1422989970495722E-01
   4.2000000000000000E+07   5.0415451111515967E-04   1.9835188973873503E+03   4.1532558293433358E-01
   4.3000000000000000E+07   5.0506665715755741E-04   1.9799366793045824E+03   4.1639598128697464E-01
   4.4000000000000000E+07   5.0595803145352114E-04   1.9764485151608139E+03   4.1744226043445620E-01
   4.5000000000000000E+07   5.0682939912673035E-04   1.9730505012594087E+03   4.1846541938124338E-01
   4.6000000000000000E+07   5.0768175636568727E-04   1.9697379065945638E+03   4.1946650415386610E-01
   4.7000000000000000E+07   5.0851593830990945E-04   1.9665067005049530E+03   4.2044645594292251E-01
   4.8000000000000000E+07   5.0933263319190552E-04   1.9633534842116073E+03   4.2140612007424277E-01
   4.9000000000000000E+07   5.1013245571150841E-04   1.9602751967726656E+03   4.2234627814750242E-01
   5.0000000000000000E+07   5.1091633969201056E-04   1.9572676039345658E+03   4.2326780657647234E-01
   5.1000000000000000E+07   5.1168467043396289E-04   1.9543286281214837E+03   4.2417133474558411E-01
   5.2000000000000000E+07   5.1243824039106755E-04   1.9514546752733552E+03   4.2505762647458362E-01
   5.3000000000000000E+07   5.1317739188601883E-04   1.9486439110749232E+03   4.2592724184657393E-01
   5.4000000000000000E+07   5.1390290729253385E-04   1.9458928638260470E+03   4.2678089229122479E-01
   5.5000000000000000E+07   5.1461516927022767E-04   1.9431996173336545E+03   4.2761910901562988E-01
   5.6000000000000000E+07   5.1531462615522772E-04   1.9405620357819441E+03   4.2844242920736086E-01
   5.7000000000000000E+07   5.1600172082320688E-04   1.9379780331054776E+03   4.2925136919754570E-01
   5.8000000000000000E+07   5.1667685002108042E-04   1.9354457238778944E+03   4.3004640959619661E-01
   5.9000000000000000E+07   5.1734065326531492E-04   1.9329623405550471E+03   4.3082811110143771E-01
   6.0000000000000000E+07   5.1799320631060392E-04   1.9305272498117879E+03   4.3159679551800184E-01
   6.1000000000000000E+07   5.1863496918308212E-04   1.9281384006464718E+03   4.3235292294531286E-01
   6.2000000000000000E+07   5.1926651977229888E-04   1.9257933294804093E+03   4.3309698696558468E-01
   6.3000000000000000E+07   5.1988777145740785E-04   1.9234920590586075E+03   4.3382920501240924E-01
   6.4000000000000000E+07   5.2049950275099329E-04   1.9212314223447006E+03   4.3455012614281813E-01
   6.5000000000000000E+07   5.2110158792691673E-04   1.9190116153325710E+03   4.3525992961651139E-01
   6.6000000000000000E+07   5.2169462035508399E-04   1.9168301933406262E+03   4.3595906973494308E-01
   6.7000000000000000E+07   5.2227869128091081E-04   1.9146865776726549E+03   4.3664779183926622E-01
   6.8000000000000000E+07   5.2285414310639707E-04   1.9125792789147076E+03   4.3732643179680547E-01
   6.9000000000000000E+07   5.2342123454850252E-04   1.9105071288569127E+03   4.3799528365199042E-01
   7.0000000000000000E+07   5.2398026665100158E-04   1.9084688177122762E+03   4.3865465011865790E-01
   7.1000000000000000E+07   5.2453116721191799E-04   1.9064644057575822E+03   4.3930467812378926E-01
   7.2000000000000000E+07   5.2507460391777359E-04   1.9044912714091190E+03   4.3994580095005098E-01
   7.3000000000000000E+07   5.2561018941623587E-04   1.9025506356919013E+03   4.4057802635639076E-01
   7.4000000000000000E+07   5.2613880470437193E-04   1.9006391299381205E+03   4.4120185892530994E-01
   7.5000000000000000E+07   5.2666046422043193E-04   1.8987565384848285E+03   4.4181745321975113E-01
   7.6000000000000000E+07   5.2717516307627835E-04   1.8969027185662530E+03   4.4242495030733109E-01
   7.7000000000000000E+07   5.2768300619967677E-04   1.8950771358014840E+03   4.4302452930737979E-01
   7.8000000000000000E+07   5.2818445030944946E-04   1.8932780005434206E+03   4.4361650369387151E-01
   7.9000000000000000E+07   5.2867960635056817E-04   1.8915047752700693E+03   4.4420104474722233E-01
   8.0000000000000000E+07   5.2916804016223508E-04   1.8897588745031069E+03   4.4477810270135720E-01
   8.1000000000000000E+07   5.2965101249232728E-04   1.8880356620001487E+03   4.4534829587057356E-01
   8.2000000000000000E+07   5.3012790535775017E-04   1.8863372214393482E+03   4.4591149275597997E-01
   8.3000000000000000E+07   5.3059889410090439E-04   1.8846628048377152E+03   4.4646787259061854E-01
   8.4000000000000000E+07   5.3106406141309426E-04   1.8830119992287309E+03   4.4701757395411890E-01
   8.5000000000000000E+07   5.3152413695173393E-04   1.8813821056837671E+03   4.4756098845320141E-01
   8.6000000000000000E+07   5.3197851591273734E-04   1.8797751602510850E+03   4.4809797461172307E-01
   8.7000000000000000E+07   5.3242771789661046E-04   1.8781892196570152E+03   4.4862883377277440E-01
   8.8000000000000000E+07   5.3287214001008327E-04   1.8766227860609822E+03   4.4915381544979555E-01
   8.9000000000000000E+07   5.3331110610453896E-04   1.8750781458580416E+03   4.4967274018389181E-01
   9.0000000000000000E+07   5.3374549570718566E-04   1.8735521105898065E+03   4.5018604290651787E-01
   9.1000000000000000E+07   5.3417487199164978E-04   1.8720461265269553E+03   4.5069363337340751E-01
   9.2000000000000000E+07   5.3459991511160528E-04   1.8705577231362563E+03   4.5119586189481475E-01
   9.3000000000000000E+07   5.3501992299454090E-04   1.8690892750365929E+03   4.5169252770179924E-01
   9.4000000000000000E+07   5.3543573603348179E-04   1.8676377624848490E+03   4.5218403964729426E-01
   9.5000000000000000E+07   5.3584672013992142E-04   1.8662053203178664E+03   4.5267021910788630E-01
   9.6000000000000000E+07   5.3625384122391289E-04   1.8647885070951875E+03   4.5315152011367826E-01
   9.7000000000000000E+07   5.3665681817358199E-04   1.8633882327319086E+03   4.5362789967092920E-01
   9.8000000000000000E+07   5.3705559903950934E-04   1.8620046076950659E+03   4.5409940363776247E-01
   9.9000000000000000E+07   5.3745004200412422E-04   1.8606380534850280E+03   4.5456604020842850E-01
   1.0000000000000000E+08   5.3784059642384969E-04   1.8592869460748962E+03   4.5502805024772930E-01
   1.1000000000000000E+08   5.4154585703607139E-04   1.8465656915428899E+03   4.5941161018537452E-01
   1.2000000000000000E+08   5.4492868837859021E-04   1.8351025029998941E+03   4.6341590865642363E-01
   1.3000000000000000E+08   5.4804122387646086E-04   1.8246802547565649E+03   4.6710156528211760E-01
   1.4000000000000000E+08   5.5092281142596041E-04   1.8151363117669564E+03   4.7051530629659932E-01
   1.5000000000000000E+08   5.5360542800079375E-04   1.8063406704866456E+03   4.7369453316841220E-01
   1.6000000000000000E+08   5.5611537380992489E-04   1.7981880147442048E+03   4.7666963794238665E-01
   1.7000000000000000E+08   5.5847307671842087E-04   1.7905966136738134E+03   4.7946507308608172E-01
   1.8000000000000000E+08   5.6069556323390390E-04   1.7834990422116696E+03   4.8210115311224905E-01
   1.9000000000000000E+08   5.6279956806635383E-04   1.7768314987087917E+03   4.8459588864606051E-01
   2.0000000000000000E+08   5.6479341901774461E-04   1.7705588739669474E+03   4.8696221302306375E-01
   2.1000000000000000E+08   5.6669185079498776E-04   1.7646274577570562E+03   4.8921419910531905E-01
   2.2000000000000000E+08   5.6850077969972101E-04   1.7590125391352931E+03   4.9136127744080699E-01
   2.3000000000000000E+08   5.7022897911076121E-04   1.7536814799546698E+03   4.9341307178701049E-01
   2.4000000000000000E+08   5.7188301393079318E-04   1.7486093757647711E+03   4.9537754846197557E-01
   2.5000000000000000E+08   5.7347305357641470E-04   1.7437610952486561E+03   4.9726345014102624E-01
   2.6000000000000000E+08   5.7499805162544390E-04   1.7391363278069059E+03   4.9907451699501648E-01
   2.7000000000000000E+08   5.7646606458215991E-04   1.7347074900667926E+03   5.0081763269162616E-01
   2.8000000000000000E+08   5.7788125738673186E-04   1.7304593066785976E+03   5.0249773581404977E-01
   2.9000000000000000E+08   5.7924383288844063E-04   1.7263886868047070E+03   5.0411784794864889E-01
   3.0000000000000000E+08   5.8056396858060112E-04   1.7224630774880197E+03   5.0568465073125390E-01
   3.1000000000000000E+08   5.8184027777562620E-04   1.7186847287764219E+03   5.0719997768141667E-01
   3.2000000000000000E+08   5.8307029491184341E-04   1.7150590738826679E+03   5.0866500784858126E-01
   3.3000000000000000E+08   5.8426875393214532E-04   1.7115411243027661E+03   5.1008754691101388E-01
   3.4000000000000000E+08   5.8543327243319894E-04   1.7081366008525004E+03   5.1146843342623061E-01
   3.5000000000000000E+08   5.8655880211393315E-04   1.7048589099610174E+03   5.1280729335882169E-01
   3.6000000000000000E+08   5.8765030017192345E-04   1.7016923154934821E+03   5.1410758579398042E-01
   3.7000000000000000E+08   5.8872173767510216E-04   1.6985953397084688E+03   5.1537622444353237E-01
   3.8000000000000000E+08   5.8975427968958069E-04   1.6956214383494662E+03   5.1660699548195188E-01
   3.9000000000000000E+08   5.9076383307221647E-04   1.6927237992880951E+03   5.1780737353618711E-01
   4.0000000000000000E+08   5.9175290207111873E-04   1.6898945429756709E+03   5.1897942667377994E-01
   4.1000000000000000E+08   5.9271335983275694E-04   1.6871561664852052E+03   5.2012092488432637E-01
   4.2000000000000000E+08   5.9365067374388808E-04   1.6844923188471250E+03   5.2123496093865029E-01
   4.3000000000000000E+08   5.9456593286658240E-04   1.6818992557792496E+03   5.2232282516142459E-01
   4.4000000000000000E+08   5.9546015129289533E-04   1.6793735027083610E+03   5.2338571907596865E-01
   4.5000000000000000E+08   5.9633427468370635E-04   1.6769118302488930E+03   5.2442476329557597E-01
   4.6000000000000000E+08   5.9718918631489074E-04   1.6745112318104034E+03   5.2544100463854193E-01
   4.7000000000000000E+08   5.9802571257043893E-04   1.6721689034101764E+03   5.2643542251768560E-01
   4.8000000000000000E+08   5.9884462752044724E-04   1.6698822266145414E+03   5.2740893452447402E-01
   4.9000000000000000E+08   5.9964665744803201E-04   1.6676487521097615E+03   5.2836240160523518E-01
   5.0000000000000000E+08   6.0043248463476052E-04   1.6654661857748988E+03   5.2929663260240034E-01
   5.1000000000000000E+08   6.0120275067868188E-04   1.6633323764256345E+03   5.3021238830994177E-01
   5.2000000000000000E+08   6.0195806000742534E-04   1.6612453033483177E+03   5.3111038534080013E-01
   5.3000000000000000E+08   6.0269898236693729E-04   1.6592030669651549E+03   5.3199129935269152E-01
   5.4000000000000000E+08   6.0342605557310309E-04   1.6572038790241688E+03   5.3285576816944535E-01
   5.5000000000000000E+08   6.0413978791583659E-04   1.6552460539799961E+03   5.3370439457856922E-01
   5.6000000000000000E+08   6.0484066009577442E-04   1.6533280018602811E+03   5.3453774877751059E-01
   5.7000000000000000E+08   6.0552912737989217E-04   1.6514482207106578E+03   5.3535637075861930E-01
   5.8000000000000000E+08   6.0620562121729566E-04   1.6496052906799887E+03   5.3616077234706694E-01
   5.9000000000000000E+08   6.0687055091777475E-04   1.6477978680753135E+03   5.3695143914455468E-01
   6.0000000000000000E+08   6.0752430532193399E-04   1.6460246795724311E+03   5.3772883236238656E-01
   6.1000000000000000E+08   6.0816725377324629E-04   1.6442845184375017E+03   5.3849339028106524E-01
   6.2000000000000000E+08   6.0879974774413032E-04   1.6425762390760478E+03   5.3924552988220220E-01
   6.3000000000000000E+08   6.0942212172312592E-04   1.6408987536791822E+03   5.3998564810839067E-01
   6.4000000000000000E+08   6.1003469448528825E-04   1.6392510279169317E+03   5.4071412320382217E-01
   6.5000000000000000E+08   6.1063776997972215E-04   1.6376320777425999E+03   5.4143131583818205E-01
   6.6000000000000000E+08   6.1123163812207000E-04   1.6360409665186353E+03   5.4213757013404251E-01
   6.7000000000000000E+08   6.1181657589916977E-04   1.6344768013686587E+03   5.4283321476457780E-01
   6.8000000000000000E+08   6.1239284787136796E-04   1.6329387312015904E+03   5.4351856376351360E-01
   6.9000000000000000E+08   6.1296070710352034E-04   1.6314259436390178E+03   5.4419391746065027E-01
   7.0000000000000000E+08   6.1352039556238319E-04   1.6299376634143525E+03   5.4485956316500006E-01
   7.1000000000000000E+08   6.1407214525807273E-04   1.6284731488345490E+03   5.4551577610595281E-01
   7.2000000000000000E+08   6.1461617808183217E-04   1.6270316917477180E+03   5.4616281982302251E-01
   7.3000000000000000E+08   6.1515270697842751E-04   1.6256126139993864E+03   5.4680094705391125E-01
   7.4000000000000000E+08   6.1568193611823119E-04   1.6242152665787603E+03   5.4743040019695177E-01
   7.5000000000000000E+08   6.1620406147046866E-04   1.6228390277299800E+03   5.4805141190623619E-01
   7.6000000000000000E+08   6.1671927120627581E-04   1.6214833015417923E+03   5.4866420559497053E-01
   7.7000000000000000E+08   6.1722774620527002E-04   1.6201475162904171E+03   5.4926899595746981E-01
   7.8000000000000000E+08   6.1772966018201726E-04   1.6188311238047804E+03   5.4986598931959552E-01
   7.9000000000000000E+08   6.1822518036336066E-04   1.6175335974058062E+03   5.5045538418874829E-01
   8.0000000000000000E+08   6.1871446749967550E-04   1.6162544316139249E+03   5.5103737152186050E-01
   8.1000000000000000E+08   6.1919767659674373E-04   1.6149931399875977E+03   5.5161213526294217E-01
   8.2000000000000000E+08   6.1967495667470741E-04   1.6137492555229094E+03   5.5217985247953372E-01
   8.3000000000000000E+08   6.2014645151231085E-04   1.6125223284941244E+03   5.5274069387593983E-01
   8.4000000000000000E+08   6.2061229966353562E-04   1.6113119262092441E+03   5.5329482400483976E-01
   8.5000000000000000E+08   6.2107263487055366E-04   1.6101176317459615E+03   5.5384240162395992E-01
   8.6000000000000000E+08   6.2152758598385234E-04   1.6089390439799092E+03   5.5438357984592934E-01
   8.7000000000000000E+08   6.2197727751608922E-04   1.6077757759794245E+03   5.5491850652919028E-01
   8.8000000000000000E+08   6.2242182974096079E-04   1.6066274545932615E+03   5.5544732447850520E-01
   8.9000000000000000E+08   6.2286135869459188E-04   1.6054937202972822E+03   5.5597017159774154E-01
   9.0000000000000000E+08   6.2329597677610862E-04   1.6043742255041152E+03   5.5648718127193642E-01
   9.1000000000000000E+08   6.2372579240691460E-04   1.6032686353101890E+03   5.5699848236783023E-01
   9.2000000000000000E+08   6.2415091058258846E-04   1.6021766259486676E+03   5.5750419958130426E-01
   9.3000000000000000E+08   6.2457143281782919E-04   1.6010978848141995E+03   5.5800445353694872E-01
   9.4000000000000000E+08   6.2498745754259791E-04   1.6000321093353175E+03   5.5849936106020082E-01
   9.5000000000000000E+08   6.2539907986094404E-04   1.5989790074880630E+03   5.5898903519057785E-01
   9.6000000000000000E+08   6.2580639196985254E-04   1.5979382966228538E+03   5.5947358545099091E-01
   9.7000000000000000E+08   6.2620948325061787E-04   1.5969097031380888E+03   5.5995311798193814E-01
   9.8000000000000000E+08   6.2660844028083855E-04   1.5958929623606919E+03   5.6042773563904857E-01
   9.9000000000000000E+08   6.2700334687077809E-04   1.5948878183677298E+03   5.6089753809563547E-01
   1.0000000000000000E+09   6.2739428457377197E-04   1.5938940226071113E+03   5.6136262212896482E-01
   1.1000000000000000E+09   6.3110166040346934E-04   1.5845307701467473E+03   5.6577330167200413E-01
   1.2000000000000000E+09   6.3448623294771361E-04   1.5760783261666256E+03   5.6980016749960472E-01
   1.3000000000000000E+09   6.3759974045473505E-04   1.5683820687988391E+03   5.7350470312700741E-01
   1.4000000000000000E+09   6.4048240014412752E-04   1.5613231523223285E+03   5.7693470777752254E-01
   1.5000000000000000E+09   6.4316609335456380E-04   1.5548083307443906E+03   5.8012807816282108E-01
   1.6000000000000000E+09   6.4567652175057349E-04   1.5487631442580202E+03   5.8311536824521348E-01
   1.7000000000000000E+09   6.4803470756946713E-04   1.5431272250071629E+03   5.8592157148828461E-01
   1.8000000000000000E+09   6.5025806488221496E-04   1.5378509764137043E+03   5.8856739330380847E-01
   1.9000000000000000E+09   6.5236118100928380E-04   1.5328931719279740E+03   5.9107017920632854E-01
   2.0000000000000000E+09   6.5435639704756749E-04   1.5282191853124141E+03   5.9344460461360393E-01
   2.1000000000000000E+09   6.5625424592570102E-04   1.5237996648530896E+03   5.9570319595751786E-01
   2.2000000000000000E+09   6.5806379045939018E-04   1.5196095188612437E+03   5.9785673128895300E-01
   2.3000000000000000E+09   6.5979288394182694E-04   1.5156271374520747E+03   5.9991455089126000E-01
   2.4000000000000000E+09   6.6144837647320941E-04   1.5118337810910073E+03   6.0188480224993302E-01
   2.5000000000000000E+09   6.6303627878635933E-04   1.5082130978269076E+03   6.0377463485440075E-01
   2.6000000000000000E+09   6.6456189433269680E-04   1.5047507365798112E+03   6.0559035694392971E-01
   2.7000000000000000E+09   6.6602992568270611E-04   1.5014340368789915E+03   6.0733756236787118E-01
   2.8000000000000000E+09   6.6744456208862998E-04   1.4982517752046801E+03   6.0902123457647916E-01
   2.9000000000000000E+09   6.6880955204783380E-04   1.4951939560942146E+03   6.1064583250756033E-01
   3.0000000000000000E+09   6.7012826172161929E-04   1.4922516436344752E+03   6.1221536118143338E-01
   3.1000000000000000E+09   6.7140372763115682E-04   1.4894168126355137E+03   6.1373343224975418E-01
   3.2000000000000000E+09   6.7263869547613548E-04   1.4866822362816013E+03   6.1520331274482087E-01
   3.3000000000000000E+09   6.7383565840621596E-04   1.4840413794147398E+03   6.1662796848046997E-01
   3.4000000000000000E+09   6.7499688590873025E-04   1.4814883162812328E+03   6.1801009951766406E-01
   3.5000000000000000E+09   6.7612444962418137E-04   1.4790176580004502E+03   6.1935217093179984E-01
   3.6000000000000000E+09   6.7722024682661847E-04   1.4766244876550768E+03   6.2065643976217932E-01
   3.7000000000000000E+09   6.7828601838912318E-04   1.4743043095225858E+03   6.2192497735791119E-01
   3.8000000000000000E+09   6.7932336576081943E-04   1.4720530021516831E+03   6.2315968930176679E-01
   3.9000000000000000E+09   6.8033376635495202E-04   1.4698667763585145E+03   6.2436233299152000E-01
   4.0000000000000000E+09   6.8131858434031245E-04   1.4677421444011416E+03   6.2553453194390907E-01
   4.1000000000000000E+09   6.8227908303318725E-04   1.4656758866977582E+03   6.2667778949673836E-01
   4.2000000000000000E+09   6.8321643538067623E-04   1.4636650235775105E+03   6.2779350069506235E-01
   4.3000000000000000E+09   6.8413172994380520E-04   1.4617067974352549E+03   6.2888296148268608E-01
   4.4000000000000000E+09   6.8502598189031203E-04   1.4597986447762539E+03   6.2994737909763365E-01
   4.5000000000000000E+09   6.8590013624043053E-04   1.4579381854058522E+03   6.3098787871593387E-01
   4.6000000000000000E+09   6.8675507697514777E-04   1.4561231995612725E+03   6.3200551183314535E-01
   4.7000000000000000E+09   6.8759163031358289E-04   1.4543516178984617E+03   6.3300126181889249E-01
   4.8000000000000000E+09   6.8841057076156754E-04   1.4526215059331973E+03   6.3397605012408931E-01
   4.9000000000000000E+09   6.8921262449709328E-04   1.4509310544473603E+03   6.3493074103848512E-01
   5.0000000000000000E+09   6.8999847442126024E-04   1.4492785666501006E+03   6.3586614676400988E-01
   5.1000000000000000E+09   6.9076876169178248E-04   1.4476624529905930E+03   6.3678303078908205E-01
   5.2000000000000000E+09   6.9152409117514729E-04   1.4460812179379632E+03   6.3768211254873675E-01
   5.3000000000000000E+09   6.9226503194262819E-04   1.4445334573578109E+03   6.3856406988079673E-01
   5.4000000000000000E+09   6.9299212316147887E-04   1.4430178447598073E+03   6.3942954341155334E-01
   5.5000000000000000E+09   6.9370587205999884E-04   1.4415331342524803E+03   6.4027913760833355E-01
   5.6000000000000000E+09   6.9440676038691972E-04   1.4400781459022742E+03   6.4111342503517865E-01
   5.7000000000000000E+09   6.9509524276247599E-04   1.4386517681026835E+03   6.4193294724145999E-01
   5.8000000000000000E+09   6.9577175107219736E-04   1.4372529474773607E+03   6.4273821791394103E-01
   5.9000000000000000E+09   6.9643669432229295E-04   1.4358806882987501E+03   6.4352972410750808E-01
   6.0000000000000000E+09   6.9709046139145134E-04   1.4345340459886881E+03   6.4430792851717378E-01
   6.1000000000000000E+09   6.9773342217124184E-04   1.4332121240346348E+03   6.4507327101313727E-01
   6.2000000000000000E+09   6.9836592822483375E-04   1.4319140719563534E+03   6.4582616989654473E-01
   6.3000000000000000E+09   6.9898831285672425E-04   1.4306390845264048E+03   6.4656702284198120E-01
   6.4000000000000000E+09   6.9960089659586752E-04   1.4293863899629357E+03   6.4729620991629588E-01
   6.5000000000000000E+09   7.0020398222257068E-04   1.4281552595942458E+03   6.4801409238252616E-01
   6.6000000000000000E+09   7.0079785962818316E-04   1.4269449974213139E+03   6.4872101534670379E-01
   6.7000000000000000E+09   7.0138280652343719E-04   1.4257549382436771E+03   6.4941730870292536E-01
   6.8000000000000000E+09   7.0195908754579477E-04   1.4245844490684246E+03   6.5010328739412993E-01
   6.9000000000000000E+09   7.0252695506255885E-04   1.4234329270838466E+03   6.5077925230105071E-01
   7.0000000000000000E+09   7.0308665143874237E-04   1.4222997947033657E+03   6.5144549167089805E-01
   7.1000000000000000E+09   7.0363840850548728E-04   1.4211845003230828E+03   6.5210228139849247E-01
   7.2000000000000000E+09   7.0418244877121325E-04   1.4200865155684917E+03   6.5274988596338623E-01
   7.3000000000000000E+09   7.0471898484624493E-04   1.4190053361740772E+03   6.5338855862787615E-01
   7.4000000000000000E+09   7.0524822062823390E-04   1.4179404793240058E+03   6.5401854230351608E-01
   7.5000000000000000E+09   7.0577035272359999E-04   1.4168914805516476E+03   6.5464007048575967E-01
   7.6000000000000000E+09   7.0628556911964319E-04   1.4158578961856183E+03   6.5525336707218329E-01
   7.7000000000000000E+09   7.0679404959178495E-04   1.4148393023081601E+03   6.5585864684735673E-01
   7.8000000000000000E+09   7.0729596931967860E-04   1.4138352873152417E+03   6.5645611721968156E-01
   7.9000000000000000E+09   7.0779149534038247E-04   1.4128454588439104E+03   6.5704597709716173E-01
   8.0000000000000000E+09   7.0828078730386114E-04   1.4118694420705610E+03   6.5762841745202771E-01
   8.1000000000000000E+09   7.0876400201576968E-04   1.4109068704899471E+03   6.5820362337228844E-01
   8.2000000000000000E+09   7.0924128688510453E-04   1.4099573988308973E+03   6.5877177169463663E-01
   8.3000000000000000E+09   7.0971278693490747E-04   1.4090206889448602E+03   6.5933303400631005E-01
   8.4000000000000000E+09   7.1017863966460829E-04   1.4080964198983288E+03   6.5988757481179816E-01
   8.5000000000000000E+09   7.1063897866446596E-04   1.4071842806587147E+03   6.6043555316157332E-01
   8.6000000000000000E+09   7.1109393417152756E-04   1.4062839688895219E+03   6.6097712305492662E-01
   8.7000000000000000E+09   7.1154363029287803E-04   1.4053951963400907E+03   6.6151243251046310E-01
   8.8000000000000000E+09   7.1198818603577423E-04   1.4045176866877882E+03   6.6204162413676471E-01
   8.9000000000000000E+09   7.1242771846052313E-04   1.4036511692174031E+03   6.6256483653680032E-01
   9.0000000000000000E+09   7.1286234002626624E-04   1.4027953839771560E+03   6.6308220339903434E-01
   9.1000000000000000E+09   7.1329215988077900E-04   1.4019500791472908E+03   6.6359385414578731E-01
   9.2000000000000000E+09   7.1371728114185643E-04   1.4011150162990700E+03   6.6409991298326876E-01
   9.3000000000000000E+09   7.1413780639257413E-04   1.4002899595127758E+03   6.6460050120485858E-01
   9.4000000000000000E+09   7.1455383459742517E-04   1.3994746813770769E+03   6.6509573608241279E-01
   9.5000000000000000E+09   7.1496546051012073E-04   1.3986689640734674E+03   6.6558573074058947E-01
   9.6000000000000000E+09   7.1537277515255492E-04   1.3978725983620886E+03   6.6607059445113304E-01
   9.7000000000000000E+09   7.1577586962324254E-04   1.3970853760777973E+03   6.6655043424211313E-01
   9.8000000000000000E+09   7.1617482981177201E-04   1.3963071004084634E+03   6.6702535289367737E-01
   9.9000000000000000E+09   7.1656973858857530E-04   1.3955375815474658E+03   6.6749544989613818E-01
   1.0000000000000000E+10   7.1696067871924053E-04   1.3947766309672290E+03   6.6796082268983192E-01
   1.1000000000000000E+10   7.2066807760403230E-04   1.3876013536282171E+03   6.7237410121608909E-01
   1.2000000000000000E+10   7.2405266755156035E-04   1.3811150000753080E+03   6.7640313167378618E-01
   1.3000000000000000E+10   7.2716618751179744E-04   1.3752014562472712E+03   6.8010949766842421E-01
   1.4000000000000000E+10   7.3004885759795745E-04   1.3697713373461731E+03   6.8354107084201476E-01
   1.5000000000000000E+10   7.3273255898343684E-04   1.3647544219781350E+03   6.8673580009077384E-01
   1.6000000000000000E+10   7.3524299363665591E-04   1.3600945655446565E+03   6.8972427867489672E-01
   1.7000000000000000E+10   7.3760118409564883E-04   1.3557461966741157E+03   6.9253153012997770E-01
   1.8000000000000000E+10   7.3982454695674263E-04   1.3516718309949101E+03   6.9517828416193550E-01
   1.9000000000000000E+10   7.4192766589663761E-04   1.3478402895132315E+03   6.9768190322423207E-01
   2.0000000000000000E+10   7.4392288519411641E-04   1.3442253490280300E+03   7.0005707870304035E-01
   2.1000000000000000E+10   7.4582073735230672E-04   1.3408047670409915E+03   7.0231634876438431E-01
   2.2000000000000000E+10   7.4763028225311617E-04   1.3375595180365397E+03   7.0447050003198430E-01
   2.3000000000000000E+10   7.4935937833031305E-04   1.3344731899241090E+03   7.0652888287236837E-01
   2.4000000000000000E+10   7.5101487339640591E-04   1.3315315520684410E+03   7.0849965056498110E-01
   2.5000000000000000E+10   7.5260277698080999E-04   1.3287221766728856E+03   7.1038995775061864E-01
   2.6000000000000000E+10   7.5412839331136716E-04   1.3260341460013383E+03   7.1220611773855191E-01
   2.7000000000000000E+10   7.5559642571157459E-04   1.3234578221545466E+03   7.1395372873416929E-01
   2.8000000000000000E+10   7.5701106335026897E-04   1.3209846571783855E+03   7.1563777763111236E-01
   2.9000000000000000E+10   7.5837605314892922E-04   1.3186070365062292E+03   7.1726272573855598E-01
   3.0000000000000000E+10   7.5969476384596803E-04   1.3163181419567547E+03   7.1883258169702158E-01
   3.1000000000000000E+10   7.6097023176244357E-04   1.3141118512401624E+03   7.2035095934025317E-01
   3.2000000000000000E+10   7.6220519839679147E-04   1.3119826552001771E+03   7.2182112601299742E-01
   3.3000000000000000E+10   7.6340216142384211E-04   1.3099255550113626E+03   7.2324605106330964E-01
   3.4000000000000000E+10   7.6456339161951362E-04   1.3079360206898998E+03   7.2462843659830478E-01
   3.5000000000000000E+10   7.6569095398671501E-04   1.3060099440816307E+03   7.2597074641712012E-01
   3.6000000000000000E+10   7.6678675252838096E-04   1.3041435532142782E+03   7.2727524143907629E-01
   3.7000000000000000E+10   7.6785252316317041E-04   1.3023334166833204E+03   7.2854399212369547E-01
   3.8000000000000000E+10   7.6888987249493690E-04   1.3005763709114078E+03   7.2977890706239523E-01
   3.9000000000000000E+10   7.6990027094803171E-04   1.2988695260083889E+03   7.3098174174532915E-01
   4.0000000000000000E+10   7.7088509068689345E-04   1.2972101965403883E+03   7.3215412363981580E-01
   4.1000000000000000E+10   7.7184558934666604E-04   1.2955959246284699E+03   7.3329755453265588E-01
   4.2000000000000000E+10   7.7278294162930303E-04   1.2940244228109411E+03   7.3441343079973653E-01
   4.3000000000000000E+10   7.7369823706405531E-04   1.2924935744906047E+03   7.3550304934606825E-01
   4.4000000000000000E+10   7.7459248891093653E-04   1.2910014159909847E+03   7.3656761717612085E-01
   4.5000000000000000E+10   7.7546664288270426E-04   1.2895461193309618E+03   7.3760826021878534E-01
   4.6000000000000000E+10   7.7632158501188589E-04   1.2881259767943843E+03   7.3862603121891313E-01
   4.7000000000000000E+10   7.7715813741320019E-04   1.2867394058673019E+03   7.3962191231661523E-01
   4.8000000000000000E+10   7.7797707740755704E-04   1.2853849156228191E+03   7.4059682644506586E-01
   4.9000000000000000E+10   7.7877913093247770E-04   1.2840611160222563E+03   7.4155163813453961E-01
   5.0000000000000000E+10   7.7956498090684095E-04   1.2827667025739595E+03   7.4248715990279013E-01
   5.1000000000000000E+10   7.8033526678736624E-04   1.2815004557169277E+03   7.4340415484682731E-01
   5.2000000000000000E+10   7.8109059715384310E-04   1.2802612189211143E+03   7.4430334413944887E-01
   5.3000000000000000E+10   7.8183153823622499E-04   1.2790479164551905E+03   7.4518540473225703E-01
   5.4000000000000000E+10   7.8255863250491068E-04   1.2778595219109350E+03   7.4605097878860094E-01
   5.5000000000000000E+10   7.8327237714629293E-04   1.2766950925083224E+03   7.4690066699886448E-01
   5.6000000000000000E+10   7.8397326702992029E-04   1.2755536981362850E+03   7.4773504732640084E-01
   5.7000000000000000E+10   7.8466175037356437E-04   1.2744344929823797E+03   7.4855465896201379E-01
   5.8000000000000000E+10   7.8533826163554310E-04   1.2733366612208645E+03   7.4936001677839781E-01
   5.9000000000000000E+10   7.8600320230182499E-04   1.2722594476351769E+03   7.5015160500473954E-01
   6.0000000000000000E+10   7.8665697073782590E-04   1.2712021086676118E+03   7.5092989024517842E-01
   6.1000000000000000E+10   7.8729993052799080E-04   1.2701639632171252E+03   7.5169531000358036E-01
   6.2000000000000000E+10   7.8793243520717637E-04   1.2691443521259071E+03   7.5244828349108472E-01
   6.3000000000000000E+10   7.8855482054018551E-04   1.2681426502661766E+03   7.5318920947776136E-01
   6.4000000000000000E+10   7.8916740356268133E-04   1.2671582676698492E+03   7.5391846675638641E-01
   6.5000000000000000E+10   7.8977048917824020E-04   1.2661906385493141E+03   7.5463641753711908E-01
   6.6000000000000000E+10   7.9036436657070760E-04   1.2652392267364930E+03   7.5534340674473077E-01
   6.7000000000000000E+10   7.9094931307467327E-04   1.2643035191631684E+03   7.5603976421584240E-01
   6.8000000000000000E+10   7.9152559483861278E-04   1.2633830245298561E+03   7.5672580558062985E-01
   6.9000000000000000E+10   7.9209346389297710E-04   1.2624772777257938E+03   7.5740183166915998E-01
   7.0000000000000000E+10   7.9265315909816090E-04   1.2615858380451641E+03   7.5806812941442259E-01
   7.1000000000000000E+10   7.9320491934546666E-04   1.2607082679532241E+03   7.5872497758618895E-01
   7.2000000000000000E+10   7.9374895762331901E-04   1.2598441741507893E+03   7.5937263695538826E-01
   7.3000000000000000E+10   7.9428549452330321E-04   1.2589931540927334E+03   7.6001136401700198E-01
   7.4000000000000000E+10   7.9481472824233376E-04   1.2581548434707752E+03   7.6064139948180598E-01
   7.5000000000000000E+10   7.9533686116637519E-04   1.2573288738729939E+03   7.6126297919764441E-01
   7.6000000000000000E+10   7.9585207329041291E-04   1.2565149147197008E+03   7.6187632394489435E-01
   7.7000000000000000E+10   7.9636055845947178E-04   1.2557126158212316E+03   7.6248165414592661E-01
   7.8000000000000000E+10   7.9686248037859895E-04   1.2549216767300779E+03   7.6307917270322179E-01
   7.9000000000000000E+10   7.9735800065929572E-04   1.2541418022684288E+03   7.6366907642094639E-01
   8.0000000000000000E+10   7.9784729572269250E-04   1.2533726759005897E+03   7.6425156297077956E-01
   8.1000000000000000E+10   7.9833050678848518E-04   1.2526140382919709E+03   7.6482681129852526E-01
   8.2000000000000000E+10   7.9880779206640141E-04   1.2518656051327982E+03   7.6539500256741311E-01
   8.3000000000000000E+10   7.9927929440029458E-04   1.2511271178997672E+03   7.6595630753861221E-01
   8.4000000000000000E+10   7.9974514899807032E-04   1.2503983315845196E+03   7.6651088984389593E-01
   8.5000000000000000E+10   8.0020549182022291E-04   1.2496790014841135E+03   7.6705890951089595E-01
   8.6000000000000000E+10   8.0066043964650520E-04   1.2489689142647089E+03   7.6760051522987893E-01
   8.7000000000000000E+10   8.0111013719127023E-04   1.2482678143432900E+03   7.6813586323062588E-01
   8.8000000000000000E+10   8.0155469883935878E-04   1.2475754947828111E+03   7.6866509431704633E-01
   8.9000000000000000E+10   8.0199423130536277E-04   1.2468917617678546E+03   7.6918834301470862E-01
   9.0000000000000000E+10   8.0242884785723776E-04   1.2462164124212952E+03   7.6970574336363939E-01
   9.1000000000000000E+10   8.0285866820757113E-04   1.2455492350011721E+03   7.7021742900331225E-01
   9.2000000000000000E+10   8.0328378739191947E-04   1.2448900571574757E+03   7.7072352095880503E-01
   9.3000000000000000E+10   8.0370431052084084E-04   1.2442386919039291E+03   7.7122414154984054E-01
   9.4000000000000000E+10   8.0412034236638987E-04   1.2435949537816314E+03   7.7171941037682945E-01
   9.5000000000000000E+10   8.0453196559541562E-04   1.2429586924615519E+03   7.7220943578975121E-01
   9.6000000000000000E+10   8.0493928774257387E-04   1.2423297200518907E+03   7.7269433363613005E-01
   9.7000000000000000E+10   8.0534237679978236E-04   1.2417079105829941E+03   7.7317420179342566E-01
   9.8000000000000000E+10   8.0574134137009648E-04   1.2410930762216854E+03   7.7364915207531892E-01
   9.9000000000000000E+10   8.0613624349767715E-04   1.2404851017009032E+03   7.7411927572695538E-01
   1.0000000000000000E+11   8.0652718583082189E-04   1.2398838099547474E+03   7.7458467809762932E-01
