   1.0000000000000000E+00   0.0000000000000000E+00   1.0000000000000000E+30   0.0000000000000000E+00
   2.0000000000000000E+00   0.0000000000000000E+00   1.0000000000000000E+30   0.0000000000000000E+00
   3.0000000000000000E+00   0.0000000000000000E+00   1.0000000000000000E+30   0.0000000000000000E+00
   4.0000000000000000E+00   0.0000000000000000E+00   1.0000000000000000E+30   0.0000000000000000E+00
   5.0000000000000000E+00   0.0000000000000000E+00   1.0000000000000000E+30   0.0000000000000000E+00
   6.0000000000000000E+00   0.0000000000000000E+00   1.0000000000000000E+30   0.0000000000000000E+00
   7.0000000000000000E+00   0.0000000000000000E+00   1.0000000000000000E+30   0.0000000000000000E+00
   8.0000000000000000E+00   0.0000000000000000E+00   1.0000000000000000E+30   0.0000000000000000E+00
   8.1190000000000015E+00   0.0000000000000000E+00   1.0000000000000000E+30   0.0000000000000000E+00
   8.1210000000000004E+00   0.0000000000000000E+00   1.0000000000000000E+30   0.0000000000000000E+00
   8.4990000000000006E+00   0.0000000000000000E+00   1.0000000000000000E+30   0.0000000000000000E+00
   8.5009999999999994E+00   0.0000000000000000E+00   1.0000000000000000E+30   0.0000000000000000E+00
   9.0000000000000000E+00   0.0000000000000000E+00   1.0000000000000000E+30   0.0000000000000000E+00
   1.0000000000000000E+01   0.0000000000000000E+00   1.0000000000000000E+30   0.0000000000000000E+00
   1.1000000000000000E+01   0.0000000000000000E+00   1.0000000000000000E+30   0.0000000000000000E+00
   1.2000000000000000E+01   0.0000000000000000E+00   1.0000000000000000E+30   0.0000000000000000E+00
   1.3000000000000000E+01   0.0000000000000000E+00   1.0000000000000000E+30   0.0000000000000000E+00
   1.4000000000000000E+01   0.0000000000000000E+00   1.0000000000000000E+30   0.0000000000000000E+00
   1.5000000000000000E+01   0.0000000000000000E+00   1.0000000000000000E+30   0.0000000000000000E+00
   1.6000000000000000E+01   0.0000000000000000E+00   1.0000000000000000E+30   0.0000000000000000E+00
   1.7000000000000000E+01   0.0000000000000000E+00   1.0000000000000000E+30   0.0000000000000000E+00
   1.8000000000000000E+01   0.0000000000000000E+00   1.0000000000000000E+30   0.0000000000000000E+00
   1.9000000000000000E+01   0.0000000000000000E+00   1.0000000000000000E+30   0.0000000000000000E+00
   2.0000000000000000E+01   0.0000000000000000E+00   1.0000000000000000E+30   0.0000000000000000E+00
   2.1000000000000000E+01   0.0000000000000000E+00   1.0000000000000000E+30   0.0000000000000000E+00
   2.2000000000000000E+01   0.0000000000000000E+00   1.0000000000000000E+30   0.0000000000000000E+00
   2.3000000000000000E+01   0.0000000000000000E+00   1.0000000000000000E+30   0.0000000000000000E+00
   2.4000000000000000E+01   0.0000000000000000E+00   1.0000000000000000E+30   0.0000000000000000E+00
   2.5000000000000000E+01   0.0000000000000000E+00   1.0000000000000000E+30   0.0000000000000000E+00
   2.6000000000000000E+01   0.0000000000000000E+00   1.0000000000000000E+30   0.0000000000000000E+00
   2.7000000000000000E+01   0.0000000000000000E+00   1.0000000000000000E+30   0.0000000000000000E+00
   2.8000000000000000E+01   0.0000000000000000E+00   1.0000000000000000E+30   0.0000000000000000E+00
   2.9000000000000000E+01   0.0000000000000000E+00   1.0000000000000000E+30   0.0000000000000000E+00
   3.0000000000000000E+01   0.0000000000000000E+00   1.0000000000000000E+30   0.0000000000000000E+00
   3.1000000000000000E+01   0.0000000000000000E+00   1.0000000000000000E+30   0.0000000000000000E+00
   3.2000000000000000E+01   0.0000000000000000E+00   1.0000000000000000E+30   0.0000000000000000E+00
   3.3000000000000000E+01   0.0000000000000000E+00   1.0000000000000000E+30   0.0000000000000000E+00
   3.4000000000000000E+01   0.0000000000000000E+00   1.0000000000000000E+30   0.0000000000000000E+00
   3.5000000000000000E+01   0.0000000000000000E+00   1.0000000000000000E+30   0.0000000000000000E+00
   3.6000000000000000E+01   0.0000000000000000E+00   1.0000000000000000E+30   0.0000000000000000E+00
   3.7000000000000000E+01   0.0000000000000000E+00   1.0000000000000000E+30   0.0000000000000000E+00
   3.8000000000000000E+01   0.0000000000000000E+00   1.0000000000000000E+30   0.0000000000000000E+00
   3.9000000000000000E+01   0.0000000000000000E+00   1.0000000000000000E+30   0.0000000000000000E+00
   4.0000000000000000E+01   0.0000000000000000E+00   1.0000000000000000E+30   0.0000000000000000E+00
   4.1000000000000000E+01   0.0000000000000000E+00   1.0000000000000000E+30   0.0000000000000000E+00
   4.2000000000000000E+01   0.0000000000000000E+00   1.0000000000000000E+30   0.0000000000000000E+00
   4.3000000000000000E+01   0.0000000000000000E+00   1.0000000000000000E+30   0.0000000000000000E+00
   4.4000000000000000E+01   0.0000000000000000E+00   1.0000000000000000E+30   0.0000000000000000E+00
   4.5000000000000000E+01   0.0000000000000000E+00   1.0000000000000000E+30   0.0000000000000000E+00
   4.6000000000000000E+01   0.0000000000000000E+00   1.0000000000000000E+30   0.0000000000000000E+00
   4.7000000000000000E+01   0.0000000000000000E+00   1.0000000000000000E+30   0.0000000000000000E+00
   4.8000000000000000E+01   0.0000000000000000E+00   1.0000000000000000E+30   0.0000000000000000E+00
   4.8999000000000002E+01   0.0000000000000000E+00   1.0000000000000000E+30   0.0000000000000000E+00
   4.9000999999999998E+01   0.0000000000000000E+00   1.0000000000000000E+30   0.0000000000000000E+00
   5.0000000000000000E+01   0.0000000000000000E+00   1.0000000000000000E+30   0.0000000000000000E+00
   5.1000000000000000E+01   0.0000000000000000E+00   1.0000000000000000E+30   0.0000000000000000E+00
   5.2000000000000000E+01   0.0000000000000000E+00   1.0000000000000000E+30   0.0000000000000000E+00
   5.2999000000000002E+01   0.0000000000000000E+00   1.0000000000000000E+30   0.0000000000000000E+00
   5.3000999999999998E+01   0.0000000000000000E+00   1.0000000000000000E+30   0.0000000000000000E+00
   5.4000000000000000E+01   0.0000000000000000E+00   1.0000000000000000E+30   0.0000000000000000E+00
   5.5000000000000000E+01   0.0000000000000000E+00   1.0000000000000000E+30   0.0000000000000000E+00
   5.6000000000000000E+01   0.0000000000000000E+00   1.0000000000000000E+30   0.0000000000000000E+00
   5.7000000000000000E+01   0.0000000000000000E+00   1.0000000000000000E+30   0.0000000000000000E+00
   5.8000000000000000E+01   0.0000000000000000E+00   1.0000000000000000E+30   0.0000000000000000E+00
   5.9000000000000000E+01   0.0000000000000000E+00   1.0000000000000000E+30   0.0000000000000000E+00
   6.0000000000000000E+01   0.0000000000000000E+00   1.0000000000000000E+30   0.0000000000000000E+00
   6.1000000000000000E+01   0.0000000000000000E+00   1.0000000000000000E+30   0.0000000000000000E+00
   6.2000000000000000E+01   0.0000000000000000E+00   1.0000000000000000E+30   0.0000000000000000E+00
   6.3000000000000000E+01   0.0000000000000000E+00   1.0000000000000000E+30   0.0000000000000000E+00
   6.4000000000000000E+01   0.0000000000000000E+00   1.0000000000000000E+30   0.0000000000000000E+00
   6.5000000000000000E+01   0.0000000000000000E+00   1.0000000000000000E+30   0.0000000000000000E+00
   6.6000000000000000E+01   0.0000000000000000E+00   1.0000000000000000E+30   0.0000000000000000E+00
   6.7000000000000000E+01   0.0000000000000000E+00   1.0000000000000000E+30   0.0000000000000000E+00
   6.8000000000000000E+01   0.0000000000000000E+00   1.0000000000000000E+30   0.0000000000000000E+00
   6.9000000000000000E+01   0.0000000000000000E+00   1.0000000000000000E+30   0.0000000000000000E+00
   7.0000000000000000E+01   0.0000000000000000E+00   1.0000000000000000E+30   0.0000000000000000E+00
   7.1000000000000000E+01   0.0000000000000000E+00   1.0000000000000000E+30   0.0000000000000000E+00
   7.2000000000000000E+01   0.0000000000000000E+00   1.0000000000000000E+30   0.0000000000000000E+00
   7.3000000000000000E+01   0.0000000000000000E+00   1.0000000000000000E+30   0.0000000000000000E+00
   7.4000000000000000E+01   0.0000000000000000E+00   1.0000000000000000E+30   0.0000000000000000E+00
   7.5000000000000000E+01   0.0000000000000000E+00   1.0000000000000000E+30   0.0000000000000000E+00
   7.6000000000000000E+01   0.0000000000000000E+00   1.0000000000000000E+30   0.0000000000000000E+00
   7.7000000000000000E+01   0.0000000000000000E+00   1.0000000000000000E+30   0.0000000000000000E+00
   7.8000000000000000E+01   0.0000000000000000E+00   1.0000000000000000E+30   0.0000000000000000E+00
   7.9000000000000000E+01   0.0000000000000000E+00   1.0000000000000000E+30   0.0000000000000000E+00
   8.0000000000000000E+01   0.0000000000000000E+00   1.0000000000000000E+30   0.0000000000000000E+00
   8.0998999999999995E+01   0.0000000000000000E+00   1.0000000000000000E+30   0.0000000000000000E+00
   8.1001000000000005E+01   0.0000000000000000E+00   1.0000000000000000E+30   0.0000000000000000E+00
   8.2000000000000000E+01   0.0000000000000000E+00   1.0000000000000000E+30   0.0000000000000000E+00
   8.3000000000000000E+01   0.0000000000000000E+00   1.0000000000000000E+30   0.0000000000000000E+00
   8.4000000000000000E+01   0.0000000000000000E+00   1.0000000000000000E+30   0.0000000000000000E+00
   8.5000000000000000E+01   0.0000000000000000E+00   1.0000000000000000E+30   0.0000000000000000E+00
   8.6000000000000000E+01   0.0000000000000000E+00   1.0000000000000000E+30   0.0000000000000000E+00
   8.7000000000000000E+01   0.0000000000000000E+00   1.0000000000000000E+30   0.0000000000000000E+00
   8.8000000000000000E+01   0.0000000000000000E+00   1.0000000000000000E+30   0.0000000000000000E+00
   8.9000000000000000E+01   0.0000000000000000E+00   1.0000000000000000E+30   0.0000000000000000E+00
   9.0000000000000000E+01   0.0000000000000000E+00   1.0000000000000000E+30   0.0000000000000000E+00
   9.1000000000000000E+01   0.0000000000000000E+00   1.0000000000000000E+30   0.0000000000000000E+00
   9.2000000000000000E+01   0.0000000000000000E+00   1.0000000000000000E+30   0.0000000000000000E+00
   9.3000000000000000E+01   0.0000000000000000E+00   1.0000000000000000E+30   0.0000000000000000E+00
   9.4000000000000000E+01   0.0000000000000000E+00   1.0000000000000000E+30   0.0000000000000000E+00
   9.5000000000000000E+01   0.0000000000000000E+00   1.0000000000000000E+30   0.0000000000000000E+00
   9.6000000000000000E+01   0.0000000000000000E+00   1.0000000000000000E+30   0.0000000000000000E+00
   9.7000000000000000E+01   0.0000000000000000E+00   1.0000000000000000E+30   0.0000000000000000E+00
   9.8000000000000000E+01   0.0000000000000000E+00   1.0000000000000000E+30   0.0000000000000000E+00
   9.9000000000000000E+01   0.0000000000000000E+00   1.0000000000000000E+30   0.0000000000000000E+00
   1.0000000000000000E+02   0.0000000000000000E+00   1.0000000000000000E+30   0.0000000000000000E+00
   1.1000000000000000E+02   0.0000000000000000E+00   1.0000000000000000E+30   0.0000000000000000E+00
   1.2000000000000000E+02   0.0000000000000000E+00   1.0000000000000000E+30   0.0000000000000000E+00
   1.3000000000000000E+02   0.0000000000000000E+00   1.0000000000000000E+30   0.0000000000000000E+00
   1.4000000000000000E+02   0.0000000000000000E+00   1.0000000000000000E+30   0.0000000000000000E+00
   1.5000000000000000E+02   0.0000000000000000E+00   1.0000000000000000E+30   0.0000000000000000E+00
   1.6000000000000000E+02   0.0000000000000000E+00   1.0000000000000000E+30   0.0000000000000000E+00
   1.7000000000000000E+02   0.0000000000000000E+00   1.0000000000000000E+30   0.0000000000000000E+00
   1.8000000000000000E+02   0.0000000000000000E+00   1.0000000000000000E+30   0.0000000000000000E+00
   1.9000000000000000E+02   0.0000000000000000E+00   1.0000000000000000E+30   0.0000000000000000E+00
   2.0000000000000000E+02   0.0000000000000000E+00   1.0000000000000000E+30   0.0000000000000000E+00
   2.1000000000000000E+02   0.0000000000000000E+00   1.0000000000000000E+30   0.0000000000000000E+00
   2.2000000000000000E+02   0.0000000000000000E+00   1.0000000000000000E+30   0.0000000000000000E+00
   2.3000000000000000E+02   0.0000000000000000E+00   1.0000000000000000E+30   0.0000000000000000E+00
   2.4000000000000000E+02   0.0000000000000000E+00   1.0000000000000000E+30   0.0000000000000000E+00
   2.5000000000000000E+02   0.0000000000000000E+00   1.0000000000000000E+30   0.0000000000000000E+00
   2.6000000000000000E+02   0.0000000000000000E+00   1.0000000000000000E+30   0.0000000000000000E+00
   2.7000000000000000E+02   0.0000000000000000E+00   1.0000000000000000E+30   0.0000000000000000E+00
   2.8000000000000000E+02   0.0000000000000000E+00   1.0000000000000000E+30   0.0000000000000000E+00
   2.8599900000000002E+02   0.0000000000000000E+00   1.0000000000000000E+30   0.0000000000000000E+00
   2.8600099999999998E+02   0.0000000000000000E+00   1.0000000000000000E+30   0.0000000000000000E+00
   2.8999900000000002E+02   0.0000000000000000E+00   1.0000000000000000E+30   0.0000000000000000E+00
   2.9000099999999998E+02   0.0000000000000000E+00   1.0000000000000000E+30   0.0000000000000000E+00
   3.0000000000000000E+02   0.0000000000000000E+00   1.0000000000000000E+30   0.0000000000000000E+00
   3.1000000000000000E+02   0.0000000000000000E+00   1.0000000000000000E+30   0.0000000000000000E+00
   3.2000000000000000E+02   0.0000000000000000E+00   1.0000000000000000E+30   0.0000000000000000E+00
   3.3000000000000000E+02   0.0000000000000000E+00   1.0000000000000000E+30   0.0000000000000000E+00
   3.4000000000000000E+02   0.0000000000000000E+00   1.0000000000000000E+30   0.0000000000000000E+00
   3.5000000000000000E+02   0.0000000000000000E+00   1.0000000000000000E+30   0.0000000000000000E+00
   3.6000000000000000E+02   0.0000000000000000E+00   1.0000000000000000E+30   0.0000000000000000E+00
   3.7000000000000000E+02   0.0000000000000000E+00   1.0000000000000000E+30   0.0000000000000000E+00
   3.8000000000000000E+02   0.0000000000000000E+00   1.0000000000000000E+30   0.0000000000000000E+00
   3.9000000000000000E+02   0.0000000000000000E+00   1.0000000000000000E+30   0.0000000000000000E+00
   4.0000000000000000E+02   0.0000000000000000E+00   1.0000000000000000E+30   0.0000000000000000E+00
   4.1000000000000000E+02   0.0000000000000000E+00   1.0000000000000000E+30   0.0000000000000000E+00
   4.2000000000000000E+02   0.0000000000000000E+00   1.0000000000000000E+30   0.0000000000000000E+00
   4.3000000000000000E+02   0.0000000000000000E+00   1.0000000000000000E+30   0.0000000000000000E+00
   4.4000000000000000E+02   0.0000000000000000E+00   1.0000000000000000E+30   0.0000000000000000E+00
   4.5000000000000000E+02   0.0000000000000000E+00   1.0000000000000000E+30   0.0000000000000000E+00
   4.6000000000000000E+02   0.0000000000000000E+00   1.0000000000000000E+30   0.0000000000000000E+00
   4.6599900000000002E+02   0.0000000000000000E+00   1.0000000000000000E+30   0.0000000000000000E+00
   4.6600099999999998E+02   0.0000000000000000E+00   1.0000000000000000E+30   0.0000000000000000E+00
   4.7000000000000000E+02   0.0000000000000000E+00   1.0000000000000000E+30   0.0000000000000000E+00
   4.8000000000000000E+02   0.0000000000000000E+00   1.0000000000000000E+30   0.0000000000000000E+00
   4.8799900000000002E+02   0.0000000000000000E+00   1.0000000000000000E+30   0.0000000000000000E+00
   4.8800099999999998E+02   0.0000000000000000E+00   1.0000000000000000E+30   0.0000000000000000E+00
   4.9000000000000000E+02   0.0000000000000000E+00   1.0000000000000000E+30   0.0000000000000000E+00
   5.0000000000000000E+02   0.0000000000000000E+00   1.0000000000000000E+30   0.0000000000000000E+00
   5.1000000000000000E+02   0.0000000000000000E+00   1.0000000000000000E+30   0.0000000000000000E+00
   5.2000000000000000E+02   0.0000000000000000E+00   1.0000000000000000E+30   0.0000000000000000E+00
   5.3000000000000000E+02   0.0000000000000000E+00   1.0000000000000000E+30   0.0000000000000000E+00
   5.4000000000000000E+02   0.0000000000000000E+00   1.0000000000000000E+30   0.0000000000000000E+00
   5.5000000000000000E+02   0.0000000000000000E+00   1.0000000000000000E+30   0.0000000000000000E+00
   5.6000000000000000E+02   0.0000000000000000E+00   1.0000000000000000E+30   0.0000000000000000E+00
   5.7000000000000000E+02   0.0000000000000000E+00   1.0000000000000000E+30   0.0000000000000000E+00
   5.8000000000000000E+02   0.0000000000000000E+00   1.0000000000000000E+30   0.0000000000000000E+00
   5.9000000000000000E+02   0.0000000000000000E+00   1.0000000000000000E+30   0.0000000000000000E+00
   5.9199900000000002E+02   0.0000000000000000E+00   1.0000000000000000E+30   0.0000000000000000E+00
   5.9200099999999998E+02   0.0000000000000000E+00   1.0000000000000000E+30   0.0000000000000000E+00
   6.0000000000000000E+02   0.0000000000000000E+00   1.0000000000000000E+30   0.0000000000000000E+00
   6.1000000000000000E+02   0.0000000000000000E+00   1.0000000000000000E+30   0.0000000000000000E+00
   6.2000000000000000E+02   0.0000000000000000E+00   1.0000000000000000E+30   0.0000000000000000E+00
   6.3000000000000000E+02   0.0000000000000000E+00   1.0000000000000000E+30   0.0000000000000000E+00
   6.4000000000000000E+02   0.0000000000000000E+00   1.0000000000000000E+30   0.0000000000000000E+00
   6.5000000000000000E+02   0.0000000000000000E+00   1.0000000000000000E+30   0.0000000000000000E+00
   6.6000000000000000E+02   0.0000000000000000E+00   1.0000000000000000E+30   0.0000000000000000E+00
   6.7000000000000000E+02   0.0000000000000000E+00   1.0000000000000000E+30   0.0000000000000000E+00
   6.8000000000000000E+02   0.0000000000000000E+00   1.0000000000000000E+30   0.0000000000000000E+00
   6.9000000000000000E+02   0.0000000000000000E+00   1.0000000000000000E+30   0.0000000000000000E+00
   7.0000000000000000E+02   0.0000000000000000E+00   1.0000000000000000E+30   0.0000000000000000E+00
   7.1000000000000000E+02   0.0000000000000000E+00   1.0000000000000000E+30   0.0000000000000000E+00
   7.2000000000000000E+02   0.0000000000000000E+00   1.0000000000000000E+30   0.0000000000000000E+00
   7.3000000000000000E+02   0.0000000000000000E+00   1.0000000000000000E+30   0.0000000000000000E+00
   7.4000000000000000E+02   0.0000000000000000E+00   1.0000000000000000E+30   0.0000000000000000E+00
   7.5000000000000000E+02   0.0000000000000000E+00   1.0000000000000000E+30   0.0000000000000000E+00
   7.6000000000000000E+02   0.0000000000000000E+00   1.0000000000000000E+30   0.0000000000000000E+00
   7.7000000000000000E+02   0.0000000000000000E+00   1.0000000000000000E+30   0.0000000000000000E+00
   7.8000000000000000E+02   0.0000000000000000E+00   1.0000000000000000E+30   0.0000000000000000E+00
   7.9000000000000000E+02   0.0000000000000000E+00   1.0000000000000000E+30   0.0000000000000000E+00
   8.0000000000000000E+02   0.0000000000000000E+00   1.0000000000000000E+30   0.0000000000000000E+00
   8.1000000000000000E+02   0.0000000000000000E+00   1.0000000000000000E+30   0.0000000000000000E+00
   8.2000000000000000E+02   0.0000000000000000E+00   1.0000000000000000E+30   0.0000000000000000E+00
   8.3000000000000000E+02   0.0000000000000000E+00   1.0000000000000000E+30   0.0000000000000000E+00
   8.4000000000000000E+02   0.0000000000000000E+00   1.0000000000000000E+30   0.0000000000000000E+00
   8.5000000000000000E+02   0.0000000000000000E+00   1.0000000000000000E+30   0.0000000000000000E+00
   8.6000000000000000E+02   0.0000000000000000E+00   1.0000000000000000E+30   0.0000000000000000E+00
   8.7000000000000000E+02   0.0000000000000000E+00   1.0000000000000000E+30   0.0000000000000000E+00
   8.8000000000000000E+02   0.0000000000000000E+00   1.0000000000000000E+30   0.0000000000000000E+00
   8.9000000000000000E+02   0.0000000000000000E+00   1.0000000000000000E+30   0.0000000000000000E+00
   9.0000000000000000E+02   0.0000000000000000E+00   1.0000000000000000E+30   0.0000000000000000E+00
   9.1000000000000000E+02   0.0000000000000000E+00   1.0000000000000000E+30   0.0000000000000000E+00
   9.2000000000000000E+02   0.0000000000000000E+00   1.0000000000000000E+30   0.0000000000000000E+00
   9.3000000000000000E+02   0.0000000000000000E+00   1.0000000000000000E+30   0.0000000000000000E+00
   9.4000000000000000E+02   0.0000000000000000E+00   1.0000000000000000E+30   0.0000000000000000E+00
   9.5000000000000000E+02   0.0000000000000000E+00   1.0000000000000000E+30   0.0000000000000000E+00
   9.6000000000000000E+02   0.0000000000000000E+00   1.0000000000000000E+30   0.0000000000000000E+00
   9.7000000000000000E+02   0.0000000000000000E+00   1.0000000000000000E+30   0.0000000000000000E+00
   9.8000000000000000E+02   0.0000000000000000E+00   1.0000000000000000E+30   0.0000000000000000E+00
   9.9000000000000000E+02   0.0000000000000000E+00   1.0000000000000000E+30   0.0000000000000000E+00
   1.0000000000000000E+03   0.0000000000000000E+00   1.0000000000000000E+30   0.0000000000000000E+00
   1.1000000000000000E+03   0.0000000000000000E+00   1.0000000000000000E+30   0.0000000000000000E+00
   1.2000000000000000E+03   0.0000000000000000E+00   1.0000000000000000E+30   0.0000000000000000E+00
   1.3000000000000000E+03   0.0000000000000000E+00   1.0000000000000000E+30   0.0000000000000000E+00
   1.4000000000000000E+03   0.0000000000000000E+00   1.0000000000000000E+30   0.0000000000000000E+00
   1.5000000000000000E+03   0.0000000000000000E+00   1.0000000000000000E+30   0.0000000000000000E+00
   1.6000000000000000E+03   0.0000000000000000E+00   1.0000000000000000E+30   0.0000000000000000E+00
   1.7000000000000000E+03   0.0000000000000000E+00   1.0000000000000000E+30   0.0000000000000000E+00
   1.8000000000000000E+03   0.0000000000000000E+00   1.0000000000000000E+30   0.0000000000000000E+00
   1.9000000000000000E+03   0.0000000000000000E+00   1.0000000000000000E+30   0.0000000000000000E+00
   2.0000000000000000E+03   0.0000000000000000E+00   1.0000000000000000E+30   0.0000000000000000E+00
   2.1000000000000000E+03   0.0000000000000000E+00   1.0000000000000000E+30   0.0000000000000000E+00
   2.2000000000000000E+03   0.0000000000000000E+00   1.0000000000000000E+30   0.0000000000000000E+00
   2.3000000000000000E+03   0.0000000000000000E+00   1.0000000000000000E+30   0.0000000000000000E+00
   2.4000000000000000E+03   0.0000000000000000E+00   1.0000000000000000E+30   0.0000000000000000E+00
   2.5000000000000000E+03   0.0000000000000000E+00   1.0000000000000000E+30   0.0000000000000000E+00
   2.6000000000000000E+03   0.0000000000000000E+00   1.0000000000000000E+30   0.0000000000000000E+00
   2.7000000000000000E+03   0.0000000000000000E+00   1.0000000000000000E+30   0.0000000000000000E+00
   2.8000000000000000E+03   0.0000000000000000E+00   1.0000000000000000E+30   0.0000000000000000E+00
   2.8439989999999998E+03   0.0000000000000000E+00   1.0000000000000000E+30   0.0000000000000000E+00
   2.8440010000000002E+03   0.0000000000000000E+00   1.0000000000000000E+30   0.0000000000000000E+00
   2.9000000000000000E+03   3.4921737077339978E-07   2.8635459850846892E+06   9.9773697829845282E-04
   2.9729989999999998E+03   1.2423185530919071E-06   8.0494652318536199E+05   3.5703746940678213E-03
   2.9730010000000002E+03   1.2423289141609795E-06   8.0493980990160012E+05   3.5704044957483210E-03
   3.0000000000000000E+03   1.6637694728579873E-06   6.0104480597436475E+05   4.7919547635630064E-03
   3.1000000000000000E+03   3.5791283790491481E-06   2.7939763375173090E+05   1.0390094431625438E-02
   3.2000000000000000E+03   5.9791604494619263E-06   1.6724756066547631E+05   1.7491971880613508E-02
   3.2299989999999998E+03   6.7844232463412362E-06   1.4739646447312806E+05   1.9893464205196630E-02
   3.2300010000000002E+03   6.7844566925904853E-06   1.4739573783293966E+05   1.9893563253064527E-02
   3.3000000000000000E+03   8.8012884451659738E-06   1.1361972809211144E+05   2.5945221293571755E-02
   3.4000000000000000E+03   1.1990723267150038E-05   8.3397804929717197E+04   3.5614513344061606E-02
   3.5000000000000000E+03   1.5507178740670291E-05   6.4486262570594168E+04   4.6403835981786878E-02
   3.6000000000000000E+03   1.9312363075411188E-05   5.1780302394646686E+04   5.8219465462541205E-02
   3.7000000000000000E+03   2.3371120393132638E-05   4.2787850268994371E+04   7.0973877231373397E-02
   3.8000000000000000E+03   2.7651504188409976E-05   3.6164397899885182E+04   8.4586216621497318E-02
   3.9000000000000000E+03   3.2128858157077803E-05   3.1124666650492400E+04   9.8996531646164468E-02
   4.0000000000000000E+03   3.6770812118826115E-05   2.7195483112215923E+04   1.1411620435678269E-01
   4.1000000000000000E+03   4.1562379755979619E-05   2.4060219984302734E+04   1.2991260091287818E-01
   4.2000000000000000E+03   4.6474738028276773E-05   2.1517065881932824E+04   1.4630339638269269E-01
   4.3000000000000000E+03   5.1479303539211845E-05   1.9425282225084862E+04   1.6320315739973593E-01
   4.4000000000000000E+03   5.6573316012279701E-05   1.7676177931357990E+04   1.8061568478326229E-01
   4.5000000000000000E+03   6.1724795759463309E-05   1.6200944655968111E+04   1.9843864045126808E-01
   4.6000000000000000E+03   6.6914708864307520E-05   1.4944397382462539E+04   2.1661250821590861E-01
   4.7000000000000000E+03   7.2139108921306675E-05   1.3862106351921471E+04   2.3513202218272611E-01
   4.8000000000000000E+03   7.7367659970814889E-05   1.2925297215622477E+04   2.5389136924905831E-01
   4.9000000000000000E+03   8.2599085682843090E-05   1.2106671541616268E+04   2.7289199448738788E-01
   5.0000000000000000E+03   8.7811614325040616E-05   1.1388015215144920E+04   2.9205548520275298E-01
   5.1000000000000000E+03   9.2991571353800851E-05   1.0753662782999387E+04   3.1133187833560722E-01
   5.2000000000000000E+03   9.8133958871887385E-05   1.0190152435463113E+04   3.3070402601619781E-01
   5.3000000000000000E+03   1.0321883084326356E-04   9.6881546887358854E+03   3.5009369575752936E-01
   5.4000000000000000E+03   1.0825159158815421E-04   9.2377394671897691E+03   3.6952313445732771E-01
   5.5000000000000000E+03   1.1319790360621025E-04   8.8340858632751060E+03   3.8885011449451379E-01
   5.6000000000000000E+03   1.1807352616416154E-04   8.4692990248268434E+03   4.0813742530216229E-01
   5.7000000000000000E+03   1.2286209439146364E-04   8.1392068477507528E+03   4.2731394881681323E-01
   5.8000000000000000E+03   1.2755635476246099E-04   7.8396721344242560E+03   4.4634476178043536E-01
   5.9000000000000000E+03   1.3214984331481715E-04   7.5671675040713153E+03   4.6519704734485756E-01
   6.0000000000000000E+03   1.3664581410648924E-04   7.3181897779956271E+03   4.8387959137826997E-01
   6.1000000000000000E+03   1.4102173094116295E-04   7.0911056992855938E+03   5.0228656786735915E-01
   6.2000000000000000E+03   1.4529999064652317E-04   6.8823129000244626E+03   5.2051071769148083E-01
   6.3000000000000000E+03   1.4945056099082202E-04   6.6911759539090099E+03   5.3840944774258404E-01
   6.4000000000000000E+03   1.5349740249034373E-04   6.5147682226277966E+03   5.5608356361956113E-01
   6.5000000000000000E+03   1.5742047769003365E-04   6.3524137054712455E+03   5.7343297486146549E-01
   6.6000000000000000E+03   1.6121817106669599E-04   6.2027747454491337E+03   5.9044030785110901E-01
   6.7000000000000000E+03   1.6490727769903683E-04   6.0640137533835523E+03   6.0717553053593898E-01
   6.8000000000000000E+03   1.6846931074049109E-04   5.9357992004869830E+03   6.2354161937640784E-01
   6.9000000000000000E+03   1.7192193190127174E-04   5.8165935488339110E+03   6.3961371994492555E-01
   7.0000000000000000E+03   1.7524753947247216E-04   5.7062142099694356E+03   6.5529669840712235E-01
   7.1000000000000000E+03   1.7846439630641957E-04   5.6033585448776093E+03   6.7066995175007293E-01
   7.2000000000000000E+03   1.8155568022066635E-04   5.5079521543175097E+03   6.8564007844298447E-01
   7.3000000000000000E+03   1.8454010480450610E-04   5.4188762982407397E+03   7.0029028836502372E-01
   7.4000000000000000E+03   1.8741013697221831E-04   5.3358906628846880E+03   7.1457278947731140E-01
   7.5000000000000000E+03   1.9016733479549727E-04   5.2585266606138384E+03   7.2848505392099294E-01
   7.6000000000000000E+03   1.9282197287489884E-04   5.1861309429127723E+03   7.4207011302869563E-01
   7.7000000000000000E+03   1.9536731459897629E-04   5.1185634713394375E+03   7.5528311257902381E-01
   7.8000000000000000E+03   1.9780542656020958E-04   5.0554730342325174E+03   7.6812444166725014E-01
   7.9000000000000000E+03   2.0014670890506925E-04   4.9963349658390134E+03   7.8063941312814955E-01
   8.0000000000000000E+03   2.0239316776361752E-04   4.9408782472733328E+03   7.9282966074504890E-01
   8.1000000000000000E+03   2.0453873536857412E-04   4.8890494907872735E+03   8.0465279785799215E-01
   8.2000000000000000E+03   2.0659387954643645E-04   4.8404144507835163E+03   8.1615629726463035E-01
   8.3000000000000000E+03   2.0855278461955811E-04   4.7949491627464940E+03   8.2729878317566152E-01
   8.4000000000000000E+03   2.1042574915997180E-04   4.7522701189946620E+03   8.3812806883483881E-01
   8.5000000000000000E+03   2.1221497961806669E-04   4.7122027002982886E+03   8.4864791218932734E-01
   8.6000000000000000E+03   2.1391499129492296E-04   4.6747541813061043E+03   8.5881830983344298E-01
   8.7000000000000000E+03   2.1554353020369579E-04   4.6394340811573747E+03   8.6873204749593114E-01
   8.8000000000000000E+03   2.1708743863925597E-04   4.6064387984315636E+03   8.7830535512217078E-01
   8.9000000000000000E+03   2.1855658945648480E-04   4.5754740339188120E+03   8.8758687820735849E-01
   9.0000000000000000E+03   2.1996046334804228E-04   4.5462715652571860E+03   8.9662474118449786E-01
   9.1000000000000000E+03   2.2128648529282739E-04   4.5190287995975204E+03   9.0533708081024578E-01
   9.2000000000000000E+03   2.2254417043717788E-04   4.4934899801488655E+03   9.1377238719225518E-01
   9.3000000000000000E+03   2.2373556120666927E-04   4.4695621679750720E+03   9.2193552178786187E-01
   9.4000000000000000E+03   2.2486269116693319E-04   4.4471583738968138E+03   9.2983155384823091E-01
   9.5000000000000000E+03   2.2593442235610488E-04   4.4260630565795655E+03   9.3750796276985238E-01
   9.6000000000000000E+03   2.2693893384724979E-04   4.4064717457123934E+03   9.4488518361623042E-01
   9.7000000000000000E+03   2.2789172275966961E-04   4.3880487974307944E+03   9.5205249034317185E-01
   9.8000000000000000E+03   2.2878121707321778E-04   4.3709881990878912E+03   9.5893100688615573E-01
   9.9000000000000000E+03   2.2962899572336200E-04   4.3548507315022071E+03   9.6565067548327954E-01
   1.0000000000000000E+04   2.3041713487602475E-04   4.3399550147954369E+03   9.7209193215381762E-01
   1.1000000000000000E+04   2.3586182817230702E-04   4.2397704102821499E+03   1.0253912834095862E+00
   1.2000000000000000E+04   2.3785599651061611E-04   4.2042244663584406E+03   1.0618514264837415E+00
   1.3000000000000000E+04   2.3749441067035548E-04   4.2106254087301859E+03   1.0855913534000334E+00
   1.4000000000000000E+04   2.3554918563472213E-04   4.2453978234114975E+03   1.0998227469643473E+00
   1.5000000000000000E+04   2.3254703420148891E-04   4.3002053474204122E+03   1.1068898725801020E+00
   1.6000000000000000E+04   2.2885986374032941E-04   4.3694861285709194E+03   1.1086051418707445E+00
   1.7000000000000000E+04   2.2474005126159422E-04   4.4495851735657670E+03   1.1062699224465951E+00
   1.8000000000000000E+04   2.2036938329396310E-04   4.5378354517879825E+03   1.1009207440065492E+00
   1.9000000000000000E+04   2.1587275318668854E-04   4.6323585780887870E+03   1.0933233096544754E+00
   2.0000000000000000E+04   2.1133519751236228E-04   4.7318194591864140E+03   1.0840374123137635E+00
   2.1000000000000000E+04   2.0681885608575832E-04   4.8351490716366106E+03   1.0735266290942953E+00
   2.2000000000000000E+04   2.0236278778148678E-04   4.9416200031786939E+03   1.0621027163386243E+00
   2.2122999000000000E+04   2.0182138803058461E-04   4.9548762386296603E+03   1.0606609541328833E+00
   2.2123001000000000E+04   2.0182137574661080E-04   4.9548765402110448E+03   1.0606608870416236E+00
   2.3000000000000000E+04   1.9799702104171529E-04   5.0505810377284097E+03   1.0500513675269141E+00
   2.4000000000000000E+04   1.9374069286154507E-04   5.1615382665872912E+03   1.0375853911895145E+00
   2.5000000000000000E+04   1.8960389949933222E-04   5.2741531299756953E+03   1.0248431931488289E+00
   2.6000000000000000E+04   1.8559483967265243E-04   5.3880808419230589E+03   1.0119687325927358E+00
   2.7000000000000000E+04   1.8171493976078986E-04   5.5031248466218758E+03   9.9903335722727360E-01
   2.8000000000000000E+04   1.7796667421823368E-04   5.6190295424284814E+03   9.8613866174251874E-01
   2.9000000000000000E+04   1.7434688424443145E-04   5.7356918325997540E+03   9.7331188894270526E-01
   3.0000000000000000E+04   1.7105528365689860E-04   5.8460632061257611E+03   7.2878778106758380E-01
   3.1000000000000000E+04   1.6798339265836453E-04   5.9529694226008742E+03   7.1714696633506747E-01
   3.2000000000000000E+04   1.6503940314958985E-04   6.0591590911996418E+03   7.0594955585731189E-01
   3.3000000000000000E+04   1.6221643138940696E-04   6.1646036189728557E+03   6.9517508565320152E-01
   3.4000000000000000E+04   1.5950791624845753E-04   6.2692813217016137E+03   6.8480355171003437E-01
   3.5000000000000000E+04   1.5690763680601319E-04   6.3731760949042418E+03   6.7481559040662253E-01
   3.6000000000000000E+04   1.5440971700751170E-04   6.4762763599349919E+03   6.6519259113261009E-01
   3.7000000000000000E+04   1.5200862165278315E-04   6.5785742224818796E+03   6.5591676068066607E-01
   3.8000000000000000E+04   1.4969914671116195E-04   6.6800647964243717E+03   6.4697115349599510E-01
   3.9000000000000000E+04   1.4747640606544958E-04   6.7807456574186053E+03   6.3833967795305224E-01
   4.0000000000000000E+04   1.4533581615561525E-04   6.8806163989836568E+03   6.3000708602065580E-01
   4.1000000000000000E+04   1.4327307954607743E-04   6.9796782701135044E+03   6.2195895165010195E-01
   4.2000000000000000E+04   1.4128416812276710E-04   7.0779338781332017E+03   6.1418164175123036E-01
   4.3000000000000000E+04   1.3936530640019807E-04   7.1753869440678745E+03   6.0666228255140164E-01
   4.4000000000000000E+04   1.3751295525783497E-04   7.2720421005061917E+03   5.9938872335023585E-01
   4.5000000000000000E+04   1.3572379631070458E-04   7.3679047240231803E+03   5.9234949911018131E-01
   4.6000000000000000E+04   1.3399471703819525E-04   7.4629807958395086E+03   5.8553379290271690E-01
   4.7000000000000000E+04   1.3232279673790407E-04   7.5572767856526771E+03   5.7893139892124024E-01
   4.8000000000000000E+04   1.3070529333152265E-04   7.6507995545642279E+03   5.7253268654501366E-01
   4.9000000000000000E+04   1.2913963102247907E-04   7.7435562737974078E+03   5.6632856577293866E-01
   5.0000000000000000E+04   1.2762338878639841E-04   7.8355543565269763E+03   5.6031045422417491E-01
   5.1000000000000000E+04   1.2615428966352874E-04   7.9268014006272879E+03   5.5447024581499993E-01
   5.2000000000000000E+04   1.2473019081477753E-04   8.0173051405411961E+03   5.4880028115779478E-01
   5.3000000000000000E+04   1.2334907429876788E-04   8.1070734067923941E+03   5.4329331968277739E-01
   5.4000000000000000E+04   1.2200903852547044E-04   8.1961140919182108E+03   5.3794251345165822E-01
   5.5000000000000000E+04   1.2070829034166922E-04   8.2844351218086485E+03   5.3274138261084147E-01
   5.6000000000000000E+04   1.1944513770427195E-04   8.3720444316105059E+03   5.2768379241754371E-01
   5.7000000000000000E+04   1.1821798289907070E-04   8.4589499454897323E+03   5.2276393176375069E-01
   5.8000000000000000E+04   1.1702531626440857E-04   8.5451595596681545E+03   5.1797629311786719E-01
   5.9000000000000000E+04   1.1586571038160600E-04   8.6306811282344061E+03   5.1331565380257427E-01
   6.0000000000000000E+04   1.1473781469622335E-04   8.7155224513171379E+03   5.0877705852721045E-01
   6.1000000000000000E+04   1.1364035053671896E-04   8.7996912652683568E+03   5.0435580309489680E-01
   6.2000000000000000E+04   1.1257210649942259E-04   8.8831952345595419E+03   5.0004741920727402E-01
   6.3000000000000000E+04   1.1153193417103821E-04   8.9660419451389080E+03   4.9584766029298144E-01
   6.4000000000000000E+04   1.1051874416208060E-04   9.0482388990364943E+03   4.9175248828969670E-01
   6.5000000000000000E+04   1.0953150242672551E-04   9.1297935100359009E+03   4.8775806131345584E-01
   6.6000000000000000E+04   1.0856922684654442E-04   9.2107131002547849E+03   4.8386072215305120E-01
   6.7000000000000000E+04   1.0763098405732515E-04   9.2910048975060181E+03   4.8005698753100540E-01
   6.8000000000000000E+04   1.0671588649998079E-04   9.3706760333212442E+03   4.7634353807681329E-01
   6.9000000000000000E+04   1.0582308967800888E-04   9.4497335415430643E+03   4.7271720896155106E-01
   7.0000000000000000E+04   1.0495178960543679E-04   9.5281843574032537E+03   4.6917498114662010E-01
   7.1000000000000000E+04   1.0410122043057832E-04   9.6060353170102098E+03   4.6571397320294244E-01
   7.2000000000000000E+04   1.0327065222199903E-04   9.6832931571916324E+03   4.6233143365968099E-01
   7.3000000000000000E+04   1.0245938890436715E-04   9.7599645156323677E+03   4.5902473384501041E-01
   7.4000000000000000E+04   1.0166676633274880E-04   9.8360559312672958E+03   4.5579136118384589E-01
   7.5000000000000000E+04   1.0089215049495547E-04   9.9115738448849825E+03   4.5262891292034829E-01
   7.6000000000000000E+04   1.0013493583229770E-04   9.9865245999134931E+03   4.4953509023513144E-01
   7.7000000000000000E+04   9.9394543669991490E-05   1.0060914443354030E+04   4.4650769272963214E-01
   7.8000000000000000E+04   9.8670420749093161E-05   1.0134749526840249E+04   4.4354461325194500E-01
   7.9000000000000000E+04   9.7962037852538400E-05   1.0208035907800258E+04   4.4064383304045496E-01
   8.0000000000000000E+04   9.7268888518445374E-05   1.0280779550702558E+04   4.3780341716333948E-01
   8.1000000000000000E+04   9.6590487834383155E-05   1.0352986328370440E+04   4.3502151023363433E-01
   8.2000000000000000E+04   9.5926371306844622E-05   1.0424662023347561E+04   4.3229633238116688E-01
   8.3000000000000000E+04   9.5276093800524586E-05   1.0495812329309561E+04   4.2962617546378534E-01
   8.4000000000000000E+04   9.4639228542583878E-05   1.0566442852501064E+04   4.2700939950205963E-01
   8.5000000000000000E+04   9.4015366187271370E-05   1.0636559113199401E+04   4.2444442932226101E-01
   8.6000000000000000E+04   9.3404113936793298E-05   1.0706166547189790E+04   4.2192975139399741E-01
   8.7000000000000000E+04   9.2805094714529165E-05   1.0775270507249905E+04   4.1946391084958029E-01
   8.8000000000000000E+04   9.2217946387050908E-05   1.0843876264635823E+04   4.1704550867329104E-01
   8.9000000000000000E+04   9.1642321031657788E-05   1.0911989010563697E+04   4.1467319904954503E-01
   9.0000000000000000E+04   9.1077884246344436E-05   1.0979613857687267E+04   4.1234568685961581E-01
   9.1000000000000000E+04   9.0524314499429784E-05   1.1046755841562315E+04   4.1006172531754537E-01
   9.2000000000000000E+04   8.9981302516217810E-05   1.1113419922097313E+04   4.0782011373635957E-01
   9.3000000000000000E+04   8.9448550700236092E-05   1.1179610984992301E+04   4.0561969541627169E-01
   9.4000000000000000E+04   8.8925772586895724E-05   1.1245333843153612E+04   4.0345935564748991E-01
   9.5000000000000000E+04   8.8412692327404736E-05   1.1310593238093670E+04   4.0133801982026746E-01
   9.6000000000000000E+04   8.7909044201069008E-05   1.1375393841306715E+04   3.9925465163576879E-01
   9.7000000000000000E+04   8.7414572154157426E-05   1.1439740255623276E+04   3.9720825141150146E-01
   9.8000000000000000E+04   8.6929029363662415E-05   1.1503637016543227E+04   3.9519785447556993E-01
   9.9000000000000000E+04   8.6452177824458058E-05   1.1567088593540228E+04   3.9322252964453974E-01
   1.0000000000000000E+05   8.5983787958336322E-05   1.1630099391347505E+04   3.9128137777970118E-01
   1.1000000000000000E+05   8.1720112202283526E-05   1.2236889708676354E+04   3.7357192702840258E-01
   1.2000000000000000E+05   7.8100521249755491E-05   1.2804011855466724E+04   3.5848365037980096E-01
   1.3000000000000000E+05   7.4990758821001299E-05   1.3334976412052898E+04   3.4548329962978352E-01
   1.4000000000000000E+05   7.2291601422032296E-05   1.3832865510366608E+04   3.3417379656882917E-01
   1.5000000000000000E+05   6.9928100737422932E-05   1.4300402691543961E+04   3.2425322595504219E-01
   1.6000000000000000E+05   6.7842565640876035E-05   1.4740008585369405E+04   3.1548782935483383E-01
   1.7000000000000000E+05   6.5989849794959846E-05   1.5153845676375186E+04   3.0769372124602540E-01
   1.8000000000000000E+05   6.4334106418719266E-05   1.5543854662276473E+04   3.0072420580384474E-01
   1.9000000000000000E+05   6.2846503060940521E-05   1.5911784288623470E+04   2.9446078751111687E-01
   2.0000000000000000E+05   6.1503580219452112E-05   1.6259216072168172E+04   2.8880667663246801E-01
   2.1000000000000000E+05   6.0286051368379905E-05   1.6587584976986916E+04   2.8368201599021348E-01
   2.2000000000000000E+05   5.9177911629258091E-05   1.6898196851975274E+04   2.7902031824937901E-01
   2.3000000000000000E+05   5.8165766122060068E-05   1.7192243250119216E+04   2.7476576931757157E-01
   2.4000000000000000E+05   5.7238317210629925E-05   1.7470814110766463E+04   2.7087116122417720E-01
   2.5000000000000000E+05   5.6385968370896379E-05   1.7734908681929282E+04   2.6729628906785136E-01
   2.6000000000000000E+05   5.5600514808103058E-05   1.7985444981064509E+04   2.6400669457894310E-01
   2.7000000000000000E+05   5.4874899397455726E-05   1.8223268032931741E+04   2.6097267168827726E-01
   2.8000000000000000E+05   5.4203018372783427E-05   1.8449157076870888E+04   2.5816847234382795E-01
   2.9000000000000000E+05   5.3579565298219622E-05   1.8663831899980509E+04   2.5557166694166467E-01
   3.0000000000000000E+05   5.2999904785533712E-05   1.8867958424577198E+04   2.5316262526903288E-01
   3.1000000000000000E+05   5.2459969532128680E-05   1.9062153655799557E+04   2.5092409220853484E-01
   3.2000000000000000E+05   5.1956175795085258E-05   1.9246990077637587E+04   2.4884083856497397E-01
   3.3000000000000000E+05   5.1485353554246154E-05   1.9422999571060089E+04   2.4689937190449551E-01
   3.4000000000000000E+05   5.1044688464204348E-05   1.9590676916389864E+04   2.4508769567816005E-01
   3.5000000000000000E+05   5.0631673332293503E-05   1.9750482932630784E+04   2.4339510745476350E-01
   3.6000000000000000E+05   5.0244067344348321E-05   1.9902847298298686E+04   2.4181202903359922E-01
   3.7000000000000000E+05   4.9879861628945690E-05   2.0048171092353070E+04   2.4032986269546908E-01
   3.8000000000000000E+05   4.9537250038193645E-05   2.0186829087787304E+04   2.3894086900861419E-01
   3.9000000000000000E+05   4.9214604243546088E-05   2.0319171826544523E+04   2.3763806250035624E-01
   4.0000000000000000E+05   4.8910452420414064E-05   2.0445527500020096E+04   2.3641512221460587E-01
   4.1000000000000000E+05   4.8623460930440041E-05   2.0566203656925707E+04   2.3526631472692580E-01
   4.2000000000000000E+05   4.8352418521003139E-05   2.0681488756671479E+04   2.3418642763726963E-01
   4.3000000000000000E+05   4.8096222646079865E-05   2.0791653584910087E+04   2.3317071190824679E-01
   4.4000000000000000E+05   4.7853867583410804E-05   2.0896952545308246E+04   2.3221483170477841E-01
   4.5000000000000000E+05   4.7624434077734318E-05   2.0997624840386852E+04   2.3131482061711664E-01
   4.6000000000000000E+05   4.7407080286273921E-05   2.1093895552338763E+04   2.3046704333851525E-01
   4.7000000000000000E+05   4.7201033839238273E-05   2.1185976633602862E+04   2.2966816201973272E-01
   4.8000000000000000E+05   4.7005584857565720E-05   2.1274067816200070E+04   2.2891510664496462E-01
   4.9000000000000000E+05   4.6820079796463391E-05   2.1358357447215123E+04   2.2820504888052051E-01
   5.0000000000000000E+05   4.6643916002247158E-05   2.1439023257648936E+04   2.2753537892791373E-01
   5.1000000000000000E+05   4.6476536888101875E-05   2.1516233070627150E+04   2.2690368498656291E-01
   5.2000000000000000E+05   4.6317427648207466E-05   2.1590145454433525E+04   2.2630773498903206E-01
   5.3000000000000000E+05   4.6166111441073707E-05   2.1660910325453711E+04   2.2574546031958198E-01
   5.4000000000000000E+05   4.6022145983229832E-05   2.1728669505424488E+04   2.2521494126910516E-01
   5.5000000000000000E+05   4.5885120503019400E-05   2.1793557236799599E+04   2.2471439401496160E-01
   5.6000000000000000E+05   4.5754653010159363E-05   2.1855700660170238E+04   2.2424215894032726E-01
   5.7000000000000000E+05   4.5630387843987058E-05   2.1915220256708275E+04   2.2379669013623407E-01
   5.8000000000000000E+05   4.5511993468127749E-05   2.1972230258389023E+04   2.2337654594988851E-01
   5.9000000000000000E+05   4.5399160481756956E-05   2.2026839029365681E+04   2.2298038045554722E-01
   6.0000000000000000E+05   4.5291599825023530E-05   2.2079149419833517E+04   2.2260693575019619E-01
   6.1000000000000000E+05   4.5189041154627412E-05   2.2129259095766385E+04   2.2225503497603119E-01
   6.2000000000000000E+05   4.5091231373333577E-05   2.2177260845251352E+04   2.2192357599755391E-01
   6.3000000000000000E+05   4.4997933294666000E-05   2.2223242864323704E+04   2.2161152565701692E-01
   6.4000000000000000E+05   4.4908924429852943E-05   2.2267289023187026E+04   2.2131791455127020E-01
   6.5000000000000000E+05   4.4823995883216653E-05   2.2309479114833397E+04   2.2104183227292051E-01
   6.6000000000000000E+05   4.4742951346070768E-05   2.2349889086782783E+04   2.2078242307179421E-01
   6.7000000000000000E+05   4.4665606177426749E-05   2.2388591258062526E+04   2.2053888188946591E-01
   6.8000000000000000E+05   4.4591786564503038E-05   2.2425654521679175E+04   2.2031045073454075E-01
   6.9000000000000000E+05   4.4521328753610838E-05   2.2461144534436131E+04   2.2009641536086008E-01
   7.0000000000000000E+05   4.4454078346052890E-05   2.2495123894268992E+04   2.1989610222356501E-01
   7.1000000000000000E+05   4.4389889651658005E-05   2.2527652306579886E+04   2.1970887568327688E-01
   7.2000000000000000E+05   4.4328625095000623E-05   2.2558786740100812E+04   2.1953413543648861E-01
   7.3000000000000000E+05   4.4270154669196587E-05   2.2588581573124829E+04   2.1937131415063316E-01
   7.4000000000000000E+05   4.4214355432811737E-05   2.2617088730821895E+04   2.1921987528485359E-01
   7.5000000000000000E+05   4.4161111046629960E-05   2.2644357813916744E+04   2.1907931108158579E-01
   7.6000000000000000E+05   4.4110311345684148E-05   2.2670436219848682E+04   2.1894914071080943E-01
   7.7000000000000000E+05   4.4061851944005492E-05   2.2695369256626258E+04   2.1882890855516599E-01
   7.8000000000000000E+05   4.4015633869358855E-05   2.2719200249803569E+04   2.1871818262405965E-01
   7.9000000000000000E+05   4.3971563224790289E-05   2.2741970643341152E+04   2.1861655308399650E-01
   8.0000000000000000E+05   4.3929550875009907E-05   2.2763720094595086E+04   2.1852363089618174E-01
   8.1000000000000000E+05   4.3889512156389353E-05   2.2784486563367325E+04   2.1843904655486546E-01
   8.2000000000000000E+05   4.3851366606484805E-05   2.2804306396510769E+04   2.1836244891204598E-01
   8.3000000000000000E+05   4.3815037713811688E-05   2.2823214407157135E+04   2.1829350408810350E-01
   8.4000000000000000E+05   4.3780452684388446E-05   2.2841243949873260E+04   2.1823189445618107E-01
   8.5000000000000000E+05   4.3747542225102539E-05   2.2858426991269822E+04   2.1817731769840568E-01
   8.6000000000000000E+05   4.3716240341297116E-05   2.2874794177012911E+04   2.1812948592466216E-01
   8.7000000000000000E+05   4.3686484148617181E-05   2.2890374894855286E+04   2.1808812485232310E-01
   8.8000000000000000E+05   4.3658213697533635E-05   2.2905197334184399E+04   2.1805297304086962E-01
   8.9000000000000000E+05   4.3631371808352609E-05   2.2919288542941580E+04   2.1802378117373489E-01
   9.0000000000000000E+05   4.3605903919027885E-05   2.2932674480430614E+04   2.1800031139266463E-01
   9.1000000000000000E+05   4.3581757940942913E-05   2.2945380068309485E+04   2.1798233666964315E-01
   9.2000000000000000E+05   4.3558884125141105E-05   2.2957429238248667E+04   2.1796964022234577E-01
   9.3000000000000000E+05   4.3537234936386961E-05   2.2968844977434102E+04   2.1796201496466519E-01
   9.4000000000000000E+05   4.3516764936225467E-05   2.2979649371122061E+04   2.1795926299471335E-01
   9.5000000000000000E+05   4.3497430671530753E-05   2.2989863643934819E+04   2.1796119510946721E-01
   9.6000000000000000E+05   4.3479190571732075E-05   2.2999508198070009E+04   2.1796763035435349E-01
   9.7000000000000000E+05   4.3462004851088760E-05   2.3008602650205386E+04   2.1797839559672910E-01
   9.8000000000000000E+05   4.3445835417998744E-05   2.3017165865930616E+04   2.1799332512824884E-01
   9.9000000000000000E+05   4.3430645788322885E-05   2.3025215993193182E+04   2.1801226028692100E-01
   1.0000000000000000E+06   4.3416401004944595E-05   2.3032770493484993E+04   2.1803504910460919E-01
   1.1000000000000000E+06   4.3319181165382795E-05   2.3084462196601253E+04   2.1844562945708065E-01
   1.2000000000000000E+06   4.3286887791234393E-05   2.3101683928464372E+04   2.1911341053156533E-01
   1.3000000000000000E+06   4.3301045600395866E-05   2.3094130548913534E+04   2.1995869204628385E-01
   1.4000000000000000E+06   4.3348838093275076E-05   2.3068669057478965E+04   2.2092657249177389E-01
   1.5000000000000000E+06   4.3421174928580705E-05   2.3030238164784889E+04   2.2197845699736632E-01
   1.6000000000000000E+06   4.3511488168328763E-05   2.2982436181713554E+04   2.2308676466288863E-01
   1.7000000000000000E+06   4.3614958079564522E-05   2.2927913817451150E+04   2.2423152439754940E-01
   1.8000000000000000E+06   4.3728001341024783E-05   2.2868641816058011E+04   2.2539812564653300E-01
   1.9000000000000000E+06   4.3847924555956217E-05   2.2806096528556496E+04   2.2657579716891574E-01
   2.0000000000000000E+06   4.3972684758572617E-05   2.2741390603971409E+04   2.2775655716022272E-01
   2.1000000000000000E+06   4.4100720797624429E-05   2.2675366341265493E+04   2.2893447561797597E-01
   2.2000000000000000E+06   4.4230832689675060E-05   2.2608663215002805E+04   2.3010514791817591E-01
   2.3000000000000000E+06   4.4362094021938171E-05   2.2541767291360840E+04   2.3126531381836193E-01
   2.4000000000000000E+06   4.4493787527412744E-05   2.2475047766699958E+04   2.3241257829464290E-01
   2.5000000000000000E+06   4.4625357144431623E-05   2.2408784242632795E+04   2.3354520471645279E-01
   2.6000000000000000E+06   4.4756371956927589E-05   2.2343187266438286E+04   2.3466196007197501E-01
   2.7000000000000000E+06   4.4886498824096175E-05   2.2278413915036199E+04   2.3576199815542315E-01
   2.8000000000000000E+06   4.5015481405431200E-05   2.2214579712999544E+04   2.3684477065292753E-01
   2.9000000000000000E+06   4.5143123980815135E-05   2.2151767795799398E+04   2.3790995904702156E-01
   3.0000000000000000E+06   4.5269278862724128E-05   2.2090036005045036E+04   2.3895742209187834E-01
   3.1000000000000000E+06   4.5393836545710630E-05   2.2029422408326765E+04   2.3998715509536769E-01
   3.2000000000000000E+06   4.5516717956552428E-05   2.1969949611800683E+04   2.4099925821608190E-01
   3.3000000000000000E+06   4.5637868311007125E-05   2.1911628150231023E+04   2.4199391164156686E-01
   3.4000000000000000E+06   4.5757252236109484E-05   2.1854459154145774E+04   2.4297135613262502E-01
   3.5000000000000000E+06   4.5874849868793092E-05   2.1798436460502991E+04   2.4393187770037872E-01
   3.6000000000000000E+06   4.5990653726804181E-05   2.1743548285707064E+04   2.4487579552434563E-01
   3.7000000000000000E+06   4.6104666196164611E-05   2.1689778551811505E+04   2.4580345243101157E-01
   3.8000000000000000E+06   4.6216897490237021E-05   2.1637107947612509E+04   2.4671520733847821E-01
   3.9000000000000000E+06   4.6327364014076808E-05   2.1585514766092561E+04   2.4761142933822936E-01
   4.0000000000000000E+06   4.6436087019372631E-05   2.1534975580151942E+04   2.4849249297916845E-01
   4.1000000000000000E+06   4.6543091531032175E-05   2.1485465771719511E+04   2.4935877461569353E-01
   4.2000000000000000E+06   4.6648405455415815E-05   2.1436959961166292E+04   2.5021064949806487E-01
   4.3000000000000000E+06   4.6752058870288190E-05   2.1389432340818661E+04   2.5104848955387471E-01
   4.4000000000000000E+06   4.6854083432587921E-05   2.1342856945195963E+04   2.5187266163858790E-01
   4.5000000000000000E+06   4.6954511899846057E-05   2.1297207862217787E+04   2.5268352621167994E-01
   4.6000000000000000E+06   4.7053377750004696E-05   2.1252459394371541E+04   2.5348143637014370E-01
   4.7000000000000000E+06   4.7150714863667299E-05   2.1208586187747609E+04   2.5426673711750486E-01
   4.8000000000000000E+06   4.7246557258700943E-05   2.1165563334582221E+04   2.5503976482428270E-01
   4.9000000000000000E+06   4.7340938905147962E-05   2.1123366437737841E+04   2.5580084694731953E-01
   5.0000000000000000E+06   4.7433893539731699E-05   2.1081971674165387E+04   2.5655030176888377E-01
   5.1000000000000000E+06   4.7525454535613287E-05   2.1041355832812675E+04   2.5728843830640830E-01
   5.2000000000000000E+06   4.7615654809066884E-05   2.1001496335813950E+04   2.5801555633489903E-01
   5.3000000000000000E+06   4.7704526724829025E-05   2.0962371260241955E+04   2.5873194640870811E-01
   5.4000000000000000E+06   4.7792102051031646E-05   2.0923959338139513E+04   2.5943789002398848E-01
   5.5000000000000000E+06   4.7878411880257925E-05   2.0886239971805284E+04   2.6013365968176005E-01
   5.6000000000000000E+06   4.7963486621199880E-05   2.0849193218534696E+04   2.6081951914674467E-01
   5.7000000000000000E+06   4.8047355963805404E-05   2.0812799787636828E+04   2.6149572362424622E-01
   5.8000000000000000E+06   4.8130048878747046E-05   2.0777041023151207E+04   2.6216252002701157E-01
   5.9000000000000000E+06   4.8211593566140347E-05   2.0741898909193362E+04   2.6282014708933815E-01
   6.0000000000000000E+06   4.8292017511661640E-05   2.0707356029565723E+04   2.6346883577775099E-01
   6.1000000000000000E+06   4.8371347434976020E-05   2.0673395574606777E+04   2.6410880938616410E-01
   6.2000000000000000E+06   4.8449609332602688E-05   2.0640001308061746E+04   2.6474028389029947E-01
   6.3000000000000000E+06   4.8526828464730977E-05   2.0607157558767609E+04   2.6536346813331035E-01
   6.4000000000000000E+06   4.8603029372916475E-05   2.0574849199775181E+04   2.6597856408994480E-01
   6.5000000000000000E+06   4.8678235905871515E-05   2.0543061624782120E+04   2.6658576714458748E-01
   6.6000000000000000E+06   4.8752471201958511E-05   2.0511780743533418E+04   2.6718526623721267E-01
   6.7000000000000000E+06   4.8825757742029863E-05   2.0480992948096879E+04   2.6777724420073151E-01
   6.8000000000000000E+06   4.8898117342976764E-05   2.0450685104825003E+04   2.6836187792128130E-01
   6.9000000000000000E+06   4.8969571174276243E-05   2.0420844537133726E+04   2.6893933855580138E-01
   7.0000000000000000E+06   4.9040139790557979E-05   2.0391459002173087E+04   2.6950979178735845E-01
   7.1000000000000000E+06   4.9109843140901755E-05   2.0362516677784650E+04   2.7007339800678076E-01
   7.2000000000000000E+06   4.9178700566602968E-05   2.0334006154670456E+04   2.7063031245429886E-01
   7.3000000000000000E+06   4.9246730871063664E-05   2.0305916399165064E+04   2.7118068555945318E-01
   7.4000000000000000E+06   4.9313952276198502E-05   2.0278236763485951E+04   2.7172466295164693E-01
   7.5000000000000000E+06   4.9380382489007370E-05   2.0250956950821743E+04   2.7226238577777151E-01
   7.6000000000000000E+06   4.9446038665612271E-05   2.0224067023097239E+04   2.7279399072221588E-01
   7.7000000000000000E+06   4.9510937494564312E-05   2.0197557360124472E+04   2.7331961036041597E-01
   7.8000000000000000E+06   4.9575095166638342E-05   2.0171418665736663E+04   2.7383937318412821E-01
   7.9000000000000000E+06   4.9638527389888320E-05   2.0145641955601335E+04   2.7435340375027761E-01
   8.0000000000000000E+06   4.9701249437660249E-05   2.0120218532016777E+04   2.7486182291864275E-01
   8.1000000000000000E+06   4.9763276130160117E-05   2.0095139986049438E+04   2.7536474789589171E-01
   8.2000000000000000E+06   4.9824621858311924E-05   2.0070398182724522E+04   2.7586229239547316E-01
   8.3000000000000000E+06   4.9885300617658514E-05   2.0045985242514864E+04   2.7635456682185788E-01
   8.4000000000000000E+06   4.9945325997081011E-05   2.0021893541318437E+04   2.7684167832227696E-01
   8.5000000000000000E+06   5.0004711206332478E-05   1.9998115695014003E+04   2.7732373094505469E-01
   8.6000000000000000E+06   5.0063469081138128E-05   1.9974644553282851E+04   2.7780082573052461E-01
   8.7000000000000000E+06   5.0121612087250151E-05   1.9951473194023190E+04   2.7827306079554465E-01
   8.8000000000000000E+06   5.0179152359200270E-05   1.9928594904147514E+04   2.7874053151343892E-01
   8.9000000000000000E+06   5.0236101710384538E-05   1.9906003172083027E+04   2.7920333060930963E-01
   9.0000000000000000E+06   5.0292471590204820E-05   1.9883691701379110E+04   2.7966154810182153E-01
   9.1000000000000000E+06   5.0348273182613676E-05   1.9861654368422736E+04   2.8011527164437472E-01
   9.2000000000000000E+06   5.0403517317219090E-05   1.9839885254562887E+04   2.8056458633049958E-01
   9.3000000000000000E+06   5.0458214582088349E-05   1.9818378598654974E+04   2.8100957507040092E-01
   9.4000000000000000E+06   5.0512375244389774E-05   1.9797128825595399E+04   2.8145031841855084E-01
   9.5000000000000000E+06   5.0566009320828848E-05   1.9776130515960769E+04   2.8188689482504481E-01
   9.6000000000000000E+06   5.0619126555106683E-05   1.9755378412374357E+04   2.8231938062033757E-01
   9.7000000000000000E+06   5.0671736414246447E-05   1.9734867418493446E+04   2.8274785005157610E-01
   9.8000000000000000E+06   5.0723848180661660E-05   1.9714592560846904E+04   2.8317237558927505E-01
   9.9000000000000000E+06   5.0775470821457614E-05   1.9694549037591634E+04   2.8359302759853028E-01
   1.0000000000000000E+07   5.0826613108964650E-05   1.9674732169467003E+04   2.8400987472299677E-01
   1.1000000000000000E+07   5.1313394915465430E-05   1.9488088863491052E+04   2.8798298754005830E-01
   1.2000000000000000E+07   5.1760323789700366E-05   1.9319817319206708E+04   2.9163961339845001E-01
   1.3000000000000000E+07   5.2173295319340586E-05   1.9166893597179038E+04   2.9502587916955397E-01
   1.4000000000000000E+07   5.2557012630696617E-05   1.9026956631396071E+04   2.9817862442044807E-01
   1.5000000000000000E+07   5.2915281367323887E-05   1.8898132527317859E+04   3.0112770978715753E-01
   1.6000000000000000E+07   5.3251220434581513E-05   1.8778912329877738E+04   3.0389765794290474E-01
   1.7000000000000000E+07   5.3567415843243423E-05   1.8668064984249791E+04   3.0650884507441434E-01
   1.8000000000000000E+07   5.3866033744427753E-05   1.8564574565571140E+04   3.0897837842232817E-01
   1.9000000000000000E+07   5.4148906051526738E-05   1.8467593769086034E+04   3.1132075689569794E-01
   2.0000000000000000E+07   5.4417594927356495E-05   1.8376409345817781E+04   3.1354837213625864E-01
   2.1000000000000000E+07   5.4673442977708412E-05   1.8290415703428858E+04   3.1567189654562428E-01
   2.2000000000000000E+07   5.4917612241972610E-05   1.8209094663364060E+04   3.1770058593667005E-01
   2.3000000000000000E+07   5.5151114879116115E-05   1.8131999728235172E+04   3.1964251844017461E-01
   2.4000000000000000E+07   5.5374837753781537E-05   1.8058743656214330E+04   3.2150478558461693E-01
   2.5000000000000000E+07   5.5589562134957946E-05   1.7988988608549265E+04   3.2329364604940536E-01
   2.6000000000000000E+07   5.5795979846665371E-05   1.7922438189061839E+04   3.2501465112406708E-01
   2.7000000000000000E+07   5.5994706300412924E-05   1.7858831058689306E+04   3.2667274701137522E-01
   2.8000000000000000E+07   5.6186291229849956E-05   1.7797935726156855E+04   3.2827235927645715E-01
   2.9000000000000000E+07   5.6371227716092327E-05   1.7739546228022449E+04   3.2981746338981138E-01
   3.0000000000000000E+07   5.6549959786811798E-05   1.7683478534200716E+04   3.3131164392852863E-01
   3.1000000000000000E+07   5.6722888319676847E-05   1.7629567704032197E+04   3.3275814304254558E-01
   3.2000000000000000E+07   5.6890377126871004E-05   1.7577665160663360E+04   3.3415990460412093E-01
   3.3000000000000000E+07   5.7052756566164245E-05   1.7527636878339039E+04   3.3551960734827085E-01
   3.4000000000000000E+07   5.7210328132484105E-05   1.7479361378320758E+04   3.3683969751245868E-01
   3.5000000000000000E+07   5.7363367605027520E-05   1.7432728268072544E+04   3.3812241463016657E-01
   3.6000000000000000E+07   5.7512127069542748E-05   1.7387637198513210E+04   3.3936981183393800E-01
   3.7000000000000000E+07   5.7656839181418675E-05   1.7343996205783591E+04   3.4058378060377126E-01
   3.8000000000000000E+07   5.7797717620303339E-05   1.7301721264659722E+04   3.4176606305477253E-01
   3.9000000000000000E+07   5.7934959564318403E-05   1.7260735271417892E+04   3.4291826858510782E-01
   4.0000000000000000E+07   5.8068747636211763E-05   1.7220967227755373E+04   3.4404188784226825E-01
   4.1000000000000000E+07   5.8199251090710693E-05   1.7182351684240355E+04   3.4513830352094904E-01
   4.2000000000000000E+07   5.8326626573911283E-05   1.7144828335525352E+04   3.4620879907525598E-01
   4.3000000000000000E+07   5.8451020549328379E-05   1.7108341147885920E+04   3.4725457142151639E-01
   4.4000000000000000E+07   5.8572568993269419E-05   1.7072838313014923E+04   3.4827673522606167E-01
   4.5000000000000000E+07   5.8691399034213710E-05   1.7038271645510744E+04   3.4927633215800913E-01
   4.6000000000000000E+07   5.8807629045794472E-05   1.7004596448213950E+04   3.5025433525265320E-01
   4.7000000000000000E+07   5.8921370440903383E-05   1.6971770895976941E+04   3.5121165768324619E-01
   4.8000000000000000E+07   5.9032727139710856E-05   1.6939756105682402E+04   3.5214915454061319E-01
   4.9000000000000000E+07   5.9141797240170353E-05   1.6908515578907351E+04   3.5306763054541446E-01
   5.0000000000000000E+07   5.9248671936705725E-05   1.6878015444266530E+04   3.5396783964209710E-01
   5.1000000000000000E+07   5.9353438509885852E-05   1.6848223541984698E+04   3.5485049591262396E-01
   5.2000000000000000E+07   5.9456178003694488E-05   1.6819110033239307E+04   3.5571626915282012E-01
   5.3000000000000000E+07   5.9556967255825203E-05   1.6790646771930638E+04   3.5656579262555577E-01
   5.4000000000000000E+07   5.9655878873279949E-05   1.6762807268738492E+04   3.5739966478938717E-01
   5.5000000000000000E+07   5.9752980992558589E-05   1.6735566717994141E+04   3.5821845025311028E-01
   5.6000000000000000E+07   5.9848339692832098E-05   1.6708901285022079E+04   3.5902268813105648E-01
   5.7000000000000000E+07   5.9942015212144000E-05   1.6682789133145532E+04   3.5981288264476818E-01
   5.8000000000000000E+07   6.0034066082072216E-05   1.6657209235718034E+04   3.6058951612872930E-01
   5.9000000000000000E+07   6.0124547937378551E-05   1.6632141684317176E+04   3.6135304678723340E-01
   6.0000000000000000E+07   6.0213513576146442E-05   1.6607567647342035E+04   3.6210390991352115E-01
   6.1000000000000000E+07   6.0301012164840042E-05   1.6583469565425872E+04   3.6284251659208383E-01
   6.2000000000000000E+07   6.0387091747430911E-05   1.6559830438307930E+04   3.6356926172092136E-01
   6.3000000000000000E+07   6.0471797223170296E-05   1.6536634363776466E+04   3.6428451907698167E-01
   6.4000000000000000E+07   6.0555171896708631E-05   1.6513866093976911E+04   3.6498864647823170E-01
   6.5000000000000000E+07   6.0637257005555566E-05   1.6491511149793278E+04   3.6568198513589756E-01
   6.6000000000000000E+07   6.0718091528417051E-05   1.6469555857696614E+04   3.6636485975329508E-01
   6.7000000000000000E+07   6.0797713653971585E-05   1.6447986937329108E+04   3.6703758329937658E-01
   6.8000000000000000E+07   6.0876158044821951E-05   1.6426792230608891E+04   3.6770044978030531E-01
   6.9000000000000000E+07   6.0953460445852565E-05   1.6405959443243435E+04   3.6835374785886404E-01
   7.0000000000000000E+07   6.1029651794270915E-05   1.6385477724352244E+04   3.6899774458028040E-01
   7.1000000000000000E+07   6.1104765255346385E-05   1.6365335760986412E+04   3.6963270582552815E-01
   7.2000000000000000E+07   6.1178829816667518E-05   1.6345523492303884E+04   3.7025887850644129E-01
   7.3000000000000000E+07   6.1251874576160895E-05   1.6326030948760517E+04   3.7087650314591508E-01
   7.4000000000000000E+07   6.1323927240167415E-05   1.6306848647896057E+04   3.7148580996567027E-01
   7.5000000000000000E+07   6.1395014768334509E-05   1.6287967415161642E+04   3.7208702105584412E-01
   7.6000000000000000E+07   6.1465162541099092E-05   1.6269378598508440E+04   3.7268034832091812E-01
   7.7000000000000000E+07   6.1534395043978294E-05   1.6251073879662028E+04   3.7326599571927721E-01
   7.8000000000000000E+07   6.1602734307044922E-05   1.6233045679688923E+04   3.7384415509983104E-01
   7.9000000000000000E+07   6.1670205892709617E-05   1.6215285574686493E+04   3.7441502348880701E-01
   8.0000000000000000E+07   6.1736829154894761E-05   1.6197786858975991E+04   3.7497877562836196E-01
   8.1000000000000000E+07   6.1802626522318240E-05   1.6180542094580382E+04   3.7553559060502129E-01
   8.2000000000000000E+07   6.1867617303660685E-05   1.6163544736041265E+04   3.7608563444459503E-01
   8.3000000000000000E+07   6.1931821041128355E-05   1.6146788245349824E+04   3.7662906985001726E-01
   8.4000000000000000E+07   6.1995258341726814E-05   1.6130265874332774E+04   3.7716605875395764E-01
   8.5000000000000000E+07   6.2009757835582369E-05   1.6126494198727241E+04   3.7755970149098672E-01
   8.6000000000000000E+07   6.2009715088716684E-05   1.6126505315647881E+04   3.7790791531382378E-01
   8.7000000000000000E+07   6.2009673890479466E-05   1.6126516029840519E+04   3.7825215571424586E-01
   8.8000000000000000E+07   6.2009634169221689E-05   1.6126526359936945E+04   3.7859251229550211E-01
   8.9000000000000000E+07   6.2009595857342886E-05   1.6126536323516208E+04   3.7892907166546846E-01
   9.0000000000000000E+07   6.2009558891021023E-05   1.6126545937174858E+04   3.7926191756861266E-01
   9.1000000000000000E+07   6.2009523209963739E-05   1.6126555216591625E+04   3.7959113101077524E-01
   9.2000000000000000E+07   6.2009488757177683E-05   1.6126564176587392E+04   3.7991679037722648E-01
   9.3000000000000000E+07   6.2009455478755470E-05   1.6126572831180589E+04   3.8023897154443825E-01
   9.4000000000000000E+07   6.2009423323678692E-05   1.6126581193638418E+04   3.8055774798596315E-01
   9.5000000000000000E+07   6.2009392243635110E-05   1.6126589276524383E+04   3.8087319087277682E-01
   9.6000000000000000E+07   6.2009362192849357E-05   1.6126597091742313E+04   3.8118536916846302E-01
   9.7000000000000000E+07   6.2009333127925427E-05   1.6126604650577316E+04   3.8149434971950569E-01
   9.8000000000000000E+07   6.2009305007701111E-05   1.6126611963733627E+04   3.8180019734103510E-01
   9.9000000000000000E+07   6.2009277793111968E-05   1.6126619041369982E+04   3.8210297489826750E-01
   1.0000000000000000E+08   6.2009251447065272E-05   1.6126625893132394E+04   3.8240274338390939E-01
   1.1000000000000000E+08   6.2009028792845233E-05   1.6126683798591970E+04   3.8524714612459382E-01
   1.2000000000000000E+08   6.2008863166108976E-05   1.6126726873240785E+04   3.8784626496568086E-01
   1.3000000000000000E+08   6.2008737196832936E-05   1.6126759634303191E+04   3.9023905346269805E-01
   1.4000000000000000E+08   6.2008639586645629E-05   1.6126785020056517E+04   3.9245586685448924E-01
   1.5000000000000000E+08   6.2008562742325130E-05   1.6126805005229238E+04   3.9452081958649604E-01
   1.6000000000000000E+08   6.2008501416421506E-05   1.6126820954508239E+04   3.9645338656356605E-01
   1.7000000000000000E+08   6.2008451894198920E-05   1.6126833833978579E+04   3.9826952173949537E-01
   1.8000000000000000E+08   6.2008411490139753E-05   1.6126844342061800E+04   3.9998245872127997E-01
   1.9000000000000000E+08   6.2008378226580311E-05   1.6126852993090270E+04   4.0160329603664163E-01
   2.0000000000000000E+08   6.2008350623080503E-05   1.6126860172084374E+04   4.0314143302525668E-01
   2.1000000000000000E+08   6.2008327555089748E-05   1.6126866171508580E+04   4.0460489988530685E-01
   2.2000000000000000E+08   6.2008308157105322E-05   1.6126871216456719E+04   4.0600061129095627E-01
   2.3000000000000000E+08   6.2008291755057322E-05   1.6126875482236477E+04   4.0733456388056971E-01
   2.4000000000000000E+08   6.2008277818293781E-05   1.6126879106856579E+04   4.0861199189136044E-01
   2.5000000000000000E+08   6.2008265924955538E-05   1.6126882200031741E+04   4.0983749115226453E-01
   2.6000000000000000E+08   6.2008255736654408E-05   1.6126884849768139E+04   4.1101511885346903E-01
   2.7000000000000000E+08   6.2008246979716660E-05   1.6126887127241436E+04   4.1214847455799425E-01
   2.8000000000000000E+08   6.2008239431125161E-05   1.6126889090452843E+04   4.1324076653435887E-01
   2.9000000000000000E+08   6.2008232907867505E-05   1.6126890786999380E+04   4.1429486649039771E-01
   3.0000000000000000E+08   6.2008227258784619E-05   1.6126892256193820E+04   4.1531335505998923E-01
   3.1000000000000000E+08   6.2008222358273619E-05   1.6126893530702424E+04   4.1629855985614805E-01
   3.2000000000000000E+08   6.2008218101381702E-05   1.6126894637820880E+04   4.1725258750219874E-01
   3.3000000000000000E+08   6.2008214399952293E-05   1.6126895600476597E+04   4.1817735074957990E-01
   3.4000000000000000E+08   6.2008211179575163E-05   1.6126896438021897E+04   4.1907459155974952E-01
   3.5000000000000000E+08   6.2008208377155666E-05   1.6126897166866192E+04   4.1994590085020983E-01
   3.6000000000000000E+08   6.2008205938964659E-05   1.6126897800983163E+04   4.2079273546692891E-01
   3.7000000000000000E+08   6.2008203819063887E-05   1.6126898352320259E+04   4.2161643283790767E-01
   3.8000000000000000E+08   6.2008201978027734E-05   1.6126898831131159E+04   4.2241822367796489E-01
   3.9000000000000000E+08   6.2008200381899421E-05   1.6126899246247218E+04   4.2319924304769613E-01
   4.0000000000000000E+08   6.2008199001333837E-05   1.6126899605300414E+04   4.2396054001598665E-01
   4.1000000000000000E+08   6.2008197810891209E-05   1.6126899914907039E+04   4.2470308613250879E-01
   4.2000000000000000E+08   6.2008196788451060E-05   1.6126900180820108E+04   4.2542778288177102E-01
   4.3000000000000000E+08   6.2008195914724730E-05   1.6126900408056154E+04   4.2613546826228993E-01
   4.4000000000000000E+08   6.2008195172847901E-05   1.6126900601001194E+04   4.2682692261116378E-01
   4.5000000000000000E+08   6.2008194548038398E-05   1.6126900763499729E+04   4.2750287377571311E-01
   4.6000000000000000E+08   6.2008194027308089E-05   1.6126900898929671E+04   4.2816400171793323E-01
   4.7000000000000000E+08   6.2008193599219128E-05   1.6126901010265734E+04   4.2881094262498320E-01
   4.8000000000000000E+08   6.2008193253677268E-05   1.6126901100133204E+04   4.2944429258778749E-01
   4.9000000000000000E+08   6.2008192981755650E-05   1.6126901170853745E+04   4.3006461090124865E-01
   5.0000000000000000E+08   6.2008192775544652E-05   1.6126901224484471E+04   4.3067242303171838E-01
   5.1000000000000000E+08   6.2008192628023063E-05   1.6126901262851436E+04   4.3126822329123365E-01
   5.2000000000000000E+08   6.2008192532947261E-05   1.6126901287578459E+04   4.3185247725263959E-01
   5.3000000000000000E+08   6.2008192484756127E-05   1.6126901300111862E+04   4.3242562393508810E-01
   5.4000000000000000E+08   6.2008192478488626E-05   1.6126901301741895E+04   4.3298807778573456E-01
   5.5000000000000000E+08   6.2008192509712415E-05   1.6126901293621308E+04   4.3354023047981965E-01
   5.6000000000000000E+08   6.2008192574461972E-05   1.6126901276781440E+04   4.3408245255906380E-01
   5.7000000000000000E+08   6.2008192669184799E-05   1.6126901252146217E+04   4.3461509492513922E-01
   5.8000000000000000E+08   6.2008192790694304E-05   1.6126901220544396E+04   4.3513849020359602E-01
   5.9000000000000000E+08   6.2008192936128886E-05   1.6126901182720216E+04   4.3565295399141124E-01
   6.0000000000000000E+08   6.2008193102915812E-05   1.6126901139342781E+04   4.3615878599983071E-01
   6.1000000000000000E+08   6.2008193288739662E-05   1.6126901091014284E+04   4.3665627110293331E-01
   6.2000000000000000E+08   6.2008193491514606E-05   1.6126901038277198E+04   4.3714568030112499E-01
   6.3000000000000000E+08   6.2008193709359839E-05   1.6126900981620676E+04   4.3762727160759790E-01
   6.4000000000000000E+08   6.2008193940578203E-05   1.6126900921486113E+04   4.3810129086516064E-01
   6.5000000000000000E+08   6.2008194183636774E-05   1.6126900858272185E+04   4.3856797249981905E-01
   6.6000000000000000E+08   6.2008194437150171E-05   1.6126900792339200E+04   4.3902754021694351E-01
   6.7000000000000000E+08   6.2008194699865408E-05   1.6126900724013027E+04   4.3948020764512363E-01
   6.8000000000000000E+08   6.2008194970648777E-05   1.6126900653588522E+04   4.3992617893245212E-01
   6.9000000000000000E+08   6.2008195248473578E-05   1.6126900581332702E+04   4.4036564929930311E-01
   7.0000000000000000E+08   6.2008195532410067E-05   1.6126900507487373E+04   4.4079880555143369E-01
   7.1000000000000000E+08   6.2008195821615413E-05   1.6126900432271739E+04   4.4122582655672266E-01
   7.2000000000000000E+08   6.2008196115325822E-05   1.6126900355884442E+04   4.4164688368865551E-01
   7.3000000000000000E+08   6.2008196412848598E-05   1.6126900278505636E+04   4.4206214123919113E-01
   7.4000000000000000E+08   6.2008196713555581E-05   1.6126900200298693E+04   4.4247175680367751E-01
   7.5000000000000000E+08   6.2008197016876968E-05   1.6126900121411803E+04   4.4287588163986574E-01
   7.6000000000000000E+08   6.2008197322295961E-05   1.6126900041979377E+04   4.4327466100329310E-01
   7.7000000000000000E+08   6.2008197629343629E-05   1.6126899962123371E+04   4.4366823446064557E-01
   7.8000000000000000E+08   6.2008197937594883E-05   1.6126899881954339E+04   4.4405673618306324E-01
   7.9000000000000000E+08   6.2008198246664073E-05   1.6126899801572583E+04   4.4444029522066952E-01
   8.0000000000000000E+08   6.2008198556201652E-05   1.6126899721069010E+04   4.4481903575994441E-01
   8.1000000000000000E+08   6.2008198865890924E-05   1.6126899640525986E+04   4.4519307736506025E-01
   8.2000000000000000E+08   6.2008199175444915E-05   1.6126899560018146E+04   4.4556253520451289E-01
   8.3000000000000000E+08   6.2008199484604013E-05   1.6126899479613010E+04   4.4592752026394267E-01
   8.4000000000000000E+08   6.2008199793133338E-05   1.6126899399371665E+04   4.4628813954627206E-01
   8.5000000000000000E+08   6.2008200100820631E-05   1.6126899319349313E+04   4.4664449626004571E-01
   8.6000000000000000E+08   6.2008200407474192E-05   1.6126899239595812E+04   4.4699668999673364E-01
   8.7000000000000000E+08   6.2008200712921266E-05   1.6126899160156090E+04   4.4734481689774575E-01
   8.8000000000000000E+08   6.2008201017006378E-05   1.6126899081070584E+04   4.4768896981202277E-01
   8.9000000000000000E+08   6.2008201319589573E-05   1.6126899002375692E+04   4.4802923844469938E-01
   9.0000000000000000E+08   6.2008201620545380E-05   1.6126898924104049E+04   4.4836570949734345E-01
   9.1000000000000000E+08   6.2008201919761517E-05   1.6126898846284854E+04   4.4869846680073089E-01
   9.2000000000000000E+08   6.2008202217137586E-05   1.6126898768944216E+04   4.4902759144000637E-01
   9.3000000000000000E+08   6.2008202512584318E-05   1.6126898692105358E+04   4.4935316187350272E-01
   9.4000000000000000E+08   6.2008202806022416E-05   1.6126898615788899E+04   4.4967525404479591E-01
   9.5000000000000000E+08   6.2008203097381787E-05   1.6126898540013070E+04   4.4999394148917438E-01
   9.6000000000000000E+08   6.2008203386600699E-05   1.6126898464793923E+04   4.5030929543433917E-01
   9.7000000000000000E+08   6.2008203673625335E-05   1.6126898390145459E+04   4.5062138489595910E-01
   9.8000000000000000E+08   6.2008203958408668E-05   1.6126898316079907E+04   4.5093027676836933E-01
   9.9000000000000000E+08   6.2008204240910297E-05   1.6126898242607775E+04   4.5123603591059702E-01
   1.0000000000000000E+09   6.2008204521095758E-05   1.6126898169738024E+04   4.5153872522806332E-01
   1.1000000000000000E+09   6.2008207191286134E-05   1.6126897475283366E+04   4.5440936519303371E-01
   1.2000000000000000E+09   6.2008209620699169E-05   1.6126896843449369E+04   4.5703027857721679E-01
   1.3000000000000000E+09   6.2008211821423188E-05   1.6126896271092124E+04   4.5944145835130878E-01
   1.4000000000000000E+09   6.2008213813618808E-05   1.6126895752968312E+04   4.6167399856695945E-01
   1.5000000000000000E+09   6.2008215619244539E-05   1.6126895283367025E+04   4.6375255317573022E-01
   1.6000000000000000E+09   6.2008217259394442E-05   1.6126894856802177E+04   4.6569700021644211E-01
   1.7000000000000000E+09   6.2008218753273017E-05   1.6126894468279121E+04   4.6752360091618744E-01
   1.8000000000000000E+09   6.2008220117914042E-05   1.6126894113367760E+04   4.6924582717869473E-01
   1.9000000000000000E+09   6.2008221368229337E-05   1.6126893788189873E+04   4.7087496517157329E-01
   2.0000000000000000E+09   6.2008222517191759E-05   1.6126893489371520E+04   4.7242056399463839E-01
   2.1000000000000000E+09   6.2008223576060165E-05   1.6126893213984529E+04   4.7389077482293701E-01
   2.2000000000000000E+09   6.2008224554605101E-05   1.6126892959487812E+04   4.7529261112021159E-01
   2.3000000000000000E+09   6.2008225461316033E-05   1.6126892723673449E+04   4.7663215098909067E-01
   2.4000000000000000E+09   6.2008226303584833E-05   1.6126892504618989E+04   4.7791469644333123E-01
   2.5000000000000000E+09   6.2008227087864334E-05   1.6126892300646196E+04   4.7914490015872169E-01
   2.6000000000000000E+09   6.2008227819804085E-05   1.6126892110285757E+04   4.8032686735992935E-01
   2.7000000000000000E+09   6.2008228504365013E-05   1.6126891932247445E+04   4.8146423847549968E-01
   2.8000000000000000E+09   6.2008229145917159E-05   1.6126891765394719E+04   4.8256025675967640E-01
   2.9000000000000000E+09   6.2008229748321733E-05   1.6126891608723365E+04   4.8361782404645887E-01
   3.0000000000000000E+09   6.2008230315000924E-05   1.6126891461343350E+04   4.8463954705198364E-01
   3.1000000000000000E+09   6.2008230848996813E-05   1.6126891322463500E+04   4.8562777608370095E-01
   3.2000000000000000E+09   6.2008231353021559E-05   1.6126891191378447E+04   4.8658463760414800E-01
   3.3000000000000000E+09   6.2008231829499777E-05   1.6126891067457604E+04   4.8751206178421602E-01
   3.4000000000000000E+09   6.2008232280605198E-05   1.6126890950135634E+04   4.8841180594283340E-01
   3.5000000000000000E+09   6.2008232708291662E-05   1.6126890838904388E+04   4.8928547458935912E-01
   3.6000000000000000E+09   6.2008233114319562E-05   1.6126890733306029E+04   4.9013453664243145E-01
   3.7000000000000000E+09   6.2008233500279340E-05   1.6126890632926921E+04   4.9096034029020441E-01
   3.8000000000000000E+09   6.2008233867610966E-05   1.6126890537392561E+04   4.9176412586868362E-01
   3.9000000000000000E+09   6.2008234217620972E-05   1.6126890446363150E+04   4.9254703706735820E-01
   4.0000000000000000E+09   6.2008234551497670E-05   1.6126890359529636E+04   4.9331013071653990E-01
   4.1000000000000000E+09   6.2008234870323961E-05   1.6126890276610380E+04   4.9405438536606572E-01
   4.2000000000000000E+09   6.2008235175088733E-05   1.6126890197348199E+04   4.9478070883060682E-01
   4.3000000000000000E+09   6.2008235466696712E-05   1.6126890121507791E+04   4.9548994484685971E-01
   4.4000000000000000E+09   6.2008235745977000E-05   1.6126890048873527E+04   4.9618287896604107E-01
   4.5000000000000000E+09   6.2008236013691128E-05   1.6126889979247351E+04   4.9686024378367810E-01
   4.6000000000000000E+09   6.2008236270539300E-05   1.6126889912447157E+04   4.9752272359525640E-01
   4.7000000000000000E+09   6.2008236517166902E-05   1.6126889848305096E+04   4.9817095855069926E-01
   4.8000000000000000E+09   6.2008236754169255E-05   1.6126889786666336E+04   4.9880554837218127E-01
   4.9000000000000000E+09   6.2008236982096619E-05   1.6126889727387768E+04   4.9942705568803453E-01
   5.0000000000000000E+09   6.2008237201458352E-05   1.6126889670336919E+04   5.0003600902993761E-01
   5.1000000000000000E+09   6.2008237412726475E-05   1.6126889615391032E+04   5.0063290553407580E-01
   5.2000000000000000E+09   6.2008237616339182E-05   1.6126889562436138E+04   5.0121821337905015E-01
   5.3000000000000000E+09   6.2008237812703618E-05   1.6126889511366349E+04   5.0179237399247090E-01
   5.4000000000000000E+09   6.2008238002198821E-05   1.6126889462083087E+04   5.0235580405069669E-01
   5.5000000000000000E+09   6.2008238185177846E-05   1.6126889414494532E+04   5.0290889729535371E-01
   5.6000000000000000E+09   6.2008238361970007E-05   1.6126889368515034E+04   5.0345202618632579E-01
   5.7000000000000000E+09   6.2008238532883014E-05   1.6126889324064567E+04   5.0398554340840751E-01
   5.8000000000000000E+09   6.2008238698204452E-05   1.6126889281068337E+04   5.0450978324683504E-01
   5.9000000000000000E+09   6.2008238858203554E-05   1.6126889239456321E+04   5.0502506284516158E-01
   6.0000000000000000E+09   6.2008239013132602E-05   1.6126889199162908E+04   5.0553168335776777E-01
   6.1000000000000000E+09   6.2008239163228142E-05   1.6126889160126577E+04   5.0602993100705851E-01
   6.2000000000000000E+09   6.2008239308712434E-05   1.6126889122289524E+04   5.0652007805414123E-01
   6.3000000000000000E+09   6.2008239449794201E-05   1.6126889085597464E+04   5.0700238369279249E-01
   6.4000000000000000E+09   6.2008239586669833E-05   1.6126889049999321E+04   5.0747709487238235E-01
   6.5000000000000000E+09   6.2008239719524321E-05   1.6126889015446985E+04   5.0794444705692288E-01
   6.6000000000000000E+09   6.2008239848531830E-05   1.6126888981895157E+04   5.0840466492690661E-01
   6.7000000000000000E+09   6.2008239973856792E-05   1.6126888949301074E+04   5.0885796302732711E-01
   6.8000000000000000E+09   6.2008240095654329E-05   1.6126888917624392E+04   5.0930454636890843E-01
   6.9000000000000000E+09   6.2008240214070972E-05   1.6126888886827001E+04   5.0974461098438362E-01
   7.0000000000000000E+09   6.2008240329245403E-05   1.6126888856872833E+04   5.1017834444511834E-01
   7.1000000000000000E+09   6.2008240441308634E-05   1.6126888827727815E+04   5.1060592634152313E-01
   7.2000000000000000E+09   6.2008240550384875E-05   1.6126888799359642E+04   5.1102752872928281E-01
   7.3000000000000000E+09   6.2008240656591775E-05   1.6126888771737718E+04   5.1144331654502806E-01
   7.4000000000000000E+09   6.2008240760040912E-05   1.6126888744833026E+04   5.1185344799400001E-01
   7.5000000000000000E+09   6.2008240860838144E-05   1.6126888718618029E+04   5.1225807491074049E-01
   7.6000000000000000E+09   6.2008240959083964E-05   1.6126888693066598E+04   5.1265734309759636E-01
   7.7000000000000000E+09   6.2008241054873958E-05   1.6126888668153866E+04   5.1305139263958532E-01
   7.8000000000000000E+09   6.2008241148298832E-05   1.6126888643856249E+04   5.1344035819905898E-01
   7.9000000000000000E+09   6.2008241239445053E-05   1.6126888620151256E+04   5.1382436929285591E-01
   8.0000000000000000E+09   6.2008241328394896E-05   1.6126888597017489E+04   5.1420355055057598E-01
   8.1000000000000000E+09   6.2008241415226602E-05   1.6126888574434599E+04   5.1457802195754487E-01
   8.2000000000000000E+09   6.2008241500014925E-05   1.6126888552383147E+04   5.1494789908284866E-01
   8.3000000000000000E+09   6.2008241582831044E-05   1.6126888530844617E+04   5.1531329329340536E-01
   8.4000000000000000E+09   6.2008241663742884E-05   1.6126888509801345E+04   5.1567431195518876E-01
   8.5000000000000000E+09   6.2008241742815293E-05   1.6126888489236468E+04   5.1603105862262166E-01
   8.6000000000000000E+09   6.2008241820110221E-05   1.6126888469133872E+04   5.1638363321694380E-01
   8.7000000000000000E+09   6.2008241895686892E-05   1.6126888449478152E+04   5.1673213219386360E-01
   8.8000000000000000E+09   6.2008241969601833E-05   1.6126888430254612E+04   5.1707664870288128E-01
   8.9000000000000000E+09   6.2008242041909349E-05   1.6126888411449123E+04   5.1741727273573357E-01
   9.0000000000000000E+09   6.2008242112661117E-05   1.6126888393048250E+04   5.1775409126784655E-01
   9.1000000000000000E+09   6.2008242181906751E-05   1.6126888375039085E+04   5.1808718839197210E-01
   9.2000000000000000E+09   6.2008242249693876E-05   1.6126888357409245E+04   5.1841664544340160E-01
   9.3000000000000000E+09   6.2008242316067961E-05   1.6126888340146903E+04   5.1874254112042495E-01
   9.4000000000000000E+09   6.2008242381072793E-05   1.6126888323240673E+04   5.1906495159569888E-01
   9.5000000000000000E+09   6.2008242444750196E-05   1.6126888306679675E+04   5.1938395062441833E-01
   9.6000000000000000E+09   6.2008242507140366E-05   1.6126888290453457E+04   5.1969960964492978E-01
   9.7000000000000000E+09   6.2008242568281955E-05   1.6126888274551964E+04   5.2001199787442320E-01
   9.8000000000000000E+09   6.2008242628212043E-05   1.6126888258965555E+04   5.2032118240120706E-01
   9.9000000000000000E+09   6.2008242686966192E-05   1.6126888243684980E+04   5.2062722826972618E-01
   1.0000000000000000E+10   6.2008242744578744E-05   1.6126888228701308E+04   5.2093019856376133E-01
   1.1000000000000000E+10   6.2008243264580673E-05   1.6126888093461015E+04   5.2380336664091243E-01
   1.2000000000000000E+10   6.2008243699963306E-05   1.6126887980228215E+04   5.2642638584728785E-01
   1.3000000000000000E+10   6.2008244069818033E-05   1.6126887884037687E+04   5.2883934679850064E-01
   1.4000000000000000E+10   6.2008244387897255E-05   1.6126887801312752E+04   5.3107341324277002E-01
   1.5000000000000000E+10   6.2008244664358008E-05   1.6126887729411807E+04   5.3315329021077151E-01
   1.6000000000000000E+10   6.2008244906864597E-05   1.6126887666341539E+04   5.3509889403029742E-01
   1.7000000000000000E+10   6.2008245121308661E-05   1.6126887610569676E+04   5.3692651519427603E-01
   1.8000000000000000E+10   6.2008245312293692E-05   1.6126887560898957E+04   5.3864964835948592E-01
   1.9000000000000000E+10   6.2008245483468710E-05   1.6126887516380357E+04   5.4027959765015732E-01
   2.0000000000000000E+10   6.2008245637763337E-05   1.6126887476251950E+04   5.4182592652625305E-01
   2.1000000000000000E+10   6.2008245777556828E-05   1.6126887439894948E+04   5.4329679778434647E-01
   2.2000000000000000E+10   6.2008245904801397E-05   1.6126887406801627E+04   5.4469923439438039E-01
   2.3000000000000000E+10   6.2008246021113983E-05   1.6126887376551458E+04   5.4603932230951213E-01
   2.4000000000000000E+10   6.2008246127845095E-05   1.6126887348793203E+04   5.4732237008444007E-01
   2.5000000000000000E+10   6.2008246226131816E-05   1.6126887323231138E+04   5.4855303588829241E-01
   2.6000000000000000E+10   6.2008246316937977E-05   1.6126887299614589E+04   5.4973542959266108E-01
   2.7000000000000000E+10   6.2008246401086228E-05   1.6126887277729607E+04   5.5087319558438275E-01
   2.8000000000000000E+10   6.2008246479282764E-05   1.6126887257392527E+04   5.5196958051012357E-01
   2.9000000000000000E+10   6.2008246552137559E-05   1.6126887238444708E+04   5.5302748912639477E-01
   3.0000000000000000E+10   6.2008246620179729E-05   1.6126887220748538E+04   5.5404953068421814E-01
   3.1000000000000000E+10   6.2008246683870874E-05   1.6126887204183970E+04   5.5503805769662040E-01
   3.2000000000000000E+10   6.2008246743615374E-05   1.6126887188645829E+04   5.5599519855658353E-01
   3.3000000000000000E+10   6.2008246799769064E-05   1.6126887174041574E+04   5.5692288513125920E-01
   3.4000000000000000E+10   6.2008246852646105E-05   1.6126887160289500E+04   5.5782287623605664E-01
   3.5000000000000000E+10   6.2008246902525260E-05   1.6126887147317104E+04   5.5869677770544768E-01
   3.6000000000000000E+10   6.2008246949654363E-05   1.6126887135059933E+04   5.5954605963564785E-01
   3.7000000000000000E+10   6.2008246994254781E-05   1.6126887123460412E+04   5.6037207126565280E-01
   3.8000000000000000E+10   6.2008247036524625E-05   1.6126887112467019E+04   5.6117605387157143E-01
   3.9000000000000000E+10   6.2008247076642017E-05   1.6126887102033428E+04   5.6195915198538626E-01
   4.0000000000000000E+10   6.2008247114767173E-05   1.6126887092117971E+04   5.6272242319729426E-01
   4.1000000000000000E+10   6.2008247151044984E-05   1.6126887082682966E+04   5.6346684674122904E-01
   4.2000000000000000E+10   6.2008247185606449E-05   1.6126887073694343E+04   5.6419333105137126E-01
   4.3000000000000000E+10   6.2008247218570586E-05   1.6126887065121145E+04   5.6490272042763279E-01
   4.4000000000000000E+10   6.2008247250045680E-05   1.6126887056935213E+04   5.6559580093021200E-01
   4.5000000000000000E+10   6.2008247280130339E-05   1.6126887049110901E+04   5.6627330562118050E-01
   4.6000000000000000E+10   6.2008247308914687E-05   1.6126887041624768E+04   5.6693591922037156E-01
   4.7000000000000000E+10   6.2008247336481272E-05   1.6126887034455349E+04   5.6758428226665669E-01
   4.8000000000000000E+10   6.2008247362905773E-05   1.6126887027582958E+04   5.6821899483859117E-01
   4.9000000000000000E+10   6.2008247388257699E-05   1.6126887020989518E+04   5.6884061989137791E-01
   5.0000000000000000E+10   6.2008247412601088E-05   1.6126887014658374E+04   5.6944968625865044E-01
   5.1000000000000000E+10   6.2008247435994864E-05   1.6126887008574204E+04   5.7004669135186314E-01
   5.2000000000000000E+10   6.2008247458493671E-05   1.6126887002722793E+04   5.7063210360726180E-01
   5.3000000000000000E+10   6.2008247480147777E-05   1.6126886997091069E+04   5.7120636468886554E-01
   5.4000000000000000E+10   6.2008247501003938E-05   1.6126886991666872E+04   5.7176989149213464E-01
   5.5000000000000000E+10   6.2008247521105412E-05   1.6126886986438951E+04   5.7232307796127613E-01
   5.6000000000000000E+10   6.2008247540492465E-05   1.6126886981396834E+04   5.7286629674643341E-01
   5.7000000000000000E+10   6.2008247559202528E-05   1.6126886976530786E+04   5.7339990070564817E-01
   5.8000000000000000E+10   6.2008247577270405E-05   1.6126886971831756E+04   5.7392422428965095E-01
   5.9000000000000000E+10   6.2008247594728675E-05   1.6126886967291272E+04   5.7443958479283341E-01
   6.0000000000000000E+10   6.2008247611607616E-05   1.6126886962901455E+04   5.7494628351158450E-01
   6.1000000000000000E+10   6.2008247627935606E-05   1.6126886958654930E+04   5.7544460680220189E-01
   6.2000000000000000E+10   6.2008247643739167E-05   1.6126886954544796E+04   5.7593482704875842E-01
   6.3000000000000000E+10   6.2008247659043250E-05   1.6126886950564563E+04   5.7641720356235937E-01
   6.4000000000000000E+10   6.2008247673871097E-05   1.6126886946708189E+04   5.7689198340064740E-01
   6.5000000000000000E+10   6.2008247688244582E-05   1.6126886942969984E+04   5.7735940213089731E-01
   6.6000000000000000E+10   6.2008247702184305E-05   1.6126886939344589E+04   5.7781968452853139E-01
   6.7000000000000000E+10   6.2008247715709592E-05   1.6126886935826980E+04   5.7827304522966061E-01
   6.8000000000000000E+10   6.2008247728838629E-05   1.6126886932412426E+04   5.7871968933014140E-01
   6.9000000000000000E+10   6.2008247741588684E-05   1.6126886929096438E+04   5.7915981294163565E-01
   7.0000000000000000E+10   6.2008247753975803E-05   1.6126886925874838E+04   5.7959360371281421E-01
   7.1000000000000000E+10   6.2008247766015353E-05   1.6126886922743635E+04   5.8002124130416566E-01
   7.2000000000000000E+10   6.2008247777721755E-05   1.6126886919699074E+04   5.8044289783955905E-01
   7.3000000000000000E+10   6.2008247789108574E-05   1.6126886916737631E+04   5.8085873831884272E-01
   7.4000000000000000E+10   6.2008247800188809E-05   1.6126886913855922E+04   5.8126892100763561E-01
   7.5000000000000000E+10   6.2008247810974601E-05   1.6126886911050791E+04   5.8167359779594618E-01
   7.6000000000000000E+10   6.2008247821477593E-05   1.6126886908319211E+04   5.8207291454287557E-01
   7.7000000000000000E+10   6.2008247831708748E-05   1.6126886905658328E+04   5.8246701138166834E-01
   7.8000000000000000E+10   6.2008247841678448E-05   1.6126886903065444E+04   5.8285602302533635E-01
   7.9000000000000000E+10   6.2008247851396599E-05   1.6126886900537980E+04   5.8324007903640285E-01
   8.0000000000000000E+10   6.2008247860872689E-05   1.6126886898073473E+04   5.8361930408782137E-01
   8.1000000000000000E+10   6.2008247870115566E-05   1.6126886895669619E+04   5.8399381820633101E-01
   8.2000000000000000E+10   6.2008247879133675E-05   1.6126886893324219E+04   5.8436373700162181E-01
   8.3000000000000000E+10   6.2008247887935283E-05   1.6126886891035128E+04   5.8472917187767293E-01
   8.4000000000000000E+10   6.2008247896527965E-05   1.6126886888800374E+04   5.8509023023658002E-01
   8.5000000000000000E+10   6.2008247904919134E-05   1.6126886886618029E+04   5.8544701566551149E-01
   8.6000000000000000E+10   6.2008247913115716E-05   1.6126886884486290E+04   5.8579962812061614E-01
   8.7000000000000000E+10   6.2008247921124514E-05   1.6126886882403391E+04   5.8614816408794590E-01
   8.8000000000000000E+10   6.2008247928951844E-05   1.6126886880367685E+04   5.8649271674541381E-01
   8.9000000000000000E+10   6.2008247936603763E-05   1.6126886878377602E+04   5.8683337611362218E-01
   9.0000000000000000E+10   6.2008247944086208E-05   1.6126886876431594E+04   5.8717022919675488E-01
   9.1000000000000000E+10   6.2008247951404681E-05   1.6126886874528231E+04   5.8750336011209203E-01
   9.2000000000000000E+10   6.2008247958564509E-05   1.6126886872666128E+04   5.8783285021988996E-01
   9.3000000000000000E+10   6.2008247965570813E-05   1.6126886870843953E+04   5.8815877824141749E-01
   9.4000000000000000E+10   6.2008247972428500E-05   1.6126886869060430E+04   5.8848122037447304E-01
   9.5000000000000000E+10   6.2008247979142205E-05   1.6126886867314353E+04   5.8880025039215689E-01
   9.6000000000000000E+10   6.2008247985716427E-05   1.6126886865604552E+04   5.8911593975706877E-01
   9.7000000000000000E+10   6.2008247992155477E-05   1.6126886863929907E+04   5.8942835770455770E-01
   9.8000000000000000E+10   6.2008247998463542E-05   1.6126886862289328E+04   5.8973757134231131E-01
   9.9000000000000000E+10   6.2008248004644429E-05   1.6126886860681825E+04   5.9004364573407464E-01
   1.0000000000000000E+11   6.2008248010702097E-05   1.6126886859106367E+04   5.9034664398238168E-01
