   1.0000000000000000E+00   0.0000000000000000E+00   1.0000000000000000E+30   0.0000000000000000E+00
   2.0000000000000000E+00   0.0000000000000000E+00   1.0000000000000000E+30   0.0000000000000000E+00
   3.0000000000000000E+00   0.0000000000000000E+00   1.0000000000000000E+30   0.0000000000000000E+00
   4.0000000000000000E+00   0.0000000000000000E+00   1.0000000000000000E+30   0.0000000000000000E+00
   5.0000000000000000E+00   0.0000000000000000E+00   1.0000000000000000E+30   0.0000000000000000E+00
   6.0000000000000000E+00   0.0000000000000000E+00   1.0000000000000000E+30   0.0000000000000000E+00
   7.0000000000000000E+00   0.0000000000000000E+00   1.0000000000000000E+30   0.0000000000000000E+00
   8.0000000000000000E+00   0.0000000000000000E+00   1.0000000000000000E+30   0.0000000000000000E+00
   9.0000000000000000E+00   0.0000000000000000E+00   1.0000000000000000E+30   0.0000000000000000E+00
   1.0000000000000000E+01   0.0000000000000000E+00   1.0000000000000000E+30   0.0000000000000000E+00
   1.1000000000000000E+01   0.0000000000000000E+00   1.0000000000000000E+30   0.0000000000000000E+00
   1.2000000000000000E+01   0.0000000000000000E+00   1.0000000000000000E+30   0.0000000000000000E+00
   1.3000000000000000E+01   0.0000000000000000E+00   1.0000000000000000E+30   0.0000000000000000E+00
   1.4000000000000000E+01   0.0000000000000000E+00   1.0000000000000000E+30   0.0000000000000000E+00
   1.5000000000000000E+01   0.0000000000000000E+00   1.0000000000000000E+30   0.0000000000000000E+00
   1.6000000000000000E+01   0.0000000000000000E+00   1.0000000000000000E+30   0.0000000000000000E+00
   1.7000000000000000E+01   0.0000000000000000E+00   1.0000000000000000E+30   0.0000000000000000E+00
   1.7418999999999997E+01   0.0000000000000000E+00   1.0000000000000000E+30   0.0000000000000000E+00
   1.7420999999999999E+01   1.3020416937884821E-05   7.6802456078833609E+04   0.0000000000000000E+00
   1.8000000000000000E+01   7.7478569618396487E-03   1.2906794806941821E+02   0.0000000000000000E+00
   1.9000000000000000E+01   2.1773413310440904E-02   4.5927571655495775E+01   0.0000000000000000E+00
   2.0000000000000000E+01   3.6232703328880053E-02   2.7599375926303814E+01   0.0000000000000000E+00
   2.1000000000000000E+01   5.0790486665762469E-02   1.9688726484955961E+01   0.0000000000000000E+00
   2.2000000000000000E+01   6.5222866382821917E-02   1.5332046189607137E+01   0.0000000000000000E+00
   2.3000000000000000E+01   7.9381760305057364E-02   1.2597352290464272E+01   0.0000000000000000E+00
   2.4000000000000000E+01   9.3171172930787527E-02   1.0732933465835544E+01   0.0000000000000000E+00
   2.5000000000000000E+01   1.0653112912792115E-01   9.3869276350127997E+00   0.0000000000000000E+00
   2.6000000000000000E+01   1.1942666423899788E-01   8.3733394579186253E+00   0.0000000000000000E+00
   2.7000000000000000E+01   1.3184020043698746E-01   7.5849399248899543E+00   0.0000000000000000E+00
   2.8000000000000000E+01   1.4376622087275856E-01   6.9557368478445163E+00   0.0000000000000000E+00
   2.9000000000000000E+01   1.5520752156787285E-01   6.4429867180289735E+00   0.0000000000000000E+00
   3.0000000000000000E+01   1.6617255816823318E-01   6.0178407976821280E+00   0.0000000000000000E+00
   3.1000000000000000E+01   1.7667355966241099E-01   5.6601565164069072E+00   0.0000000000000000E+00
   3.2000000000000000E+01   1.8672518389028359E-01   5.3554639988336143E+00   0.0000000000000000E+00
   3.3000000000000000E+01   1.9634355856490432E-01   5.0931133534968254E+00   0.0000000000000000E+00
   3.4000000000000000E+01   2.0554559835772745E-01   4.8651005323870766E+00   0.0000000000000000E+00
   3.5000000000000000E+01   2.1434852069800517E-01   4.6652992833521649E+00   0.0000000000000000E+00
   3.6000000000000000E+01   2.2276950522605352E-01   4.4889447457597864E+00   0.0000000000000000E+00
   3.7000000000000000E+01   2.3082545740499535E-01   4.3322777792461933E+00   0.0000000000000000E+00
   3.7849000000000004E+01   2.3739073850098710E-01   4.2124642533004382E+00   0.0000000000000000E+00
   3.7850999999999999E+01   2.3740591556427765E-01   4.2121949557286840E+00   0.0000000000000000E+00
   3.8000000000000000E+01   2.3853284780313824E-01   4.1922947267426354E+00   0.0000000000000000E+00
   3.9000000000000000E+01   2.4590760637940132E-01   4.0665679875600871E+00   0.0000000000000000E+00
   4.0000000000000000E+01   2.5296505669303654E-01   3.9531151577724120E+00   0.0000000000000000E+00
   4.1000000000000000E+01   2.5971987902086452E-01   3.8503021169190732E+00   0.0000000000000000E+00
   4.2000000000000000E+01   2.6618609427216100E-01   3.7567702502804443E+00   0.0000000000000000E+00
   4.3000000000000000E+01   2.7237706274850049E-01   3.6713810990881810E+00   0.0000000000000000E+00
   4.4000000000000000E+01   2.7830549334786459E-01   3.5931737745113868E+00   0.0000000000000000E+00
   4.5000000000000000E+01   2.8398345998111396E-01   3.5213318411801313E+00   0.0000000000000000E+00
   4.6000000000000000E+01   2.8942242280328834E-01   3.4551573105988056E+00   0.0000000000000000E+00
   4.7000000000000000E+01   2.9463325251223688E-01   3.3940500316014659E+00   0.0000000000000000E+00
   4.8000000000000000E+01   2.9962625642565471E-01   3.3374912196592721E+00   0.0000000000000000E+00
   4.9000000000000000E+01   3.0441120539857175E-01   3.2850301903002550E+00   0.0000000000000000E+00
   5.0000000000000000E+01   3.0899736091172270E-01   3.2362735948598917E+00   0.0000000000000000E+00
   5.1000000000000000E+01   3.1339350184550174E-01   3.1908766267048674E+00   0.0000000000000000E+00
   5.2000000000000000E+01   3.1760795060695729E-01   3.1485357910246687E+00   0.0000000000000000E+00
   5.3000000000000000E+01   3.2164859838259136E-01   3.1089829243108662E+00   0.0000000000000000E+00
   5.4000000000000000E+01   3.2552292936937111E-01   3.0719802194496086E+00   0.0000000000000000E+00
   5.5000000000000000E+01   3.2923804389739530E-01   3.0373160651860847E+00   0.0000000000000000E+00
   5.6000000000000000E+01   3.3280068039956784E-01   3.0048015490815048E+00   0.0000000000000000E+00
   5.7000000000000000E+01   3.3621723621536231E-01   2.9742675041188402E+00   0.0000000000000000E+00
   5.8000000000000000E+01   3.3949378724167040E-01   2.9455620031365846E+00   0.0000000000000000E+00
   5.9000000000000000E+01   3.4263610645274584E-01   2.9185482240994172E+00   0.0000000000000000E+00
   6.0000000000000000E+01   3.4564968133136370E-01   2.8931026238711643E+00   0.0000000000000000E+00
   6.1000000000000000E+01   3.4853973025140106E-01   2.8691133698838351E+00   0.0000000000000000E+00
   6.2000000000000000E+01   3.5131121786377878E-01   2.8464789882905221E+00   0.0000000000000000E+00
   6.3000000000000000E+01   3.5396886953606138E-01   2.8251071946261166E+00   0.0000000000000000E+00
   6.4000000000000000E+01   3.5651718489658640E-01   2.8049138789482657E+00   0.0000000000000000E+00
   6.5000000000000000E+01   3.5896045053637110E-01   2.7858222222135214E+00   0.0000000000000000E+00
   6.6000000000000000E+01   3.6130275191726474E-01   2.7677619245728624E+00   0.0000000000000000E+00
   6.7000000000000000E+01   3.6354798453955378E-01   2.7506685294006927E+00   0.0000000000000000E+00
   6.8000000000000000E+01   3.6569986440915270E-01   2.7344828295620562E+00   0.0000000000000000E+00
   6.9000000000000000E+01   3.6776193785663885E-01   2.7191503444541363E+00   0.0000000000000000E+00
   7.0000000000000000E+01   3.6973759074310891E-01   2.7046208582421176E+00   0.0000000000000000E+00
   7.1000000000000000E+01   3.7163005709998675E-01   2.6908480110664219E+00   0.0000000000000000E+00
   7.2000000000000000E+01   3.7344242723426924E-01   2.6777889363188949E+00   0.0000000000000000E+00
   7.3000000000000000E+01   3.7517765533902431E-01   2.6654039380260093E+00   0.0000000000000000E+00
   7.4000000000000000E+01   3.7683856663853116E-01   2.6536562032919901E+00   0.0000000000000000E+00
   7.5000000000000000E+01   3.7842786410219531E-01   2.6425115454234835E+00   0.0000000000000000E+00
   7.6000000000000000E+01   3.7994813475391487E-01   2.6319381740028307E+00   0.0000000000000000E+00
   7.7000000000000000E+01   3.8140185560340084E-01   2.6219064886769874E+00   0.0000000000000000E+00
   7.8000000000000000E+01   3.8279139922796024E-01   2.6123888938384412E+00   0.0000000000000000E+00
   7.9000000000000000E+01   3.8411903902175532E-01   2.6033596318128955E+00   0.0000000000000000E+00
   8.0000000000000000E+01   3.8538695414182256E-01   2.5947946323891382E+00   0.0000000000000000E+00
   8.1000000000000000E+01   3.8659723416398178E-01   2.5866713768982454E+00   0.0000000000000000E+00
   8.2000000000000000E+01   3.8775188347194361E-01   2.5789687752022399E+00   0.0000000000000000E+00
   8.3000000000000000E+01   3.8885282539573485E-01   2.5716670541928091E+00   0.0000000000000000E+00
   8.4000000000000000E+01   3.8990190611462727E-01   2.5647476565708560E+00   0.0000000000000000E+00
   8.5000000000000000E+01   3.9090089834059838E-01   2.5581931488135994E+00   0.0000000000000000E+00
   8.6000000000000000E+01   3.9185150479713649E-01   2.5519871373665013E+00   0.0000000000000000E+00
   8.7000000000000000E+01   3.9275536150433343E-01   2.5461141922284534E+00   0.0000000000000000E+00
   8.8000000000000000E+01   3.9361404088429375E-01   2.5405597771700394E+00   0.0000000000000000E+00
   8.9000000000000000E+01   3.9442905469693568E-01   2.5353101859302991E+00   0.0000000000000000E+00
   9.0000000000000000E+01   3.9520185681736275E-01   2.5303524837995304E+00   0.0000000000000000E+00
   9.1000000000000000E+01   3.9593384586490110E-01   2.5256744540632576E+00   0.0000000000000000E+00
   9.2000000000000000E+01   3.9662636769034976E-01   2.5212645488580083E+00   0.0000000000000000E+00
   9.3000000000000000E+01   3.9728071773619761E-01   2.5171118439833777E+00   0.0000000000000000E+00
   9.4000000000000000E+01   3.9789814326781497E-01   2.5132059973623098E+00   0.0000000000000000E+00
   9.5000000000000000E+01   3.9847984549387289E-01   2.5095372107480309E+00   0.0000000000000000E+00
   9.6000000000000000E+01   3.9902698157470240E-01   2.5060961944318763E+00   0.0000000000000000E+00
   9.7000000000000000E+01   3.9954066652938069E-01   2.5028741346569885E+00   0.0000000000000000E+00
   9.8000000000000000E+01   4.0002197504478487E-01   2.4998626635150334E+00   0.0000000000000000E+00
   9.9000000000000000E+01   4.0047194319618168E-01   2.4970538310848007E+00   0.0000000000000000E+00
   1.0000000000000000E+02   4.0089157007919318E-01   2.4944400796516062E+00   0.0000000000000000E+00
   1.1000000000000000E+02   4.0361532335482758E-01   2.4776066272411490E+00   0.0000000000000000E+00
   1.2000000000000000E+02   4.0418063708912294E-01   2.4741412829716962E+00   0.0000000000000000E+00
   1.3000000000000000E+02   4.0316251330633601E-01   2.4803893392741294E+00   0.0000000000000000E+00
   1.4000000000000000E+02   4.0097786586248019E-01   2.4939032428861330E+00   0.0000000000000000E+00
   1.5000000000000000E+02   3.9793355363775690E-01   2.5129823581308517E+00   0.0000000000000000E+00
   1.6000000000000000E+02   3.9425826314753459E-01   2.5364084750350360E+00   0.0000000000000000E+00
   1.7000000000000000E+02   3.9012418916160674E-01   2.5632863272309314E+00   0.0000000000000000E+00
   1.8000000000000000E+02   3.8566208983345185E-01   2.5929434765855519E+00   0.0000000000000000E+00
   1.9000000000000000E+02   3.8097193377701760E-01   2.6248652757326183E+00   0.0000000000000000E+00
   2.0000000000000000E+02   3.7613055154013308E-01   2.6586513536465550E+00   0.0000000000000000E+00
   2.1000000000000000E+02   3.7119721286964547E-01   2.6939857448530287E+00   0.0000000000000000E+00
   2.2000000000000000E+02   3.6621774366244136E-01   2.7306159171843492E+00   0.0000000000000000E+00
   2.3000000000000000E+02   3.6122759940826665E-01   2.7683377505985640E+00   0.0000000000000000E+00
   2.4000000000000000E+02   3.5625418293256456E-01   2.8069845854674229E+00   0.0000000000000000E+00
   2.5000000000000000E+02   3.5131860822971989E-01   2.8464191095341045E+00   0.0000000000000000E+00
   2.6000000000000000E+02   3.4643705382346829E-01   2.8865272607634047E+00   0.0000000000000000E+00
   2.7000000000000000E+02   3.4162180891386290E-01   2.9272135850441030E+00   0.0000000000000000E+00
   2.8000000000000000E+02   3.3688208748317200E-01   2.9683976594628301E+00   0.0000000000000000E+00
   2.9000000000000000E+02   3.3222466568521847E-01   3.0100113064678231E+00   0.0000000000000000E+00
   3.0000000000000000E+02   3.2765438360965637E-01   3.0519964023778408E+00   0.0000000000000000E+00
   3.1000000000000000E+02   3.2317454223332615E-01   3.0943031375225662E+00   0.0000000000000000E+00
   3.2000000000000000E+02   3.1878721883631078E-01   3.1368886232339039E+00   0.0000000000000000E+00
   3.3000000000000000E+02   3.1449351861837394E-01   3.1797157677308530E+00   0.0000000000000000E+00
   3.4000000000000000E+02   3.1029377611280057E-01   3.2227523623821313E+00   0.0000000000000000E+00
   3.5000000000000000E+02   3.0618771689978397E-01   3.2659703339023975E+00   0.0000000000000000E+00
   3.6000000000000000E+02   3.0217458777423389E-01   3.3093451284763171E+00   0.0000000000000000E+00
   3.7000000000000000E+02   2.9825326174241534E-01   3.3528552015087238E+00   0.0000000000000000E+00
   3.8000000000000000E+02   2.9442232285256315E-01   3.3964815925345673E+00   0.0000000000000000E+00
   3.9000000000000000E+02   2.9068013480970661E-01   3.4402075692398069E+00   0.0000000000000000E+00
   4.0000000000000000E+02   2.8702489651142954E-01   3.4840183278671768E+00   0.0000000000000000E+00
   4.1000000000000000E+02   2.8345468699908821E-01   3.5279007399274964E+00   0.0000000000000000E+00
   4.2000000000000000E+02   2.7996750182289099E-01   3.5718431371102701E+00   0.0000000000000000E+00
   4.3000000000000000E+02   2.7656128242304023E-01   3.6158351278916783E+00   0.0000000000000000E+00
   4.4000000000000000E+02   2.7323393982026578E-01   3.6598674405449176E+00   0.0000000000000000E+00
   4.5000000000000000E+02   2.6998337365995295E-01   3.7039317882571217E+00   0.0000000000000000E+00
   4.6000000000000000E+02   2.6680748745621607E-01   3.7480207528437646E+00   0.0000000000000000E+00
   4.7000000000000000E+02   2.6370420072692491E-01   3.7921276841377884E+00   0.0000000000000000E+00
   4.8000000000000000E+02   2.6067145857884211E-01   3.8362466126975021E+00   0.0000000000000000E+00
   4.9000000000000000E+02   2.5770723920498806E-01   3.8803721738083201E+00   0.0000000000000000E+00
   5.0000000000000000E+02   2.5480955966883867E-01   3.9244995411461119E+00   0.0000000000000000E+00
   5.1000000000000000E+02   2.5197648028461561E-01   3.9686243687127774E+00   0.0000000000000000E+00
   5.2000000000000000E+02   2.4920610784820166E-01   4.0127427398734854E+00   0.0000000000000000E+00
   5.3000000000000000E+02   2.4649659792763426E-01   4.0568511225196593E+00   0.0000000000000000E+00
   5.4000000000000000E+02   2.4384615638598645E-01   4.1009463295254509E+00   0.0000000000000000E+00
   5.5000000000000000E+02   2.4125304027923156E-01   4.1450254837931917E+00   0.0000000000000000E+00
   5.6000000000000000E+02   2.3871555824704693E-01   4.1890859872865898E+00   0.0000000000000000E+00
   5.7000000000000000E+02   2.3623207049395617E-01   4.2331254935412526E+00   0.0000000000000000E+00
   5.8000000000000000E+02   2.3380098844168426E-01   4.2771418832107493E+00   0.0000000000000000E+00
   5.9000000000000000E+02   2.3142077411948211E-01   4.3211332422719408E+00   0.0000000000000000E+00
   6.0000000000000000E+02   2.2908993934772956E-01   4.3650978425644720E+00   0.0000000000000000E+00
   6.1000000000000000E+02   2.2680704476044811E-01   4.4090341243861833E+00   0.0000000000000000E+00
   6.2000000000000000E+02   2.2457069870512880E-01   4.4529406808901815E+00   0.0000000000000000E+00
   6.3000000000000000E+02   2.2237955605001636E-01   4.4968162440934352E+00   0.0000000000000000E+00
   6.4000000000000000E+02   2.2023231692605708E-01   4.5406596722848347E+00   0.0000000000000000E+00
   6.5000000000000000E+02   2.1812772542298314E-01   4.5844699387060794E+00   0.0000000000000000E+00
   6.6000000000000000E+02   2.1606456825867484E-01   4.6282461213297559E+00   0.0000000000000000E+00
   6.7000000000000000E+02   2.1404167343444122E-01   4.6719873936431817E+00   0.0000000000000000E+00
   6.8000000000000000E+02   2.1205790888887108E-01   4.7156930163073998E+00   0.0000000000000000E+00
   6.9000000000000000E+02   2.1011218115884270E-01   4.7593623296119620E+00   0.0000000000000000E+00
   6.9399900000000002E+02   2.0934449380213940E-01   4.7768153909275668E+00   0.0000000000000000E+00
   6.9400099999999998E+02   2.0934411133097885E-01   4.7768241181571733E+00   0.0000000000000000E+00
   7.0000000000000000E+02   2.0820343405551647E-01   4.8029947466349414E+00   0.0000000000000000E+00
   7.1000000000000000E+02   2.0633064736128154E-01   4.8465897470336374E+00   0.0000000000000000E+00
   7.2000000000000000E+02   2.0449283555216752E-01   4.8901468714041734E+00   0.0000000000000000E+00
   7.3000000000000000E+02   2.0268904654932690E-01   4.9336657161522428E+00   0.0000000000000000E+00
   7.4000000000000000E+02   2.0091836050232822E-01   4.9771459288232256E+00   0.0000000000000000E+00
   7.5000000000000000E+02   1.9917988860645913E-01   5.0205872038406767E+00   0.0000000000000000E+00
   7.6000000000000000E+02   1.9747277195484844E-01   5.0639892786264591E+00   0.0000000000000000E+00
   7.7000000000000000E+02   1.9579618042698876E-01   5.1073519300489840E+00   0.0000000000000000E+00
   7.8000000000000000E+02   1.9414931161355112E-01   5.1506749711813180E+00   0.0000000000000000E+00
   7.9000000000000000E+02   1.9253138977779877E-01   5.1939582483360454E+00   0.0000000000000000E+00
   8.0000000000000000E+02   1.9094166485367242E-01   5.2372016383451312E+00   0.0000000000000000E+00
   8.1000000000000000E+02   1.8937941147989851E-01   5.2804050460688234E+00   0.0000000000000000E+00
   8.2000000000000000E+02   1.8784392806946690E-01   5.3235684021161882E+00   0.0000000000000000E+00
   8.3000000000000000E+02   1.8633453591429944E-01   5.3666916607446762E+00   0.0000000000000000E+00
   8.4000000000000000E+02   1.8485057832382007E-01   5.4097747979354791E+00   0.0000000000000000E+00
   8.5000000000000000E+02   1.8339141979689055E-01   5.4528178096200950E+00   0.0000000000000000E+00
   8.6000000000000000E+02   1.8195644522571122E-01   5.4958207100580125E+00   0.0000000000000000E+00
   8.7000000000000000E+02   1.8054505913142030E-01   5.5387835303324007E+00   0.0000000000000000E+00
   8.8000000000000000E+02   1.7915668492967574E-01   5.5817063169734888E+00   0.0000000000000000E+00
   8.9000000000000000E+02   1.7779076422584358E-01   5.6245891306801674E+00   0.0000000000000000E+00
   9.0000000000000000E+02   1.7644675613793365E-01   5.6674320451562767E+00   0.0000000000000000E+00
   9.1000000000000000E+02   1.7512413664738322E-01   5.7102351460183067E+00   0.0000000000000000E+00
   9.2000000000000000E+02   1.7382239797546167E-01   5.7529985298049402E+00   0.0000000000000000E+00
   9.3000000000000000E+02   1.7254104798531539E-01   5.7957223030493479E+00   0.0000000000000000E+00
   9.4000000000000000E+02   1.7127960960809199E-01   5.8384065814262334E+00   0.0000000000000000E+00
   9.5000000000000000E+02   1.7003762029217756E-01   5.8810514889686702E+00   0.0000000000000000E+00
   9.6000000000000000E+02   1.6881463147499973E-01   5.9236571573364669E+00   0.0000000000000000E+00
   9.7000000000000000E+02   1.6761020807614516E-01   5.9662237251426902E+00   0.0000000000000000E+00
   9.8000000000000000E+02   1.6642392801107203E-01   6.0087513373285546E+00   0.0000000000000000E+00
   9.9000000000000000E+02   1.6525538172437818E-01   6.0512401445893849E+00   0.0000000000000000E+00
   1.0000000000000000E+03   1.6410417174208913E-01   6.0936903028378167E+00   0.0000000000000000E+00
   1.1000000000000000E+03   1.5346595185045109E-01   6.5161033306884670E+00   0.0000000000000000E+00
   1.2000000000000000E+03   1.4419929779425328E-01   6.9348465304374933E+00   0.0000000000000000E+00
   1.3000000000000000E+03   1.3605239120596424E-01   7.3501096977129965E+00   0.0000000000000000E+00
   1.4000000000000000E+03   1.2883142853074442E-01   7.7620811272876598E+00   0.0000000000000000E+00
   1.5000000000000000E+03   1.2238493393135394E-01   8.1709403917389292E+00   0.0000000000000000E+00
   1.6000000000000000E+03   1.1659284850182677E-01   8.5768553804938747E+00   0.0000000000000000E+00
   1.7000000000000000E+03   1.1135880455723059E-01   8.9799814570213936E+00   0.0000000000000000E+00
   1.8000000000000000E+03   1.0660456131458440E-01   9.3804616581935285E+00   0.0000000000000000E+00
   1.9000000000000000E+03   1.0226593304337547E-01   9.7784273828104240E+00   0.0000000000000000E+00
   2.0000000000000000E+03   9.8289765145312000E-02   1.0173999281833627E+01   0.0000000000000000E+00
   2.1000000000000000E+03   9.4631657710777126E-02   1.0567288201336403E+01   0.0000000000000000E+00
   2.2000000000000000E+03   9.1254230146508436E-02   1.0958396102783428E+01   0.0000000000000000E+00
   2.3000000000000000E+03   8.8125782866121660E-02   1.1347416924728753E+01   0.0000000000000000E+00
   2.4000000000000000E+03   8.5219254094390268E-02   1.1734437371305591E+01   0.0000000000000000E+00
   2.5000000000000000E+03   8.2511398620317269E-02   1.2119537624147899E+01   0.0000000000000000E+00
   2.6000000000000000E+03   7.9982135317006472E-02   1.2502791980190754E+01   0.0000000000000000E+00
   2.7000000000000000E+03   7.7614024308077720E-02   1.2884269420570744E+01   0.0000000000000000E+00
   2.8000000000000000E+03   7.5391844681849160E-02   1.3264034116952089E+01   0.0000000000000000E+00
   2.9000000000000000E+03   7.3302250882229039E-02   1.3642145881804487E+01   0.0000000000000000E+00
   3.0000000000000000E+03   7.1333491176594682E-02   1.4018660568909761E+01   0.0000000000000000E+00
   3.1000000000000000E+03   6.9475175486162583E-02   1.4393630429896083E+01   0.0000000000000000E+00
   3.2000000000000000E+03   6.7718082756416401E-02   1.4767104432017437E+01   0.0000000000000000E+00
   3.3000000000000000E+03   6.6054000217804082E-02   1.5139128541839044E+01   0.0000000000000000E+00
   3.4000000000000000E+03   6.4475588533715239E-02   1.5509745978931010E+01   0.0000000000000000E+00
   3.5000000000000000E+03   6.2976268091223628E-02   1.5878997443155260E+01   0.0000000000000000E+00
   3.6000000000000000E+03   6.1550122659165638E-02   1.6246921318703283E+01   0.0000000000000000E+00
   3.7000000000000000E+03   6.0191817390171209E-02   1.6613553857626023E+01   0.0000000000000000E+00
   3.8000000000000000E+03   5.8896528730806037E-02   1.6978929345235699E+01   0.0000000000000000E+00
   3.9000000000000000E+03   5.7659884265948480E-02   1.7343080249478724E+01   0.0000000000000000E+00
   4.0000000000000000E+03   5.6477910889290495E-02   1.7706037356095319E+01   0.0000000000000000E+00
   4.1000000000000000E+03   5.5346989982989099E-02   1.8067829891153071E+01   0.0000000000000000E+00
   4.2000000000000000E+03   5.4263818522610384E-02   1.8428485632343122E+01   0.0000000000000000E+00
   4.3000000000000000E+03   5.3225375211136662E-02   1.8788031010268277E+01   0.0000000000000000E+00
   4.4000000000000000E+03   5.2228890897749784E-02   1.9146491200774932E+01   0.0000000000000000E+00
   4.5000000000000000E+03   5.1271822660499226E-02   1.9503890209279003E+01   0.0000000000000000E+00
   4.6000000000000000E+03   5.0351831032886110E-02   1.9860250947912377E+01   0.0000000000000000E+00
   4.7000000000000000E+03   4.9466759937201885E-02   2.0215595306211714E+01   0.0000000000000000E+00
   4.8000000000000000E+03   4.8614618955653707E-02   2.0569944216002206E+01   0.0000000000000000E+00
   4.9000000000000000E+03   4.7793567626806116E-02   2.0923317711045435E+01   0.0000000000000000E+00
   5.0000000000000000E+03   4.7001901501798039E-02   2.1275734981950581E+01   0.0000000000000000E+00
   5.1000000000000000E+03   4.6238039733877231E-02   2.1627214426811655E+01   0.0000000000000000E+00
   5.2000000000000000E+03   4.5500514007609863E-02   2.1977773697957616E+01   0.0000000000000000E+00
   5.3000000000000000E+03   4.4787958641570605E-02   2.2327429745186809E+01   0.0000000000000000E+00
   5.4000000000000000E+03   4.4099101721573053E-02   2.2676198855787696E+01   0.0000000000000000E+00
   5.5000000000000000E+03   4.3432757141020364E-02   2.3024096691654496E+01   0.0000000000000000E+00
   5.6000000000000000E+03   4.2787817441679851E-02   2.3371138323729841E+01   0.0000000000000000E+00
   5.7000000000000000E+03   4.2163247362242390E-02   2.3717338264023521E+01   0.0000000000000000E+00
   5.8000000000000000E+03   4.1558078014156688E-02   2.4062710495402406E+01   0.0000000000000000E+00
   5.9000000000000000E+03   4.0971401614509406E-02   2.4407268499349193E+01   0.0000000000000000E+00
   6.0000000000000000E+03   4.0402366714628414E-02   2.4751025281841521E+01   0.0000000000000000E+00
   6.1000000000000000E+03   3.9850173870632818E-02   2.5093993397527935E+01   0.0000000000000000E+00
   6.2000000000000000E+03   3.9314071708806991E-02   2.5436184972313207E+01   0.0000000000000000E+00
   6.3000000000000000E+03   3.8793353344282459E-02   2.5777611724493642E+01   0.0000000000000000E+00
   6.4000000000000000E+03   3.8287353116459803E-02   2.6118284984555341E+01   0.0000000000000000E+00
   6.5000000000000000E+03   3.7795443608887751E-02   2.6458215713728155E+01   0.0000000000000000E+00
   6.6000000000000000E+03   3.7317032925000847E-02   2.6797414521400551E+01   0.0000000000000000E+00
   6.7000000000000000E+03   3.6851562194385706E-02   2.7135891681475286E+01   0.0000000000000000E+00
   6.8000000000000000E+03   3.6398503287070866E-02   2.7473657147743513E+01   0.0000000000000000E+00
   6.9000000000000000E+03   3.5957356715811906E-02   2.7810720568352004E+01   0.0000000000000000E+00
   7.0000000000000000E+03   3.5527649708530791E-02   2.8147091299424833E+01   0.0000000000000000E+00
   7.1000000000000000E+03   3.5108934434970394E-02   2.8482778417904537E+01   0.0000000000000000E+00
   7.2000000000000000E+03   3.4700786373329677E-02   2.8817790733658416E+01   0.0000000000000000E+00
   7.3000000000000000E+03   3.4302802804105602E-02   2.9152136800912174E+01   0.0000000000000000E+00
   7.4000000000000000E+03   3.3914601419706640E-02   2.9485824929050580E+01   0.0000000000000000E+00
   7.5000000000000000E+03   3.3535819039564416E-02   2.9818863192821809E+01   0.0000000000000000E+00
   7.6000000000000000E+03   3.3166110421476096E-02   3.0151259442001642E+01   0.0000000000000000E+00
   7.7000000000000000E+03   3.2805147160869061E-02   3.0483021310534753E+01   0.0000000000000000E+00
   7.8000000000000000E+03   3.2452616670459102E-02   3.0814156225198261E+01   0.0000000000000000E+00
   7.9000000000000000E+03   3.2108221233518912E-02   3.1144671413814251E+01   0.0000000000000000E+00
   8.0000000000000000E+03   3.1771677124612582E-02   3.1474573913044384E+01   0.0000000000000000E+00
   8.1000000000000000E+03   3.1442713792247563E-02   3.1803870575782099E+01   0.0000000000000000E+00
   8.2000000000000000E+03   3.1121073098388879E-02   3.2132568078180107E+01   0.0000000000000000E+00
   8.3000000000000000E+03   3.0806508610266382E-02   3.2460672926329160E+01   0.0000000000000000E+00
   8.4000000000000000E+03   3.0498784940320142E-02   3.2788191462603990E+01   0.0000000000000000E+00
   8.5000000000000000E+03   3.0197677130484997E-02   3.3115129871710742E+01   0.0000000000000000E+00
   8.6000000000000000E+03   2.9902970077383014E-02   3.3441494186436884E+01   0.0000000000000000E+00
   8.7000000000000000E+03   2.9614457995266717E-02   3.3767290293134195E+01   0.0000000000000000E+00
   8.8000000000000000E+03   2.9331943913851324E-02   3.4092523936941440E+01   0.0000000000000000E+00
   8.9000000000000000E+03   2.9055239208405956E-02   3.4417200726769124E+01   0.0000000000000000E+00
   9.0000000000000000E+03   2.8784163159712807E-02   3.4741326140050184E+01   0.0000000000000000E+00
   9.1000000000000000E+03   2.8518542541685687E-02   3.5064905527282662E+01   0.0000000000000000E+00
   9.2000000000000000E+03   2.8258211234646936E-02   3.5387944116360636E+01   0.0000000000000000E+00
   9.3000000000000000E+03   2.8003009862403311E-02   3.5710447016718540E+01   0.0000000000000000E+00
   9.4000000000000000E+03   2.7752785451428647E-02   3.6032419223293587E+01   0.0000000000000000E+00
   9.5000000000000000E+03   2.7507391110597412E-02   3.6353865620311161E+01   0.0000000000000000E+00
   9.6000000000000000E+03   2.7266685730026309E-02   3.6674790984912093E+01   0.0000000000000000E+00
   9.7000000000000000E+03   2.7030533697707828E-02   3.6995199990623917E+01   0.0000000000000000E+00
   9.8000000000000000E+03   2.6798804632717648E-02   3.7315097210684463E+01   0.0000000000000000E+00
   9.9000000000000000E+03   2.6571373133870122E-02   3.7634487121228801E+01   0.0000000000000000E+00
   1.0000000000000000E+04   2.6348118542788668E-02   3.7953374104341677E+01   0.0000000000000000E+00
   1.1000000000000000E+04   2.4321736530791352E-02   4.1115485267016140E+01   0.0000000000000000E+00
   1.2000000000000000E+04   2.2608309376891171E-02   4.4231524937558525E+01   0.0000000000000000E+00
   1.3000000000000000E+04   2.1139552627031277E-02   4.7304690768209255E+01   0.0000000000000000E+00
   1.4000000000000000E+04   1.9865836845491223E-02   5.0337673050353352E+01   0.0000000000000000E+00
   1.5000000000000000E+04   1.8750198802269923E-02   5.3332767857316739E+01   0.0000000000000000E+00
   1.6000000000000000E+04   1.7764526516368052E-02   5.6291959094919335E+01   0.0000000000000000E+00
   1.7000000000000000E+04   1.6887048447215010E-02   5.9216979398488014E+01   0.0000000000000000E+00
   1.8000000000000000E+04   1.6100633792534187E-02   6.2109356245571959E+01   0.0000000000000000E+00
   1.9000000000000000E+04   1.5391613242813259E-02   6.4970447491391184E+01   0.0000000000000000E+00
   2.0000000000000000E+04   1.4748942937276015E-02   6.7801469180047576E+01   0.0000000000000000E+00
   2.1000000000000000E+04   1.4163600254305995E-02   7.0603517611701989E+01   0.0000000000000000E+00
   2.2000000000000000E+04   1.3628139598867781E-02   7.3377587068676604E+01   0.0000000000000000E+00
   2.3000000000000000E+04   1.3136360747842874E-02   7.6124584212884869E+01   0.0000000000000000E+00
   2.4000000000000000E+04   1.2683057759690145E-02   7.8845339897311220E+01   0.0000000000000000E+00
   2.5000000000000000E+04   1.2263826457821342E-02   8.1540618944607061E+01   0.0000000000000000E+00
   2.6000000000000000E+04   1.1874915109981284E-02   8.4211128310253343E+01   0.0000000000000000E+00
   2.7000000000000000E+04   1.1513107380124446E-02   8.6857523949298141E+01   0.0000000000000000E+00
   2.8000000000000000E+04   1.1175629681063946E-02   8.9480416633203774E+01   0.0000000000000000E+00
   2.9000000000000000E+04   1.0860077180010112E-02   9.2080376909353518E+01   0.0000000000000000E+00
   3.0000000000000000E+04   1.0564354208572766E-02   9.4657939355017064E+01   0.0000000000000000E+00
   3.1000000000000000E+04   1.0286625901563361E-02   9.7213606246536116E+01   0.0000000000000000E+00
   3.2000000000000000E+04   1.0025278665908410E-02   9.9747850740604648E+01   0.0000000000000000E+00
   3.3000000000000000E+04   9.7788876501902523E-03   1.0226111964590827E+02   0.0000000000000000E+00
   3.4000000000000000E+04   9.5461898067645476E-03   1.0475383584887322E+02   0.0000000000000000E+00
   3.5000000000000000E+04   9.3260614535509642E-03   1.0722640044573619E+02   0.0000000000000000E+00
   3.6000000000000000E+04   9.1174994804441040E-03   1.0967919462401672E+02   0.0000000000000000E+00
   3.7000000000000000E+04   8.9196055263816212E-03   1.1211258132910571E+02   0.0000000000000000E+00
   3.8000000000000000E+04   8.7315725921042180E-03   1.1452690674578822E+02   0.0000000000000000E+00
   3.9000000000000000E+04   8.5526736611640942E-03   1.1692250161967380E+02   0.0000000000000000E+00
   4.0000000000000000E+04   8.3822519855093081E-03   1.1929968243960396E+02   0.0000000000000000E+00
   4.1000000000000000E+04   8.2197127576941875E-03   1.2165875249885526E+02   0.0000000000000000E+00
   4.2000000000000000E+04   8.0645159436587843E-03   1.2400000285030262E+02   0.0000000000000000E+00
   4.3000000000000000E+04   7.9161700912500649E-03   1.2632371316848339E+02   0.0000000000000000E+00
   4.4000000000000000E+04   7.7742269626043465E-03   1.2863015252966099E+02   0.0000000000000000E+00
   4.5000000000000000E+04   7.6382768649858688E-03   1.3091958011944232E+02   0.0000000000000000E+00
   4.6000000000000000E+04   7.5079445760647401E-03   1.3319224587618709E+02   0.0000000000000000E+00
   4.7000000000000000E+04   7.3828857769803278E-03   1.3544839107737218E+02   0.0000000000000000E+00
   4.8000000000000000E+04   7.2627839207035664E-03   1.3768824887511281E+02   0.0000000000000000E+00
   4.9000000000000000E+04   7.1473474748195709E-03   1.3991204478627148E+02   0.0000000000000000E+00
   5.0000000000000000E+04   7.0363074874086485E-03   1.4211999714189338E+02   0.0000000000000000E+00
   5.1000000000000000E+04   6.9294154326021654E-03   1.4431231750013228E+02   0.0000000000000000E+00
   5.2000000000000000E+04   6.8264412989451941E-03   1.4648921102632463E+02   0.0000000000000000E+00
   5.3000000000000000E+04   6.7271718891585173E-03   1.4865087684344681E+02   0.0000000000000000E+00
   5.4000000000000000E+04   6.6314093044594399E-03   1.5079750835580722E+02   0.0000000000000000E+00
   5.5000000000000000E+04   6.5389695904324498E-03   1.5292929354850631E+02   0.0000000000000000E+00
   5.6000000000000000E+04   6.4496815246670985E-03   1.5504641526491733E+02   0.0000000000000000E+00
   5.7000000000000000E+04   6.3633855291063603E-03   1.5714905146418729E+02   0.0000000000000000E+00
   5.8000000000000000E+04   6.2799326923580001E-03   1.5923737546055105E+02   0.0000000000000000E+00
   5.9000000000000000E+04   6.1991838891851158E-03   1.6131155614605430E+02   0.0000000000000000E+00
   6.0000000000000000E+04   6.1210089860654331E-03   1.6337175819811975E+02   0.0000000000000000E+00
   6.1000000000000000E+04   6.0452861231395354E-03   1.6541814227325008E+02   0.0000000000000000E+00
   6.2000000000000000E+04   5.9719010640953835E-03   1.6745086518801511E+02   0.0000000000000000E+00
   6.3000000000000000E+04   5.9007466065899832E-03   1.6947008008837309E+02   0.0000000000000000E+00
   6.4000000000000000E+04   5.8317220467175258E-03   1.7147593660827260E+02   0.0000000000000000E+00
   6.5000000000000000E+04   5.7647326918184565E-03   1.7346858101837765E+02   0.0000000000000000E+00
   6.6000000000000000E+04   5.6996894166026395E-03   1.7544815636569558E+02   0.0000000000000000E+00
   6.7000000000000000E+04   5.6365082581497396E-03   1.7741480260480694E+02   0.0000000000000000E+00
   6.8000000000000000E+04   5.5751100458627662E-03   1.7936865672133058E+02   0.0000000000000000E+00
   6.9000000000000000E+04   5.5154200628975171E-03   1.8130985284820750E+02   0.0000000000000000E+00
   7.0000000000000000E+04   5.4573677359812372E-03   1.8323852237532967E+02   0.0000000000000000E+00
   7.1000000000000000E+04   5.4008863508755124E-03   1.8515479405299740E+02   0.0000000000000000E+00
   7.2000000000000000E+04   5.3459127910382587E-03   1.8705879408964034E+02   0.0000000000000000E+00
   7.3000000000000000E+04   5.2923872973026052E-03   1.8895064624421471E+02   0.0000000000000000E+00
   7.4000000000000000E+04   5.2402532466228405E-03   1.9083047191363607E+02   0.0000000000000000E+00
   7.5000000000000000E+04   5.1894569481415308E-03   1.9269839021559361E+02   0.0000000000000000E+00
   7.6000000000000000E+04   5.1399474550127434E-03   1.9455451806705696E+02   0.0000000000000000E+00
   7.7000000000000000E+04   5.0916763905763168E-03   1.9639897025875445E+02   0.0000000000000000E+00
   7.8000000000000000E+04   5.0445977876193079E-03   1.9823185952589674E+02   0.0000000000000000E+00
   7.9000000000000000E+04   4.9986679395870046E-03   2.0005329661538215E+02   0.0000000000000000E+00
   8.0000000000000000E+04   4.9538452627174720E-03   2.0186339034971030E+02   0.0000000000000000E+00
   8.1000000000000000E+04   4.9100901681732962E-03   2.0366224768781197E+02   0.0000000000000000E+00
   8.2000000000000000E+04   4.8673649433331589E-03   2.0544997378298137E+02   0.0000000000000000E+00
   8.3000000000000000E+04   4.8256336414848645E-03   2.0722667203809874E+02   0.0000000000000000E+00
   8.4000000000000000E+04   4.7848619792329400E-03   2.0899244415829730E+02   0.0000000000000000E+00
   8.5000000000000000E+04   4.7450172409971552E-03   2.1074739020123187E+02   0.0000000000000000E+00
   8.6000000000000000E+04   4.7060681900354525E-03   2.1249160862509024E+02   0.0000000000000000E+00
   8.7000000000000000E+04   4.6679849854760168E-03   2.1422519633447908E+02   0.0000000000000000E+00
   8.8000000000000000E+04   4.6307391048893212E-03   2.1594824872430405E+02   0.0000000000000000E+00
   8.9000000000000000E+04   4.5943032719723033E-03   2.1766085972176299E+02   0.0000000000000000E+00
   9.0000000000000000E+04   4.5586513889544263E-03   2.1936312182655416E+02   0.0000000000000000E+00
   9.1000000000000000E+04   4.5237584733690333E-03   2.2105512614939809E+02   0.0000000000000000E+00
   9.2000000000000000E+04   4.4896005988638481E-03   2.2273696244896777E+02   0.0000000000000000E+00
   9.3000000000000000E+04   4.4561548397520946E-03   2.2440871916731518E+02   0.0000000000000000E+00
   9.4000000000000000E+04   4.4233992190308418E-03   2.2607048346386838E+02   0.0000000000000000E+00
   9.5000000000000000E+04   4.3913126596156066E-03   2.2772234124808028E+02   0.0000000000000000E+00
   9.6000000000000000E+04   4.3598749385609760E-03   2.2936437721079702E+02   0.0000000000000000E+00
   9.7000000000000000E+04   4.3290666440556061E-03   2.3099667485441358E+02   0.0000000000000000E+00
   9.8000000000000000E+04   4.2988691349970338E-03   2.3261931652187644E+02   0.0000000000000000E+00
   9.9000000000000000E+04   4.2692645029670873E-03   2.3423238342459510E+02   0.0000000000000000E+00
   1.0000000000000000E+05   4.2402355364429285E-03   2.3583595566931302E+02   0.0000000000000000E+00
   1.1000000000000000E+05   3.9782571582146964E-03   2.5136635472020754E+02   0.0000000000000000E+00
   1.2000000000000000E+05   3.7590015026464649E-03   2.6602809264533840E+02   0.0000000000000000E+00
   1.3000000000000000E+05   3.5728784414999514E-03   2.7988637631348695E+02   0.0000000000000000E+00
   1.4000000000000000E+05   3.4129766000025345E-03   2.9299937186772905E+02   0.0000000000000000E+00
   1.5000000000000000E+05   3.2741868599729710E-03   3.0541934311234007E+02   0.0000000000000000E+00
   1.6000000000000000E+05   3.1526494552817337E-03   3.1719352696338262E+02   0.0000000000000000E+00
   1.7000000000000000E+05   3.0453931933834672E-03   3.2836482401439548E+02   0.0000000000000000E+00
   1.8000000000000000E+05   2.9500930836673504E-03   3.3897235498646359E+02   0.0000000000000000E+00
   1.9000000000000000E+05   2.8649033300248202E-03   3.4905191722170139E+02   0.0000000000000000E+00
   2.0000000000000000E+05   2.7883396606637424E-03   3.5863636489750968E+02   0.0000000000000000E+00
   2.1000000000000000E+05   2.7191947673244426E-03   3.6775592981298365E+02   0.0000000000000000E+00
   2.2000000000000000E+05   2.6564764581993275E-03   3.7643849502729739E+02   0.0000000000000000E+00
   2.3000000000000000E+05   2.5993617026253330E-03   3.8470983049031179E+02   0.0000000000000000E+00
   2.4000000000000000E+05   2.5471619931674225E-03   3.9259379760000650E+02   0.0000000000000000E+00
   2.5000000000000000E+05   2.4992968975501547E-03   4.0011252803947144E+02   0.0000000000000000E+00
   2.6000000000000000E+05   2.4552736240988945E-03   4.0728658109012525E+02   0.0000000000000000E+00
   2.7000000000000000E+05   2.4146710617701230E-03   4.1413508275819981E+02   0.0000000000000000E+00
   2.8000000000000000E+05   2.3771271904991444E-03   4.2067584940207689E+02   0.0000000000000000E+00
   2.9000000000000000E+05   2.3423290587399779E-03   4.2692549805019098E+02   0.0000000000000000E+00
   3.0000000000000000E+05   2.3100047368022664E-03   4.3289954521231743E+02   0.0000000000000000E+00
   3.1000000000000000E+05   2.2799168054789486E-03   4.3861249568267795E+02   0.0000000000000000E+00
   3.2000000000000000E+05   2.2518570483427633E-03   4.4407792259101990E+02   0.0000000000000000E+00
   3.3000000000000000E+05   2.2256420955799761E-03   4.4930853976295413E+02   0.0000000000000000E+00
   3.4000000000000000E+05   2.2011098258915666E-03   4.5431626729254504E+02   0.0000000000000000E+00
   3.5000000000000000E+05   2.1781163767217553E-03   4.5911229110038767E+02   0.0000000000000000E+00
   3.6000000000000000E+05   2.1565336459807567E-03   4.6370711714317645E+02   0.0000000000000000E+00
   3.7000000000000000E+05   2.1362471934114596E-03   4.6811062085144732E+02   0.0000000000000000E+00
   3.8000000000000000E+05   2.1171544688745386E-03   4.7233209229725770E+02   0.0000000000000000E+00
   3.9000000000000000E+05   2.0991633095817121E-03   4.7638027753031963E+02   0.0000000000000000E+00
   4.0000000000000000E+05   2.0821906597750621E-03   4.8026341646736120E+02   0.0000000000000000E+00
   4.1000000000000000E+05   2.0661614753257735E-03   4.8398927767362875E+02   0.0000000000000000E+00
   4.2000000000000000E+05   2.0510077827968301E-03   4.8756519033602262E+02   0.0000000000000000E+00
   4.3000000000000000E+05   2.0366678681196884E-03   4.9099807369339487E+02   0.0000000000000000E+00
   4.4000000000000000E+05   2.0230855745050585E-03   4.9429446416009716E+02   0.0000000000000000E+00
   4.5000000000000000E+05   2.0102096927926806E-03   4.9746054035325631E+02   0.0000000000000000E+00
   4.6000000000000000E+05   1.9979934303351030E-03   5.0050214621190241E+02   0.0000000000000000E+00
   4.7000000000000000E+05   1.9863939468525312E-03   5.0342481237647451E+02   0.0000000000000000E+00
   4.8000000000000000E+05   1.9753719476028491E-03   5.0623377598002185E+02   0.0000000000000000E+00
   4.9000000000000000E+05   1.9648913257711005E-03   5.0893399898722691E+02   0.0000000000000000E+00
   5.0000000000000000E+05   1.9549188472646746E-03   5.1153018520395449E+02   0.0000000000000000E+00
   5.1000000000000000E+05   1.9454238721583199E-03   5.1402679606813183E+02   0.0000000000000000E+00
   5.2000000000000000E+05   1.9363781079096167E-03   5.1642806532218685E+02   0.0000000000000000E+00
   5.3000000000000000E+05   1.9277553901945715E-03   5.1873801265785517E+02   0.0000000000000000E+00
   5.4000000000000000E+05   1.9195314878217024E-03   5.2096045641575120E+02   0.0000000000000000E+00
   5.5000000000000000E+05   1.9116839286929454E-03   5.2309902541458257E+02   0.0000000000000000E+00
   5.6000000000000000E+05   1.9041918442085210E-03   5.2515716997813900E+02   0.0000000000000000E+00
   5.7000000000000000E+05   1.8970358298745897E-03   5.2713817222213913E+02   0.0000000000000000E+00
   5.8000000000000000E+05   1.8901978201786235E-03   5.2904515565757038E+02   0.0000000000000000E+00
   5.9000000000000000E+05   1.8836609760572286E-03   5.3088109416225359E+02   0.0000000000000000E+00
   6.0000000000000000E+05   1.8774095835023740E-03   5.3264882036793733E+02   0.0000000000000000E+00
   6.1000000000000000E+05   1.8714289620408258E-03   5.3435103350622660E+02   0.0000000000000000E+00
   6.2000000000000000E+05   1.8657053819832715E-03   5.3599030675303402E+02   0.0000000000000000E+00
   6.3000000000000000E+05   1.8602259894784237E-03   5.3756909410796015E+02   0.0000000000000000E+00
   6.4000000000000000E+05   1.8549787385268432E-03   5.3908973684203181E+02   0.0000000000000000E+00
   6.5000000000000000E+05   1.8499523292122668E-03   5.4055446954452759E+02   0.0000000000000000E+00
   6.6000000000000000E+05   1.8451361514973568E-03   5.4196542579716106E+02   0.0000000000000000E+00
   6.7000000000000000E+05   1.8405202340080660E-03   5.4332464350164685E+02   0.0000000000000000E+00
   6.8000000000000000E+05   1.8360951972978923E-03   5.4463406988464430E+02   0.0000000000000000E+00
   6.9000000000000000E+05   1.8318522111417869E-03   5.4589556620220128E+02   0.0000000000000000E+00
   7.0000000000000000E+05   1.8277829554604434E-03   5.4711091216412319E+02   0.0000000000000000E+00
   7.1000000000000000E+05   1.8238795845202820E-03   5.4828181009714012E+02   0.0000000000000000E+00
   7.2000000000000000E+05   1.8201346940935079E-03   5.4940988886431603E+02   0.0000000000000000E+00
   7.3000000000000000E+05   1.8165412912969142E-03   5.5049670755683906E+02   0.0000000000000000E+00
   7.4000000000000000E+05   1.8130927668582244E-03   5.5154375897314230E+02   0.0000000000000000E+00
   7.5000000000000000E+05   1.8097828695853584E-03   5.5255247289919998E+02   0.0000000000000000E+00
   7.6000000000000000E+05   1.8066056828374229E-03   5.5352421920284110E+02   0.0000000000000000E+00
   7.7000000000000000E+05   1.8035556028169722E-03   5.5446031075399105E+02   0.0000000000000000E+00
   7.8000000000000000E+05   1.8006273185214321E-03   5.5536200618190139E+02   0.0000000000000000E+00
   7.9000000000000000E+05   1.7978157932078340E-03   5.5623051247964895E+02   0.0000000000000000E+00
   8.0000000000000000E+05   1.7951162472395238E-03   5.5706698746544703E+02   0.0000000000000000E+00
   8.1000000000000000E+05   1.7925241421963174E-03   5.5787254210966159E+02   0.0000000000000000E+00
   8.2000000000000000E+05   1.7900351661410806E-03   5.5864824273579984E+02   0.0000000000000000E+00
   8.3000000000000000E+05   1.7876452199459306E-03   5.5939511310317278E+02   0.0000000000000000E+00
   8.4000000000000000E+05   1.7853504045904113E-03   5.6011413637840838E+02   0.0000000000000000E+00
   8.5000000000000000E+05   1.7831470093521650E-03   5.6080625700250596E+02   0.0000000000000000E+00
   8.6000000000000000E+05   1.7810315008179652E-03   5.6147238245967867E+02   0.0000000000000000E+00
   8.7000000000000000E+05   1.7790005126495758E-03   5.6211338495380085E+02   0.0000000000000000E+00
   8.8000000000000000E+05   1.7770508360447697E-03   5.6273010299791270E+02   0.0000000000000000E+00
   8.9000000000000000E+05   1.7751794108392177E-03   5.6332334292185669E+02   0.0000000000000000E+00
   9.0000000000000000E+05   1.7733833171997013E-03   5.6389388030280531E+02   0.0000000000000000E+00
   9.1000000000000000E+05   1.7716597678634623E-03   5.6444246132312003E+02   0.0000000000000000E+00
   9.2000000000000000E+05   1.7700061008823784E-03   5.6496980405970521E+02   0.0000000000000000E+00
   9.3000000000000000E+05   1.7684197728341918E-03   5.6547659970875065E+02   0.0000000000000000E+00
   9.4000000000000000E+05   1.7668983524662194E-03   5.6596351374950905E+02   0.0000000000000000E+00
   9.5000000000000000E+05   1.7654395147398379E-03   5.6643118705053121E+02   0.0000000000000000E+00
   9.6000000000000000E+05   1.7640410352467025E-03   5.6688023692155741E+02   0.0000000000000000E+00
   9.7000000000000000E+05   1.7627007849699882E-03   5.6731125811407981E+02   0.0000000000000000E+00
   9.8000000000000000E+05   1.7614167253661465E-03   5.6772482377339168E+02   0.0000000000000000E+00
   9.9000000000000000E+05   1.7601869037446294E-03   5.6812148634477148E+02   0.0000000000000000E+00
   1.0000000000000000E+06   1.7590094489248029E-03   5.6850177843629638E+02   0.0000000000000000E+00
   1.1000000000000000E+06   1.7497541862144580E-03   5.7150884843057349E+02   0.0000000000000000E+00
   1.2000000000000000E+06   1.7441514277315902E-03   5.7334471313685242E+02   0.0000000000000000E+00
   1.3000000000000000E+06   1.7412079411709763E-03   5.7431394398964903E+02   0.0000000000000000E+00
   1.4000000000000000E+06   1.7402314459558197E-03   5.7463620849050426E+02   0.0000000000000000E+00
   1.5000000000000000E+06   1.7407278715840340E-03   5.7447233213426773E+02   0.0000000000000000E+00
   1.6000000000000000E+06   1.7423375077836301E-03   5.7394161322513628E+02   0.0000000000000000E+00
   1.7000000000000000E+06   1.7447939884507608E-03   5.7313356569271605E+02   0.0000000000000000E+00
   1.8000000000000000E+06   1.7478971847369029E-03   5.7211603104133508E+02   0.0000000000000000E+00
   1.9000000000000000E+06   1.7514948440363991E-03   5.7094087567820350E+02   0.0000000000000000E+00
   2.0000000000000000E+06   1.7554698822773436E-03   5.6964805269271596E+02   0.0000000000000000E+00
   2.1000000000000000E+06   1.7597314201919206E-03   5.6826853719014559E+02   0.0000000000000000E+00
   2.2000000000000000E+06   1.7642083528998330E-03   5.6682647395717061E+02   0.0000000000000000E+00
   2.3000000000000000E+06   1.7688446667438922E-03   5.6534076666031433E+02   0.0000000000000000E+00
   2.4000000000000000E+06   1.7735959820856593E-03   5.6382626601580967E+02   0.0000000000000000E+00
   2.5000000000000000E+06   1.7784269697132750E-03   5.6229466659585353E+02   0.0000000000000000E+00
   2.6000000000000000E+06   1.7833093985726255E-03   5.6075518964931587E+02   0.0000000000000000E+00
   2.7000000000000000E+06   1.7882206455903577E-03   5.5921510718822014E+02   0.0000000000000000E+00
   2.8000000000000000E+06   1.7931425476886700E-03   5.5768014723033764E+02   0.0000000000000000E+00
   2.9000000000000000E+06   1.7980605099267824E-03   5.5615480929544492E+02   0.0000000000000000E+00
   3.0000000000000000E+06   1.8029628072452658E-03   5.5464261158436932E+02   0.0000000000000000E+00
   3.1000000000000000E+06   1.8078400338861346E-03   5.5314628576423286E+02   0.0000000000000000E+00
   3.2000000000000000E+06   1.8126846664058491E-03   5.5166793129153450E+02   0.0000000000000000E+00
   3.3000000000000000E+06   1.8174907147468463E-03   5.5020913828398159E+02   0.0000000000000000E+00
   3.4000000000000000E+06   1.8222534420681822E-03   5.4877108579640901E+02   0.0000000000000000E+00
   3.5000000000000000E+06   1.8269691386278842E-03   5.4735462075239764E+02   0.0000000000000000E+00
   3.6000000000000000E+06   1.8316349384227219E-03   5.4596032158085575E+02   0.0000000000000000E+00
   3.7000000000000000E+06   1.8362486698495612E-03   5.4458854969895083E+02   0.0000000000000000E+00
   3.8000000000000000E+06   1.8408087335857930E-03   5.4323949129253413E+02   0.0000000000000000E+00
   3.9000000000000000E+06   1.8453140023581653E-03   5.4191319131707621E+02   0.0000000000000000E+00
   4.0000000000000000E+06   1.8497637383978257E-03   5.4060958123557498E+02   0.0000000000000000E+00
   4.1000000000000000E+06   1.8541575252504629E-03   5.3932850169508572E+02   0.0000000000000000E+00
   4.2000000000000000E+06   1.8584952112868777E-03   5.3806972109848493E+02   0.0000000000000000E+00
   4.3000000000000000E+06   1.8627768627879774E-03   5.3683295083627036E+02   0.0000000000000000E+00
   4.4000000000000000E+06   1.8670027248934116E-03   5.3561785779240938E+02   0.0000000000000000E+00
   4.5000000000000000E+06   1.8711731890312185E-03   5.3442407461905771E+02   0.0000000000000000E+00
   4.6000000000000000E+06   1.8752887657061945E-03   5.3325120818042171E+02   0.0000000000000000E+00
   4.7000000000000000E+06   1.8793500617325617E-03   5.3209884649063520E+02   0.0000000000000000E+00
   4.8000000000000000E+06   1.8833577611629202E-03   5.3096656441022037E+02   0.0000000000000000E+00
   4.9000000000000000E+06   1.8873126092994903E-03   5.2985392831724255E+02   0.0000000000000000E+00
   5.0000000000000000E+06   1.8912153992819442E-03   5.2876049993019285E+02   0.0000000000000000E+00
   5.1000000000000000E+06   1.8950669608339501E-03   5.2768583942803605E+02   0.0000000000000000E+00
   5.2000000000000000E+06   1.8988681508221340E-03   5.2662950798718703E+02   0.0000000000000000E+00
   5.3000000000000000E+06   1.9026198453395786E-03   5.2559106983430036E+02   0.0000000000000000E+00
   5.4000000000000000E+06   1.9063229330739981E-03   5.2457009389666871E+02   0.0000000000000000E+00
   5.5000000000000000E+06   1.9099783097600667E-03   5.2356615511807627E+02   0.0000000000000000E+00
   5.6000000000000000E+06   1.9135868735480684E-03   5.2257883549642804E+02   0.0000000000000000E+00
   5.7000000000000000E+06   1.9171495211478529E-03   5.2160772489006035E+02   0.0000000000000000E+00
   5.8000000000000000E+06   1.9206671446294987E-03   5.2065242163180881E+02   0.0000000000000000E+00
   5.9000000000000000E+06   1.9241406287807332E-03   5.1971253298344845E+02   0.0000000000000000E+00
   6.0000000000000000E+06   1.9275708489366174E-03   5.1878767545777623E+02   0.0000000000000000E+00
   6.1000000000000000E+06   1.9309586692100344E-03   5.1787747503114895E+02   0.0000000000000000E+00
   6.2000000000000000E+06   1.9343049410624317E-03   5.1698156726557420E+02   0.0000000000000000E+00
   6.3000000000000000E+06   1.9376105021633599E-03   5.1609959735637835E+02   0.0000000000000000E+00
   6.4000000000000000E+06   1.9408761754951204E-03   5.1523122011887165E+02   0.0000000000000000E+00
   6.5000000000000000E+06   1.9441027686653168E-03   5.1437609992527780E+02   0.0000000000000000E+00
   6.6000000000000000E+06   1.9472910733955530E-03   5.1353391060139177E+02   0.0000000000000000E+00
   6.7000000000000000E+06   1.9504418651592923E-03   5.1270433529088052E+02   0.0000000000000000E+00
   6.8000000000000000E+06   1.9535559029457200E-03   5.1188706629389219E+02   0.0000000000000000E+00
   6.9000000000000000E+06   1.9566339291298730E-03   5.1108180488554967E+02   0.0000000000000000E+00
   7.0000000000000000E+06   1.9596766694321846E-03   5.1028826111898843E+02   0.0000000000000000E+00
   7.1000000000000000E+06   1.9626848329529550E-03   5.0950615361685527E+02   0.0000000000000000E+00
   7.2000000000000000E+06   1.9656591122694037E-03   5.0873520935452268E+02   0.0000000000000000E+00
   7.3000000000000000E+06   1.9686001835847052E-03   5.0797516343773725E+02   0.0000000000000000E+00
   7.4000000000000000E+06   1.9715087069199439E-03   5.0722575887695876E+02   0.0000000000000000E+00
   7.5000000000000000E+06   1.9743853263412114E-03   5.0648674636025999E+02   0.0000000000000000E+00
   7.6000000000000000E+06   1.9772306702152392E-03   5.0575788402631918E+02   0.0000000000000000E+00
   7.7000000000000000E+06   1.9800453514878164E-03   5.0503893723878343E+02   0.0000000000000000E+00
   7.8000000000000000E+06   1.9828299679802027E-03   5.0432967836301361E+02   0.0000000000000000E+00
   7.9000000000000000E+06   1.9855851026993267E-03   5.0362988654605567E+02   0.0000000000000000E+00
   8.0000000000000000E+06   1.9883113241582749E-03   5.0293934750049112E+02   0.0000000000000000E+00
   8.1000000000000000E+06   1.9910091867040322E-03   5.0225785329269422E+02   0.0000000000000000E+00
   8.2000000000000000E+06   1.9936792308498899E-03   5.0158520213590629E+02   0.0000000000000000E+00
   8.3000000000000000E+06   1.9963219836104220E-03   5.0092119818841212E+02   0.0000000000000000E+00
   8.4000000000000000E+06   1.9989379588371049E-03   5.0026565135706198E+02   0.0000000000000000E+00
   8.5000000000000000E+06   2.0015276575530961E-03   4.9961837710627412E+02   0.0000000000000000E+00
   8.6000000000000000E+06   2.0040915682858606E-03   4.9897919627261348E+02   0.0000000000000000E+00
   8.7000000000000000E+06   2.0066301673965377E-03   4.9834793488499690E+02   0.0000000000000000E+00
   8.8000000000000000E+06   2.0091439194052053E-03   4.9772442399051437E+02   0.0000000000000000E+00
   8.9000000000000000E+06   2.0116332773112526E-03   4.9710849948585030E+02   0.0000000000000000E+00
   9.0000000000000000E+06   2.0140986829083030E-03   4.9650000195423780E+02   0.0000000000000000E+00
   9.1000000000000000E+06   2.0165405670931726E-03   4.9589877650787474E+02   0.0000000000000000E+00
   9.2000000000000000E+06   2.0189593501685425E-03   4.9530467263569244E+02   0.0000000000000000E+00
   9.3000000000000000E+06   2.0213554421389711E-03   4.9471754405638507E+02   0.0000000000000000E+00
   9.4000000000000000E+06   2.0237292430001223E-03   4.9413724857655762E+02   0.0000000000000000E+00
   9.5000000000000000E+06   2.0260811430209981E-03   4.9356364795387481E+02   0.0000000000000000E+00
   9.6000000000000000E+06   2.0284115230190807E-03   4.9299660776507704E+02   0.0000000000000000E+00
   9.7000000000000000E+06   2.0307207546283526E-03   4.9243599727871634E+02   0.0000000000000000E+00
   9.8000000000000000E+06   2.0330092005602291E-03   4.9188168933246038E+02   0.0000000000000000E+00
   9.9000000000000000E+06   2.0352772148572737E-03   4.9133356021485577E+02   0.0000000000000000E+00
   1.0000000000000000E+07   2.0375251431399488E-03   4.9079148955135838E+02   0.0000000000000000E+00
   1.1000000000000000E+07   2.0589701694540981E-03   4.8567969309877554E+02   0.0000000000000000E+00
   1.2000000000000000E+07   2.0787326277857793E-03   4.8106234858360710E+02   0.0000000000000000E+00
   1.3000000000000000E+07   2.0970507815306458E-03   4.7686017372936300E+02   0.0000000000000000E+00
   1.4000000000000000E+07   2.1141169734444827E-03   4.7301072389136681E+02   0.0000000000000000E+00
   1.5000000000000000E+07   2.1300883536261410E-03   4.6946409443423192E+02   0.0000000000000000E+00
   1.6000000000000000E+07   2.1450947654423238E-03   4.6617987051672179E+02   0.0000000000000000E+00
   1.7000000000000000E+07   2.1592446021485305E-03   4.6312492758113746E+02   0.0000000000000000E+00
   1.8000000000000000E+07   2.1726292080949693E-03   4.6027182009434188E+02   0.0000000000000000E+00
   1.9000000000000000E+07   2.1853262265121285E-03   4.5759758331187089E+02   0.0000000000000000E+00
   2.0000000000000000E+07   2.1974021763389532E-03   4.5508282951920967E+02   0.0000000000000000E+00
   2.1000000000000000E+07   2.2089144581792022E-03   4.5271105736900989E+02   0.0000000000000000E+00
   2.2000000000000000E+07   2.2199129325870975E-03   4.5046811760972770E+02   0.0000000000000000E+00
   2.3000000000000000E+07   2.2304411743226159E-03   4.4834179511759589E+02   0.0000000000000000E+00
   2.4000000000000000E+07   2.2405374784394360E-03   4.4632147849475541E+02   0.0000000000000000E+00
   2.5000000000000000E+07   2.2502356743571445E-03   4.4439789636064847E+02   0.0000000000000000E+00
   2.6000000000000000E+07   2.2595657899288292E-03   4.4256290498693454E+02   0.0000000000000000E+00
   2.7000000000000000E+07   2.2685545972591830E-03   4.4080931585608647E+02   0.0000000000000000E+00
   2.8000000000000000E+07   2.2772260645113444E-03   4.3913075455448200E+02   0.0000000000000000E+00
   2.9000000000000000E+07   2.2856017323743252E-03   4.3752154447362170E+02   0.0000000000000000E+00
   3.0000000000000000E+07   2.2937010297009661E-03   4.3597661031279739E+02   0.0000000000000000E+00
   3.1000000000000000E+07   2.3015415396849862E-03   4.3449139750780728E+02   0.0000000000000000E+00
   3.2000000000000000E+07   2.3091392255539362E-03   4.3306180456057672E+02   0.0000000000000000E+00
   3.3000000000000000E+07   2.3165086229190654E-03   4.3168412588936792E+02   0.0000000000000000E+00
   3.4000000000000000E+07   2.3236630045003529E-03   4.3035500331298073E+02   0.0000000000000000E+00
   3.5000000000000000E+07   2.3306145218384747E-03   4.2907138466260102E+02   0.0000000000000000E+00
   3.6000000000000000E+07   2.3373743277343650E-03   4.2783048831091935E+02   0.0000000000000000E+00
   3.7000000000000000E+07   2.3439526824674596E-03   4.2662977263999562E+02   0.0000000000000000E+00
   3.8000000000000000E+07   2.3503590462988734E-03   4.2546690965140289E+02   0.0000000000000000E+00
   3.9000000000000000E+07   2.3566021603240888E-03   4.2433976206763572E+02   0.0000000000000000E+00
   4.0000000000000000E+07   2.3626901173888189E-03   4.2324636338902246E+02   0.0000000000000000E+00
   4.1000000000000000E+07   2.3686304244947454E-03   4.2218490046344442E+02   0.0000000000000000E+00
   4.2000000000000000E+07   2.3744300578887978E-03   4.2115369820121833E+02   0.0000000000000000E+00
   4.3000000000000000E+07   2.3800955118394168E-03   4.2015120612834858E+02   0.0000000000000000E+00
   4.4000000000000000E+07   2.3856328419473659E-03   4.1917598652092295E+02   0.0000000000000000E+00
   4.5000000000000000E+07   2.3910477037077348E-03   4.1822670390445433E+02   0.0000000000000000E+00
   4.6000000000000000E+07   2.3963453869330418E-03   4.1730211573543176E+02   0.0000000000000000E+00
   4.7000000000000000E+07   2.4015308465597761E-03   4.1640106410980025E+02   0.0000000000000000E+00
   4.8000000000000000E+07   2.4066087302827398E-03   4.1552246836672759E+02   0.0000000000000000E+00
   4.9000000000000000E+07   2.4115834034007791E-03   4.1466531847491365E+02   0.0000000000000000E+00
   5.0000000000000000E+07   2.4164589712054726E-03   4.1382866910466976E+02   0.0000000000000000E+00
   5.1000000000000000E+07   2.4212392991972247E-03   4.1301163430296037E+02   0.0000000000000000E+00
   5.2000000000000000E+07   2.4259280313763112E-03   4.1221338269984301E+02   0.0000000000000000E+00
   5.3000000000000000E+07   2.4305286068258035E-03   4.1143313318413061E+02   0.0000000000000000E+00
   5.4000000000000000E+07   2.4350442747725957E-03   4.1067015099484723E+02   0.0000000000000000E+00
   5.5000000000000000E+07   2.4394781082918487E-03   4.0992374418158312E+02   0.0000000000000000E+00
   5.6000000000000000E+07   2.4438330167977926E-03   4.0919326039318423E+02   0.0000000000000000E+00
   5.7000000000000000E+07   2.4481117574489172E-03   4.0847808395890456E+02   0.0000000000000000E+00
   5.8000000000000000E+07   2.4523169455767276E-03   4.0777763323118234E+02   0.0000000000000000E+00
   5.9000000000000000E+07   2.4564510642389615E-03   4.0709135816219174E+02   0.0000000000000000E+00
   6.0000000000000000E+07   2.4605164729808310E-03   4.0641873809059877E+02   0.0000000000000000E+00
   6.1000000000000000E+07   2.4645154158854398E-03   4.0575927971654613E+02   0.0000000000000000E+00
   6.2000000000000000E+07   2.4684500289781090E-03   4.0511251524665499E+02   0.0000000000000000E+00
   6.3000000000000000E+07   2.4723223470471075E-03   4.0447800069209433E+02   0.0000000000000000E+00
   6.4000000000000000E+07   2.4761343099367686E-03   4.0385531430463340E+02   0.0000000000000000E+00
   6.5000000000000000E+07   2.4798877683569523E-03   4.0324405513824900E+02   0.0000000000000000E+00
   6.6000000000000000E+07   2.4835844892574866E-03   4.0264384172368892E+02   0.0000000000000000E+00
   6.7000000000000000E+07   2.4872261608028011E-03   4.0205431084611564E+02   0.0000000000000000E+00
   6.8000000000000000E+07   2.4908143969833438E-03   4.0147511641618604E+02   0.0000000000000000E+00
   6.9000000000000000E+07   2.4943507418942845E-03   4.0090592842631679E+02   0.0000000000000000E+00
   7.0000000000000000E+07   2.4978366737107628E-03   4.0034643198444576E+02   0.0000000000000000E+00
   7.1000000000000000E+07   2.5012736083846951E-03   3.9979632641860127E+02   0.0000000000000000E+00
   7.2000000000000000E+07   2.5046629030867451E-03   3.9925532444609644E+02   0.0000000000000000E+00
   7.3000000000000000E+07   2.5080058594112538E-03   3.9872315140234440E+02   0.0000000000000000E+00
   7.4000000000000000E+07   2.5113037263702711E-03   3.9819954452317745E+02   0.0000000000000000E+00
   7.5000000000000000E+07   2.5145577031836213E-03   3.9768425227781574E+02   0.0000000000000000E+00
   7.6000000000000000E+07   2.5177689418912136E-03   3.9717703374673198E+02   0.0000000000000000E+00
   7.7000000000000000E+07   2.5209385497927356E-03   3.9667765804216742E+02   0.0000000000000000E+00
   7.8000000000000000E+07   2.5240675917335264E-03   3.9618590376702292E+02   0.0000000000000000E+00
   7.9000000000000000E+07   2.5271570922465914E-03   3.9570155850937641E+02   0.0000000000000000E+00
   8.0000000000000000E+07   2.5302080375605731E-03   3.9522441837000929E+02   0.0000000000000000E+00
   8.1000000000000000E+07   2.5332213774840479E-03   3.9475428752033628E+02   0.0000000000000000E+00
   8.2000000000000000E+07   2.5361980271762963E-03   3.9429097778826093E+02   0.0000000000000000E+00
   8.3000000000000000E+07   2.5391388688120165E-03   3.9383430826998006E+02   0.0000000000000000E+00
   8.4000000000000000E+07   2.5420447531454894E-03   3.9338410496613591E+02   0.0000000000000000E+00
   8.5000000000000000E+07   2.5449165009856375E-03   3.9294020043985870E+02   0.0000000000000000E+00
   8.6000000000000000E+07   2.5477549045827322E-03   3.9250243349596406E+02   0.0000000000000000E+00
   8.7000000000000000E+07   2.5505607289390262E-03   3.9207064887883570E+02   0.0000000000000000E+00
   8.8000000000000000E+07   2.5533347130433982E-03   3.9164469698846079E+02   0.0000000000000000E+00
   8.9000000000000000E+07   2.5560775710349115E-03   3.9122443361338111E+02   0.0000000000000000E+00
   9.0000000000000000E+07   2.5587899933064355E-03   3.9080971967840668E+02   0.0000000000000000E+00
   9.1000000000000000E+07   2.5614726475440162E-03   3.9040042100735189E+02   0.0000000000000000E+00
   9.2000000000000000E+07   2.5641261797127329E-03   3.8999640809877513E+02   0.0000000000000000E+00
   9.3000000000000000E+07   2.5667512149856997E-03   3.8959755591488891E+02   0.0000000000000000E+00
   9.4000000000000000E+07   2.5693483586295808E-03   3.8920374368128597E+02   0.0000000000000000E+00
   9.5000000000000000E+07   2.5719181968386663E-03   3.8881485469840123E+02   0.0000000000000000E+00
   9.6000000000000000E+07   2.5744612975275548E-03   3.8843077616290986E+02   0.0000000000000000E+00
   9.7000000000000000E+07   2.5769782110835336E-03   3.8805139899864866E+02   0.0000000000000000E+00
   9.8000000000000000E+07   2.5794694710798180E-03   3.8767661769665369E+02   0.0000000000000000E+00
   9.9000000000000000E+07   2.5819355949543198E-03   3.8730633016339527E+02   0.0000000000000000E+00
   1.0000000000000000E+08   2.5843770846515853E-03   3.8694043757736534E+02   0.0000000000000000E+00
   1.1000000000000000E+08   2.6075375939611368E-03   3.8350357912995224E+02   0.0000000000000000E+00
   1.2000000000000000E+08   2.6286920273936995E-03   3.8041732906668494E+02   0.0000000000000000E+00
   1.3000000000000000E+08   2.6481602767781005E-03   3.7762064810391911E+02   0.0000000000000000E+00
   1.4000000000000000E+08   2.6661913536181504E-03   3.7506685281345312E+02   0.0000000000000000E+00
   1.5000000000000000E+08   2.6829828929394294E-03   3.7271948420976236E+02   0.0000000000000000E+00
   1.6000000000000000E+08   2.6986943794020429E-03   3.7054955449292959E+02   0.0000000000000000E+00
   1.7000000000000000E+08   2.7134563740987294E-03   3.6853365675803383E+02   0.0000000000000000E+00
   1.8000000000000000E+08   2.7273771106548837E-03   3.6665263343794999E+02   0.0000000000000000E+00
   1.9000000000000000E+08   2.7405473122132130E-03   3.6489061711998670E+02   0.0000000000000000E+00
   2.0000000000000000E+08   2.7530437757357653E-03   3.6323432588090429E+02   0.0000000000000000E+00
   2.1000000000000000E+08   2.7649320837756929E-03   3.6167253650383907E+02   0.0000000000000000E+00
   2.2000000000000000E+08   2.7762686867598071E-03   3.6019568450599195E+02   0.0000000000000000E+00
   2.3000000000000000E+08   2.7871025233915628E-03   3.5879555617606866E+02   0.0000000000000000E+00
   2.4000000000000000E+08   2.7974762968949840E-03   3.5746504844739343E+02   0.0000000000000000E+00
   2.5000000000000000E+08   2.8074274912189543E-03   3.5619797951248637E+02   0.0000000000000000E+00
   2.6000000000000000E+08   2.8169891883545561E-03   3.5498893788233335E+02   0.0000000000000000E+00
   2.7000000000000000E+08   2.8261907316536206E-03   3.5383316093988259E+02   0.0000000000000000E+00
   2.8000000000000000E+08   2.8350582687529627E-03   3.5272643635640799E+02   0.0000000000000000E+00
   2.9000000000000000E+08   2.8436151993977035E-03   3.5166502141773850E+02   0.0000000000000000E+00
   3.0000000000000000E+08   2.8518825474479399E-03   3.5064557651396575E+02   0.0000000000000000E+00
   3.1000000000000000E+08   2.8598792720164194E-03   3.4966510991735976E+02   0.0000000000000000E+00
   3.2000000000000000E+08   2.8676225292839086E-03   3.4872093163869658E+02   0.0000000000000000E+00
   3.3000000000000000E+08   2.8751278940709990E-03   3.4781061463810693E+02   0.0000000000000000E+00
   3.4000000000000000E+08   2.8824095484086122E-03   3.4693196202881836E+02   0.0000000000000000E+00
   3.5000000000000000E+08   2.8894804428064437E-03   3.4608297920464128E+02   0.0000000000000000E+00
   3.6000000000000000E+08   2.8963524348224684E-03   3.4526185003493714E+02   0.0000000000000000E+00
   3.7000000000000000E+08   2.9030364087000121E-03   3.4446691643381865E+02   0.0000000000000000E+00
   3.8000000000000000E+08   2.9095423790388561E-03   3.4369666075472048E+02   0.0000000000000000E+00
   3.9000000000000000E+08   2.9158795810679335E-03   3.4294969054714966E+02   0.0000000000000000E+00
   4.0000000000000000E+08   2.9220565494363815E-03   3.4222472531987250E+02   0.0000000000000000E+00
   4.1000000000000000E+08   2.9280811873740671E-03   3.4152058498651473E+02   0.0000000000000000E+00
   4.2000000000000000E+08   2.9339608274274761E-03   3.4083617976481622E+02   0.0000000000000000E+00
   4.3000000000000000E+08   2.9397022851515653E-03   3.4017050129565826E+02   0.0000000000000000E+00
   4.4000000000000000E+08   2.9453119065981966E-03   3.3952261482383688E+02   0.0000000000000000E+00
   4.5000000000000000E+08   2.9507956104437862E-03   3.3889165229224557E+02   0.0000000000000000E+00
   4.6000000000000000E+08   2.9561589255359486E-03   3.3827680621693946E+02   0.0000000000000000E+00
   4.7000000000000000E+08   2.9614070244029628E-03   3.3767732424475020E+02   0.0000000000000000E+00
   4.8000000000000000E+08   2.9665447532091997E-03   3.3709250430764712E+02   0.0000000000000000E+00
   4.9000000000000000E+08   2.9715766586877663E-03   3.3652169028733562E+02   0.0000000000000000E+00
   5.0000000000000000E+08   2.9765070122477395E-03   3.3596426814558049E+02   0.0000000000000000E+00
   5.1000000000000000E+08   2.9813398318161944E-03   3.3541966243774795E+02   0.0000000000000000E+00
   5.2000000000000000E+08   2.9860789014682799E-03   3.3488733318744249E+02   0.0000000000000000E+00
   5.3000000000000000E+08   2.9907277892867491E-03   3.3436677305843591E+02   0.0000000000000000E+00
   5.4000000000000000E+08   2.9952898634094359E-03   3.3385750481649023E+02   0.0000000000000000E+00
   5.5000000000000000E+08   2.9997683067755835E-03   3.3335907901330177E+02   0.0000000000000000E+00
   5.6000000000000000E+08   3.0041661304017393E-03   3.3287107190249588E+02   0.0000000000000000E+00
   5.7000000000000000E+08   3.0084861855852246E-03   3.3239308353529151E+02   0.0000000000000000E+00
   5.8000000000000000E+08   3.0127311749836173E-03   3.3192473603471706E+02   0.0000000000000000E+00
   5.9000000000000000E+08   3.0169036627353185E-03   3.3146567202392401E+02   0.0000000000000000E+00
   6.0000000000000000E+08   3.0210060838904737E-03   3.3101555317366086E+02   0.0000000000000000E+00
   6.1000000000000000E+08   3.0250407527340024E-03   3.3057405891018487E+02   0.0000000000000000E+00
   6.2000000000000000E+08   3.0290098708491368E-03   3.3014088518624254E+02   0.0000000000000000E+00
   6.3000000000000000E+08   3.0329155341768219E-03   3.2971574339323462E+02   0.0000000000000000E+00
   6.4000000000000000E+08   3.0367597397348406E-03   3.2929835933853519E+02   0.0000000000000000E+00
   6.5000000000000000E+08   3.0405443917024765E-03   3.2888847231731262E+02   0.0000000000000000E+00
   6.6000000000000000E+08   3.0442713071131460E-03   3.2848583424986873E+02   0.0000000000000000E+00
   6.7000000000000000E+08   3.0479422211342534E-03   3.2809020888455774E+02   0.0000000000000000E+00
   6.8000000000000000E+08   3.0515587918045007E-03   3.2770137107817698E+02   0.0000000000000000E+00
   6.9000000000000000E+08   3.0551226046578337E-03   3.2731910610572623E+02   0.0000000000000000E+00
   7.0000000000000000E+08   3.0586351768262803E-03   3.2694320904189243E+02   0.0000000000000000E+00
   7.1000000000000000E+08   3.0620979608793563E-03   3.2657348418494934E+02   0.0000000000000000E+00
   7.2000000000000000E+08   3.0655123485268708E-03   3.2620974450830357E+02   0.0000000000000000E+00
   7.3000000000000000E+08   3.0688796739566345E-03   3.2585181116297196E+02   0.0000000000000000E+00
   7.4000000000000000E+08   3.0722012168304131E-03   3.2549951302724213E+02   0.0000000000000000E+00
   7.5000000000000000E+08   3.0754782054506478E-03   3.2515268624817674E+02   0.0000000000000000E+00
   7.6000000000000000E+08   3.0787118192545952E-03   3.2481117386365702E+02   0.0000000000000000E+00
   7.7000000000000000E+08   3.0819031915084102E-03   3.2447482541155324E+02   0.0000000000000000E+00
   7.8000000000000000E+08   3.0850534115492577E-03   3.2414349659438096E+02   0.0000000000000000E+00
   7.9000000000000000E+08   3.0881635272182939E-03   3.2381704893094309E+02   0.0000000000000000E+00
   8.0000000000000000E+08   3.0912345468094870E-03   3.2349534946551250E+02   0.0000000000000000E+00
   8.1000000000000000E+08   3.0942674410126903E-03   3.2317827048353672E+02   0.0000000000000000E+00
   8.2000000000000000E+08   3.0972631448374088E-03   3.2286568923496981E+02   0.0000000000000000E+00
   8.3000000000000000E+08   3.1002225593479301E-03   3.2255748768253920E+02   0.0000000000000000E+00
   8.4000000000000000E+08   3.1031465532152859E-03   3.2225355227385666E+02   0.0000000000000000E+00
   8.5000000000000000E+08   3.1060359643066706E-03   3.2195377371402077E+02   0.0000000000000000E+00
   8.6000000000000000E+08   3.1088916010984569E-03   3.2165804676067592E+02   0.0000000000000000E+00
   8.7000000000000000E+08   3.1117142440297498E-03   3.2136627002901605E+02   0.0000000000000000E+00
   8.8000000000000000E+08   3.1145046468343484E-03   3.2107834580257321E+02   0.0000000000000000E+00
   8.9000000000000000E+08   3.1172635377056633E-03   3.2079417986456480E+02   0.0000000000000000E+00
   9.0000000000000000E+08   3.1199916203892794E-03   3.2051368133970527E+02   0.0000000000000000E+00
   9.1000000000000000E+08   3.1226895753303677E-03   3.2023676253320963E+02   0.0000000000000000E+00
   9.2000000000000000E+08   3.1253580607739557E-03   3.1996333877736964E+02   0.0000000000000000E+00
   9.3000000000000000E+08   3.1279977134821570E-03   3.1969332831985281E+02   0.0000000000000000E+00
   9.4000000000000000E+08   3.1306091498790986E-03   3.1942665217043117E+02   0.0000000000000000E+00
   9.5000000000000000E+08   3.1331929668526248E-03   3.1916323398508280E+02   0.0000000000000000E+00
   9.6000000000000000E+08   3.1357497424605130E-03   3.1890299996176839E+02   0.0000000000000000E+00
   9.7000000000000000E+08   3.1382800369420161E-03   3.1864587870699205E+02   0.0000000000000000E+00
   9.8000000000000000E+08   3.1407843931119000E-03   3.1839180116696792E+02   0.0000000000000000E+00
   9.9000000000000000E+08   3.1432633374579820E-03   3.1814070048891273E+02   0.0000000000000000E+00
   1.0000000000000000E+09   3.1457173804267935E-03   3.1789251196632472E+02   0.0000000000000000E+00
   1.1000000000000000E+09   3.1689903879470135E-03   3.1555791516547839E+02   0.0000000000000000E+00
   1.2000000000000000E+09   3.1902379018353823E-03   3.1345624707946956E+02   0.0000000000000000E+00
   1.3000000000000000E+09   3.2097844311473286E-03   3.1154740184298072E+02   0.0000000000000000E+00
   1.4000000000000000E+09   3.2278822506712672E-03   3.0980064399562315E+02   0.0000000000000000E+00
   1.5000000000000000E+09   3.2447313661375095E-03   3.0819192320083761E+02   0.0000000000000000E+00
   1.6000000000000000E+09   3.2604930262075268E-03   3.0670208215815740E+02   0.0000000000000000E+00
   1.7000000000000000E+09   3.2752991308690584E-03   3.0531562463263106E+02   0.0000000000000000E+00
   1.8000000000000000E+09   3.2892589489431738E-03   3.0401984627002270E+02   0.0000000000000000E+00
   1.9000000000000000E+09   3.3024640155884708E-03   3.0280420779143861E+02   0.0000000000000000E+00
   2.0000000000000000E+09   3.3149917743268038E-03   3.0165987371207774E+02   0.0000000000000000E+00
   2.1000000000000000E+09   3.3269083286984894E-03   3.0057936714811956E+02   0.0000000000000000E+00
   2.2000000000000000E+09   3.3382705532996205E-03   2.9955630738544482E+02   0.0000000000000000E+00
   2.3000000000000000E+09   3.3491277362967414E-03   2.9858520747427161E+02   0.0000000000000000E+00
   2.4000000000000000E+09   3.3595228703467111E-03   2.9766131638115553E+02   0.0000000000000000E+00
   2.5000000000000000E+09   3.3694936822670873E-03   2.9678049413262971E+02   0.0000000000000000E+00
   2.6000000000000000E+09   3.3790734592041532E-03   2.9593911232563801E+02   0.0000000000000000E+00
   2.7000000000000000E+09   3.3882917181078881E-03   2.9513397404826367E+02   0.0000000000000000E+00
   2.8000000000000000E+09   3.3971747547086985E-03   2.9436224869325224E+02   0.0000000000000000E+00
   2.9000000000000000E+09   3.4057460975063011E-03   2.9362141844108800E+02   0.0000000000000000E+00
   3.0000000000000000E+09   3.4140268807133197E-03   2.9290923444371424E+02   0.0000000000000000E+00
   3.1000000000000000E+09   3.4220361589264070E-03   2.9222368015939651E+02   0.0000000000000000E+00
   3.2000000000000000E+09   3.4297911727159689E-03   2.9156294061137379E+02   0.0000000000000000E+00
   3.3000000000000000E+09   3.4373075701246030E-03   2.9092537679534740E+02   0.0000000000000000E+00
   3.4000000000000000E+09   3.4445995977913113E-03   2.9030950379289465E+02   0.0000000000000000E+00
   3.5000000000000000E+09   3.4516802642575893E-03   2.8971397216453562E+02   0.0000000000000000E+00
   3.6000000000000000E+09   3.4585614778502851E-03   2.8913755224659570E+02   0.0000000000000000E+00
   3.7000000000000000E+09   3.4652541672040233E-03   2.8857912053442840E+02   0.0000000000000000E+00
   3.8000000000000000E+09   3.4717683877275515E-03   2.8803764776905263E+02   0.0000000000000000E+00
   3.9000000000000000E+09   3.4781134117247712E-03   2.8751218882885922E+02   0.0000000000000000E+00
   4.0000000000000000E+09   3.4842978055127415E-03   2.8700187406995838E+02   0.0000000000000000E+00
   4.1000000000000000E+09   3.4903295019472415E-03   2.8650590136034549E+02   0.0000000000000000E+00
   4.2000000000000000E+09   3.4962158599521893E-03   2.8602352945497910E+02   0.0000000000000000E+00
   4.3000000000000000E+09   3.5019637189330115E-03   2.8555407201782293E+02   0.0000000000000000E+00
   4.4000000000000000E+09   3.5075794470356999E-03   2.8509689234412434E+02   0.0000000000000000E+00
   4.5000000000000000E+09   3.5130689837089106E-03   2.8465139871641617E+02   0.0000000000000000E+00
   4.6000000000000000E+09   3.5184378746721647E-03   2.8421704052204603E+02   0.0000000000000000E+00
   4.7000000000000000E+09   3.5236913090552005E-03   2.8379330431987466E+02   0.0000000000000000E+00
   4.8000000000000000E+09   3.5288341480669153E-03   2.8337971070354700E+02   0.0000000000000000E+00
   4.9000000000000000E+09   3.5338709533457814E-03   2.8297581128513616E+02   0.0000000000000000E+00
   5.0000000000000000E+09   3.5388060092072554E-03   2.8258118625270868E+02   0.0000000000000000E+00
   5.1000000000000000E+09   3.5436433437814868E-03   2.8219544208782645E+02   0.0000000000000000E+00
   5.2000000000000000E+09   3.5483867533710476E-03   2.8181820909177321E+02   0.0000000000000000E+00
   5.3000000000000000E+09   3.5530398151679505E-03   2.8144913989733340E+02   0.0000000000000000E+00
   5.4000000000000000E+09   3.5576059077074358E-03   2.8108790741367199E+02   0.0000000000000000E+00
   5.5000000000000000E+09   3.5620882219113883E-03   2.8073420356315825E+02   0.0000000000000000E+00
   5.6000000000000000E+09   3.5664897766854550E-03   2.8038773769579058E+02   0.0000000000000000E+00
   5.7000000000000000E+09   3.5708134296128301E-03   2.8004823542640992E+02   0.0000000000000000E+00
   5.8000000000000000E+09   3.5750618936394338E-03   2.7971543703317383E+02   0.0000000000000000E+00
   5.9000000000000000E+09   3.5792377346728307E-03   2.7938909738036938E+02   0.0000000000000000E+00
   6.0000000000000000E+09   3.5833433986959193E-03   2.7906898355427745E+02   0.0000000000000000E+00
   6.1000000000000000E+09   3.5873812018982726E-03   2.7875487541464713E+02   0.0000000000000000E+00
   6.2000000000000000E+09   3.5913533523609089E-03   2.7844656370073227E+02   0.0000000000000000E+00
   6.3000000000000000E+09   3.5952619494701260E-03   2.7814384989315766E+02   0.0000000000000000E+00
   6.4000000000000000E+09   3.5991089985975755E-03   2.7784654490588059E+02   0.0000000000000000E+00
   6.5000000000000000E+09   3.6028964058849519E-03   2.7755446933378528E+02   0.0000000000000000E+00
   6.6000000000000000E+09   3.6066259902269183E-03   2.7726745238063432E+02   0.0000000000000000E+00
   6.7000000000000000E+09   3.6102994943156526E-03   2.7698533087752998E+02   0.0000000000000000E+00
   6.8000000000000000E+09   3.6139185788793167E-03   2.7670794960469254E+02   0.0000000000000000E+00
   6.9000000000000000E+09   3.6174848301427013E-03   2.7643516060316205E+02   0.0000000000000000E+00
   7.0000000000000000E+09   3.6209997724866300E-03   2.7616682210208353E+02   0.0000000000000000E+00
   7.1000000000000000E+09   3.6244648576942164E-03   2.7590279924418201E+02   0.0000000000000000E+00
   7.2000000000000000E+09   3.6278814844646038E-03   2.7564296250641672E+02   0.0000000000000000E+00
   7.3000000000000000E+09   3.6312509846798732E-03   2.7538718866279606E+02   0.0000000000000000E+00
   7.4000000000000000E+09   3.6345746458383036E-03   2.7513535900137032E+02   0.0000000000000000E+00
   7.5000000000000000E+09   3.6378536917247616E-03   2.7488736071897517E+02   0.0000000000000000E+00
   7.6000000000000000E+09   3.6410893115546095E-03   2.7464308464684086E+02   0.0000000000000000E+00
   7.7000000000000000E+09   3.6442826358124075E-03   2.7440242701622225E+02   0.0000000000000000E+00
   7.8000000000000000E+09   3.6474347586586981E-03   2.7416528770695231E+02   0.0000000000000000E+00
   7.9000000000000000E+09   3.6505467280400451E-03   2.7393157093948327E+02   0.0000000000000000E+00
   8.0000000000000000E+09   3.6536195535046634E-03   2.7370118463504764E+02   0.0000000000000000E+00
   8.1000000000000000E+09   3.6566542109580571E-03   2.7347404001265858E+02   0.0000000000000000E+00
   8.2000000000000000E+09   3.6596516329669248E-03   2.7325005227049104E+02   0.0000000000000000E+00
   8.3000000000000000E+09   3.6626127247784209E-03   2.7302913934491880E+02   0.0000000000000000E+00
   8.4000000000000000E+09   3.6655383554464109E-03   2.7281122253547233E+02   0.0000000000000000E+00
   8.5000000000000000E+09   3.6684293644521997E-03   2.7259622597349056E+02   0.0000000000000000E+00
   8.6000000000000000E+09   3.6712865633507811E-03   2.7238407646590809E+02   0.0000000000000000E+00
   8.7000000000000000E+09   3.6741107313653515E-03   2.7217470378972109E+02   0.0000000000000000E+00
   8.8000000000000000E+09   3.6769026239061708E-03   2.7196804002866048E+02   0.0000000000000000E+00
   8.9000000000000000E+09   3.6796629672365740E-03   2.7176401993984786E+02   0.0000000000000000E+00
   9.0000000000000000E+09   3.6823924747061768E-03   2.7156257972740713E+02   0.0000000000000000E+00
   9.1000000000000000E+09   3.6850918233920214E-03   2.7136365874311616E+02   0.0000000000000000E+00
   9.2000000000000000E+09   3.6877616682035237E-03   2.7116719841798931E+02   0.0000000000000000E+00
   9.3000000000000000E+09   3.6904026545405595E-03   2.7097314131010353E+02   0.0000000000000000E+00
   9.4000000000000000E+09   3.6930153922646188E-03   2.7078143299770636E+02   0.0000000000000000E+00
   9.5000000000000000E+09   3.6956004880626752E-03   2.7059201968127911E+02   0.0000000000000000E+00
   9.6000000000000000E+09   3.6981585111349881E-03   2.7040485068150684E+02   0.0000000000000000E+00
   9.7000000000000000E+09   3.7006900285173707E-03   2.7021987583235551E+02   0.0000000000000000E+00
   9.8000000000000000E+09   3.7031955808894414E-03   2.7003704723578710E+02   0.0000000000000000E+00
   9.9000000000000000E+09   3.7056757017751981E-03   2.6985631784264115E+02   0.0000000000000000E+00
   1.0000000000000000E+10   3.7081308930900720E-03   2.6967764322005280E+02   0.0000000000000000E+00
   1.1000000000000000E+10   3.7314142428936914E-03   2.6799490351532387E+02   0.0000000000000000E+00
   1.2000000000000000E+10   3.7526703679745432E-03   2.6647690895902952E+02   0.0000000000000000E+00
   1.3000000000000000E+10   3.7722241829439849E-03   2.6509559122214279E+02   0.0000000000000000E+00
   1.4000000000000000E+10   3.7903282372998759E-03   2.6382939349663610E+02   0.0000000000000000E+00
   1.5000000000000000E+10   3.8071827558916497E-03   2.6266141241906263E+02   0.0000000000000000E+00
   1.6000000000000000E+10   3.8229491419224442E-03   2.6157815939375291E+02   0.0000000000000000E+00
   1.7000000000000000E+10   3.8377594015874977E-03   2.6056870568445430E+02   0.0000000000000000E+00
   1.8000000000000000E+10   3.8517229272687302E-03   2.5962407444221424E+02   0.0000000000000000E+00
   1.9000000000000000E+10   3.8649313029108837E-03   2.5873681098726058E+02   0.0000000000000000E+00
   2.0000000000000000E+10   3.8774620323323359E-03   2.5790065554774475E+02   0.0000000000000000E+00
   2.1000000000000000E+10   3.8893812980836861E-03   2.5711030196311793E+02   0.0000000000000000E+00
   2.2000000000000000E+10   3.9007459692266184E-03   2.5636122113285558E+02   0.0000000000000000E+00
   2.3000000000000000E+10   3.9116053887444475E-03   2.5564950975818692E+02   0.0000000000000000E+00
   2.4000000000000000E+10   3.9220025596654520E-03   2.5497178667963453E+02   0.0000000000000000E+00
   2.5000000000000000E+10   3.9319752654196783E-03   2.5432509934501471E+02   0.0000000000000000E+00
   2.6000000000000000E+10   3.9415567808295787E-03   2.5370686142685236E+02   0.0000000000000000E+00
   2.7000000000000000E+10   3.9507766334672487E-03   2.5311479052724584E+02   0.0000000000000000E+00
   2.8000000000000000E+10   3.9596611695504646E-03   2.5254686125417368E+02   0.0000000000000000E+00
   2.9000000000000000E+10   3.9682339087151082E-03   2.5200127386739524E+02   0.0000000000000000E+00
   3.0000000000000000E+10   3.9765159638051745E-03   2.5147642033934866E+02   0.0000000000000000E+00
   3.1000000000000000E+10   3.9845264787271364E-03   2.5097085069929108E+02   0.0000000000000000E+00
   3.2000000000000000E+10   3.9922826513791318E-03   2.5048326667315271E+02   0.0000000000000000E+00
   3.3000000000000000E+10   3.9998000898438029E-03   2.5001249500923217E+02   0.0000000000000000E+00
   3.4000000000000000E+10   4.0070931464024481E-03   2.4955746309461165E+02   0.0000000000000000E+00
   3.5000000000000000E+10   4.0141747636418786E-03   2.4911720562279297E+02   0.0000000000000000E+00
   3.6000000000000000E+10   4.0210568196130678E-03   2.4869084045826210E+02   0.0000000000000000E+00
   3.7000000000000000E+10   4.0277503763992053E-03   2.4827755112619386E+02   0.0000000000000000E+00
   3.8000000000000000E+10   4.0342653770203598E-03   2.4787660368009387E+02   0.0000000000000000E+00
   3.9000000000000000E+10   4.0406111558113546E-03   2.4748731353715235E+02   0.0000000000000000E+00
   4.0000000000000000E+10   4.0467962882759943E-03   2.4710905337565623E+02   0.0000000000000000E+00
   4.1000000000000000E+10   4.0528286783035458E-03   2.4674124651589898E+02   0.0000000000000000E+00
   4.2000000000000000E+10   4.0587156678464926E-03   2.4638335913059626E+02   0.0000000000000000E+00
   4.3000000000000000E+10   4.0644642350098816E-03   2.4603488730109811E+02   0.0000000000000000E+00
   4.4000000000000000E+10   4.0700804716906330E-03   2.4569538783212792E+02   0.0000000000000000E+00
   4.5000000000000000E+10   4.0755705985330353E-03   2.4536441605500372E+02   0.0000000000000000E+00
   4.6000000000000000E+10   4.0809400621675089E-03   2.4504157982385814E+02   0.0000000000000000E+00
   4.7000000000000000E+10   4.0861940579050198E-03   2.4472650731441212E+02   0.0000000000000000E+00
   4.8000000000000000E+10   4.0913373206204013E-03   2.4441885907573186E+02   0.0000000000000000E+00
   4.9000000000000000E+10   4.0963746697679927E-03   2.4411829498414446E+02   0.0000000000000000E+00
   5.0000000000000000E+10   4.1013101920572550E-03   2.4382452269439074E+02   0.0000000000000000E+00
   5.1000000000000000E+10   4.1061478810469473E-03   2.4353725900028459E+02   0.0000000000000000E+00
   5.2000000000000000E+10   4.1108917871304218E-03   2.4325622073794429E+02   0.0000000000000000E+00
   5.3000000000000000E+10   4.1155452129578839E-03   2.4298117217895660E+02   0.0000000000000000E+00
   5.4000000000000000E+10   4.1201117177075419E-03   2.4271186523951999E+02   0.0000000000000000E+00
   5.5000000000000000E+10   4.1245943519869462E-03   2.4244808450515114E+02   0.0000000000000000E+00
   5.6000000000000000E+10   4.1289963646489909E-03   2.4218960533887778E+02   0.0000000000000000E+00
   5.7000000000000000E+10   4.1333204088998222E-03   2.4193624037633538E+02   0.0000000000000000E+00
   5.8000000000000000E+10   4.1375691624157395E-03   2.4168780284899103E+02   0.0000000000000000E+00
   5.9000000000000000E+10   4.1417453853804095E-03   2.4144410313821177E+02   0.0000000000000000E+00
   6.0000000000000000E+10   4.1458512543922424E-03   2.4120498750179939E+02   0.0000000000000000E+00
   6.1000000000000000E+10   4.1498895041433108E-03   2.4097027137748739E+02   0.0000000000000000E+00
   6.2000000000000000E+10   4.1538618264493482E-03   2.4073983242114326E+02   0.0000000000000000E+00
   6.3000000000000000E+10   4.1577706628231747E-03   2.4051350617808933E+02   0.0000000000000000E+00
   6.4000000000000000E+10   4.1616179713668353E-03   2.4029115764116179E+02   0.0000000000000000E+00
   6.5000000000000000E+10   4.1654057252903448E-03   2.4007265220971874E+02   0.0000000000000000E+00
   6.6000000000000000E+10   4.1691356175742947E-03   2.3985787264503156E+02   0.0000000000000000E+00
   6.7000000000000000E+10   4.1728094169584283E-03   2.3964669844157484E+02   0.0000000000000000E+00
   6.8000000000000000E+10   4.1764286794216243E-03   2.3943902237030082E+02   0.0000000000000000E+00
   6.9000000000000000E+10   4.1799951537520126E-03   2.3923472712698924E+02   0.0000000000000000E+00
   7.0000000000000000E+10   4.1835102492308561E-03   2.3903371580931386E+02   0.0000000000000000E+00
   7.1000000000000000E+10   4.1869757210902473E-03   2.3883587262350068E+02   0.0000000000000000E+00
   7.2000000000000000E+10   4.1903925984738358E-03   2.3864112407133541E+02   0.0000000000000000E+00
   7.3000000000000000E+10   4.1937621440132390E-03   2.3844938402802353E+02   0.0000000000000000E+00
   7.4000000000000000E+10   4.1970861354017671E-03   2.3826053784437639E+02   0.0000000000000000E+00
   7.5000000000000000E+10   4.2003654387692841E-03   2.3807452341408711E+02   0.0000000000000000E+00
   7.6000000000000000E+10   4.2036010464639346E-03   2.3789127201811868E+02   0.0000000000000000E+00
   7.7000000000000000E+10   4.2067946817107111E-03   2.3771067419752131E+02   0.0000000000000000E+00
   7.8000000000000000E+10   4.2099469702909465E-03   2.3753268320405729E+02   0.0000000000000000E+00
   7.9000000000000000E+10   4.2130592097173701E-03   2.3735721484604639E+02   0.0000000000000000E+00
   8.0000000000000000E+10   4.2161321038210612E-03   2.3718421894174159E+02   0.0000000000000000E+00
   8.1000000000000000E+10   4.2191670241305719E-03   2.3701360820292876E+02   0.0000000000000000E+00
   8.2000000000000000E+10   4.2221646758593308E-03   2.3684533332335545E+02   0.0000000000000000E+00
   8.3000000000000000E+10   4.2251257064168388E-03   2.3667934861234235E+02   0.0000000000000000E+00
   8.4000000000000000E+10   4.2280517796863233E-03   2.3651555186823884E+02   0.0000000000000000E+00
   8.5000000000000000E+10   4.2309426789814992E-03   2.3635394659630012E+02   0.0000000000000000E+00
   8.6000000000000000E+10   4.2338002850659832E-03   2.3619441935589916E+02   0.0000000000000000E+00
   8.7000000000000000E+10   4.2366244893823199E-03   2.3603696822934515E+02   0.0000000000000000E+00
   8.8000000000000000E+10   4.2394165590584716E-03   2.3588151484271444E+02   0.0000000000000000E+00
   8.9000000000000000E+10   4.2421768180624800E-03   2.3572803371659742E+02   0.0000000000000000E+00
   9.0000000000000000E+10   4.2449066258291555E-03   2.3557644210952949E+02   0.0000000000000000E+00
   9.1000000000000000E+10   4.2476059022173041E-03   2.3542673756008944E+02   0.0000000000000000E+00
   9.2000000000000000E+10   4.2502760280403815E-03   2.3527883681028993E+02   0.0000000000000000E+00
   9.3000000000000000E+10   4.2529173032765490E-03   2.3513271683641165E+02   0.0000000000000000E+00
   9.4000000000000000E+10   4.2555301904584559E-03   2.3498834580991857E+02   0.0000000000000000E+00
   9.5000000000000000E+10   4.2581153238502485E-03   2.3484568264247619E+02   0.0000000000000000E+00
   9.6000000000000000E+10   4.2606735185784445E-03   2.3470467653518918E+02   0.0000000000000000E+00
   9.7000000000000000E+10   4.2632052910498942E-03   2.3456529341887062E+02   0.0000000000000000E+00
   9.8000000000000000E+10   4.2657108173618724E-03   2.3442751813599261E+02   0.0000000000000000E+00
   9.9000000000000000E+10   4.2681909081766578E-03   2.3429130081418813E+02   0.0000000000000000E+00
   1.0000000000000000E+11   4.2706465479304574E-03   2.3415658232934243E+02   0.0000000000000000E+00
