   1.0000000000000000E+00   1.0000000000000001E+25   1.9732696317747896E-22
   2.0000000000000000E+00   1.0000000000000001E+25   9.8663481588739479E-23
   3.0000000000000000E+00   1.0000000000000001E+25   6.5775654392492986E-23
   4.0000000000000000E+00   1.0000000000000001E+25   4.9331740794369739E-23
   5.0000000000000000E+00   1.0000000000000001E+25   3.9465392635495793E-23
   6.0000000000000000E+00   1.0000000000000001E+25   3.2887827196246493E-23
   7.0000000000000000E+00   1.0000000000000001E+25   2.8189566168211286E-23
   8.0000000000000000E+00   1.0000000000000001E+25   2.4665870397184870E-23
   8.6690000000000005E+00   1.0000000000000001E+25   2.2762367421557150E-23
   8.6709999999999994E+00   1.0000000000000001E+25   2.2757117192651248E-23
   9.0000000000000000E+00   1.0000000000000001E+25   2.1925218130830994E-23
   1.0000000000000000E+01   1.0000000000000001E+25   1.9732696317747896E-23
   1.1000000000000000E+01   1.0000000000000001E+25   1.7938814834316270E-23
   1.2000000000000000E+01   1.0000000000000001E+25   1.6443913598123246E-23
   1.3000000000000000E+01   1.0000000000000001E+25   1.5178997167498382E-23
   1.4000000000000000E+01   1.0000000000000001E+25   1.4094783084105643E-23
   1.5000000000000000E+01   1.0000000000000001E+25   1.3155130878498597E-23
   1.6000000000000000E+01   1.0000000000000001E+25   1.2332935198592435E-23
   1.7000000000000000E+01   1.0000000000000001E+25   1.1607468422204644E-23
   1.8000000000000000E+01   1.0000000000000001E+25   1.0962609065415497E-23
   1.9000000000000000E+01   1.0000000000000001E+25   1.0385629640919946E-23
   2.0000000000000000E+01   1.0000000000000001E+25   9.8663481588739482E-24
   2.1000000000000000E+01   1.0000000000000001E+25   9.3965220560704266E-24
   2.2000000000000000E+01   1.0000000000000001E+25   8.9694074171581351E-24
   2.3000000000000000E+01   1.0000000000000001E+25   8.5794331816295206E-24
   2.4000000000000000E+01   1.0000000000000001E+25   8.2219567990616232E-24
   2.5000000000000000E+01   1.0000000000000001E+25   7.8930785270991588E-24
   2.6000000000000000E+01   1.0000000000000001E+25   7.5894985837491909E-24
   2.7000000000000000E+01   1.0000000000000001E+25   7.3084060436103314E-24
   2.8000000000000000E+01   1.0000000000000001E+25   7.0473915420528214E-24
   2.9000000000000000E+01   1.0000000000000001E+25   6.8043780406027227E-24
   3.0000000000000000E+01   1.0000000000000001E+25   6.5775654392492983E-24
   3.1000000000000000E+01   1.0000000000000001E+25   6.3653859089509344E-24
   3.2000000000000000E+01   1.0000000000000001E+25   6.1664675992962174E-24
   3.3000000000000000E+01   1.0000000000000001E+25   5.9796049447720891E-24
   3.4000000000000000E+01   1.0000000000000001E+25   5.8037342111023222E-24
   3.5000000000000000E+01   1.0000000000000001E+25   5.6379132336422558E-24
   3.5999000000000002E+01   1.0000000000000001E+25   5.4814567953965101E-24
   3.6000999999999998E+01   1.0000000000000001E+25   5.4811522784777916E-24
   3.7000000000000000E+01   1.0000000000000001E+25   5.3331611669588911E-24
   3.7999000000000002E+01   1.0000000000000001E+25   5.1929514770777903E-24
   3.8000999999999998E+01   1.0000000000000001E+25   5.1926781710344195E-24
   3.9000000000000000E+01   1.0000000000000001E+25   5.0596657224994601E-24
   4.0000000000000000E+01   1.0000000000000001E+25   4.9331740794369741E-24
   4.0999000000000002E+01   1.0000000000000001E+25   4.8129701499421679E-24
   4.1000999999999998E+01   1.0000000000000001E+25   4.8127353766366426E-24
   4.2000000000000000E+01   1.0000000000000001E+25   4.6982610280352133E-24
   4.3000000000000000E+01   1.0000000000000001E+25   4.5889991436623017E-24
   4.4000000000000000E+01   1.0000000000000001E+25   4.4847037085790676E-24
   4.5000000000000000E+01   1.0000000000000001E+25   4.3850436261661996E-24
   4.6000000000000000E+01   1.0000000000000001E+25   4.2897165908147603E-24
   4.7000000000000000E+01   1.0000000000000001E+25   4.1984460250527435E-24
   4.8000000000000000E+01   1.0000000000000001E+25   4.1109783995308116E-24
   4.9000000000000000E+01   1.0000000000000001E+25   4.0270808811730397E-24
   5.0000000000000000E+01   1.0000000000000001E+25   3.9465392635495794E-24
   5.0999000000000002E+01   1.0000000000000001E+25   3.8692320080291566E-24
   5.1000999999999998E+01   1.0000000000000001E+25   3.8690802764157368E-24
   5.2000000000000000E+01   1.0000000000000001E+25   3.7947492918745955E-24
   5.3000000000000000E+01   1.0000000000000001E+25   3.7231502486316790E-24
   5.4000000000000000E+01   1.0000000000000001E+25   3.6542030218051657E-24
   5.5000000000000000E+01   1.0000000000000001E+25   3.5877629668632538E-24
   5.6000000000000000E+01   1.0000000000000001E+25   3.5236957710264107E-24
   5.7000000000000000E+01   1.0000000000000001E+25   3.4618765469733156E-24
   5.8000000000000000E+01   1.0000000000000001E+25   3.4021890203013613E-24
   5.9000000000000000E+01   1.0000000000000001E+25   3.3445247996182874E-24
   6.0000000000000000E+01   1.0000000000000001E+25   3.2887827196246492E-24
   6.1000000000000000E+01   1.0000000000000001E+25   3.2348682488111304E-24
   6.2000000000000000E+01   1.0000000000000001E+25   3.1826929544754672E-24
   6.3000000000000000E+01   1.0000000000000001E+25   3.1321740186901423E-24
   6.4000000000000000E+01   1.0000000000000001E+25   3.0832337996481087E-24
   6.5000000000000000E+01   1.0000000000000001E+25   3.0357994334996764E-24
   6.6000000000000000E+01   1.0000000000000001E+25   2.9898024723860446E-24
   6.7000000000000000E+01   1.0000000000000001E+25   2.9451785548877459E-24
   6.8000000000000000E+01   1.0000000000000001E+25   2.9018671055511611E-24
   6.9000000000000000E+01   1.0000000000000001E+25   2.8598110605431733E-24
   7.0000000000000000E+01   1.0000000000000001E+25   2.8189566168211279E-24
   7.1000000000000000E+01   1.0000000000000001E+25   2.7792530024997035E-24
   7.2000000000000000E+01   1.0000000000000001E+25   2.7406522663538743E-24
   7.3000000000000000E+01   1.0000000000000001E+25   2.7031090846229999E-24
   7.4000000000000000E+01   1.0000000000000001E+25   2.6665805834794456E-24
   7.5000000000000000E+01   1.0000000000000001E+25   2.6310261756997196E-24
   7.6000000000000000E+01   1.0000000000000001E+25   2.5964074102299865E-24
   7.7000000000000000E+01   1.0000000000000001E+25   2.5626878334737527E-24
   7.8000000000000000E+01   1.0000000000000001E+25   2.5298328612497301E-24
   7.9000000000000000E+01   1.0000000000000001E+25   2.4978096604744172E-24
   7.9998999999999995E+01   1.0000000000000001E+25   2.4666178724418928E-24
   8.0001000000000005E+01   1.0000000000000001E+25   2.4665562077658897E-24
   8.1000000000000000E+01   1.0000000000000001E+25   2.4361353478701109E-24
   8.2000000000000000E+01   1.0000000000000001E+25   2.4064263802131581E-24
   8.3000000000000000E+01   1.0000000000000001E+25   2.3774332912949271E-24
   8.4000000000000000E+01   1.0000000000000001E+25   2.3491305140176066E-24
   8.5000000000000000E+01   1.0000000000000001E+25   2.3214936844409289E-24
   8.6000000000000000E+01   1.0000000000000001E+25   2.2944995718311509E-24
   8.7000000000000000E+01   1.0000000000000001E+25   2.2681260135342409E-24
   8.8000000000000000E+01   1.0000000000000001E+25   2.2423518542895338E-24
   8.9000000000000000E+01   1.0000000000000001E+25   2.2171568896345952E-24
   9.0000000000000000E+01   1.0000000000000001E+25   2.1925218130830998E-24
   9.1000000000000000E+01   1.0000000000000001E+25   2.1684281667854832E-24
   9.2000000000000000E+01   1.0000000000000001E+25   2.1448582954073801E-24
   9.3000000000000000E+01   1.0000000000000001E+25   2.1217953029836450E-24
   9.4000000000000000E+01   1.0000000000000001E+25   2.0992230125263717E-24
   9.5000000000000000E+01   1.0000000000000001E+25   2.0771259281839889E-24
   9.6000000000000000E+01   1.0000000000000001E+25   2.0554891997654058E-24
   9.7000000000000000E+01   1.0000000000000001E+25   2.0342985894585460E-24
   9.8000000000000000E+01   1.0000000000000001E+25   2.0135404405865199E-24
   9.9000000000000000E+01   1.0000000000000001E+25   1.9932016482573635E-24
   1.0000000000000000E+02   1.0000000000000001E+25   1.9732696317747897E-24
   1.1000000000000000E+02   1.0000000000000001E+25   1.7938814834316269E-24
   1.2000000000000000E+02   1.0000000000000001E+25   1.6443913598123246E-24
   1.3000000000000000E+02   1.0000000000000001E+25   1.5178997167498382E-24
   1.4000000000000000E+02   1.0000000000000001E+25   1.4094783084105639E-24
   1.5000000000000000E+02   1.0000000000000001E+25   1.3155130878498598E-24
   1.6000000000000000E+02   1.0000000000000001E+25   1.2332935198592435E-24
   1.7000000000000000E+02   1.0000000000000001E+25   1.1607468422204644E-24
   1.8000000000000000E+02   1.0000000000000001E+25   1.0962609065415499E-24
   1.9000000000000000E+02   1.0000000000000001E+25   1.0385629640919945E-24
   2.0000000000000000E+02   1.0000000000000001E+25   9.8663481588739486E-25
   2.1000000000000000E+02   1.0000000000000001E+25   9.3965220560704269E-25
   2.2000000000000000E+02   1.0000000000000001E+25   8.9694074171581344E-25
   2.3000000000000000E+02   1.0000000000000001E+25   8.5794331816295194E-25
   2.4000000000000000E+02   1.0000000000000001E+25   8.2219567990616229E-25
   2.4799900000000000E+02   1.0000000000000001E+25   7.9567644699163685E-25
   2.4800100000000000E+02   3.9750198530476439E+02   2.0016756134234929E-02
   2.5000000000000000E+02   3.9731073711686361E+02   1.9866260308936772E-02
   2.6000000000000000E+02   4.0140278677898743E+02   1.8907438696802004E-02
   2.6099900000000002E+02   4.0673237516583976E+02   1.8588264603399369E-02
   2.6100099999999998E+02   4.0673638989043587E+02   1.8587938689565209E-02
   2.7000000000000000E+02   4.4223797179052417E+02   1.6525957764368823E-02
   2.8000000000000000E+02   4.9691131742847523E+02   1.4182392903673829E-02
   2.9000000000000000E+02   5.4281466151706150E+02   1.2535361557084344E-02
   3.0000000000000000E+02   5.6358820814106389E+02   1.1670871292613988E-02
   3.1000000000000000E+02   5.6095380096685994E+02   1.1347433421396835E-02
   3.2000000000000000E+02   5.4086037905658804E+02   1.1401218943144375E-02
   3.3000000000000000E+02   5.1213871174579890E+02   1.1675752696742205E-02
   3.4000000000000000E+02   4.7912408451365570E+02   1.2113217428828520E-02
   3.5000000000000000E+02   4.4368754039069182E+02   1.2706945136836066E-02
   3.6000000000000000E+02   4.1146675554348587E+02   1.3321378844975626E-02
   3.7000000000000000E+02   3.8486487104710250E+02   1.3857230337622010E-02
   3.8000000000000000E+02   3.6237117057794580E+02   1.4330099196848228E-02
   3.9000000000000000E+02   3.4339119912081861E+02   1.4734407100280022E-02
   4.0000000000000000E+02   3.2746076918033464E+02   1.5064931569620316E-02
   4.1000000000000000E+02   3.1244100633143978E+02   1.5404036803417559E-02
   4.2000000000000000E+02   3.0126428932564863E+02   1.5595147498403555E-02
   4.2799900000000002E+02   2.9389129886091177E+02   1.5687615982005427E-02
   4.2800099999999998E+02   2.9388924400428078E+02   1.5687652361952881E-02
   4.3000000000000000E+02   2.9184968242865403E+02   1.5723844910415945E-02
   4.4000000000000000E+02   2.8377126013214314E+02   1.5803939082804530E-02
   4.5000000000000000E+02   2.7571256029063773E+02   1.5904402837301938E-02
   4.6000000000000000E+02   2.7039551629321727E+02   1.5864599567409193E-02
   4.7000000000000000E+02   2.6606527332417062E+02   1.5779759502614270E-02
   4.8000000000000000E+02   2.6102986712290749E+02   1.5749072873699671E-02
   4.9000000000000000E+02   2.5848954408998242E+02   1.5579279600459116E-02
   4.9499900000000002E+02   2.5660454013677236E+02   1.5535233116866123E-02
   4.9500099999999998E+02   2.5660379148611071E+02   1.5535215672784696E-02
   5.0000000000000000E+02   2.5474609163024402E+02   1.5492050293269496E-02
   5.1000000000000000E+02   2.5346370864240839E+02   1.5265128729705301E-02
   5.2000000000000000E+02   2.5247320925539296E+02   1.5030304811612553E-02
   5.3000000000000000E+02   2.5070550368945763E+02   1.4850692122193887E-02
   5.4000000000000000E+02   2.5071705076518842E+02   1.4575008004651216E-02
   5.5000000000000000E+02   2.4979844682395532E+02   1.4362631203194467E-02
   5.6000000000000000E+02   2.4888654966838683E+02   1.4157839287504031E-02
   5.7000000000000000E+02   2.5025716426199563E+02   1.3833276490534582E-02
   5.8000000000000000E+02   2.5010424344866942E+02   1.3603083951670800E-02
   5.9000000000000000E+02   2.5160764706089560E+02   1.3292619833644506E-02
   5.9899900000000002E+02   2.5206939844658621E+02   1.3068935360056197E-02
   5.9900099999999998E+02   2.5206950125778351E+02   1.3068886393896133E-02
   6.0000000000000000E+02   2.5212086593634311E+02   1.3044468602035581E-02
   6.1000000000000000E+02   2.5263618277641706E+02   1.2804453476381046E-02
   6.2000000000000000E+02   2.5494006897760309E+02   1.2484082895400300E-02
   6.3000000000000000E+02   2.5607057941190334E+02   1.2231682475525125E-02
   6.4000000000000000E+02   2.5721116081318678E+02   1.1987169568771048E-02
   6.5000000000000000E+02   2.6020437432515803E+02   1.1666980777602394E-02
   6.6000000000000000E+02   2.6194388255974314E+02   1.1413904547681668E-02
   6.7000000000000000E+02   2.6370680510934881E+02   1.1168382832086933E-02
   6.8000000000000000E+02   2.6701219933965132E+02   1.0867919565951586E-02
   6.9000000000000000E+02   2.6929579542718562E+02   1.0619590461880912E-02
   7.0000000000000000E+02   2.7161878892797205E+02   1.0378356475069404E-02
   7.1000000000000000E+02   2.7398220826064664E+02   1.0143917811830050E-02
   7.2000000000000000E+02   2.7780938415343786E+02   9.8652256643719984E-03
   7.3000000000000000E+02   2.8061398605051534E+02   9.6328380586717926E-03
   7.4000000000000000E+02   2.8347579271135407E+02   9.4067311990715923E-03
   7.5000000000000000E+02   2.8639657235582172E+02   9.1866538557273964E-03
   7.6000000000000000E+02   2.9034090015722455E+02   8.9426167957183701E-03
   7.7000000000000000E+02   2.9363072176780332E+02   8.7275875563874745E-03
   7.8000000000000000E+02   2.9699595104648239E+02   8.5180718872958309E-03
   7.9000000000000000E+02   3.0043921073794633E+02   8.3138604123584089E-03
   8.0000000000000000E+02   3.0461095697796691E+02   8.0974993946028688E-03
   8.1000000000000000E+02   3.0839466221935186E+02   7.8994082787897310E-03
   8.2000000000000000E+02   3.1227354783599236E+02   7.7061486536061825E-03
   8.3000000000000000E+02   3.1667987533001195E+02   7.5073709335568145E-03
   8.4000000000000000E+02   3.2091821680302257E+02   7.3200285649707673E-03
   8.5000000000000000E+02   3.2527154643538643E+02   7.1370942521161553E-03
   8.6000000000000000E+02   3.2877606784054950E+02   6.9789129935818265E-03
   8.7000000000000000E+02   3.3306190994077770E+02   6.8099231579424402E-03
   8.8000000000000000E+02   3.3790095793237708E+02   6.6361216257288256E-03
   8.9000000000000000E+02   3.4258647571837065E+02   6.4718167434526771E-03
   9.0000000000000000E+02   3.4740376457063417E+02   6.3111630807826669E-03
   9.1000000000000000E+02   3.5133354060387035E+02   6.1719930384625376E-03
   9.2000000000000000E+02   3.5609282217690782E+02   6.0233123551752168E-03
   9.3000000000000000E+02   3.6098281606051791E+02   5.8778291059370840E-03
   9.4000000000000000E+02   3.6636119865091007E+02   5.7299272419037801E-03
   9.5000000000000000E+02   3.7163370512891134E+02   5.5891753076150116E-03
   9.6000000000000000E+02   3.7706018665605245E+02   5.4513557052905887E-03
   9.7000000000000000E+02   3.8108855643400301E+02   5.3381256275294277E-03
   9.8000000000000000E+02   3.8636200113980999E+02   5.2115384914830053E-03
   9.9000000000000000E+02   3.9178343999591777E+02   5.0875086713163056E-03
   1.0000000000000000E+03   3.9743518353687261E+02   4.9650099274407018E-03
   1.1000000000000000E+03   4.5707209277905753E+02   3.9247232805761454E-03
   1.2000000000000000E+03   5.2216377947338663E+02   3.1491869494868620E-03
   1.3000000000000000E+03   5.9703375342695813E+02   2.5424018458539968E-03
   1.4000000000000000E+03   6.8013916996894193E+02   2.0723380899749198E-03
   1.5000000000000000E+03   7.7498356416859906E+02   1.6974722415708777E-03
   1.6000000000000000E+03   8.7518980637056109E+02   1.4091726284767298E-03
   1.7000000000000000E+03   9.8828167277567911E+02   1.1745101363262169E-03
   1.8000000000000000E+03   1.1090875176284551E+03   9.8843498742612118E-04
   1.8109990000000000E+03   1.1241762696723320E+03   9.6924553321659792E-04
   1.8110010000000000E+03   1.1241790506646278E+03   9.6924206510366382E-04
   1.8739990000000000E+03   1.2063071085008921E+03   8.7288934123061891E-04
   1.8740010000000000E+03   1.2063099572451779E+03   8.7288634829498293E-04
   1.9000000000000000E+03   1.2445151519088326E+03   8.3451210899204459E-04
   2.0000000000000000E+03   1.3892698874584958E+03   7.1018225097524141E-04
   2.1000000000000000E+03   1.5474304657397986E+03   6.0723387991318365E-04
   2.2000000000000000E+03   1.7176713714427567E+03   5.2218413639998481E-04
   2.2829989999999998E+03   1.8722615354551019E+03   4.6165144143051664E-04
   2.2830010000000002E+03   1.8722657862162860E+03   4.6164998888057092E-04
   2.3000000000000000E+03   1.8936445879069583E+03   4.5306459493079168E-04
   2.4000000000000000E+03   2.0984659471508803E+03   3.9180796858889717E-04
   2.5000000000000000E+03   2.3060598783201417E+03   3.4227552377559696E-04
   2.5769989999999998E+03   2.4769972568763974E+03   3.0913391682727334E-04
   2.5770010000000002E+03   2.4770022105946114E+03   3.0913305867806236E-04
   2.6000000000000000E+03   2.5353085191078762E+03   2.9935207200817445E-04
   2.7000000000000000E+03   2.7782612929636530E+03   2.6305682846030086E-04
   2.8000000000000000E+03   3.0256490319738482E+03   2.3292164648241773E-04
   2.8229989999999998E+03   3.0901768835407556E+03   2.2619987912731436E-04
   2.8230010000000002E+03   3.0901826145860855E+03   2.2619929936294812E-04
   2.9000000000000000E+03   3.3097731111234029E+03   2.0558442564339952E-04
   3.0000000000000000E+03   3.5976095696899506E+03   1.8283155278064729E-04
   3.1000000000000000E+03   3.9113815382093849E+03   1.6274009187722924E-04
   3.2000000000000000E+03   4.2376192112756116E+03   1.4551726551758726E-04
   3.3000000000000000E+03   4.5877113756343188E+03   1.3033960629106321E-04
   3.4000000000000000E+03   4.9540957101934709E+03   1.1715022378676797E-04
   3.5000000000000000E+03   5.3645796859833808E+03   1.0509515309042839E-04
   3.6000000000000000E+03   5.7647303777641100E+03   9.5083450109833436E-05
   3.7000000000000000E+03   6.1988798958531697E+03   8.6034271619403154E-05
   3.8000000000000000E+03   6.7074826985401814E+03   7.7418236525457447E-05
   3.9000000000000000E+03   7.1519246061923686E+03   7.0745512587180209E-05
   4.0000000000000000E+03   7.6697665118680998E+03   6.4319742612808925E-05
   4.1000000000000000E+03   8.1894106169902307E+03   5.8769220222530918E-05
   4.2000000000000000E+03   8.7519295730871600E+03   5.3682573526216656E-05
   4.3000000000000000E+03   9.3373693924887884E+03   4.9146595264334372E-05
   4.4000000000000000E+03   9.9833518021833133E+03   4.4921823826726048E-05
   4.5000000000000000E+03   1.0634663260864330E+04   4.1233497653876871E-05
   4.6000000000000000E+03   1.1281727733179987E+04   3.8023578411651812E-05
   4.7000000000000000E+03   1.1985267978752738E+04   3.5030055502268880E-05
   4.8000000000000000E+03   1.2715269512852594E+04   3.2331036281814046E-05
   4.9000000000000000E+03   1.3506252175146503E+04   2.9816420047179806E-05
   5.0000000000000000E+03   1.4311614386822990E+04   2.7575779760969826E-05
   5.1000000000000000E+03   1.5155874509959121E+04   2.5529085360217313E-05
   5.2000000000000000E+03   1.6042757702131779E+04   2.3653971233202290E-05
   5.3000000000000000E+03   1.6950408006634447E+04   2.1964959469851258E-05
   5.4000000000000000E+03   1.7883561217776161E+04   2.0433307311146219E-05
   5.5000000000000000E+03   1.8899225075853450E+04   1.8983651194498716E-05
   5.6000000000000000E+03   1.9914751488680744E+04   1.7693897777379892E-05
   5.7000000000000000E+03   2.0980622095761271E+04   1.6500352235373994E-05
   5.8000000000000000E+03   2.2096659627220819E+04   1.5396847657960997E-05
   5.9000000000000000E+03   2.3232787021986096E+04   1.4395710667227455E-05
   6.0000000000000000E+03   2.4516746011545780E+04   1.3414434028381453E-05
   6.1000000000000000E+03   2.5706874929299163E+04   1.2583669768137474E-05
   6.2000000000000000E+03   2.7031588049382426E+04   1.1773976980787041E-05
   6.3000000000000000E+03   2.8328796872005005E+04   1.1056502091641633E-05
   6.4000000000000000E+03   2.9693141491501196E+04   1.0383656443123728E-05
   6.5000000000000000E+03   3.1125751792696916E+04   9.7533368951813413E-06
   6.6000000000000000E+03   3.2717009892162259E+04   9.1383732261617440E-06
   6.7000000000000000E+03   3.4200090952880186E+04   8.6116102993571591E-06
   6.8000000000000000E+03   3.5712636949482177E+04   8.1256030173746046E-06
   6.9000000000000000E+03   3.7377582524044861E+04   7.6511397137668484E-06
   7.0000000000000000E+03   3.9243583959155585E+04   7.1832292885254218E-06
   7.1000000000000000E+03   4.0926520045208759E+04   6.7908363560587388E-06
   7.2000000000000000E+03   4.2679458155299988E+04   6.4214785866805506E-06
   7.3000000000000000E+03   4.4539001889828534E+04   6.0690832078127779E-06
   7.4000000000000000E+03   4.6415579376428679E+04   5.7450119535373523E-06
   7.5000000000000000E+03   4.8339590140404653E+04   5.4427978558729566E-06
   7.6000000000000000E+03   5.0404841395280229E+04   5.1511071920030031E-06
   7.7000000000000000E+03   5.2655632960669907E+04   4.8668825904873316E-06
   7.8000000000000000E+03   5.4746289263840430E+04   4.6210124837094095E-06
   7.9000000000000000E+03   5.7213348297264041E+04   4.3657812989663175E-06
   8.0000000000000000E+03   5.9404472415017430E+04   4.1521908022112747E-06
   8.1000000000000000E+03   6.1752250734498091E+04   3.9450146656908109E-06
   8.2000000000000000E+03   6.4115342636498608E+04   3.7532769556522099E-06
   8.3000000000000000E+03   6.6850304174733508E+04   3.5563537378689941E-06
   8.4000000000000000E+03   6.9263208756192747E+04   3.3915993154267111E-06
   8.5000000000000000E+03   7.1940555070241287E+04   3.2269610405066658E-06
   8.6000000000000000E+03   7.4683648897019593E+04   3.0722917341585833E-06
   8.7000000000000000E+03   7.7760115249105860E+04   2.9168243980455284E-06
   8.8000000000000000E+03   8.0480759177169690E+04   2.7861962004523824E-06
   8.9000000000000000E+03   8.3359389144246932E+04   2.6597566421677807E-06
   9.0000000000000000E+03   8.6398232565672603E+04   2.5376928994658898E-06
   9.1000000000000000E+03   8.9707921172398463E+04   2.4172092480197503E-06
   9.2000000000000000E+03   9.2794679804480693E+04   2.3114022268589298E-06
   9.3000000000000000E+03   9.6371918398435373E+04   2.2016738259908844E-06
   9.4000000000000000E+03   9.9514913322743858E+04   2.1094557010950041E-06
   9.5000000000000000E+03   1.0299125337202720E+05   2.0167983786748868E-06
   9.6000000000000000E+03   1.0656266214119003E+05   1.9289018859551281E-06
   9.7000000000000000E+03   1.1046817210568447E+05   1.8415246225965799E-06
   9.8000000000000000E+03   1.1467084613053607E+05   1.7559305686943283E-06
   9.9000000000000000E+03   1.1816444087461564E+05   1.6868032662824096E-06
   1.0000000000000000E+04   1.2190271783425359E+05   1.6187248872152040E-06
   1.0208999000000000E+04   1.3068244722835699E+05   1.4790607498354072E-06
   1.0209001000000000E+04   1.3068253827869083E+05   1.4790594295746537E-06
   1.1000000000000000E+04   1.6716470072798614E+05   1.0731221816684062E-06
   1.1545999000000000E+04   1.9663137832110314E+05   8.6916472701404193E-07
   1.1546001000000000E+04   1.9663149772348633E+05   8.6916404866626553E-07
   1.2000000000000000E+04   2.2423922264519703E+05   7.3332013035657302E-07
   1.2102999000000000E+04   2.3068680126871416E+05   7.0675792616970687E-07
   1.2103001000000000E+04   2.3068693656767090E+05   7.0675739486245242E-07
   1.3000000000000000E+04   2.9452775611657230E+05   5.1536729059554665E-07
   1.4000000000000000E+04   3.8206781282154820E+05   3.6890789046102845E-07
   1.5000000000000000E+04   4.8342138896575803E+05   2.7212554468562026E-07
   1.6000000000000000E+04   6.0766689793479582E+05   2.0295552119930994E-07
   1.7000000000000000E+04   7.5237945041821117E+05   1.5427678700890379E-07
   1.8000000000000000E+04   9.2765597955725796E+05   1.1817537219614128E-07
   1.9000000000000000E+04   1.1227030866746895E+06   9.2505576622942419E-08
   2.0000000000000000E+04   1.3536781099600163E+06   7.2885482052785593E-08
   2.1000000000000000E+04   1.6175110453294592E+06   5.8092475369505237E-08
   2.2000000000000000E+04   1.9164007534912766E+06   4.6803401641424809E-08
   2.3000000000000000E+04   2.2589918780743997E+06   3.7979035094817451E-08
   2.4000000000000000E+04   2.6561313382668374E+06   3.0954631951395016E-08
   2.5000000000000000E+04   3.0844422247368968E+06   2.5589970412794618E-08
   2.6000000000000000E+04   3.5622389233258753E+06   2.1305417034361286E-08
   2.7000000000000000E+04   4.1189313064073152E+06   1.7743452123713606E-08
   2.8000000000000000E+04   4.7069769899373427E+06   1.4972224332345062E-08
   2.9000000000000000E+04   5.3726238503739759E+06   1.2664906812951529E-08
   3.0000000000000000E+04   6.1122317074182685E+06   1.0761315594869001E-08
   3.1000000000000000E+04   6.9342034283033404E+06   9.1796930603006791E-09
   3.2000000000000000E+04   7.8351727203084519E+06   7.8702382441589098E-09
   3.3000000000000000E+04   8.7787502026175708E+06   6.8114535745522678E-09
   3.4000000000000000E+04   9.8776473131066691E+06   5.8756240500724669E-09
   3.5000000000000000E+04   1.1018299833852155E+07   5.1168631446392234E-09
   3.6000000000000000E+04   1.2276217165506488E+07   4.4649784691892125E-09
   3.7000000000000000E+04   1.3630532714489155E+07   3.9126579119609764E-09
   3.8000000000000000E+04   1.5151058069281299E+07   3.4273611761731555E-09
   3.9000000000000000E+04   1.6730320589278210E+07   3.0242491143546871E-09
   4.0000000000000000E+04   1.8435001734156378E+07   2.6759824330782612E-09
   4.1000000000000000E+04   2.0341396092384446E+07   2.3660385642007069E-09
   4.2000000000000000E+04   2.2279881747456163E+07   2.1087459445657267E-09
   4.3000000000000000E+04   2.4481473759481553E+07   1.8744783050019630E-09
   4.4000000000000000E+04   2.6773738944998033E+07   1.6750382596140600E-09
   4.5000000000000000E+04   2.9160798547600862E+07   1.5037460716338883E-09
   4.6000000000000000E+04   3.1787013381197911E+07   1.3495186035162828E-09
   4.7000000000000000E+04   3.4577388505460083E+07   1.2142172114559119E-09
   4.8000000000000000E+04   3.7530990369230099E+07   1.0953556938111632E-09
   4.9000000000000000E+04   4.0790070073384032E+07   9.8726991003645143E-10
   5.0000000000000000E+04   4.4345061927776851E+07   8.8996138284284300E-10
   5.1000000000000000E+04   4.7661371706663691E+07   8.1180125585725073E-10
   5.2000000000000000E+04   5.1495659374701545E+07   7.3690663212263972E-10
   5.3000000000000000E+04   5.5600483581771575E+07   6.6962551560474210E-10
   5.4000000000000000E+04   5.9761943864605255E+07   6.1145986651371508E-10
   5.5000000000000000E+04   6.4291568703637570E+07   5.5804564100801932E-10
   5.6000000000000000E+04   6.9106575412580997E+07   5.0989298051440038E-10
   5.7000000000000000E+04   7.4078418832652941E+07   4.6732592319415959E-10
   5.8000000000000000E+04   7.9237461967654333E+07   4.2936622852586767E-10
   5.9000000000000000E+04   8.4960307419326514E+07   3.9365733260723649E-10
   6.0000000000000000E+04   9.0827711113550231E+07   3.6209023428027449E-10
   6.1000000000000000E+04   9.6865890611270800E+07   3.3395328617716122E-10
   6.2000000000000000E+04   1.0322837865980940E+08   3.0831569727197576E-10
   6.3000000000000000E+04   1.0992276355144563E+08   2.8494316531845873E-10
   6.4000000000000000E+04   1.1695690086010931E+08   2.6362136624464140E-10
   6.5000000000000000E+04   1.2433895707814786E+08   2.4415513084862504E-10
   6.6000000000000000E+04   1.3207744223514213E+08   2.2636738127190517E-10
   6.7000000000000000E+04   1.4093228577527413E+08   2.0897827198971486E-10
   6.8000000000000000E+04   1.4937474005581442E+08   1.9426759199492956E-10
   6.9000000000000000E+04   1.5821436843733251E+08   1.8075545785058849E-10
   6.9528998999999996E+04   1.6262893579485062E+08   1.7451093089848829E-10
   6.9529001000000004E+04   1.6262895572505754E+08   1.7451090449234121E-10
   7.0000000000000000E+04   1.6746199398369205E+08   1.6833411269996264E-10
   7.1000000000000000E+04   1.7712920487297714E+08   1.5690540724172288E-10
   7.2000000000000000E+04   1.8722844877439225E+08   1.4638011927644199E-10
   7.3000000000000000E+04   1.9704264496711794E+08   1.3718396264291363E-10
   7.4000000000000000E+04   2.0800191042665967E+08   1.2819981210795982E-10
   7.5000000000000000E+04   2.1942146364782354E+08   1.1990742072172924E-10
   7.6000000000000000E+04   2.3131772980705547E+08   1.1224420248269241E-10
   7.7000000000000000E+04   2.4370861724253961E+08   1.0515376364075619E-10
   7.8000000000000000E+04   2.5661369399422461E+08   9.8585263392321817E-11
   7.9000000000000000E+04   2.7005439429220825E+08   9.2492835268279343E-11
   8.0000000000000000E+04   2.8341111994003993E+08   8.7032119284533804E-11
   8.1000000000000000E+04   2.9863908351935595E+08   8.1574565497627360E-11
   8.2000000000000000E+04   3.1301638234488726E+08   7.6878608147790584E-11
   8.3000000000000000E+04   3.3028831911177570E+08   7.1980544080045412E-11
   8.4000000000000000E+04   3.4512409762664157E+08   6.8066255882222342E-11
   8.5000000000000000E+04   3.6096082621371663E+08   6.4314283319664884E-11
   8.6000000000000000E+04   3.7768817773181617E+08   6.0751162125609310E-11
   8.7000000000000000E+04   3.9685055302058375E+08   5.7153152396302659E-11
   8.8000000000000000E+04   4.1459597770757335E+08   5.4085229352396909E-11
   8.9000000000000000E+04   4.3318780315296370E+08   5.1182348013886511E-11
   9.0000000000000000E+04   4.5257416551285315E+08   4.8445580418814953E-11
   9.1000000000000000E+04   4.7272085364089686E+08   4.5871218713628687E-11
   9.2000000000000000E+04   4.9360859795207852E+08   4.3452612136541661E-11
   9.3000000000000000E+04   5.1523131296853763E+08   4.1181412107093957E-11
   9.4000000000000000E+04   5.3759495312156403E+08   3.9048413686496867E-11
   9.5000000000000000E+04   5.6210071417679477E+08   3.6952913878182359E-11
   9.6000000000000000E+04   5.8474987771368241E+08   3.5151596915285855E-11
   9.7000000000000000E+04   6.1169491618682182E+08   3.3256751619580854E-11
   9.8000000000000000E+04   6.3520738990629876E+08   3.1698945455964277E-11
   9.9000000000000000E+04   6.6048562966348147E+08   3.0177820057537101E-11
   1.0000000000000000E+05   6.8943902522790456E+08   2.8621379985307552E-11
   1.1000000000000000E+05   1.0037736255078804E+09   1.7871374957914189E-11
   1.2000000000000000E+05   1.4145232730102217E+09   1.1625056944541640E-11
   1.3000000000000000E+05   1.9404447644732027E+09   7.8224319730220296E-12
   1.4000000000000000E+05   2.5929787236974869E+09   5.4357496092397657E-12
   1.5000000000000000E+05   3.4036914897903147E+09   3.8649598290440307E-12
   1.6000000000000000E+05   4.3656670871753588E+09   2.8249829756423316E-12
   1.7000000000000000E+05   5.4953443383504534E+09   2.1122367785398646E-12
   1.8000000000000000E+05   6.8477770257274771E+09   1.6009004125321793E-12
   1.9000000000000000E+05   8.3998976222676792E+09   1.2363995500835864E-12
   2.0000000000000000E+05   1.0187899505744244E+10   9.6843791532405728E-13
   2.1000000000000000E+05   1.2250070429514671E+10   7.6705861489832292E-13
   2.2000000000000000E+05   1.4548358096167936E+10   6.1652369001837348E-13
   2.3000000000000000E+05   1.7133547237558077E+10   5.0073887576664406E-13
   2.4000000000000000E+05   2.0069814291559753E+10   4.0966780656856011E-13
   2.5000000000000000E+05   2.3287825231960789E+10   3.3893583657895639E-13
   2.6000000000000000E+05   2.6780588767574497E+10   2.8339550894931901E-13
   2.7000000000000000E+05   3.0759589328406532E+10   2.3759764688603978E-13
   2.8000000000000000E+05   3.4945827993684731E+10   2.0166617724228474E-13
   2.9000000000000000E+05   3.9563448335360489E+10   1.7198647557020953E-13
   3.0000000000000000E+05   4.4669668775703529E+10   1.4724903093140755E-13
   3.1000000000000000E+05   5.0098953051960709E+10   1.2705626607304551E-13
   3.2000000000000000E+05   5.5876094600540451E+10   1.1035967426464652E-13
   3.3000000000000000E+05   6.2430160281931335E+10   9.5780707878507881E-14
   3.4000000000000000E+05   6.8673536682808647E+10   8.4511945815588050E-14
   3.5000000000000000E+05   7.5726901243599472E+10   7.4450599998884544E-14
   3.6000000000000000E+05   8.3507258821228775E+10   6.5638659561823865E-14
   3.7000000000000000E+05   9.1925502533314331E+10   5.8016121968178770E-14
   3.8000000000000000E+05   9.9772549696293076E+10   5.2046528191039162E-14
   3.9000000000000000E+05   1.0911247765943083E+11   4.6371101005441638E-14
   4.0000000000000000E+05   1.1823926924195584E+11   4.1721960149653008E-14
   4.1000000000000000E+05   1.2806079026129398E+11   3.7582563332665839E-14
   4.2000000000000000E+05   1.3823563663235049E+11   3.3987335990144435E-14
   4.3000000000000000E+05   1.4924911772912009E+11   3.0747244697225705E-14
   4.4000000000000000E+05   1.6087521799136649E+11   2.7876908355267887E-14
   4.5000000000000000E+05   1.7254587481157050E+11   2.5413784194811415E-14
   4.6000000000000000E+05   1.8506584326995383E+11   2.3179407474762321E-14
   4.7000000000000000E+05   1.9757039838111514E+11   2.1250379912449751E-14
   4.8000000000000000E+05   2.1115309906031656E+11   1.9469183345286816E-14
   4.9000000000000000E+05   2.2480426871727264E+11   1.7913720696459458E-14
   5.0000000000000000E+05   2.3926326170774402E+11   1.6494547618305940E-14
   5.1000000000000000E+05   2.5452076381424762E+11   1.5201730824439297E-14
   5.2000000000000000E+05   2.7025718157020670E+11   1.4041252372377033E-14
   5.3000000000000000E+05   2.8648566938444287E+11   1.2995938877610951E-14
   5.4000000000000000E+05   3.0257574168030127E+11   1.2076986084582296E-14
   5.5000000000000000E+05   3.1976351672187372E+11   1.1220051004079509E-14
   5.6000000000000000E+05   3.3722460907375061E+11   1.0449106252075994E-14
   5.7000000000000000E+05   3.5518115569714270E+11   9.7467911555679567E-15
   5.8000000000000000E+05   3.7348678864953711E+11   9.1092620239743480E-15
   5.9000000000000000E+05   3.9406389749163220E+11   8.4872651894971126E-15
   6.0000000000000000E+05   4.1291385207960156E+11   7.9648156705351639E-15
   6.1000000000000000E+05   4.3231841071110577E+11   7.4826058031861440E-15
   6.2000000000000000E+05   4.5517973733147620E+11   6.9921674746205372E-15
   6.3000000000000000E+05   4.7424425895830634E+11   6.6045586415111692E-15
   6.4000000000000000E+05   4.9552794774029364E+11   6.2221188808991922E-15
   6.5000000000000000E+05   5.1693227972374377E+11   5.8727217327616934E-15
   6.6000000000000000E+05   5.4194121648754535E+11   5.5168390619257421E-15
   6.7000000000000000E+05   5.6379239532268213E+11   5.2238706646656643E-15
   6.8000000000000000E+05   5.8529316847358923E+11   4.9579719392916597E-15
   6.9000000000000000E+05   6.0876221249165857E+11   4.6977473336230756E-15
   7.0000000000000000E+05   6.3528817642516162E+11   4.4372880236552110E-15
   7.1000000000000000E+05   6.5903589184439917E+11   4.2171496831858372E-15
   7.2000000000000000E+05   6.8319509552985400E+11   4.0115221615113523E-15
   7.3000000000000000E+05   7.1177907358047400E+11   3.7976799051221123E-15
   7.4000000000000000E+05   7.3422022617537366E+11   3.6318538885395867E-15
   7.5000000000000000E+05   7.5955797142728369E+11   3.4638912034005306E-15
   7.6000000000000000E+05   7.8828616408062158E+11   3.2937371332125022E-15
   7.7000000000000000E+05   8.1471993685143420E+11   3.1454831501700005E-15
   7.8000000000000000E+05   8.4229847555782190E+11   3.0034874034104353E-15
   7.9000000000000000E+05   8.7308024910087744E+11   2.8609164656361570E-15
   8.0000000000000000E+05   8.9992846279273962E+11   2.7408701265697838E-15
   8.1000000000000000E+05   9.3229558975140027E+11   2.6130503830010762E-15
   8.2000000000000000E+05   9.6057229299556201E+11   2.5052006993754466E-15
   8.3000000000000000E+05   9.9111679446522522E+11   2.3987418077984585E-15
   8.4000000000000000E+05   1.0245143604885409E+12   2.2929210215242090E-15
   8.5000000000000000E+05   1.0602412050376649E+12   2.1895901361034710E-15
   8.6000000000000000E+05   1.0901961772612438E+12   2.1046666826472643E-15
   8.7000000000000000E+05   1.1277948584402593E+12   2.0111157597145461E-15
   8.8000000000000000E+05   1.1577004200341909E+12   1.9369016504488347E-15
   8.9000000000000000E+05   1.1964990943341211E+12   1.8530368306450689E-15
   9.0000000000000000E+05   1.2218961490238860E+12   1.7943601956963364E-15
   9.1000000000000000E+05   1.2593598496209153E+12   1.7218495312822702E-15
   9.2000000000000000E+05   1.2991935103862734E+12   1.6509151856598140E-15
   9.3000000000000000E+05   1.3276346673046431E+12   1.5981770853357593E-15
   9.4000000000000000E+05   1.3675935157040200E+12   1.5349758451038856E-15
   9.5000000000000000E+05   1.3948778614335393E+12   1.4891095382711805E-15
   9.6000000000000000E+05   1.4332603517117839E+12   1.4341352548477855E-15
   9.7000000000000000E+05   1.4657270954007463E+12   1.3879108845308928E-15
   9.8000000000000000E+05   1.5048910665434058E+12   1.3379974706152217E-15
   9.9000000000000000E+05   1.5339522794914580E+12   1.2993896061213570E-15
   1.0000000000000000E+06   1.5715546539425977E+12   1.2556162948736144E-15
   1.1000000000000000E+06   1.9377514001472495E+12   9.2575419287288877E-16
   1.2000000000000000E+06   2.2895170422915269E+12   7.1822630250722657E-16
   1.3000000000000000E+06   2.6531825146315493E+12   5.7210527673051204E-16
   1.4000000000000000E+06   3.0334499269812139E+12   4.6464531880809026E-16
   1.5000000000000000E+06   3.4173891757240435E+12   3.8494681764512280E-16
   1.6000000000000000E+06   3.8347639776240825E+12   3.2160871622231088E-16
   1.7000000000000000E+06   4.2740465366823818E+12   2.7158030036834002E-16
   1.8000000000000000E+06   4.7266599876812539E+12   2.3193140809761099E-16
   1.9000000000000000E+06   5.1770023249815312E+12   2.0061087457512389E-16
   2.0000000000000000E+06   5.6337942896194668E+12   1.7512794489236434E-16
   2.1000000000000000E+06   6.1020987538612793E+12   1.5398836425130790E-16
   2.2000000000000000E+06   6.5921907053887324E+12   1.3606110347848654E-16
   2.3000000000000000E+06   7.0705867671396904E+12   1.2133976237307690E-16
   2.4000000000000000E+06   7.5817763698835596E+12   1.0844367332860145E-16
   2.5000000000000000E+06   8.0849931345480371E+12   9.7626286080209448E-17
   2.6000000000000000E+06   8.6111405424565918E+12   8.8135811351931026E-17
   2.7000000000000000E+06   9.1210217298844805E+12   8.0127054402959913E-17
   2.8000000000000000E+06   9.6632749993542793E+12   7.2929638683818292E-17
   2.9000000000000000E+06   1.0202931050119967E+13   6.6690424616000103E-17
   3.0000000000000000E+06   1.0744842861806176E+13   6.1216022643104817E-17
   3.1000000000000000E+06   1.1292075078541844E+13   5.6370382455630133E-17
   3.2000000000000000E+06   1.1916740290980893E+13   5.1746261550763757E-17
   3.3000000000000000E+06   1.2377699513514979E+13   4.8309501601998598E-17
   3.4000000000000000E+06   1.2978718975296654E+13   4.4717311640301289E-17
   3.5000000000000000E+06   1.3525950222093561E+13   4.1682197117901377E-17
   3.6000000000000000E+06   1.4076502287786770E+13   3.8939392902052860E-17
   3.7000000000000000E+06   1.4716807454154719E+13   3.6238574049246535E-17
   3.8000000000000000E+06   1.5229560745395807E+13   3.4096944142199656E-17
   3.9000000000000000E+06   1.5794826656583555E+13   3.2033689463698578E-17
   4.0000000000000000E+06   1.6352780709006385E+13   3.0167187876004486E-17
   4.1000000000000000E+06   1.6991516599256574E+13   2.8325033450144716E-17
   4.2000000000000000E+06   1.7541582808572383E+13   2.6783563828340643E-17
   4.3000000000000000E+06   1.8204407236303691E+13   2.5208176701907671E-17
   4.4000000000000000E+06   1.8709151844188082E+13   2.3970641458940438E-17
   4.5000000000000000E+06   1.9280816746174020E+13   2.2743038761759635E-17
   4.6000000000000000E+06   1.9923285115608484E+13   2.1531171018850055E-17
   4.7000000000000000E+06   2.0472581650567125E+13   2.0507653097753992E-17
   4.8000000000000000E+06   2.1134048452819906E+13   1.9451920954512081E-17
   4.9000000000000000E+06   2.1677377642049359E+13   1.8577343383829724E-17
   5.0000000000000000E+06   2.2342085268555309E+13   1.7664149143249474E-17
   5.1000000000000000E+06   2.3048847163120324E+13   1.6786766441515507E-17
   5.2000000000000000E+06   2.3504313387377484E+13   1.6144905955485129E-17
   5.3000000000000000E+06   2.4074986415081746E+13   1.5464807266928780E-17
   5.4000000000000000E+06   2.4727142843266352E+13   1.4778104550806493E-17
   5.5000000000000000E+06   2.5415614952097605E+13   1.4116372842543196E-17
   5.6000000000000000E+06   2.5930804704393543E+13   1.3588840806121912E-17
   5.7000000000000000E+06   2.6618824449206215E+13   1.3005369765968573E-17
   5.8000000000000000E+06   2.7344349657065852E+13   1.2442018416855005E-17
   5.9000000000000000E+06   2.7813770166192785E+13   1.2024708551318607E-17
   6.0000000000000000E+06   2.8519622168432754E+13   1.1531648982590218E-17
   6.1000000000000000E+06   2.8989424698402098E+13   1.1158787324915203E-17
   6.2000000000000000E+06   2.9655302478708633E+13   1.0732289636096338E-17
   6.3000000000000000E+06   3.0221490914902895E+13   1.0364061877389370E-17
   6.4000000000000000E+06   3.0884438732616355E+13   9.9831304248115596E-18
   6.5000000000000000E+06   3.1577124132968164E+13   9.6139199400053783E-18
   6.6000000000000000E+06   3.2091486075241793E+13   9.3164974204564603E-18
   6.7000000000000000E+06   3.2772310554798840E+13   8.9867894726650101E-18
   6.8000000000000000E+06   3.3482648705728402E+13   8.6667788174556608E-18
   6.9000000000000000E+06   3.4224462168426699E+13   8.3560438334118001E-18
   7.0000000000000000E+06   3.4660830257389211E+13   8.1329748765039066E-18
   7.1000000000000000E+06   3.5370829738953133E+13   7.8574718857640260E-18
   7.2000000000000000E+06   3.6110525063140141E+13   7.5896217558780351E-18
   7.3000000000000000E+06   3.6474468308360992E+13   7.4109622702940681E-18
   7.4000000000000000E+06   3.7151733400868711E+13   7.1775401559516298E-18
   7.5000000000000000E+06   3.7854625523665000E+13   6.9503426313249913E-18
   7.6000000000000000E+06   3.8359329868156211E+13   6.7686464261863452E-18
   7.7000000000000000E+06   3.9035069815257531E+13   6.5650909441234879E-18
   7.8000000000000000E+06   3.9617386335735805E+13   6.3856632030461897E-18
   7.9000000000000000E+06   4.0284644812343398E+13   6.2004013492234565E-18
   8.0000000000000000E+06   4.0974765030314977E+13   6.0197710417462923E-18
   8.1000000000000000E+06   4.1688942408721352E+13   5.8436007418611559E-18
   8.2000000000000000E+06   4.2192035742295828E+13   5.7035085837321002E-18
   8.3000000000000000E+06   4.2889021711207914E+13   5.5432210771868645E-18
   8.4000000000000000E+06   4.3609422012360273E+13   5.3867499398450861E-18
   8.5000000000000000E+06   4.4354436663071445E+13   5.2339604763231165E-18
   8.6000000000000000E+06   4.4795396803698930E+13   5.1221771332577746E-18
   8.7000000000000000E+06   4.5507051469425273E+13   4.9841199117418588E-18
   8.8000000000000000E+06   4.6241682966912633E+13   4.8492003543513039E-18
   8.9000000000000000E+06   4.7000422316396320E+13   4.7173126971268288E-18
   9.0000000000000000E+06   4.7294563192679227E+13   4.6358855332920860E-18
   9.1000000000000000E+06   4.7986165977229305E+13   4.5188610563604089E-18
   9.2000000000000000E+06   4.8698295973244438E+13   4.4043805897968108E-18
   9.3000000000000000E+06   4.9431880838542398E+13   4.2923620687507121E-18
   9.4000000000000000E+06   4.9870425308042328E+13   4.2093545414136306E-18
   9.5000000000000000E+06   5.0565537711350336E+13   4.1077896571398300E-18
   9.6000000000000000E+06   5.1132984413077906E+13   4.0198889686550130E-18
   9.7000000000000000E+06   5.1810247650675945E+13   3.9264405821306774E-18
   9.8000000000000000E+06   5.2505692592243938E+13   3.8348993055354105E-18
   9.9000000000000000E+06   5.3220061353962617E+13   3.7452073476592396E-18
   1.0000000000000000E+07   5.3954136996678953E+13   3.6573092289405919E-18
   1.1000000000000000E+07   6.0280522100607547E+13   2.9758890947189511E-18
   1.2000000000000000E+07   6.6773273756085648E+13   2.4626490020828981E-18
   1.3000000000000000E+07   7.3445723369117078E+13   2.0666958498336398E-18
   1.4000000000000000E+07   7.9937671589715250E+13   1.7632216205205397E-18
   1.5000000000000000E+07   8.6325774154086609E+13   1.5238937625995032E-18
   1.6000000000000000E+07   9.3254034806349609E+13   1.3225095540587478E-18
   1.7000000000000000E+07   9.9653151504872688E+13   1.1647868880129779E-18
   1.8000000000000000E+07   1.0608534528048309E+14   1.0333763854405184E-18
   1.9000000000000000E+07   1.1269201352301956E+14   9.2159411445767418E-19
   2.0000000000000000E+07   1.1940985266808180E+14   8.2625913510663093E-19
   2.1000000000000000E+07   1.2630118067035992E+14   7.4397737267357015E-19
   2.2000000000000000E+07   1.3314795388673172E+14   6.7364215185675061E-19
   2.3000000000000000E+07   1.3989757720813608E+14   6.1326531544325865E-19
   2.4000000000000000E+07   1.4582065631101047E+14   5.6384033696334483E-19
   2.5000000000000000E+07   1.5252381411574162E+14   5.1749810826980459E-19
   2.6000000000000000E+07   1.5903868752006381E+14   4.7721084109121086E-19
   2.7000000000000000E+07   1.6640883566358441E+14   4.3918377377419787E-19
   2.8000000000000000E+07   1.7239582777698981E+14   4.0879130504070452E-19
   2.9000000000000000E+07   1.7965396621759544E+14   3.7874911330158528E-19
   3.0000000000000000E+07   1.8623459722825853E+14   3.5318708430891078E-19
   3.1000000000000000E+07   1.9272896387077597E+14   3.3027655942875830E-19
   3.2000000000000000E+07   1.9911605733563034E+14   3.0969213039920788E-19
   3.3000000000000000E+07   2.0634281312800762E+14   2.8978983343910113E-19
   3.4000000000000000E+07   2.1277868270232694E+14   2.7275919454871466E-19
   3.5000000000000000E+07   2.1933585666300747E+14   2.5704475863718318E-19
   3.6000000000000000E+07   2.2685826354352206E+14   2.4161802383082153E-19
   3.7000000000000000E+07   2.3284419974841572E+14   2.2904419232780042E-19
   3.8000000000000000E+07   2.3910788581548422E+14   2.1717455293244431E-19
   3.9000000000000000E+07   2.4570104018099956E+14   2.0592772903086525E-19
   4.0000000000000000E+07   2.5289207696007744E+14   1.9507032955467978E-19
   4.1000000000000000E+07   2.5918680318186428E+14   1.8569050203722254E-19
   4.2000000000000000E+07   2.6655920114093300E+14   1.7625581889222377E-19
   4.3000000000000000E+07   2.7265535380207903E+14   1.6830768512961105E-19
   4.4000000000000000E+07   2.8004794876499081E+14   1.6014056622648282E-19
   4.5000000000000000E+07   2.8785259146897888E+14   1.5233643038571583E-19
   4.6000000000000000E+07   2.9275604957272619E+14   1.4652870870048796E-19
   4.7000000000000000E+07   3.0025024008503312E+14   1.3983156262801697E-19
   4.8000000000000000E+07   3.0577607123096288E+14   1.3444408461987377E-19
   4.9000000000000000E+07   3.1306473187425894E+14   1.2863412806238741E-19
   5.0000000000000000E+07   3.1898531588624019E+14   1.2372165949347447E-19
   5.1000000000000000E+07   3.2616137828315756E+14   1.1862704778540233E-19
   5.2000000000000000E+07   3.3230356733978881E+14   1.1419526194837291E-19
   5.3000000000000000E+07   3.3943804535117888E+14   1.0968570847088601E-19
   5.4000000000000000E+07   3.4570213693358738E+14   1.0570380195558853E-19
   5.5000000000000000E+07   3.5285511391314475E+14   1.0167807764141918E-19
   5.6000000000000000E+07   3.6031035175004431E+14   9.7796129195613020E-20
   5.7000000000000000E+07   3.6808742277250338E+14   9.4050389467203556E-20
   5.8000000000000000E+07   3.7291908516249181E+14   9.1231292676236400E-20
   5.9000000000000000E+07   3.8046828367108056E+14   8.7905482353153773E-20
   6.0000000000000000E+07   3.8590477890904019E+14   8.5222648160048659E-20
   6.1000000000000000E+07   3.9314936463267731E+14   8.2280897282728543E-20
   6.2000000000000000E+07   3.9929065107615612E+14   7.9708677022554105E-20
   6.3000000000000000E+07   4.0643529149933550E+14   7.7064518859461876E-20
   6.4000000000000000E+07   4.1384027314945494E+14   7.4502990638966285E-20
   6.5000000000000000E+07   4.1941202765367225E+14   7.2382269304076214E-20
   6.6000000000000000E+07   4.2663302144738475E+14   7.0079021596662023E-20
   6.7000000000000000E+07   4.3410701808242825E+14   6.7844527552155705E-20
   6.8000000000000000E+07   4.4184755138920688E+14   6.5675753920723123E-20
   6.9000000000000000E+07   4.4664515121412300E+14   6.4028704952226641E-20
   7.0000000000000000E+07   4.5401799900972844E+14   6.2089093889881780E-20
   7.1000000000000000E+07   4.5966121560004175E+14   6.0463073850415404E-20
   7.2000000000000000E+07   4.6669462065693294E+14   5.8724745155537751E-20
   7.3000000000000000E+07   4.7394661054463662E+14   5.7034041904355362E-20
   7.4000000000000000E+07   4.7984072183621500E+14   5.5572202652480066E-20
   7.5000000000000000E+07   4.8700955070931681E+14   5.4024118661896840E-20
   7.6000000000000000E+07   4.9439583320374425E+14   5.2516773723697373E-20
   7.7000000000000000E+07   5.0200961579127819E+14   5.1048580602074532E-20
   7.8000000000000000E+07   5.0638831291433238E+14   4.9958357978094017E-20
   7.9000000000000000E+07   5.1366483471634681E+14   4.8627227165623364E-20
   8.0000000000000000E+07   5.2115352449546788E+14   4.7329374623464483E-20
   8.1000000000000000E+07   5.2886379909311050E+14   4.6063567823087294E-20
   8.2000000000000000E+07   5.3295251062174519E+14   4.5152735605013072E-20
   8.3000000000000000E+07   5.4014487307888762E+14   4.4014734005402768E-20
   8.4000000000000000E+07   5.4753401757778600E+14   4.2903827681973665E-20
   8.5000000000000000E+07   5.5512813202255862E+14   4.1819060330860531E-20
   8.6000000000000000E+07   5.5970153195066788E+14   4.0995056129905114E-20
   8.7000000000000000E+07   5.6688296698890112E+14   4.0010480921340651E-20
   8.8000000000000000E+07   5.7425108486273288E+14   3.9048282422061747E-20
   8.9000000000000000E+07   5.7956338196119888E+14   3.8255641378375270E-20
   9.0000000000000000E+07   5.8662240136116625E+14   3.7375350958226165E-20
   9.1000000000000000E+07   5.9385549718097500E+14   3.6514407580278125E-20
   9.2000000000000000E+07   6.0126918893045712E+14   3.5672180362720281E-20
   9.3000000000000000E+07   6.0657793259339038E+14   3.4979764165043505E-20
   9.4000000000000000E+07   6.1374320701057812E+14   3.4203604839086892E-20
   9.5000000000000000E+07   6.2107978631021475E+14   3.3443785709466218E-20
   9.6000000000000000E+07   6.2859388806214725E+14   3.2699796145045966E-20
   9.7000000000000000E+07   6.3629203441292012E+14   3.1971146571644696E-20
   9.8000000000000000E+07   6.3982197135567412E+14   3.1470323476390937E-20
   9.9000000000000000E+07   6.4705324283141100E+14   3.0804291151303143E-20
   1.0000000000000000E+08   6.5444983854339012E+14   3.0151579472717093E-20
   1.1000000000000000E+08   7.2236336101694600E+14   2.4833505964452483E-20
   1.2000000000000000E+08   7.8886351296498838E+14   2.0845068035049388E-20
   1.3000000000000000E+08   8.5490396115416700E+14   1.7755207435237411E-20
   1.4000000000000000E+08   9.2164394840234288E+14   1.5293089168044508E-20
   1.5000000000000000E+08   9.9258154512735912E+14   1.3253451006698548E-20
   1.6000000000000000E+08   1.0543797863347758E+15   1.1696862324593741E-20
   1.7000000000000000E+08   1.1222367867927346E+15   1.0343154456180221E-20
   1.8000000000000000E+08   1.1908294510320672E+15   9.2058598785194909E-21
   1.9000000000000000E+08   1.2560949233920065E+15   8.2681885321805110E-21
   2.0000000000000000E+08   1.3231655149557018E+15   7.4566243205063171E-21
   2.1000000000000000E+08   1.3908080109253090E+15   6.7561604349826054E-21
   2.2000000000000000E+08   1.4596434665203412E+15   6.1449303359952659E-21
   2.3000000000000000E+08   1.5273218758102530E+15   5.6173052435840241E-21
   2.4000000000000000E+08   1.5939041995949702E+15   5.1583757675968982E-21
   2.5000000000000000E+08   1.6599433271790730E+15   4.7550289204829352E-21
   2.6000000000000000E+08   1.7265507145061732E+15   4.3957576919018765E-21
   2.7000000000000000E+08   1.7933293004253022E+15   4.0753285199082434E-21
   2.8000000000000000E+08   1.8602786838861680E+15   3.7883525748575728E-21
   2.9000000000000000E+08   1.9273949627088602E+15   3.5303496025741909E-21
   3.0000000000000000E+08   2.0027161721799955E+15   3.2843223271570685E-21
   3.1000000000000000E+08   2.0638574453173550E+15   3.0842178191101486E-21
   3.2000000000000000E+08   2.1260149661056580E+15   2.9004817452398686E-21
   3.3000000000000000E+08   2.1996960885050500E+15   2.7183777686470903E-21
   3.4000000000000000E+08   2.2619041951373975E+15   2.5658620836280732E-21
   3.5000000000000000E+08   2.3267521756860610E+15   2.4230828244438512E-21
   3.6000000000000000E+08   2.3992661996634325E+15   2.2845753978765103E-21
   3.7000000000000000E+08   2.4637338927624400E+15   2.1646660715371054E-21
   3.8000000000000000E+08   2.5295094827305895E+15   2.0528939922590691E-21
   3.9000000000000000E+08   2.6032885407620865E+15   1.9435670089103126E-21
   4.0000000000000000E+08   2.6636508956002560E+15   1.8520347721187692E-21
   4.1000000000000000E+08   2.7384513996856215E+15   1.7575089194494526E-21
   4.2000000000000000E+08   2.7987905194353150E+15   1.6786754833595535E-21
   4.3000000000000000E+08   2.8638396268592225E+15   1.6023938982557707E-21
   4.4000000000000000E+08   2.9364097078221155E+15   1.5272745137139923E-21
   4.5000000000000000E+08   2.9981959684621075E+15   1.4625607106047376E-21
   4.6000000000000000E+08   3.0716194538656075E+15   1.3965651198803901E-21
   4.7000000000000000E+08   3.1316834694933315E+15   1.3406354971538684E-21
   4.8000000000000000E+08   3.2044336157287760E+15   1.2829032810517009E-21
   4.9000000000000000E+08   3.2647935305983985E+15   1.2334871542198025E-21
   5.0000000000000000E+08   3.3365217526995520E+15   1.1828303712860458E-21
   5.1000000000000000E+08   3.3982214110458845E+15   1.1385827092249579E-21
   5.2000000000000000E+08   3.4696071392135155E+15   1.0937115182253120E-21
   5.3000000000000000E+08   3.5318160617869575E+15   1.0541744483567226E-21
   5.4000000000000000E+08   3.6030216659492280E+15   1.0142051202021996E-21
   5.5000000000000000E+08   3.6655669845314110E+15   9.7877435660117866E-22
   5.6000000000000000E+08   3.7367511365642320E+15   9.4298379588272086E-22
   5.7000000000000000E+08   3.7995062129207660E+15   9.1113854089794817E-22
   5.8000000000000000E+08   3.8708300114794400E+15   8.7893010290086018E-22
   5.9000000000000000E+08   3.9448827989530550E+15   8.4781347636130079E-22
   6.0000000000000000E+08   4.0218242548994690E+15   8.1773407070639322E-22
   6.1000000000000000E+08   4.0693334549384540E+15   7.9493811078209025E-22
   6.2000000000000000E+08   4.1435989176856080E+15   7.6809870301181299E-22
   6.3000000000000000E+08   4.2206254643331260E+15   7.4211133993265554E-22
   6.4000000000000000E+08   4.2672787748622760E+15   7.2252926567883276E-22
   6.5000000000000000E+08   4.3397783849611475E+15   6.9952867732135484E-22
   6.6000000000000000E+08   4.4147840595072935E+15   6.7722507648986078E-22
   6.7000000000000000E+08   4.4670320558995120E+15   6.5931439891910175E-22
   6.8000000000000000E+08   4.5386347827704630E+15   6.3937004064905401E-22
   6.9000000000000000E+08   4.6125703650289400E+15   6.2000377972016706E-22
   7.0000000000000000E+08   4.6678284644987740E+15   6.0391178430414419E-22
   7.1000000000000000E+08   4.7392165799066150E+15   5.8643722135072132E-22
   7.2000000000000000E+08   4.8128221778158830E+15   5.6944806292378244E-22
   7.3000000000000000E+08   4.8694996328965350E+15   5.5511023480971161E-22
   7.4000000000000000E+08   4.9412486977990350E+15   5.3965722969321751E-22
   7.5000000000000000E+08   5.0017589495357230E+15   5.2602018654736214E-22
   7.6000000000000000E+08   5.0723752972292850E+15   5.1187210292744668E-22
   7.7000000000000000E+08   5.1450141654476910E+15   4.9809150199895754E-22
   7.8000000000000000E+08   5.2197637069989690E+15   4.8466424981222425E-22
   7.9000000000000000E+08   5.2967172731432800E+15   4.7157692806059837E-22
   8.0000000000000000E+08   5.3398980691654660E+15   4.6191650248184842E-22
   8.1000000000000000E+08   5.4135335112768170E+15   4.5000836196828722E-22
   8.2000000000000000E+08   5.4892281664274410E+15   4.3839066390627645E-22
   8.3000000000000000E+08   5.5375885451903910E+15   4.2932646076780471E-22
   8.4000000000000000E+08   5.6092771738019850E+15   4.1879380198738853E-22
   8.5000000000000000E+08   5.6828462830482960E+15   4.0850897047239384E-22
   8.6000000000000000E+08   5.7388778700755490E+15   3.9981676274998776E-22
   8.7000000000000000E+08   5.8103523333781440E+15   3.9035946245544644E-22
   8.8000000000000000E+08   5.8836295972007400E+15   3.8111710080396282E-22
   8.9000000000000000E+08   5.9587787407976900E+15   3.7208243267273739E-22
   9.0000000000000000E+08   6.0066178863473160E+15   3.6501769457760433E-22
   9.1000000000000000E+08   6.0789137101202710E+15   3.5671310207536751E-22
   9.2000000000000000E+08   6.1529710446706640E+15   3.4858904419274465E-22
   9.3000000000000000E+08   6.2288550636436940E+15   3.4063969723232859E-22
   9.4000000000000000E+08   6.2725619066452190E+15   3.3466756387090143E-22
   9.5000000000000000E+08   6.3442044413278590E+15   3.2740526371644498E-22
   9.6000000000000000E+08   6.4175024249747150E+15   3.2029426148187308E-22
   9.7000000000000000E+08   6.4925139071222910E+15   3.1332987785007584E-22
   9.8000000000000000E+08   6.5393245806354680E+15   3.0791260102749807E-22
   9.9000000000000000E+08   6.6103739813184590E+15   3.0152630605928493E-22
   1.0000000000000000E+09   6.6829842362313560E+15   2.9526773699043602E-22
   1.1000000000000000E+09   7.3420740042763120E+15   2.4432898420620661E-22
   1.2000000000000000E+09   8.0556584109377960E+15   2.0412873485047560E-22
   1.3000000000000000E+09   8.6924597559260750E+15   1.7462257627537613E-22
   1.4000000000000000E+09   9.3495412249032860E+15   1.5075374015746361E-22
   1.5000000000000000E+09   1.0018347021784930E+16   1.3131039332030245E-22
   1.6000000000000000E+09   1.0695752467473748E+16   1.1530684948158097E-22
   1.7000000000000000E+09   1.1382628433324876E+16   1.0197529059475849E-22
   1.8000000000000000E+09   1.2031155068756284E+16   9.1118508595108278E-23
   1.9000000000000000E+09   1.2707302504534778E+16   8.1729616786990708E-23
   2.0000000000000000E+09   1.3386457031067482E+16   7.3703954197708822E-23
   2.1000000000000000E+09   1.4068778406673128E+16   6.6789893084203060E-23
   2.2000000000000000E+09   1.4707173284465910E+16   6.0986616827530354E-23
   2.3000000000000000E+09   1.5387162884189488E+16   5.5757083006153148E-23
   2.4000000000000000E+09   1.6140351147056092E+16   5.0940383664213294E-23
   2.5000000000000000E+09   1.6783081823370682E+16   4.7029971075442977E-23
   2.6000000000000000E+09   1.7416561420052936E+16   4.3576331749451172E-23
   2.7000000000000000E+09   1.8068721897590032E+16   4.0447830704534295E-23
   2.8000000000000000E+09   1.8731325654657228E+16   3.7623559976389633E-23
   2.9000000000000000E+09   1.9399430383994516E+16   3.5075143475432510E-23
   3.0000000000000000E+09   2.0071251175748376E+16   3.2771078303264006E-23
   3.1000000000000000E+09   2.0802144020738080E+16   3.0599662720367442E-23
   3.2000000000000000E+09   2.1433787831112844E+16   2.8769845292324401E-23
   3.3000000000000000E+09   2.2082023451489036E+16   2.7079062559227896E-23
   3.4000000000000000E+09   2.2814682118604228E+16   2.5438593362515755E-23
   3.5000000000000000E+09   2.3420016182081656E+16   2.4073054389927150E-23
   3.6000000000000000E+09   2.4161213107458764E+16   2.2686379646291957E-23
   3.7000000000000000E+09   2.4950858135532060E+16   2.1374660294204611E-23
   3.8000000000000000E+09   2.5478623042594068E+16   2.0381065380883610E-23
   3.9000000000000000E+09   2.6101659555176960E+16   1.9384459872383614E-23
   4.0000000000000000E+09   2.6827834750743920E+16   1.8388267727421353E-23
   4.1000000000000000E+09   2.7456243067537632E+16   1.7529174507187775E-23
   4.2000000000000000E+09   2.8103264540436260E+16   1.6717847925728137E-23
   4.3000000000000000E+09   2.8817016869498944E+16   1.5924615529928354E-23
   4.4000000000000000E+09   2.9457351910257744E+16   1.5224395330041151E-23
   4.5000000000000000E+09   3.0110791759266468E+16   1.4563029963556905E-23
   4.6000000000000000E+09   3.0819773660664804E+16   1.3918715426160689E-23
   4.7000000000000000E+09   3.1562947697781332E+16   1.3301818528653670E-23
   4.8000000000000000E+09   3.2122855185085672E+16   1.2797674353179848E-23
   4.9000000000000000E+09   3.2855139413734048E+16   1.2257080484308179E-23
   5.0000000000000000E+09   3.3621589328140176E+16   1.1738110370191379E-23
   5.1000000000000000E+09   3.4143547738312072E+16   1.1332027270245699E-23
   5.2000000000000000E+09   3.4878128418782940E+16   1.0880025574511639E-23
   5.3000000000000000E+09   3.5645012329412744E+16   1.0445080546541134E-23
   5.4000000000000000E+09   3.6175641421254136E+16   1.0101280525348824E-23
   5.5000000000000000E+09   3.6918891148843976E+16   9.7179597090244580E-24
   5.6000000000000000E+09   3.7495818860833192E+16   9.3975698573345157E-24
   5.7000000000000000E+09   3.8224683353715272E+16   9.0566519935261583E-24
   5.8000000000000000E+09   3.8828688591315496E+16   8.7620497722972349E-24
   5.9000000000000000E+09   3.9550412862925704E+16   8.4563587520812538E-24
   6.0000000000000000E+09   4.0169954491059368E+16   8.1871706385842050E-24
   6.1000000000000000E+09   4.0890563369441912E+16   7.9110385924117466E-24
   6.2000000000000000E+09   4.1637498522571936E+16   7.6438140315996896E-24
   6.3000000000000000E+09   4.2167423734251384E+16   7.4279473140920579E-24
   6.4000000000000000E+09   4.2893656993553080E+16   7.1880879732672815E-24
   6.5000000000000000E+09   4.3645343901307984E+16   6.9556089198524975E-24
   6.6000000000000000E+09   4.4183930449278544E+16   6.7667191261271428E-24
   6.7000000000000000E+09   4.4905833643606104E+16   6.5585655936421833E-24
   6.8000000000000000E+09   4.5515018930317616E+16   6.3756253951994389E-24
   6.9000000000000000E+09   4.6225963175667640E+16   6.1865905306836678E-24
   7.0000000000000000E+09   4.6959469731412432E+16   6.0029566622969204E-24
   7.1000000000000000E+09   4.7516498042989752E+16   5.8490274261904176E-24
   7.2000000000000000E+09   4.8231927077353432E+16   5.6822367100499006E-24
   7.3000000000000000E+09   4.8969229060948936E+16   5.5200156025707678E-24
   7.4000000000000000E+09   4.9729422654445168E+16   5.3621788493478281E-24
   7.5000000000000000E+09   5.0216215365200400E+16   5.2393955947604293E-24
   7.6000000000000000E+09   5.0942362407088720E+16   5.0967550139934066E-24
   7.7000000000000000E+09   5.1689818351724904E+16   4.9578193833761758E-24
   7.8000000000000000E+09   5.2210207905075024E+16   4.8454755549897388E-24
   7.9000000000000000E+09   5.2926479698691280E+16   4.7193950451538931E-24
   8.0000000000000000E+09   5.3662677927187928E+16   4.5964665480639450E-24
   8.1000000000000000E+09   5.4210353868807304E+16   4.4938561990680270E-24
   8.2000000000000000E+09   5.4920003268868640E+16   4.3816938036805245E-24
   8.3000000000000000E+09   5.5648478674157688E+16   4.2722341166156117E-24
   8.4000000000000000E+09   5.6213970090301808E+16   4.1789087485619265E-24
   8.5000000000000000E+09   5.6918788565515136E+16   4.0786069818910920E-24
   8.6000000000000000E+09   5.7641505677927848E+16   3.9806378144451622E-24
   8.7000000000000000E+09   5.8382811991011280E+16   3.8849208117681038E-24
   8.8000000000000000E+09   5.8922665207673528E+16   3.8055845681561451E-24
   8.9000000000000000E+09   5.9641801356605928E+16   3.7174546026501306E-24
   9.0000000000000000E+09   6.0229763693834856E+16   3.6402630171825287E-24
   9.1000000000000000E+09   6.0930591658905296E+16   3.5588496808377162E-24
   9.2000000000000000E+09   6.1647921173368872E+16   3.4792061996308352E-24
   9.3000000000000000E+09   6.2382341993435064E+16   3.4012754814606617E-24
   9.4000000000000000E+09   6.3134472317562528E+16   3.3250028636770880E-24
   9.5000000000000000E+09   6.3904960521994152E+16   3.2503359852152718E-24
   9.6000000000000000E+09   6.4254351915485752E+16   3.1989882996081062E-24
   9.7000000000000000E+09   6.4978443404466160E+16   3.1307284121840361E-24
   9.8000000000000000E+09   6.5719040680795576E+16   3.0638615836869894E-24
   9.9000000000000000E+09   6.6476714629484528E+16   2.9983456002100850E-24
   1.0000000000000000E+10   6.7252062769509072E+16   2.9341399364027184E-24
   1.1000000000000000E+10   7.3852894377236576E+16   2.4289927951483904E-24
   1.2000000000000000E+10   8.0345128573623984E+16   2.0466596905193726E-24
   1.3000000000000000E+10   8.7298807540222912E+16   1.7387404931624825E-24
   1.4000000000000000E+10   9.3919282830575872E+16   1.5007336788901693E-24
   1.5000000000000000E+10   1.0044956810999048E+17   1.3096254295582402E-24
   1.6000000000000000E+10   1.0734156002958653E+17   1.1489431675106187E-24
   1.7000000000000000E+10   1.1384724801608502E+17   1.0195651299858099E-24
   1.8000000000000000E+10   1.2047773982457626E+17   9.0992818103807395E-25
   1.9000000000000000E+10   1.2783772762565515E+17   8.1240724736065338E-25
   2.0000000000000000E+10   1.3451862935346008E+17   7.3345589427239939E-25
   2.1000000000000000E+10   1.4106065146502176E+17   6.6613346517830625E-25
   2.2000000000000000E+10   1.4771583270499728E+17   6.0720690889451944E-25
   2.3000000000000000E+10   1.5395233101635693E+17   5.5727855011938618E-25
   2.4000000000000000E+10   1.6072175695553325E+17   5.1156464157720628E-25
   2.5000000000000000E+10   1.6812382928134042E+17   4.6948005888509636E-25
   2.6000000000000000E+10   1.7462213688642019E+17   4.3462408140645098E-25
   2.7000000000000000E+10   1.8114175807760525E+17   4.0346334943261651E-25
   2.8000000000000000E+10   1.8788853541645334E+17   3.7508363809597736E-25
   2.9000000000000000E+10   1.9444518243771114E+17   3.4993811393514199E-25
   3.0000000000000000E+10   2.0091632434775811E+17   3.2737834820551721E-25
   3.1000000000000000E+10   2.0833650427443875E+17   3.0553387324603958E-25
   3.2000000000000000E+10   2.1470656850484506E+17   2.8720442240019621E-25
   3.3000000000000000E+10   2.2118726518187626E+17   2.7034128478668172E-25
   3.4000000000000000E+10   2.2774136224648141E+17   2.5483882918119278E-25
   3.5000000000000000E+10   2.3433677285510320E+17   2.4059020549576022E-25
   3.6000000000000000E+10   2.4098200594479226E+17   2.2745700498333011E-25
   3.7000000000000000E+10   2.4811663768413088E+17   2.1494572942538272E-25
   3.8000000000000000E+10   2.5568662150068595E+17   2.0309294205469573E-25
   3.9000000000000000E+10   2.6144880210518435E+17   1.9352415011119040E-25
   4.0000000000000000E+10   2.6906905742200323E+17   1.8334230352246970E-25
   4.1000000000000000E+10   2.7470317889517232E+17   1.7520193176442701E-25
   4.2000000000000000E+10   2.8217127796572525E+17   1.6650387175855304E-25
   4.3000000000000000E+10   2.8807026312681840E+17   1.5930138341429801E-25
   4.4000000000000000E+10   2.9546713680484243E+17   1.5178350313595918E-25
   4.5000000000000000E+10   3.0152810074842810E+17   1.4542736200314357E-25
   4.6000000000000000E+10   3.0794640485929037E+17   1.3930075244018049E-25
   4.7000000000000000E+10   3.1506533885732710E+17   1.3325636010230728E-25
   4.8000000000000000E+10   3.2149559322161517E+17   1.2787044320999476E-25
   4.9000000000000000E+10   3.2873834553667821E+17   1.2250109960852522E-25
   5.0000000000000000E+10   3.3631495297900762E+17   1.1734652975111449E-25
   5.1000000000000000E+10   3.4181199074722778E+17   1.1319544795010274E-25
   5.2000000000000000E+10   3.4929524506504838E+17   1.0864016460252443E-25
   5.3000000000000000E+10   3.5502978365507782E+17   1.0486867356032395E-25
   5.4000000000000000E+10   3.6233480518883514E+17   1.0085155964800937E-25
   5.5000000000000000E+10   3.6852732870724006E+17   9.7354054567643497E-26
   5.6000000000000000E+10   3.7584320758199546E+17   9.3754408751890700E-26
   5.7000000000000000E+10   3.8169468374366835E+17   9.0697531152888149E-26
   5.8000000000000000E+10   3.8892810880637382E+17   8.7476038457151639E-26
   5.9000000000000000E+10   3.9644098834894765E+17   8.4363748903643505E-26
   6.0000000000000000E+10   4.0189116332326080E+17   8.1832670627279271E-26
   6.1000000000000000E+10   4.0918267690395411E+17   7.9056823062195247E-26
   6.2000000000000000E+10   4.1523058166260608E+17   7.6648808999852326E-26
   6.3000000000000000E+10   4.2240710397173600E+17   7.4150599960073642E-26
   6.4000000000000000E+10   4.2983605593459878E+17   7.1730459952788036E-26
   6.5000000000000000E+10   4.3753099456205754E+17   6.9384785791880443E-26
   6.6000000000000000E+10   4.4221899580566746E+17   6.7609091892106548E-26
   6.7000000000000000E+10   4.4963154616791680E+17   6.5502044507078615E-26
   6.8000000000000000E+10   4.5729683382718042E+17   6.3456969103963268E-26
   6.9000000000000000E+10   4.6199772233572563E+17   6.1900977478520968E-26
   7.0000000000000000E+10   4.6920526219999610E+17   6.0079390491139973E-26
   7.1000000000000000E+10   4.7664125304187014E+17   5.8309115813262663E-26
   7.2000000000000000E+10   4.8431673127812122E+17   5.6588015431993040E-26
   7.3000000000000000E+10   4.8906461774812077E+17   5.5271000733386970E-26
   7.4000000000000000E+10   4.9636421887371136E+17   5.3722256401360326E-26
   7.5000000000000000E+10   5.0388502400853568E+17   5.2214811918187716E-26
   7.6000000000000000E+10   5.0912002945751213E+17   5.0997942724755163E-26
   7.7000000000000000E+10   5.1636773233667309E+17   4.9629124226586525E-26
   7.8000000000000000E+10   5.2223145412655104E+17   4.8442751604859909E-26
   7.9000000000000000E+10   5.2928832635043155E+17   4.7191852457759780E-26
   8.0000000000000000E+10   5.3653852894166150E+17   4.5972225789337159E-26
   8.1000000000000000E+10   5.4399011696901760E+17   4.4782713359641031E-26
   8.2000000000000000E+10   5.5165159928721933E+17   4.3622213428230165E-26
   8.3000000000000000E+10   5.5573825131008045E+17   4.2779731027879377E-26
   8.4000000000000000E+10   5.6298084281750790E+17   4.1726650986223440E-26
   8.5000000000000000E+10   5.7041470341086528E+17   4.0698349298488807E-26
   8.6000000000000000E+10   5.7804751129433370E+17   3.9693961603492206E-26
   8.7000000000000000E+10   5.8250166463022822E+17   3.8937674366545315E-26
   8.8000000000000000E+10   5.8962102553022003E+17   3.8030391678673368E-26
   8.9000000000000000E+10   5.9691656598698918E+17   3.7143497365809779E-26
   9.0000000000000000E+10   6.0255158599368550E+17   3.6387288060446273E-26
   9.1000000000000000E+10   6.0956909366663398E+17   3.5573131730516689E-26
   9.2000000000000000E+10   6.1675198369378381E+17   3.4776674451237730E-26
   9.3000000000000000E+10   6.2410617216313037E+17   3.3997345285491664E-26
   9.4000000000000000E+10   6.3163786074313203E+17   3.3234597591357220E-26
   9.5000000000000000E+10   6.3608381595790464E+17   3.2654909244247326E-26
   9.6000000000000000E+10   6.4324449036810650E+17   3.1955022243394897E-26
   9.7000000000000000E+10   6.5056822208888128E+17   3.1269565902353865E-26
   9.8000000000000000E+10   6.5806064478439936E+17   3.0598098466232044E-26
   9.9000000000000000E+10   6.6572765466824358E+17   2.9940196028819748E-26
   1.0000000000000000E+11   6.6952329941081958E+17   2.9472755220188258E-26
