   1.0000000000000000E+00   1.0000000000000001E+25   1.9732696317747896E-22
   2.0000000000000000E+00   1.0000000000000001E+25   9.8663481588739479E-23
   3.0000000000000000E+00   1.0000000000000001E+25   6.5775654392492986E-23
   4.0000000000000000E+00   1.0000000000000001E+25   4.9331740794369739E-23
   5.0000000000000000E+00   1.0000000000000001E+25   3.9465392635495793E-23
   6.0000000000000000E+00   1.0000000000000001E+25   3.2887827196246493E-23
   6.8689999999999998E+00   1.0000000000000001E+25   2.8727174723755852E-23
   6.8710000000000004E+00   1.0000000000000001E+25   2.8718812862389597E-23
   7.0000000000000000E+00   1.0000000000000001E+25   2.8189566168211286E-23
   8.0000000000000000E+00   1.0000000000000001E+25   2.4665870397184870E-23
   9.0000000000000000E+00   1.0000000000000001E+25   2.1925218130830994E-23
   1.0000000000000000E+01   1.0000000000000001E+25   1.9732696317747896E-23
   1.1000000000000000E+01   1.0000000000000001E+25   1.7938814834316270E-23
   1.1999000000000001E+01   1.0000000000000001E+25   1.6445284038459781E-23
   1.2000999999999999E+01   1.0000000000000001E+25   1.6442543386174400E-23
   1.2999000000000001E+01   1.0000000000000001E+25   1.5180164872488571E-23
   1.3000999999999999E+01   1.0000000000000001E+25   1.5177829642141297E-23
   1.4000000000000000E+01   1.0000000000000001E+25   1.4094783084105643E-23
   1.5000000000000000E+01   1.0000000000000001E+25   1.3155130878498597E-23
   1.6000000000000000E+01   1.0000000000000001E+25   1.2332935198592435E-23
   1.7000000000000000E+01   1.0000000000000001E+25   1.1607468422204644E-23
   1.8000000000000000E+01   1.0000000000000001E+25   1.0962609065415497E-23
   1.9000000000000000E+01   1.0000000000000001E+25   1.0385629640919946E-23
   2.0000000000000000E+01   1.0000000000000001E+25   9.8663481588739482E-24
   2.1000000000000000E+01   1.0000000000000001E+25   9.3965220560704266E-24
   2.2000000000000000E+01   1.0000000000000001E+25   8.9694074171581351E-24
   2.3000000000000000E+01   1.0000000000000001E+25   8.5794331816295206E-24
   2.4000000000000000E+01   1.0000000000000001E+25   8.2219567990616232E-24
   2.5000000000000000E+01   1.0000000000000001E+25   7.8930785270991588E-24
   2.6000000000000000E+01   1.0000000000000001E+25   7.5894985837491909E-24
   2.7000000000000000E+01   1.0000000000000001E+25   7.3084060436103314E-24
   2.8000000000000000E+01   1.0000000000000001E+25   7.0473915420528214E-24
   2.9000000000000000E+01   1.0000000000000001E+25   6.8043780406027227E-24
   3.0000000000000000E+01   1.0000000000000001E+25   6.5775654392492983E-24
   3.1000000000000000E+01   1.0000000000000001E+25   6.3653859089509344E-24
   3.1998999999999999E+01   1.0000000000000001E+25   6.1666603074308252E-24
   3.2000999999999998E+01   1.0000000000000001E+25   6.1662749032054934E-24
   3.3000000000000000E+01   1.0000000000000001E+25   5.9796049447720891E-24
   3.4000000000000000E+01   1.0000000000000001E+25   5.8037342111023222E-24
   3.5000000000000000E+01   1.0000000000000001E+25   5.6379132336422558E-24
   3.6000000000000000E+01   1.0000000000000001E+25   5.4813045327077486E-24
   3.7000000000000000E+01   1.0000000000000001E+25   5.3331611669588911E-24
   3.8000000000000000E+01   1.0000000000000001E+25   5.1928148204599731E-24
   3.8999000000000002E+01   1.0000000000000001E+25   5.0597954608446100E-24
   3.9000999999999998E+01   1.0000000000000001E+25   5.0595359908073886E-24
   4.0000000000000000E+01   1.0000000000000001E+25   4.9331740794369741E-24
   4.1000000000000000E+01   1.0000000000000001E+25   4.8128527604263161E-24
   4.2000000000000000E+01   1.0000000000000001E+25   4.6982610280352133E-24
   4.3000000000000000E+01   1.0000000000000001E+25   4.5889991436623017E-24
   4.4000000000000000E+01   1.0000000000000001E+25   4.4847037085790676E-24
   4.5000000000000000E+01   1.0000000000000001E+25   4.3850436261661996E-24
   4.6000000000000000E+01   1.0000000000000001E+25   4.2897165908147603E-24
   4.7000000000000000E+01   1.0000000000000001E+25   4.1984460250527435E-24
   4.8000000000000000E+01   1.0000000000000001E+25   4.1109783995308116E-24
   4.9000000000000000E+01   1.0000000000000001E+25   4.0270808811730397E-24
   5.0000000000000000E+01   1.0000000000000001E+25   3.9465392635495794E-24
   5.1000000000000000E+01   1.0000000000000001E+25   3.8691561407348817E-24
   5.2000000000000000E+01   1.0000000000000001E+25   3.7947492918745955E-24
   5.3000000000000000E+01   1.0000000000000001E+25   3.7231502486316790E-24
   5.4000000000000000E+01   1.0000000000000001E+25   3.6542030218051657E-24
   5.5000000000000000E+01   1.0000000000000001E+25   3.5877629668632538E-24
   5.6000000000000000E+01   1.0000000000000001E+25   3.5236957710264107E-24
   5.7000000000000000E+01   1.0000000000000001E+25   3.4618765469733156E-24
   5.8000000000000000E+01   1.0000000000000001E+25   3.4021890203013613E-24
   5.9000000000000000E+01   1.0000000000000001E+25   3.3445247996182874E-24
   6.0000000000000000E+01   1.0000000000000001E+25   3.2887827196246492E-24
   6.1000000000000000E+01   1.0000000000000001E+25   3.2348682488111304E-24
   6.1999000000000002E+01   1.0000000000000001E+25   3.1827442890607748E-24
   6.2000999999999998E+01   1.4567752489639456E+03   2.1847169793759013E-02
   6.3000000000000000E+01   1.5114679722996275E+03   2.0722728341538637E-02
   6.4000000000000000E+01   1.5704889489005081E+03   1.9632317704665586E-02
   6.5000000000000000E+01   1.6256434578079140E+03   1.8674448071124256E-02
   6.6000000000000000E+01   1.6893156185266837E+03   1.7698305986145829E-02
   6.7000000000000000E+01   1.7448777969457599E+03   1.6878996111034231E-02
   6.8000000000000000E+01   1.8041055333328070E+03   1.6084796880980731E-02
   6.9000000000000000E+01   1.8484875827998990E+03   1.5471086130919126E-02
   7.0000000000000000E+01   1.8810446193188923E+03   1.4986123071561400E-02
   7.1000000000000000E+01   1.9047416609952595E+03   1.4591233338422901E-02
   7.2000000000000000E+01   1.9200745722544186E+03   1.4273676168400013E-02
   7.3000000000000000E+01   1.9378937752660302E+03   1.3948695842484567E-02
   7.4000000000000000E+01   1.9358202312372546E+03   1.3774939121155558E-02
   7.5000000000000000E+01   1.9283566086663429E+03   1.3643877713673225E-02
   7.6000000000000000E+01   1.9275163306521038E+03   1.3470222632830242E-02
   7.7000000000000000E+01   1.9082053283453447E+03   1.3429832709333893E-02
   7.8000000000000000E+01   1.8993429630021553E+03   1.3319515803775665E-02
   7.9000000000000000E+01   1.8734301030966446E+03   1.3332814799685981E-02
   8.0000000000000000E+01   1.8581822024450253E+03   1.3274193652661798E-02
   8.1000000000000000E+01   1.8431805041358059E+03   1.3217019941366610E-02
   8.2000000000000000E+01   1.8100419695763753E+03   1.3294865095179874E-02
   8.3000000000000000E+01   1.7906682014685962E+03   1.3276794044508652E-02
   8.4000000000000000E+01   1.7717047751797511E+03   1.3259153256948647E-02
   8.5000000000000000E+01   1.7531387905924064E+03   1.3241927546742999E-02
   8.6000000000000000E+01   1.7349578827112716E+03   1.3225102434449109E-02
   8.7000000000000000E+01   1.7171501942006064E+03   1.3208664106345880E-02
   8.8000000000000000E+01   1.6997043495957087E+03   1.3192599376608641E-02
   8.9000000000000000E+01   1.6826094310706235E+03   1.3176895652034032E-02
   9.0000000000000000E+01   1.6658549556536011E+03   1.3161540899116635E-02
   9.1000000000000000E+01   1.6494308537903864E+03   1.3146523613296325E-02
   9.2000000000000000E+01   1.6333274491632314E+03   1.3131832790211238E-02
   9.3000000000000000E+01   1.5765396183515784E+03   1.3458559989771669E-02
   9.4000000000000000E+01   1.5584820510977711E+03   1.3469664350947843E-02
   9.5000000000000000E+01   1.5408334595251824E+03   1.3480534936099251E-02
   9.6000000000000000E+01   1.5235801052204490E+03   1.3491179050726672E-02
   9.7000000000000000E+01   1.5145857129310091E+03   1.3431386365858387E-02
   9.8000000000000000E+01   1.4995466762400149E+03   1.3427660989088385E-02
   9.9000000000000000E+01   1.4848033625682108E+03   1.3424010872455155E-02
   1.0000000000000000E+02   1.4703471343284882E+03   1.3420433758154587E-02
   1.1000000000000000E+02   1.3956349074743293E+03   1.2853515441785571E-02
   1.2000000000000000E+02   1.3665365427652969E+03   1.2033277620844052E-02
   1.3000000000000000E+02   1.3611117484139884E+03   1.1151911064749418E-02
   1.4000000000000000E+02   1.3736508497163209E+03   1.0260819251861871E-02
   1.5000000000000000E+02   1.4055129841289474E+03   9.3596651379576970E-03
   1.6000000000000000E+02   1.4325244897210873E+03   8.6092316655568390E-03
   1.7000000000000000E+02   1.4834619278954633E+03   7.8245812743383079E-03
   1.8000000000000000E+02   1.5294115877333898E+03   7.1678606029540060E-03
   1.9000000000000000E+02   1.5894948276385667E+03   6.5339184880200962E-03
   2.0000000000000000E+02   1.6540590891977386E+03   5.9649308923173860E-03
   2.0199900000000000E+02   1.6670817290627169E+03   5.8597666407644152E-03
   2.0200100000000000E+02   1.6670948609009654E+03   5.8596624661712369E-03
   2.1000000000000000E+02   1.7238242348846020E+03   5.4509745633663518E-03
   2.1299900000000000E+02   1.7405392887557123E+03   5.3226147946440682E-03
   2.1300100000000000E+02   1.7405529229789627E+03   5.3225231241807950E-03
   2.2000000000000000E+02   1.7896110798695215E+03   5.0119310938844227E-03
   2.3000000000000000E+02   1.8664409206072144E+03   4.5966808201131542E-03
   2.4000000000000000E+02   1.9360386819202954E+03   4.2467936595701307E-03
   2.5000000000000000E+02   2.0170931868329617E+03   3.9130956262323630E-03
   2.6000000000000000E+02   2.0918828205837522E+03   3.6280706113506382E-03
   2.7000000000000000E+02   2.1773959001804737E+03   3.3564893012816704E-03
   2.8000000000000000E+02   2.2586830571846690E+03   3.1201329994643106E-03
   2.9000000000000000E+02   2.3499163356228905E+03   2.8955831054296201E-03
   3.0000000000000000E+02   2.4410747932349191E+03   2.6945366268489837E-03
   3.1000000000000000E+02   2.5440541246388643E+03   2.5020638701444761E-03
   3.2000000000000000E+02   2.6233345418048589E+03   2.3506218902045475E-03
   3.3000000000000000E+02   2.7204690967146562E+03   2.1980050984564728E-03
   3.4000000000000000E+02   2.8128409586952098E+03   2.0632998083882060E-03
   3.5000000000000000E+02   2.9188955041113886E+03   1.9315228056985994E-03
   3.6000000000000000E+02   3.0083788350579334E+03   1.8220127295245363E-03
   3.6599900000000002E+02   3.0691263514290645E+03   1.7566763941182996E-03
   3.6600099999999998E+02   3.0691476157301504E+03   1.7566546239190196E-03
   3.7000000000000000E+02   3.1122631793834171E+03   1.7135958174383779E-03
   3.8000000000000000E+02   3.2255741384065427E+03   1.6098885338364170E-03
   3.9000000000000000E+02   3.3229801158718747E+03   1.5226289493375194E-03
   4.0000000000000000E+02   3.4213065285371176E+03   1.4418977189823157E-03
   4.1000000000000000E+02   3.5349642577931199E+03   1.3614996954540593E-03
   4.1999900000000002E+02   3.6443704252577554E+03   1.2891862423851531E-03
   4.2000099999999998E+02   3.6443941873325793E+03   1.2891716977423979E-03
   4.3000000000000000E+02   3.7538567825721684E+03   1.2224758187279292E-03
   4.4000000000000000E+02   3.8741863053309226E+03   1.1575859690609268E-03
   4.5000000000000000E+02   3.9795952391982873E+03   1.1018818152595821E-03
   4.6000000000000000E+02   4.1038909200669841E+03   1.0452803630425788E-03
   4.7000000000000000E+02   4.2072032167928264E+03   9.9791852418606064E-04
   4.8000000000000000E+02   4.3326924555842443E+03   9.4882764970597594E-04
   4.9000000000000000E+02   4.4499553502873432E+03   9.0497107592618956E-04
   5.0000000000000000E+02   4.5683163987052876E+03   8.6389359210497618E-04
   5.1000000000000000E+02   4.6988424825221418E+03   8.2342750477944974E-04
   5.1399900000000002E+02   4.7531517843739275E+03   8.0768585127284924E-04
   5.1400099999999998E+02   4.7531792599064374E+03   8.0767803975998181E-04
   5.2000000000000000E+02   4.8132898207797034E+03   7.8838994391987089E-04
   5.3000000000000000E+02   4.9475859986086953E+03   7.5251855140641541E-04
   5.4000000000000000E+02   5.0601581754984154E+03   7.2215193578316047E-04
   5.5000000000000000E+02   5.1955984558457885E+03   6.9053892392829355E-04
   5.6000000000000000E+02   5.3384885312600572E+03   6.6005494821110033E-04
   5.7000000000000000E+02   5.4579023298643406E+03   6.3428700950377080E-04
   5.8000000000000000E+02   5.6057458205715466E+03   6.0691103899435876E-04
   5.9000000000000000E+02   5.7215767370285221E+03   5.8454600075070454E-04
   6.0000000000000000E+02   5.8503186409432619E+03   5.6215446054650982E-04
   6.1000000000000000E+02   5.9936086311285781E+03   5.3971963267845458E-04
   6.2000000000000000E+02   6.1440939667532684E+03   5.1800850893517539E-04
   6.3000000000000000E+02   6.2633768520472468E+03   5.0007752889184062E-04
   6.4000000000000000E+02   6.4154245488220149E+03   4.8059700120925674E-04
   6.5000000000000000E+02   6.5335306508597296E+03   4.6464914542035613E-04
   6.6000000000000000E+02   6.6842069815508030E+03   4.4729352047868226E-04
   6.7000000000000000E+02   6.8419971693007146E+03   4.3045597389347606E-04
   6.8000000000000000E+02   6.9709280144821296E+03   4.1628131857372817E-04
   6.9000000000000000E+02   7.1316405515642882E+03   4.0100325301951580E-04
   7.0000000000000000E+02   7.2611665709220797E+03   3.8822365377346732E-04
   7.1000000000000000E+02   7.4201020000970429E+03   3.7455725035361455E-04
   7.2000000000000000E+02   7.5595733550568657E+03   3.6254060085554371E-04
   7.3000000000000000E+02   7.7203101485713405E+03   3.5012959746483961E-04
   7.4000000000000000E+02   7.8559052876025526E+03   3.3943644759663676E-04
   7.5000000000000000E+02   8.0170688173933531E+03   3.2817807051769383E-04
   7.6000000000000000E+02   8.1849833686354623E+03   3.1721596651977554E-04
   7.7000000000000000E+02   8.3148696428958374E+03   3.0820541313757030E-04
   7.8000000000000000E+02   8.4800577230458839E+03   2.9832731614249671E-04
   7.9000000000000000E+02   8.6519422861477015E+03   2.8869929755236194E-04
   8.0000000000000000E+02   8.8309389549950156E+03   2.7931197942698041E-04
   8.1000000000000000E+02   8.9638325518468228E+03   2.7177385719551314E-04
   8.2000000000000000E+02   9.1430751054480697E+03   2.6319661081852482E-04
   8.3000000000000000E+02   9.2811650810480605E+03   2.5615677240237812E-04
   8.4000000000000000E+02   9.4560388800826713E+03   2.4842648637640426E-04
   8.5000000000000000E+02   9.6097276533356999E+03   2.4157746901756362E-04
   8.6000000000000000E+02   9.7844432922310989E+03   2.3450486688936061E-04
   8.7000000000000000E+02   9.9656296286577581E+03   2.2759485331582893E-04
   8.8000000000000000E+02   1.0109586095479501E+04   2.2180451633842862E-04
   8.9000000000000000E+02   1.0288943533648346E+04   2.1548926596630044E-04
   9.0000000000000000E+02   1.0474779994956867E+04   2.0931435449133063E-04
   9.1000000000000000E+02   1.0667453004686462E+04   2.0327515535646998E-04
   9.2000000000000000E+02   1.0796806802798324E+04   1.9865672643614167E-04
   9.3000000000000000E+02   1.0983736895574295E+04   1.9317608598568898E-04
   9.4000000000000000E+02   1.1177253843323277E+04   1.8781205490652262E-04
   9.5000000000000000E+02   1.1377712041435487E+04   1.8256095079744394E-04
   9.6000000000000000E+02   1.1514938716492705E+04   1.7850630822909669E-04
   9.7000000000000000E+02   1.1712669610063745E+04   1.7368359709477667E-04
   9.8000000000000000E+02   1.1917309894517088E+04   1.6895930863666719E-04
   9.9000000000000000E+02   1.2056169036462776E+04   1.6532628583998017E-04
   1.0000000000000000E+03   1.2253197653911762E+04   1.6104119818428252E-04
   1.1000000000000000E+03   1.4139099637433235E+04   1.2687381300308047E-04
   1.2000000000000000E+03   1.6169598120603563E+04   1.0169648914879430E-04
   1.3000000000000000E+03   1.8282538347624184E+04   8.3024560807065903E-05
   1.4000000000000000E+03   2.0662341933753913E+04   6.8214838033826478E-05
   1.5000000000000000E+03   2.2944717676764772E+04   5.7334028092314652E-05
   1.5959990000000000E+03   2.5347492097967133E+04   4.8777419515934474E-05
   1.5960010000000000E+03   2.5347546384740068E+04   4.8777253925047673E-05
   1.6000000000000000E+03   2.5456559851676186E+04   4.8446982901267298E-05
   1.6469990000000000E+03   2.6664358255649677E+04   4.4932642569845466E-05
   1.6470010000000000E+03   2.6664413704570565E+04   4.4932494569087841E-05
   1.7000000000000000E+03   2.8077865657890921E+04   4.1340280502918203E-05
   1.8000000000000000E+03   3.0819248835341263E+04   3.5570656260915680E-05
   1.9000000000000000E+03   3.3680847989403512E+04   3.0835416151598728E-05
   2.0000000000000000E+03   3.6755775954172335E+04   2.6842986993868564E-05
   2.0319990000000000E+03   3.7668685433795872E+04   2.5779974173530918E-05
   2.0320010000000000E+03   3.7668750205544682E+04   2.5779904470703328E-05
   2.1000000000000000E+03   3.9829793132628380E+04   2.3591691839275062E-05
   2.2000000000000000E+03   4.3159498672459435E+04   2.0782000933856110E-05
   2.2699989999999998E+03   4.5355268603534860E+04   1.9166067930378772E-05
   2.2700010000000002E+03   4.5355339660430465E+04   1.9166021017086281E-05
   2.3000000000000000E+03   4.6446807997693111E+04   1.8471523774153948E-05
   2.4000000000000000E+03   5.0030843462100755E+04   1.6433776107112608E-05
   2.4989989999999998E+03   5.3492877281144305E+04   1.4761292686066159E-05
   2.4990010000000002E+03   5.3492955259428199E+04   1.4761259354349754E-05
   2.5000000000000000E+03   5.3531933850767244E+04   1.4744616828345782E-05
   2.6000000000000000E+03   5.7330103041231494E+04   1.3238243402930684E-05
   2.7000000000000000E+03   6.1068870110849784E+04   1.1967482008991496E-05
   2.8000000000000000E+03   6.5488670614832481E+04   1.0761237746757166E-05
   2.9000000000000000E+03   6.9212908193019655E+04   9.8310824068059693E-06
   3.0000000000000000E+03   7.3524621044046813E+04   8.9460718679649369E-06
   3.1000000000000000E+03   7.7886393396754982E+04   8.1726545951685302E-06
   3.2000000000000000E+03   8.2307345818192072E+04   7.4920015194236381E-06
   3.3000000000000000E+03   8.7095611025520382E+04   6.8655640328649536E-06
   3.4000000000000000E+03   9.1821084534603069E+04   6.3206988248055024E-06
   3.5000000000000000E+03   9.6688087205027885E+04   5.8310319260810430E-06
   3.6000000000000000E+03   1.0176647338619143E+05   5.3861594593210117E-06
   3.7000000000000000E+03   1.0685761457463665E+05   4.9909041935741954E-06
   3.8000000000000000E+03   1.1199066086744948E+05   4.6368284464417212E-06
   3.9000000000000000E+03   1.1750056780425897E+05   4.3060776786442616E-06
   4.0000000000000000E+03   1.2312893735206657E+05   4.0065107240643110E-06
   4.1000000000000000E+03   1.2865878006333482E+05   3.7407884312730888E-06
   4.2000000000000000E+03   1.3508976991631184E+05   3.4778806944047566E-06
   4.3000000000000000E+03   1.4034335414335501E+05   3.2698371587833267E-06
   4.4000000000000000E+03   1.4682431326925082E+05   3.0544693918335471E-06
   4.5000000000000000E+03   1.5282176170632275E+05   2.8693842926591363E-06
   4.6000000000000000E+03   1.5887016913764077E+05   2.7001397519116807E-06
   4.7000000000000000E+03   1.6536782864496546E+05   2.5388529676268223E-06
   4.8000000000000000E+03   1.7199943841953506E+05   2.3901115243780368E-06
   4.9000000000000000E+03   1.7926715325135773E+05   2.2464131371163721E-06
   5.0000000000000000E+03   1.8575323087479657E+05   2.1246140618731254E-06
   5.1000000000000000E+03   1.9354133788586545E+05   1.9991368164544711E-06
   5.2000000000000000E+03   2.0018577778369383E+05   1.8956138312557474E-06
   5.3000000000000000E+03   2.0730664178538881E+05   1.7959628387044230E-06
   5.4000000000000000E+03   2.1439398880055457E+05   1.7044335255148320E-06
   5.5000000000000000E+03   2.2252131424039564E+05   1.6123232864728182E-06
   5.6000000000000000E+03   2.2961053551691637E+05   1.5346402825521938E-06
   5.7000000000000000E+03   2.3811690629750211E+05   1.4538558394707445E-06
   5.8000000000000000E+03   2.4589487434753735E+05   1.3835949323176427E-06
   5.9000000000000000E+03   2.5380169603568231E+05   1.3177708627873301E-06
   6.0000000000000000E+03   2.6196367545918797E+05   1.2554346375923476E-06
   6.1000000000000000E+03   2.7105313091300009E+05   1.1934443398292367E-06
   6.2000000000000000E+03   2.7890661357270589E+05   1.1411321207862994E-06
   6.3000000000000000E+03   2.8841951760216051E+05   1.0859785234821015E-06
   6.4000000000000000E+03   2.9650334066502831E+05   1.0398647761380072E-06
   6.5000000000000000E+03   3.0520217909288162E+05   9.9468471769193922E-07
   6.6000000000000000E+03   3.1494006165715546E+05   9.4932427988178644E-07
   6.7000000000000000E+03   3.2349501821222395E+05   9.1042470179729531E-07
   6.8000000000000000E+03   3.3368191501022648E+05   8.6965069876868420E-07
   6.9000000000000000E+03   3.4218489503547974E+05   8.3575023387477455E-07
   7.0000000000000000E+03   3.5264271544679801E+05   7.9938036242986408E-07
   7.1000000000000000E+03   3.6205988981929759E+05   7.6762245160236238E-07
   7.2000000000000000E+03   3.7167981210896943E+05   7.3736914867745570E-07
   7.3000000000000000E+03   3.8164313176788756E+05   7.0828186324259852E-07
   7.4000000000000000E+03   3.9242441110010882E+05   6.7951445120451285E-07
   7.5000000000000000E+03   4.0383253292516660E+05   6.5151417015410947E-07
   7.6000000000000000E+03   4.1317339196070028E+05   6.2840624801825303E-07
   7.7000000000000000E+03   4.2488816674694390E+05   6.0314408214621940E-07
   7.8000000000000000E+03   4.3459814151602524E+05   5.8210853190140625E-07
   7.9000000000000000E+03   4.4649676834307477E+05   5.5942390574150259E-07
   8.0000000000000000E+03   4.5906526733912143E+05   5.3730639523559653E-07
   8.1000000000000000E+03   4.6797923077013664E+05   5.2056484298695282E-07
   8.2000000000000000E+03   4.8057669551086909E+05   5.0073721898958218E-07
   8.3000000000000000E+03   4.9387114080608316E+05   4.8138736906443759E-07
   8.4000000000000000E+03   5.0227800722687226E+05   4.6769527636445689E-07
   8.5000000000000000E+03   5.1528213458618533E+05   4.5052865772365328E-07
   8.6000000000000000E+03   5.2624452219493361E+05   4.3601395835170577E-07
   8.7000000000000000E+03   5.3952290098598693E+05   4.2039476162906223E-07
   8.8000000000000000E+03   5.5088022640191985E+05   4.0704889135982958E-07
   8.9000000000000000E+03   5.6291109425193549E+05   3.9387336868551547E-07
   9.0000000000000000E+03   5.7625355213353015E+05   3.8047866342263275E-07
   9.1000000000000000E+03   5.9024386788233474E+05   3.6737834728640671E-07
   9.2000000000000000E+03   6.0131077689452947E+05   3.5669713196967875E-07
   9.2499989999999998E+03   6.0827693551500142E+05   3.5070616241607544E-07
   9.2500010000000002E+03   6.0827721739522007E+05   3.5070592406789676E-07
   9.3000000000000000E+03   6.1540667972725537E+05   3.4477937482316769E-07
   9.4000000000000000E+03   6.2731545497435553E+05   3.3463594685582673E-07
   9.5000000000000000E+03   6.4138327719463711E+05   3.2385096432030226E-07
   9.6000000000000000E+03   6.5419680838195584E+05   3.1420043225972129E-07
   9.7000000000000000E+03   6.6853701614905079E+05   3.0429109238806875E-07
   9.8000000000000000E+03   6.8351999780831428E+05   2.9458398394236823E-07
   9.9000000000000000E+03   6.9570829014926834E+05   2.8649962584601518E-07
   1.0000000000000000E+04   7.1084625581788796E+05   2.7759443277989534E-07
   1.0354999000000000E+04   7.6300679041227431E+05   2.4975142103248254E-07
   1.0355001000000000E+04   7.6300711858019361E+05   2.4975126537705302E-07
   1.0875999000000000E+04   8.4048971321634063E+05   2.1586631148598915E-07
   1.0876001000000000E+04   8.4049003946847701E+05   2.1586618799750734E-07
   1.1000000000000000E+04   8.6121632136959594E+05   2.0829627109003344E-07
   1.2000000000000000E+04   1.0282415292361279E+06   1.5992267507751120E-07
   1.3000000000000000E+04   1.2111018874689001E+06   1.2533212378374865E-07
   1.4000000000000000E+04   1.4072416583032310E+06   1.0015893859410259E-07
   1.5000000000000000E+04   1.6224129206369140E+06   8.1083740835435792E-08
   1.6000000000000000E+04   1.8647211733717385E+06   6.6138226855076444E-08
   1.7000000000000000E+04   2.1124503115668623E+06   5.4947888519068024E-08
   1.8000000000000000E+04   2.3826537214838234E+06   4.6010080972187662E-08
   1.9000000000000000E+04   2.6806499890215523E+06   3.8742952953401958E-08
   2.0000000000000000E+04   2.9907518443995812E+06   3.2989524615188198E-08
   2.1000000000000000E+04   3.3229774150783569E+06   2.8277417756234899E-08
   2.2000000000000000E+04   3.6740409093790674E+06   2.4412922007104198E-08
   2.3000000000000000E+04   4.0529848522571414E+06   2.1168184669754100E-08
   2.4000000000000000E+04   4.4435501621106537E+06   1.8503125877071803E-08
   2.5000000000000000E+04   4.8773229122427385E+06   1.6183219091945844E-08
   2.6000000000000000E+04   5.3034043595177047E+06   1.4310616481899535E-08
   2.7000000000000000E+04   5.7848626362913037E+06   1.2633672574627939E-08
   2.8000000000000000E+04   6.2564496567585180E+06   1.1264202428992438E-08
   2.9000000000000000E+04   6.7634797299222890E+06   1.0060469332819166E-08
   3.0000000000000000E+04   7.3038853992993431E+06   9.0055704322527846E-09
   3.1000000000000000E+04   7.8741612610618947E+06   8.0838907128154378E-09
   3.2000000000000000E+04   8.4568750717360973E+06   7.2916621647933542E-09
   3.3000000000000000E+04   9.0509697227228377E+06   6.6065903742446978E-09
   3.4000000000000000E+04   9.6628132521758061E+06   6.0062572458341549E-09
   3.5000000000000000E+04   1.0342458279294487E+07   5.4512313043885426E-09
   3.6000000000000000E+04   1.1034444123166261E+07   4.9674496254868203E-09
   3.7000000000000000E+04   1.1753416367367797E+07   4.5375412563158135E-09
   3.8000000000000000E+04   1.2477193957735680E+07   4.1618450735395540E-09
   3.9000000000000000E+04   1.3210725790337248E+07   3.8299680144752264E-09
   4.0000000000000000E+04   1.4033708879782617E+07   3.5152318761178331E-09
   4.1000000000000000E+04   1.4855291916826054E+07   3.2398237526217651E-09
   4.2000000000000000E+04   1.5660862582214365E+07   3.0000014388549117E-09
   4.3000000000000000E+04   1.6607275278361099E+07   2.7632462681230214E-09
   4.4000000000000000E+04   1.7519132165009715E+07   2.5598891921919474E-09
   4.5000000000000000E+04   1.8440924118961211E+07   2.3778871372598063E-09
   4.6000000000000000E+04   1.9382308177267153E+07   2.2132124572480084E-09
   4.7000000000000000E+04   2.0480175585537553E+07   2.0500048974275168E-09
   4.8000000000000000E+04   2.1493383334773958E+07   1.9126716047909013E-09
   4.9000000000000000E+04   2.2545353476928767E+07   1.7862132369288661E-09
   5.0000000000000000E+04   2.3655739875243090E+07   1.6683220581402442E-09
   5.1000000000000000E+04   2.4772627832097534E+07   1.5618674639440848E-09
   5.2000000000000000E+04   2.5911654722529341E+07   1.4644951596144819E-09
   5.3000000000000000E+04   2.7217284430554304E+07   1.3679359739695578E-09
   5.4000000000000000E+04   2.8470006496528096E+07   1.2835272876565007E-09
   5.5000000000000000E+04   2.9666355044638891E+07   1.2093710068071241E-09
   5.6000000000000000E+04   3.1076052527941953E+07   1.1338942640343679E-09
   5.7000000000000000E+04   3.2376370146481909E+07   1.0692602448361527E-09
   5.8000000000000000E+04   3.3734401773189038E+07   1.0085221143614014E-09
   5.9000000000000000E+04   3.5155243276796862E+07   9.5135874136468804E-10
   6.0000000000000000E+04   3.6725778634359203E+07   8.9549707097232055E-10
   6.1000000000000000E+04   3.8170787187721528E+07   8.4747223915038813E-10
   6.2000000000000000E+04   3.9637150744450882E+07   8.0295704779462169E-10
   6.3000000000000000E+04   4.1348545282011420E+07   7.5750525135228556E-10
   6.3319999000000003E+04   4.1738763235783786E+07   7.4663089476600828E-10
   6.3320000999999997E+04   4.1738766647361621E+07   7.4663081015628319E-10
   6.4000000000000000E+04   4.2931857926622398E+07   7.1816919848143129E-10
   6.5000000000000000E+04   4.4548111009363964E+07   6.8146535615428331E-10
   6.6000000000000000E+04   4.6227929139792919E+07   6.4675241310180782E-10
   6.7000000000000000E+04   4.7960815796438806E+07   6.1408016231167441E-10
   6.8000000000000000E+04   4.9884499229315490E+07   5.8171719680125190E-10
   6.9000000000000000E+04   5.1595200857796527E+07   5.5427850129418167E-10
   7.0000000000000000E+04   5.3389654716144867E+07   5.2799678735676194E-10
   7.1000000000000000E+04   5.5427673347724147E+07   5.0141974841053289E-10
   7.2000000000000000E+04   5.7202634687708840E+07   4.7911294319154154E-10
   7.3000000000000000E+04   5.9345005887885816E+07   4.5549057484798217E-10
   7.4000000000000000E+04   6.1654094574272692E+07   4.3250664889208660E-10
   7.5000000000000000E+04   6.3361473752440110E+07   4.1524068489622151E-10
   7.6000000000000000E+04   6.5380874940475926E+07   3.9712032189746749E-10
   7.7000000000000000E+04   6.7704921481995478E+07   3.7850835321553974E-10
   7.8000000000000000E+04   6.9797226863627478E+07   3.6245463823263584E-10
   7.9000000000000000E+04   7.2240444426190630E+07   3.4576332971296636E-10
   8.0000000000000000E+04   7.4423809739478379E+07   3.3142445251765675E-10
   8.1000000000000000E+04   7.6707479415489554E+07   3.1758771979387736E-10
   8.2000000000000000E+04   7.9291330142681122E+07   3.0349174063329542E-10
   8.3000000000000000E+04   8.1493431160710126E+07   2.9173311976599446E-10
   8.4000000000000000E+04   8.4187553662191331E+07   2.7903536946134149E-10
   8.5000000000000000E+04   8.6500083243341938E+07   2.6838051449154167E-10
   8.6000000000000000E+04   8.9008683934204638E+07   2.5778378809951267E-10
   8.7000000000000000E+04   9.1759146759871304E+07   2.4718255276172125E-10
   8.8000000000000000E+04   9.4685014217308789E+07   2.3682225459069778E-10
   8.9000000000000000E+04   9.7128701372837350E+07   2.2827000240884895E-10
   9.0000000000000000E+04   1.0018279083729662E+08   2.1885213964980251E-10
   9.1000000000000000E+04   1.0262488606536368E+08   2.1129652367208200E-10
   9.2000000000000000E+04   1.0575498689598237E+08   2.0281391529242989E-10
   9.3000000000000000E+04   1.0846748769659892E+08   1.9561578755457574E-10
   9.4000000000000000E+04   1.1130665077589485E+08   1.8859816532912792E-10
   9.5000000000000000E+04   1.1451212438039008E+08   1.8138917074703155E-10
   9.6000000000000000E+04   1.1745998833087677E+08   1.7499484113477293E-10
   9.7000000000000000E+04   1.2081227849090065E+08   1.6838508592582878E-10
   9.8000000000000000E+04   1.2436153782122825E+08   1.6191022368033255E-10
   9.9000000000000000E+04   1.2707253186455733E+08   1.5685542886497732E-10
   1.0000000000000000E+05   1.3069356366593912E+08   1.5098445374238854E-10
   1.1000000000000000E+05   1.6611640173017639E+08   1.0798942577298518E-10
   1.2000000000000000E+05   2.0754919488433146E+08   7.9228992467484878E-11
   1.3000000000000000E+05   2.5483639644410458E+08   5.9563694116306181E-11
   1.4000000000000000E+05   3.0866324822801596E+08   4.5663949838607065E-11
   1.5000000000000000E+05   3.6994770885197318E+08   3.5559433302943765E-11
   1.6000000000000000E+05   4.3684111562691683E+08   2.8232084292004582E-11
   1.7000000000000000E+05   5.1316077041230214E+08   2.2619555296244788E-11
   1.8000000000000000E+05   5.9208162033196151E+08   1.8515367964418670E-11
   1.9000000000000000E+05   6.8208446796448362E+08   1.5226310125362257E-11
   2.0000000000000000E+05   7.7808501323947704E+08   1.2680295842990759E-11
   2.1000000000000000E+05   8.8302159965965712E+08   1.0641327527766171E-11
   2.2000000000000000E+05   1.0010676036961126E+09   8.9598418568751502E-12
   2.3000000000000000E+05   1.1218119198741443E+09   7.6478356395001087E-12
   2.4000000000000000E+05   1.2547555302249982E+09   6.5526364307693410E-12
   2.5000000000000000E+05   1.3913107926657767E+09   5.6731239121460982E-12
   2.6000000000000000E+05   1.5398582207591956E+09   4.9286995915814541E-12
   2.7000000000000000E+05   1.6929295414413900E+09   4.3170172560092649E-12
   2.8000000000000000E+05   1.8633556774522157E+09   3.7820967984431120E-12
   2.9000000000000000E+05   2.0375646183987567E+09   3.3394661347967563E-12
   3.0000000000000000E+05   2.2164595642178593E+09   2.9676000164570475E-12
   3.1000000000000000E+05   2.4169126091745205E+09   2.6336847616203169E-12
   3.2000000000000000E+05   2.6145038974379025E+09   2.3585612572002982E-12
   3.3000000000000000E+05   2.8293293811746273E+09   2.1134354255670268E-12
   3.4000000000000000E+05   3.0477862888323059E+09   1.9042457905819567E-12
   3.5000000000000000E+05   3.2812033737942066E+09   1.7182455920502355E-12
   3.6000000000000000E+05   3.5171168964408255E+09   1.5584652697368685E-12
   3.7000000000000000E+05   3.7711313243000016E+09   1.4142072254534476E-12
   3.8000000000000000E+05   4.0359282447010188E+09   1.2866469633789677E-12
   3.9000000000000000E+05   4.3075891742992268E+09   1.1745933787482380E-12
   4.0000000000000000E+05   4.5840467674066811E+09   1.0761613765620031E-12
   4.1000000000000000E+05   4.8719605158821688E+09   9.8786776796257559E-13
   4.2000000000000000E+05   5.1780503007270355E+09   9.0734171264723798E-13
   4.3000000000000000E+05   5.4893224254943380E+09   8.3598644567667967E-13
   4.4000000000000000E+05   5.7769286048367233E+09   7.7631281522576849E-13
   4.5000000000000000E+05   6.1257133791433840E+09   7.1584211580911435E-13
   4.6000000000000000E+05   6.4517498394771366E+09   6.6489195916536154E-13
   4.7000000000000000E+05   6.7897587292709417E+09   6.1834981071611027E-13
   4.8000000000000000E+05   7.1475825133502359E+09   5.7515648008992375E-13
   4.9000000000000000E+05   7.5082045412738934E+09   5.3635737532661552E-13
   5.0000000000000000E+05   7.8743855116109457E+09   5.0118695074432479E-13
   5.1000000000000000E+05   8.3071808395323744E+09   4.6576043250705056E-13
   5.2000000000000000E+05   8.6501034030308990E+09   4.3869409590467530E-13
   5.3000000000000000E+05   9.0325550821355343E+09   4.1219236581189247E-13
   5.4000000000000000E+05   9.4379827336625137E+09   3.8718051568071818E-13
   5.5000000000000000E+05   9.8446915711550331E+09   3.6443629959677025E-13
   5.6000000000000000E+05   1.0314334380083578E+10   3.4163094206354955E-13
   5.7000000000000000E+05   1.0727409562765230E+10   3.2271318874497596E-13
   5.8000000000000000E+05   1.1133470843209375E+10   3.0558206584575148E-13
   5.9000000000000000E+05   1.1619799639335224E+10   2.8782981664300285E-13
   6.0000000000000000E+05   1.2057267508055231E+10   2.7276351938177338E-13
   6.1000000000000000E+05   1.2582080471619032E+10   2.5710122074866014E-13
   6.2000000000000000E+05   1.3010604415320274E+10   2.4462299005323501E-13
   6.3000000000000000E+05   1.3569410644439606E+10   2.3082609118131648E-13
   6.4000000000000000E+05   1.3993000803114468E+10   2.2034114362102112E-13
   6.5000000000000000E+05   1.4437768099833647E+10   2.1026791762465388E-13
   6.6000000000000000E+05   1.4979955782350346E+10   1.9958686900188881E-13
   6.7000000000000000E+05   1.5466939904244287E+10   1.9041766329482919E-13
   6.8000000000000000E+05   1.6040144183393690E+10   1.8091278185363538E-13
   6.9000000000000000E+05   1.6516959290024927E+10   1.7314391894580116E-13
   7.0000000000000000E+05   1.7115527683188671E+10   1.6470170648550807E-13
   7.1000000000000000E+05   1.7597015628792984E+10   1.5793888356569805E-13
   7.2000000000000000E+05   1.8207896482178097E+10   1.5051998285669228E-13
   7.3000000000000000E+05   1.8683464047698132E+10   1.4467922424460853E-13
   7.4000000000000000E+05   1.9287407075798035E+10   1.3825500612912809E-13
   7.5000000000000000E+05   1.9823314697652100E+10   1.3272382625350452E-13
   7.6000000000000000E+05   2.0395107633780388E+10   1.2730540367090589E-13
   7.7000000000000000E+05   2.1014127172946697E+10   1.2195071498248679E-13
   7.8000000000000000E+05   2.1581884933627525E+10   1.1722019967347269E-13
   7.9000000000000000E+05   2.2229116774464172E+10   1.1236657244716943E-13
   8.0000000000000000E+05   2.2803457004081818E+10   1.0816724145277483E-13
   8.1000000000000000E+05   2.3468677171868889E+10   1.0380369247186305E-13
   8.2000000000000000E+05   2.4173875037509949E+10   9.9546571514875939E-14
   8.3000000000000000E+05   2.4686277394586510E+10   9.6305864723705900E-14
   8.4000000000000000E+05   2.5292745349960770E+10   9.2877640663916723E-14
   8.5000000000000000E+05   2.5973044361714794E+10   8.9380884739984307E-14
   8.6000000000000000E+05   2.6690950910650127E+10   8.5965448721259613E-14
   8.7000000000000000E+05   2.7265615877207470E+10   8.3186311424209117E-14
   8.8000000000000000E+05   2.7996102934889969E+10   8.0095142509817565E-14
   8.9000000000000000E+05   2.8766809231383854E+10   7.7073438065412327E-14
   9.0000000000000000E+05   2.9315258794229626E+10   7.4791146428994599E-14
   9.1000000000000000E+05   3.0082853158668274E+10   7.2081865218979677E-14
   9.2000000000000000E+05   3.0621974098680748E+10   7.0043109843130092E-14
   9.3000000000000000E+05   3.1362634154937935E+10   6.7653606278781779E-14
   9.4000000000000000E+05   3.2005534501505672E+10   6.5589375250946556E-14
   9.5000000000000000E+05   3.2760103495869057E+10   6.3404132054891353E-14
   9.6000000000000000E+05   3.3551111323914200E+10   6.1264414758753956E-14
   9.7000000000000000E+05   3.4155689923803513E+10   5.9559581258548045E-14
   9.8000000000000000E+05   3.4953578531683990E+10   5.7606131479823399E-14
   9.9000000000000000E+05   3.5573687592158966E+10   5.6030222986966869E-14
   1.0000000000000000E+06   3.6364718033354530E+10   5.4263300762152561E-14
   1.1000000000000000E+06   4.4039554428055977E+10   4.0733415828767136E-14
   1.2000000000000000E+06   5.2003233698430153E+10   3.1620944369503025E-14
   1.3000000000000000E+06   6.0599355330412140E+10   2.5048116576053268E-14
   1.4000000000000000E+06   6.9722034196922928E+10   2.0215679657733927E-14
   1.5000000000000000E+06   7.9300037480243744E+10   1.6589060101990464E-14
   1.6000000000000000E+06   8.8580357658217346E+10   1.3922878078883378E-14
   1.7000000000000000E+06   9.8521738807583054E+10   1.1781631711631178E-14
   1.8000000000000000E+06   1.0878114922784462E+11   1.0077673515338639E-14
   1.9000000000000000E+06   1.1980809154653310E+11   8.6685544414053202E-15
   2.0000000000000000E+06   1.3023513621524960E+11   7.5757959377161314E-15
   2.1000000000000000E+06   1.4177006957553876E+11   6.6280013011235195E-15
   2.2000000000000000E+06   1.5229673731525903E+11   5.8894284771125334E-15
   2.3000000000000000E+06   1.6402566560627969E+11   5.2305431286730644E-15
   2.4000000000000000E+06   1.7599478803224149E+11   4.6717047084118176E-15
   2.5000000000000000E+06   1.8810574103379718E+11   4.1960859268410103E-15
   2.6000000000000000E+06   1.9886140966778592E+11   3.8164763070060014E-15
   2.7000000000000000E+06   2.1097071766778360E+11   3.4641803016089218E-15
   2.8000000000000000E+06   2.2325484814557162E+11   3.1566577839589055E-15
   2.9000000000000000E+06   2.3534449707004218E+11   2.8912416161477679E-15
   3.0000000000000000E+06   2.4786613870567487E+11   2.6536764858630959E-15
   3.1000000000000000E+06   2.6035843507026276E+11   2.4448548813996027E-15
   3.2000000000000000E+06   2.7297335063288196E+11   2.2589998565791917E-15
   3.3000000000000000E+06   2.8722627778195532E+11   2.0818446664937261E-15
   3.4000000000000000E+06   2.9904078189543243E+11   1.9407835193300671E-15
   3.5000000000000000E+06   3.1187487213059668E+11   1.8077484714066342E-15
   3.6000000000000000E+06   3.2451868176717529E+11   1.6890566986341608E-15
   3.7000000000000000E+06   3.3941406119479626E+11   1.5712846863754674E-15
   3.8000000000000000E+06   3.5178307687532635E+11   1.4761411681836907E-15
   3.9000000000000000E+06   3.6375103211475952E+11   1.3909694477246710E-15
   4.0000000000000000E+06   3.7678298579154865E+11   1.3092879098755811E-15
   4.1000000000000000E+06   3.9120698538446930E+11   1.2302573676429511E-15
   4.2000000000000000E+06   4.0380079895330365E+11   1.1635095919110677E-15
   4.3000000000000000E+06   4.1891520781311871E+11   1.0954482095836181E-15
   4.4000000000000000E+06   4.3124036940440302E+11   1.0399545188158070E-15
   4.5000000000000000E+06   4.4666891911888879E+11   9.8172123433532284E-16
   4.6000000000000000E+06   4.5815095905110321E+11   9.3631073035389532E-16
   4.7000000000000000E+06   4.7136693626061078E+11   8.9069591057008178E-16
   4.8000000000000000E+06   4.8609816845863702E+11   8.4570950196464742E-16
   4.9000000000000000E+06   5.0177987036431628E+11   8.0255927330229215E-16
   5.0000000000000000E+06   5.1388847656067535E+11   7.6797582424162568E-16
   5.1000000000000000E+06   5.2990169525754614E+11   7.3016489197196661E-16
   5.2000000000000000E+06   5.4165675279188928E+11   7.0058192246568040E-16
   5.3000000000000000E+06   5.5761288669796716E+11   6.6769444133172175E-16
   5.4000000000000000E+06   5.6852191141664832E+11   6.4275500177285842E-16
   5.5000000000000000E+06   5.8380364811590625E+11   6.1454959701638475E-16
   5.6000000000000000E+06   5.9653956742599438E+11   5.9068936302595778E-16
   5.7000000000000000E+06   6.1193639638102808E+11   5.6572489681063926E-16
   5.8000000000000000E+06   6.2814907427016125E+11   5.4162127425791774E-16
   5.9000000000000000E+06   6.3950635194307605E+11   5.2298539169412217E-16
   6.0000000000000000E+06   6.5560973028967847E+11   5.0163726492764450E-16
   6.1000000000000000E+06   6.6715105443521960E+11   4.8487793391102799E-16
   6.2000000000000000E+06   6.8278171603441150E+11   4.6613623061855146E-16
   6.3000000000000000E+06   6.9916236975883813E+11   4.4798950203377255E-16
   6.4000000000000000E+06   7.1634832176868311E+11   4.3040985871726799E-16
   6.5000000000000000E+06   7.2421075941156543E+11   4.1918728685642825E-16
   6.6000000000000000E+06   7.4006408142425842E+11   4.0399237679960768E-16
   6.7000000000000000E+06   7.5200001520970349E+11   3.9164607650525782E-16
   6.8000000000000000E+06   7.6739670542818713E+11   3.7814432679014384E-16
   6.9000000000000000E+06   7.8068677785898828E+11   3.6631990468522159E-16
   7.0000000000000000E+06   7.9603168953876709E+11   3.5412618038541589E-16
   7.1000000000000000E+06   8.1199192444824377E+11   3.4227594127715407E-16
   7.2000000000000000E+06   8.2420197003469910E+11   3.3252192617769313E-16
   7.3000000000000000E+06   8.3993832956542139E+11   3.2182232783942254E-16
   7.4000000000000000E+06   8.5628728908323718E+11   3.1141190783461869E-16
   7.5000000000000000E+06   8.6803122389476965E+11   3.0310271143180393E-16
   7.6000000000000000E+06   8.8381779122447595E+11   2.9377179731048658E-16
   7.7000000000000000E+06   9.0018920401172937E+11   2.8468324459491754E-16
   7.8000000000000000E+06   9.1717857581826746E+11   2.7582773169256837E-16
   7.9000000000000000E+06   9.2601637656359961E+11   2.6973709360774634E-16
   8.0000000000000000E+06   9.4174962632089526E+11   2.6191537227942721E-16
   8.1000000000000000E+06   9.5802674015879614E+11   2.5428677987279492E-16
   8.2000000000000000E+06   9.6974990028296973E+11   2.4814917531942733E-16
   8.3000000000000000E+06   9.8550092353538049E+11   2.4124110231841659E-16
   8.4000000000000000E+06   1.0017720621453066E+12   2.3449750724600130E-16
   8.5000000000000000E+06   1.0185895107341069E+12   2.2791258499881934E-16
   8.6000000000000000E+06   1.0283792253579834E+12   2.2311804004329488E-16
   8.7000000000000000E+06   1.0444569497242856E+12   2.1715840122783215E-16
   8.8000000000000000E+06   1.0610453781062306E+12   2.1133420874908443E-16
   8.9000000000000000E+06   1.0781692367508392E+12   2.0564089700019623E-16
   9.0000000000000000E+06   1.0958548742828715E+12   2.0007410329017228E-16
   9.1000000000000000E+06   1.1032669120452065E+12   1.9654610712159486E-16
   9.2000000000000000E+06   1.1197347845743215E+12   1.9155056402242337E-16
   9.3000000000000000E+06   1.1310622085490300E+12   1.8759315685258068E-16
   9.4000000000000000E+06   1.1463456354463511E+12   1.8312304313951529E-16
   9.5000000000000000E+06   1.1620477531120698E+12   1.7874703708356707E-16
   9.6000000000000000E+06   1.1781860055900625E+12   1.7446219782045110E-16
   9.7000000000000000E+06   1.1947788196069888E+12   1.7026570575863653E-16
   9.8000000000000000E+06   1.2043873039186985E+12   1.6718379827112851E-16
   9.9000000000000000E+06   1.2202695721767625E+12   1.6334109230485981E-16
   1.0000000000000000E+07   1.2365763172985376E+12   1.5957524045791649E-16
   1.1000000000000000E+07   1.3833895043173401E+12   1.2967291408769596E-16
   1.2000000000000000E+07   1.5338249564589509E+12   1.0720854116291289E-16
   1.3000000000000000E+07   1.6821858330219170E+12   9.0233771260755922E-17
   1.4000000000000000E+07   1.8341788422140642E+12   7.6845195025211510E-17
   1.5000000000000000E+07   1.9827063810694946E+12   6.6349364707257206E-17
   1.6000000000000000E+07   2.1372478902860369E+12   5.7704748497573053E-17
   1.7000000000000000E+07   2.2847083629177617E+12   5.0805033196363618E-17
   1.8000000000000000E+07   2.4422391026297354E+12   4.4887533958535289E-17
   1.9000000000000000E+07   2.5857796915587471E+12   4.0164402539101584E-17
   2.0000000000000000E+07   2.7357150157006997E+12   3.6064970591781017E-17
   2.1000000000000000E+07   2.8879749012863716E+12   3.2536716478681989E-17
   2.2000000000000000E+07   3.0431385913205137E+12   2.9474199573888046E-17
   2.3000000000000000E+07   3.1961355667811035E+12   2.6843145424741952E-17
   2.4000000000000000E+07   3.3478373022376802E+12   2.4559009464307314E-17
   2.5000000000000000E+07   3.4987818658709839E+12   2.2559504506675676E-17
   2.6000000000000000E+07   3.6529474925485513E+12   2.0776369217544453E-17
   2.7000000000000000E+07   3.8015609812041338E+12   1.9224750253237856E-17
   2.8000000000000000E+07   3.9522963395543579E+12   1.7831131414724463E-17
   2.9000000000000000E+07   4.1212755882254233E+12   1.6510368925686464E-17
   3.0000000000000000E+07   4.2634554611950347E+12   1.5427780351212173E-17
   3.1000000000000000E+07   4.4406271051696514E+12   1.4334430156363578E-17
   3.2000000000000000E+07   4.5743461332602061E+12   1.3480544365586264E-17
   3.3000000000000000E+07   4.7138504187393164E+12   1.2685181780484436E-17
   3.4000000000000000E+07   4.8802641511010420E+12   1.1892254253886925E-17
   3.5000000000000000E+07   5.0226481188731504E+12   1.1224981524103152E-17
   3.6000000000000000E+07   5.1702287631011270E+12   1.0601667322395302E-17
   3.7000000000000000E+07   5.3206825769109414E+12   1.0023452987220287E-17
   3.8000000000000000E+07   5.4839484458925625E+12   9.4691167717839400E-18
   3.9000000000000000E+07   5.6575511736094268E+12   8.9432080545750948E-18
   4.0000000000000000E+07   5.7895514149841719E+12   8.5208226438221581E-18
   4.1000000000000000E+07   5.9321023490701289E+12   8.1132328426206980E-18
   4.2000000000000000E+07   6.0974616811556074E+12   7.7052735608906464E-18
   4.3000000000000000E+07   6.2442434009614619E+12   7.3491676236639130E-18
   4.4000000000000000E+07   6.4132955121488809E+12   6.9928224889739934E-18
   4.5000000000000000E+07   6.5519142232696670E+12   6.6927671467253846E-18
   4.6000000000000000E+07   6.7225906682153682E+12   6.3810468352575483E-18
   4.7000000000000000E+07   6.8576779864826270E+12   6.1222560075413655E-18
   4.8000000000000000E+07   7.0261771972370947E+12   5.8509460893576290E-18
   4.9000000000000000E+07   7.2031653376425088E+12   5.5907100453854709E-18
   5.0000000000000000E+07   7.3177782186930000E+12   5.3930840011908097E-18
   5.1000000000000000E+07   7.4869129818435703E+12   5.1678924947009931E-18
   5.2000000000000000E+07   7.6174797756758945E+12   4.9816335633630085E-18
   5.3000000000000000E+07   7.7827758995148398E+12   4.7838332963740760E-18
   5.4000000000000000E+07   7.9207918854435312E+12   4.6134314278862615E-18
   5.5000000000000000E+07   8.0841355944196221E+12   4.4380291806830185E-18
   5.6000000000000000E+07   8.2261461923970674E+12   4.2835316667276725E-18
   5.7000000000000000E+07   8.3889399292220615E+12   4.1267151465874763E-18
   5.8000000000000000E+07   8.5332431973084609E+12   3.9869823719245144E-18
   5.9000000000000000E+07   8.6967867102012031E+12   3.8457017644174366E-18
   6.0000000000000000E+07   8.8667214872056309E+12   3.7091305104939273E-18
   6.1000000000000000E+07   8.9917129760506523E+12   3.5976106637602581E-18
   6.2000000000000000E+07   9.1579625910183633E+12   3.4753286256015954E-18
   6.3000000000000000E+07   9.3304756583049141E+12   3.3569285569082880E-18
   6.4000000000000000E+07   9.4555407838037129E+12   3.2607693945219348E-18
   6.5000000000000000E+07   9.6221825695146973E+12   3.1550008655185906E-18
   6.6000000000000000E+07   9.7618452205169180E+12   3.0627431646859549E-18
   6.7000000000000000E+07   9.9268106931986465E+12   2.9668930393783320E-18
   6.8000000000000000E+07   1.0097447510711643E+13   2.8738620354032873E-18
   6.9000000000000000E+07   1.0224273144024375E+13   2.7970800664833610E-18
   7.0000000000000000E+07   1.0391502479967059E+13   2.7127517144470378E-18
   7.1000000000000000E+07   1.0564293221693289E+13   2.6307988089469499E-18
   7.2000000000000000E+07   1.0684396125127957E+13   2.5650979561758363E-18
   7.3000000000000000E+07   1.0850500045175361E+13   2.4912299648576363E-18
   7.4000000000000000E+07   1.1021850161414537E+13   2.4193584057372253E-18
   7.5000000000000000E+07   1.1142029416133328E+13   2.3613527459280190E-18
   7.6000000000000000E+07   1.1305615471799189E+13   2.2965644079320443E-18
   7.7000000000000000E+07   1.1441990179399279E+13   2.2397221054146178E-18
   7.8000000000000000E+07   1.1602647472581283E+13   2.1803927657270357E-18
   7.9000000000000000E+07   1.1767880601989895E+13   2.1225654346391389E-18
   8.0000000000000000E+07   1.1902487133276160E+13   2.0723290956749467E-18
   8.1000000000000000E+07   1.2065145352549840E+13   2.0191512631509737E-18
   8.2000000000000000E+07   1.2232310911153777E+13   1.9672704509324635E-18
   8.3000000000000000E+07   1.2404173792238895E+13   1.9166397787674115E-18
   8.4000000000000000E+07   1.2580934808090021E+13   1.8672145987967651E-18
   8.5000000000000000E+07   1.2670237365116811E+13   1.8322416680467033E-18
   8.6000000000000000E+07   1.2838285326082959E+13   1.7872321058089593E-18
   8.7000000000000000E+07   1.3010850914525701E+13   1.7432572461513933E-18
   8.8000000000000000E+07   1.3188118783285936E+13   1.7002818151224086E-18
   8.9000000000000000E+07   1.3274530016602541E+13   1.6702338138236026E-18
   9.0000000000000000E+07   1.3439223032326783E+13   1.6314349481433526E-18
   9.1000000000000000E+07   1.3608053977367236E+13   1.5934888047857458E-18
   9.2000000000000000E+07   1.3781180784627250E+13   1.5563675775880869E-18
   9.3000000000000000E+07   1.3884424982323092E+13   1.5281837783595658E-18
   9.4000000000000000E+07   1.4047594261237135E+13   1.4943647812486713E-18
   9.5000000000000000E+07   1.4214644265670303E+13   1.4612577630243221E-18
   9.6000000000000000E+07   1.4385715107250027E+13   1.4288404743463138E-18
   9.7000000000000000E+07   1.4498026713676447E+13   1.4031554980785955E-18
   9.8000000000000000E+07   1.4661171904304992E+13   1.3733830103958333E-18
   9.9000000000000000E+07   1.4828030603577811E+13   1.3442119871107023E-18
   1.0000000000000000E+08   1.4954218502237412E+13   1.3195404570820967E-18
   1.1000000000000000E+08   1.6551095740259350E+13   1.0838445451488383E-18
   1.2000000000000000E+08   1.8090883194562414E+13   9.0896134927596032E-19
   1.3000000000000000E+08   1.9595982307440945E+13   7.7459741131398374E-19
   1.4000000000000000E+08   2.1097916703630688E+13   6.6806515932827175E-19
   1.5000000000000000E+08   2.2618492776199438E+13   5.8160952671175483E-19
   1.6000000000000000E+08   2.4210127360517508E+13   5.0941223955332433E-19
   1.7000000000000000E+08   2.5768530069586777E+13   4.5045132147077032E-19
   1.8000000000000000E+08   2.7305980800995254E+13   4.0147281818259870E-19
   1.9000000000000000E+08   2.8735226544991016E+13   3.6142501346419067E-19
   2.0000000000000000E+08   3.0294167300191117E+13   3.2568474522195256E-19
   2.1000000000000000E+08   3.1875023057636547E+13   2.9479263557173270E-19
   2.2000000000000000E+08   3.3403252995056086E+13   2.6851897982767333E-19
   2.3000000000000000E+08   3.4937398963580598E+13   2.4556588172384795E-19
   2.4000000000000000E+08   3.6507942617509242E+13   2.2521008332905523E-19
   2.5000000000000000E+08   3.8042976404534336E+13   2.0747794397491950E-19
   2.6000000000000000E+08   3.9549273315235852E+13   1.9189982387932861E-19
   2.7000000000000000E+08   4.1050742089364219E+13   1.7803346959478858E-19
   2.8000000000000000E+08   4.2566771504543766E+13   1.6556086574008910E-19
   2.9000000000000000E+08   4.4088422808967375E+13   1.5433480281401095E-19
   3.0000000000000000E+08   4.5614023602498344E+13   1.4420050939968027E-19
   3.1000000000000000E+08   4.7143283275279242E+13   1.3502211697437679E-19
   3.2000000000000000E+08   4.8811442693592547E+13   1.2633241836356719E-19
   3.3000000000000000E+08   5.0219987839866570E+13   1.1906822765148598E-19
   3.4000000000000000E+08   5.1937120439936453E+13   1.1174539831899515E-19
   3.5000000000000000E+08   5.3299980084496750E+13   1.0577702326913522E-19
   3.6000000000000000E+08   5.5016347061635406E+13   9.9630470313977495E-20
   3.7000000000000000E+08   5.6400000428097758E+13   9.4559594441101793E-20
   3.8000000000000000E+08   5.7865338191652164E+13   8.9739643502318713E-20
   3.9000000000000000E+08   5.9527513074666250E+13   8.4997095648075307E-20
   4.0000000000000000E+08   6.0989571204730773E+13   8.0885534723259761E-20
   4.1000000000000000E+08   6.2487653888070539E+13   7.7020858697099109E-20
   4.2000000000000000E+08   6.4156180994840297E+13   7.3231619388521082E-20
   4.3000000000000000E+08   6.5536521145738023E+13   7.0022013122384569E-20
   4.4000000000000000E+08   6.7214765304515703E+13   6.6722002052096287E-20
   4.5000000000000000E+08   6.8615986797062297E+13   6.3907025619777869E-20
   4.6000000000000000E+08   7.0280791901620547E+13   6.1036827769663296E-20
   4.7000000000000000E+08   7.1733661049008609E+13   5.8528255266162362E-20
   4.8000000000000000E+08   7.3422173565016578E+13   5.5990965670479243E-20
   4.9000000000000000E+08   7.4796813144291094E+13   5.3840273560911857E-20
   5.0000000000000000E+08   7.6491531553509391E+13   5.1594459980040948E-20
   5.1000000000000000E+08   7.7831614050197984E+13   4.9711883634321723E-20
   5.2000000000000000E+08   7.9498104265633078E+13   4.7733833742687886E-20
   5.3000000000000000E+08   8.0864752447988578E+13   4.6041694754786671E-20
   5.4000000000000000E+08   8.2496981902076156E+13   4.4294990405136298E-20
   5.5000000000000000E+08   8.4196460836304500E+13   4.2611802577291400E-20
   5.6000000000000000E+08   8.5523677917238141E+13   4.1201405936217046E-20
   5.7000000000000000E+08   8.7201103589939172E+13   3.9699916680558261E-20
   5.8000000000000000E+08   8.8562026601362578E+13   3.8415889415170825E-20
   5.9000000000000000E+08   9.0223270326679984E+13   3.7069425520804650E-20
   6.0000000000000000E+08   9.1609192945877047E+13   3.5900138554518990E-20
   6.1000000000000000E+08   9.3259155150173812E+13   3.4686870619855722E-20
   6.2000000000000000E+08   9.4662569855787484E+13   3.3621451005651982E-20
   6.3000000000000000E+08   9.6305278700583812E+13   3.2523388758659550E-20
   6.4000000000000000E+08   9.8006007248257438E+13   3.1459640956885622E-20
   6.5000000000000000E+08   9.9767884600892297E+13   3.0428623856704735E-20
   6.6000000000000000E+08   1.0081069897881241E+14   2.9657590936993883E-20
   6.7000000000000000E+08   1.0250154486672580E+14   2.8733016255678057E-20
   6.8000000000000000E+08   1.0425007768066908E+14   2.7835634947342108E-20
   6.9000000000000000E+08   1.0605930082910744E+14   2.6964264691421700E-20
   7.0000000000000000E+08   1.0695889638546095E+14   2.6355513305430031E-20
   7.1000000000000000E+08   1.0864950460998930E+14   2.5579987800921624E-20
   7.2000000000000000E+08   1.1039441515516475E+14   2.4826004671538447E-20
   7.3000000000000000E+08   1.1149064501804311E+14   2.4245165001830794E-20
   7.4000000000000000E+08   1.1314597340343442E+14   2.3567613616893456E-20
   7.5000000000000000E+08   1.1485119670691742E+14   2.2908130268887779E-20
   7.6000000000000000E+08   1.1606372485151166E+14   2.2370533201064759E-20
   7.7000000000000000E+08   1.1770180688471298E+14   2.1772714466345147E-20
   7.8000000000000000E+08   1.1938678946715145E+14   2.1190224417131164E-20
   7.9000000000000000E+08   1.2066224149397522E+14   2.0700839214885093E-20
   8.0000000000000000E+08   1.2229750202644880E+14   2.0168744241276887E-20
   8.1000000000000000E+08   1.2368094969614330E+14   1.9696932743928278E-20
   8.2000000000000000E+08   1.2528352809691672E+14   1.9207843335570794E-20
   8.3000000000000000E+08   1.2692818205134267E+14   1.8730539214161687E-20
   8.4000000000000000E+08   1.2861659063631778E+14   1.8264599476595651E-20
   8.5000000000000000E+08   1.3035052347402691E+14   1.7809623026972350E-20
   8.6000000000000000E+08   1.3136231723648084E+14   1.7466954147136056E-20
   8.7000000000000000E+08   1.3301623015422639E+14   1.7051498233745235E-20
   8.8000000000000000E+08   1.3471232118608650E+14   1.6645484500204207E-20
   8.9000000000000000E+08   1.3645222461119536E+14   1.6248594670787703E-20
   9.0000000000000000E+08   1.3749989975422325E+14   1.5945624811379235E-20
   9.1000000000000000E+08   1.3914068273868198E+14   1.5584429543571921E-20
   9.2000000000000000E+08   1.4082109749561356E+14   1.5231086346803900E-20
   9.3000000000000000E+08   1.4208801041125894E+14   1.4932965116777480E-20
   9.4000000000000000E+08   1.4371440814521259E+14   1.4606907126564967E-20
   9.5000000000000000E+08   1.4537846982931731E+14   1.4287713515093774E-20
   9.6000000000000000E+08   1.4708151911686678E+14   1.3975169770528226E-20
   9.7000000000000000E+08   1.4818278408368169E+14   1.3728305902997060E-20
   9.8000000000000000E+08   1.4981614849555925E+14   1.3440076125346422E-20
   9.9000000000000000E+08   1.5148592218572619E+14   1.3157669171486705E-20
   1.0000000000000000E+09   1.5319333627283212E+14   1.2880910356704184E-20
   1.1000000000000000E+09   1.6861214640804919E+14   1.0639099979727148E-20
   1.2000000000000000E+09   1.8345544702544059E+14   8.9634370986231312E-21
   1.3000000000000000E+09   1.9979236011635794E+14   7.5973861856670698E-21
   1.4000000000000000E+09   2.1419521416342169E+14   6.5803445418495351E-21
   1.5000000000000000E+09   2.3000094044189712E+14   5.7195987343459797E-21
   1.6000000000000000E+09   2.4491292206717012E+14   5.0356408696189547E-21
   1.7000000000000000E+09   2.6103566250335750E+14   4.4466983211749275E-21
   1.8000000000000000E+09   2.7535575085404719E+14   3.9812529905090852E-21
   1.9000000000000000E+09   2.9113343847486669E+14   3.5673090989912272E-21
   2.0000000000000000E+09   3.0678417792368006E+14   3.2160550865593989E-21
   2.1000000000000000E+09   3.2220695500398094E+14   2.9163001946852238E-21
   2.2000000000000000E+09   3.3767176956503225E+14   2.6562503074248605E-21
   2.3000000000000000E+09   3.5195202666394875E+14   2.4376711971092997E-21
   2.4000000000000000E+09   3.6742165295321081E+14   2.2377442192032831E-21
   2.5000000000000000E+09   3.8295238128347631E+14   2.0611122721434115E-21
   2.6000000000000000E+09   4.0022968852978681E+14   1.8962857582176463E-21
   2.7000000000000000E+09   4.1469681497367606E+14   1.7623492102475521E-21
   2.8000000000000000E+09   4.2906629409517188E+14   1.6424947937042166E-21
   2.9000000000000000E+09   4.4396170471968344E+14   1.5326497687225060E-21
   3.0000000000000000E+09   4.6080952649465381E+14   1.4273935457203726E-21
   3.1000000000000000E+09   4.7557984820953069E+14   1.3384473570348751E-21
   3.2000000000000000E+09   4.9065017048319125E+14   1.2567951608420913E-21
   3.3000000000000000E+09   5.0589685856768450E+14   1.1819810389220027E-21
   3.4000000000000000E+09   5.2311443281014956E+14   1.1094578637268518E-21
   3.5000000000000000E+09   5.3714571317258300E+14   1.0496059254280626E-21
   3.6000000000000000E+09   5.5163514582483244E+14   9.9364671997318614E-22
   3.7000000000000000E+09   5.6859127310883850E+14   9.3796043294847226E-22
   3.8000000000000000E+09   5.8209109593022950E+14   8.9209659051070484E-22
   3.9000000000000000E+09   5.9907253065227988E+14   8.4458316207395041E-22
   4.0000000000000000E+09   6.1707454295427375E+14   7.9944540505903371E-22
   4.1000000000000000E+09   6.2888698133927275E+14   7.6529692985167288E-22
   4.2000000000000000E+09   6.4634446094949612E+14   7.2689739169936584E-22
   4.3000000000000000E+09   6.5954514153985212E+14   6.9578241952450468E-22
   4.4000000000000000E+09   6.7400544978412012E+14   6.6538092681824626E-22
   4.5000000000000000E+09   6.9050771138588362E+14   6.3504629330861442E-22
   4.6000000000000000E+09   7.0488808605392850E+14   6.0856704428489510E-22
   4.7000000000000000E+09   7.2155673654845562E+14   5.8185944533424788E-22
   4.8000000000000000E+09   7.3586506917479225E+14   5.5865926672411726E-22
   4.9000000000000000E+09   7.5059733529442288E+14   5.3651681025398417E-22
   5.0000000000000000E+09   7.6694869218587025E+14   5.1457669903596821E-22
   5.1000000000000000E+09   7.8402832510485025E+14   4.9349698433630559E-22
   5.2000000000000000E+09   7.9649182025655338E+14   4.7643292691346048E-22
   5.3000000000000000E+09   8.1320306827593575E+14   4.5783770301372512E-22
   5.4000000000000000E+09   8.3063058397447825E+14   4.3993119111027640E-22
   5.5000000000000000E+09   8.4250411668358350E+14   4.2584515562796932E-22
   5.6000000000000000E+09   8.5910707986115788E+14   4.1015792485331192E-22
   5.7000000000000000E+09   8.7637757664152662E+14   3.9502112322864246E-22
   5.8000000000000000E+09   8.8872224185233350E+14   3.8281803471130586E-22
   5.9000000000000000E+09   9.0537221371281925E+14   3.6940881871145639E-22
   6.0000000000000000E+09   9.2265796215397200E+14   3.5644657657826850E-22
   6.1000000000000000E+09   9.3518761574650250E+14   3.4590580481852672E-22
   6.2000000000000000E+09   9.5202164818303888E+14   3.3430888473489335E-22
   6.3000000000000000E+09   9.6547794231837675E+14   3.2441694226270316E-22
   6.4000000000000000E+09   9.8205071781976050E+14   3.1395871350648380E-22
   6.5000000000000000E+09   9.9602419267049712E+14   3.0479173657019535E-22
   6.6000000000000000E+09   1.0124751355168934E+15   2.9529638482032234E-22
   6.7000000000000000E+09   1.0294786322852834E+15   2.8608447640626642E-22
   6.8000000000000000E+09   1.0470629972393631E+15   2.7714350647497693E-22
   6.9000000000000000E+09   1.0579306072317189E+15   2.7032123288562613E-22
   7.0000000000000000E+09   1.0749090765991942E+15   2.6225070363530332E-22
   7.1000000000000000E+09   1.0874848784126201E+15   2.5556704811900685E-22
   7.2000000000000000E+09   1.1037235396461048E+15   2.4830966885354560E-22
   7.3000000000000000E+09   1.1204545136913911E+15   2.4125112189672715E-22
   7.4000000000000000E+09   1.1339163631860795E+15   2.3516554395483675E-22
   7.5000000000000000E+09   1.1503054062591240E+15   2.2872414242196829E-22
   7.6000000000000000E+09   1.1671751547753660E+15   2.2245225145575431E-22
   7.7000000000000000E+09   1.1795227315421978E+15   2.1726481100733853E-22
   7.8000000000000000E+09   1.1958970742032425E+15   2.1154269174336870E-22
   7.9000000000000000E+09   1.2127324398947865E+15   2.0596543625823357E-22
   8.0000000000000000E+09   1.2300485769249672E+15   2.0052761216022682E-22
   8.1000000000000000E+09   1.2410300330931480E+15   1.9629946761226057E-22
   8.2000000000000000E+09   1.2575032342623532E+15   1.9136542273982773E-22
   8.3000000000000000E+09   1.2744196428837350E+15   1.8655027051492332E-22
   8.4000000000000000E+09   1.2917973894376675E+15   1.8184976477156430E-22
   8.5000000000000000E+09   1.3026868442460480E+15   1.7820811614817011E-22
   8.6000000000000000E+09   1.3192524111468075E+15   1.7392422802824934E-22
   8.7000000000000000E+09   1.3362447154191935E+15   1.6973882009499337E-22
   8.8000000000000000E+09   1.3481674904519638E+15   1.6632591055417018E-22
   8.9000000000000000E+09   1.3644705519550488E+15   1.6249210262968266E-22
   9.0000000000000000E+09   1.3811727378864108E+15   1.5874349043685043E-22
   9.1000000000000000E+09   1.3938396983701258E+15   1.5557227773904817E-22
   9.2000000000000000E+09   1.4099384837903290E+15   1.5212424655871305E-22
   9.3000000000000000E+09   1.4264134950880828E+15   1.4875036658655712E-22
   9.4000000000000000E+09   1.4432780766940922E+15   1.4544827129465984E-22
   9.5000000000000000E+09   1.4555866225959735E+15   1.4270026228185088E-22
   9.6000000000000000E+09   1.4718883646405525E+15   1.3964980287532703E-22
   9.7000000000000000E+09   1.4885593828406428E+15   1.3666223953904077E-22
   9.8000000000000000E+09   1.5013662162723070E+15   1.3411387699836980E-22
   9.9000000000000000E+09   1.5175434766789610E+15   1.3134395678859542E-22
   1.0000000000000000E+10   1.5340731552115792E+15   1.2862943498301661E-22
   1.1000000000000000E+10   1.6851623038092132E+15   1.0645155540072671E-22
   1.2000000000000000E+10   1.8456005256516372E+15   8.9097902658633537E-23
   1.3000000000000000E+10   1.9922144260231015E+15   7.6191583442144846E-23
   1.4000000000000000E+10   2.1499336360216725E+15   6.5559154235975499E-23
   1.5000000000000000E+10   2.3009299026549215E+15   5.7173105809610222E-23
   1.6000000000000000E+10   2.4601769566585515E+15   5.0130276869771229E-23
   1.7000000000000000E+10   2.6056330480190690E+15   4.4547594416754951E-23
   1.8000000000000000E+10   2.7626507367845050E+15   3.9681487491158804E-23
   1.9000000000000000E+10   2.9114765894808420E+15   3.5671348615486731E-23
   2.0000000000000000E+10   3.0683401377871780E+15   3.2155327362074502E-23
   2.1000000000000000E+10   3.2197498138147160E+15   2.9184013042732517E-23
   2.2000000000000000E+10   3.3708191043255055E+15   2.6608984758773925E-23
   2.3000000000000000E+10   3.5419200685831780E+15   2.4222548830870214E-23
   2.4000000000000000E+10   3.6914364375866485E+15   2.2273055321621340E-23
   2.5000000000000000E+10   3.8303769490979500E+15   2.0606532025413245E-23
   2.6000000000000000E+10   3.9850702037431760E+15   1.9044830318473127E-23
   2.7000000000000000E+10   4.1538793055871160E+15   1.7594170427099954E-23
   2.8000000000000000E+10   4.3004345329337735E+15   1.6387626617920079E-23
   2.9000000000000000E+10   4.4491420506598665E+15   1.5293685755871841E-23
   3.0000000000000000E+10   4.6022790122728910E+15   1.4291974523293602E-23
   3.1000000000000000E+10   4.7517255754614960E+15   1.3395945973442959E-23
   3.2000000000000000E+10   4.9212971574401000E+15   1.2530167153132886E-23
   3.3000000000000000E+10   5.0648694871225230E+15   1.1806039543516945E-23
   3.4000000000000000E+10   5.2118611331281020E+15   1.1135627106816226E-23
   3.5000000000000000E+10   5.3806708578224200E+15   1.0478086065134160E-23
   3.6000000000000000E+10   5.5260069335343770E+15   9.9191054203074699E-24
   3.7000000000000000E+10   5.6737723474092910E+15   9.3996742209688291E-24
   3.8000000000000000E+10   5.8237596425315570E+15   8.9166022281144214E-24
   3.9000000000000000E+10   5.9896549558982330E+15   8.4473408898404446E-24
   4.0000000000000000E+10   6.1375799833542140E+15   8.0376534282506790E-24
   4.1000000000000000E+10   6.3092905452207550E+15   7.6281995985618693E-24
   4.2000000000000000E+10   6.4403031663337470E+15   7.2950929586592412E-24
   4.3000000000000000E+10   6.6118980068087950E+15   6.9405171388558107E-24
   4.4000000000000000E+10   6.7422585502332770E+15   6.6516341299665828E-24
   4.5000000000000000E+10   6.9090826594399730E+15   6.3467812476882957E-24
   4.6000000000000000E+10   7.0843716947780780E+15   6.0551828385525412E-24
   4.7000000000000000E+10   7.2116772439937070E+15   5.8217331183941274E-24
   4.8000000000000000E+10   7.3837822428976930E+15   5.5675780572823320E-24
   4.9000000000000000E+10   7.5173111470066190E+15   5.3570762236928521E-24
   5.0000000000000000E+10   7.6617676838581050E+15   5.1509513553434812E-24
   5.1000000000000000E+10   7.8253724168245550E+15   4.9443731679992560E-24
   5.2000000000000000E+10   7.9709724682317350E+15   4.7607105745234313E-24
   5.3000000000000000E+10   8.1362319083216760E+15   4.5760129388933334E-24
   5.4000000000000000E+10   8.3084889621953640E+15   4.3981559564347195E-24
   5.5000000000000000E+10   8.4329671422056450E+15   4.2544491237337778E-24
   5.6000000000000000E+10   8.6020753493998480E+15   4.0963321383510700E-24
   5.7000000000000000E+10   8.7349866858072660E+15   3.9632304793300062E-24
   5.8000000000000000E+10   8.8992330813834180E+15   3.8230137239786497E-24
   5.9000000000000000E+10   9.0422304679247360E+15   3.6987829623257579E-24
   6.0000000000000000E+10   9.2055644719870340E+15   3.5726029942352478E-24
   6.1000000000000000E+10   9.3749077806947040E+15   3.4505600742788520E-24
   6.2000000000000000E+10   9.5045954952747800E+15   3.3485832785390468E-24
   6.3000000000000000E+10   9.6712738761950060E+15   3.2386364596702353E-24
   6.4000000000000000E+10   9.8439025525239320E+15   3.1321254788910746E-24
   6.5000000000000000E+10   9.9642549029144600E+15   3.0466898559687901E-24
   6.6000000000000000E+10   1.0130637245731984E+16   2.9512481790280687E-24
   6.7000000000000000E+10   1.0302670424245042E+16   2.8586555073691607E-24
   6.8000000000000000E+10   1.0480647290108160E+16   2.7687861495825744E-24
   6.9000000000000000E+10   1.0582410675768472E+16   2.7024192768208745E-24
   7.0000000000000000E+10   1.0751735500690230E+16   2.6218619465110164E-24
   7.1000000000000000E+10   1.0926567030683946E+16   2.5435738367732664E-24
   7.2000000000000000E+10   1.1037092278335526E+16   2.4831288868839514E-24
   7.3000000000000000E+10   1.1203095459713686E+16   2.4128233971971192E-24
   7.4000000000000000E+10   1.1374168428669132E+16   2.3444180558802017E-24
   7.5000000000000000E+10   1.1495649837651476E+16   2.2887146119242179E-24
   7.6000000000000000E+10   1.1660088319527040E+16   2.2267476361065014E-24
   7.7000000000000000E+10   1.1829299462236922E+16   2.1663901921282058E-24
   7.8000000000000000E+10   1.1956577495217804E+16   2.1158503445167077E-24
   7.9000000000000000E+10   1.2120843492552720E+16   2.0607556413125206E-24
   8.0000000000000000E+10   1.2258912145425096E+16   2.0120766104347955E-24
   8.1000000000000000E+10   1.2420008402022774E+16   1.9614603058346980E-24
   8.2000000000000000E+10   1.2585395020472254E+16   1.9120785452492374E-24
   8.3000000000000000E+10   1.2755245707098662E+16   1.8638867066055945E-24
   8.4000000000000000E+10   1.2929743673775260E+16   1.8168422926915622E-24
   8.5000000000000000E+10   1.3029824279344836E+16   1.7816768934643365E-24
   8.6000000000000000E+10   1.3196348523875336E+16   1.7387382332922284E-24
   8.7000000000000000E+10   1.3367184309603104E+16   1.6967866687562610E-24
   8.8000000000000000E+10   1.3542501280259548E+16   1.6557885488688382E-24
   8.9000000000000000E+10   1.3644835736850812E+16   1.6249055191237564E-24
   9.0000000000000000E+10   1.3810165558173738E+16   1.5876144307230447E-24
   9.1000000000000000E+10   1.3944187514092470E+16   1.5550767404655137E-24
   9.2000000000000000E+10   1.4104467166691884E+16   1.5206943091565533E-24
   9.3000000000000000E+10   1.4268474291543080E+16   1.4870512849725161E-24
   9.4000000000000000E+10   1.4436340447864000E+16   1.4541240698136717E-24
   9.5000000000000000E+10   1.4608203459663452E+16   1.4218900591844870E-24
   9.6000000000000000E+10   1.4715637194150820E+16   1.3968061135554651E-24
   9.7000000000000000E+10   1.4880474876282180E+16   1.3670925198099636E-24
   9.8000000000000000E+10   1.5049047261984706E+16   1.3379853259368191E-24
   9.9000000000000000E+10   1.5221482730553586E+16   1.3094661561823242E-24
   1.0000000000000000E+11   1.5323087295628326E+16   1.2877754943925454E-24
