   1.0000000000000000E+03   0.0000000000000000E+00   1.0000000000000000E+30   0.0000000000000000E+00
   2.0000000000000000E+03   0.0000000000000000E+00   1.0000000000000000E+30   0.0000000000000000E+00
   3.0000000000000000E+03   0.0000000000000000E+00   1.0000000000000000E+30   0.0000000000000000E+00
   4.0000000000000000E+03   0.0000000000000000E+00   1.0000000000000000E+30   0.0000000000000000E+00
   5.0000000000000000E+03   0.0000000000000000E+00   1.0000000000000000E+30   0.0000000000000000E+00
   6.0000000000000000E+03   0.0000000000000000E+00   1.0000000000000000E+30   0.0000000000000000E+00
   7.0000000000000000E+03   0.0000000000000000E+00   1.0000000000000000E+30   0.0000000000000000E+00
   8.0000000000000000E+03   0.0000000000000000E+00   1.0000000000000000E+30   0.0000000000000000E+00
   8.1490000000000009E+03   0.0000000000000000E+00   1.0000000000000000E+30   0.0000000000000000E+00
   8.1510000000000000E+03   0.0000000000000000E+00   1.0000000000000000E+30   0.0000000000000000E+00
   9.0000000000000000E+03   0.0000000000000000E+00   1.0000000000000000E+30   0.0000000000000000E+00
   1.0000000000000000E+04   0.0000000000000000E+00   1.0000000000000000E+30   0.0000000000000000E+00
   1.1000000000000000E+04   0.0000000000000000E+00   1.0000000000000000E+30   0.0000000000000000E+00
   1.2000000000000000E+04   0.0000000000000000E+00   1.0000000000000000E+30   0.0000000000000000E+00
   1.3000000000000000E+04   0.0000000000000000E+00   1.0000000000000000E+30   0.0000000000000000E+00
   1.3459000000000000E+04   0.0000000000000000E+00   1.0000000000000000E+30   0.0000000000000000E+00
   1.3460999999999998E+04   0.0000000000000000E+00   1.0000000000000000E+30   0.0000000000000000E+00
   1.4000000000000000E+04   0.0000000000000000E+00   1.0000000000000000E+30   0.0000000000000000E+00
   1.5000000000000000E+04   0.0000000000000000E+00   1.0000000000000000E+30   0.0000000000000000E+00
   1.6000000000000000E+04   0.0000000000000000E+00   1.0000000000000000E+30   0.0000000000000000E+00
   1.7000000000000000E+04   0.0000000000000000E+00   1.0000000000000000E+30   0.0000000000000000E+00
   1.8000000000000000E+04   0.0000000000000000E+00   1.0000000000000000E+30   0.0000000000000000E+00
   1.9000000000000000E+04   0.0000000000000000E+00   1.0000000000000000E+30   0.0000000000000000E+00
   2.0000000000000000E+04   0.0000000000000000E+00   1.0000000000000000E+30   0.0000000000000000E+00
   2.1000000000000000E+04   0.0000000000000000E+00   1.0000000000000000E+30   0.0000000000000000E+00
   2.2000000000000000E+04   0.0000000000000000E+00   1.0000000000000000E+30   0.0000000000000000E+00
   2.3000000000000000E+04   0.0000000000000000E+00   1.0000000000000000E+30   0.0000000000000000E+00
   2.4000000000000000E+04   0.0000000000000000E+00   1.0000000000000000E+30   0.0000000000000000E+00
   2.5000000000000000E+04   0.0000000000000000E+00   1.0000000000000000E+30   0.0000000000000000E+00
   2.6000000000000000E+04   0.0000000000000000E+00   1.0000000000000000E+30   0.0000000000000000E+00
   2.7000000000000000E+04   0.0000000000000000E+00   1.0000000000000000E+30   0.0000000000000000E+00
   2.8000000000000000E+04   0.0000000000000000E+00   1.0000000000000000E+30   0.0000000000000000E+00
   2.9000000000000000E+04   0.0000000000000000E+00   1.0000000000000000E+30   0.0000000000000000E+00
   3.0000000000000000E+04   0.0000000000000000E+00   1.0000000000000000E+30   0.0000000000000000E+00
   3.1000000000000000E+04   0.0000000000000000E+00   1.0000000000000000E+30   0.0000000000000000E+00
   3.2000000000000000E+04   0.0000000000000000E+00   1.0000000000000000E+30   0.0000000000000000E+00
   3.3000000000000000E+04   0.0000000000000000E+00   1.0000000000000000E+30   0.0000000000000000E+00
   3.4000000000000000E+04   0.0000000000000000E+00   1.0000000000000000E+30   0.0000000000000000E+00
   3.5000000000000000E+04   0.0000000000000000E+00   1.0000000000000000E+30   0.0000000000000000E+00
   3.6000000000000000E+04   0.0000000000000000E+00   1.0000000000000000E+30   0.0000000000000000E+00
   3.7000000000000000E+04   0.0000000000000000E+00   1.0000000000000000E+30   0.0000000000000000E+00
   3.8000000000000000E+04   0.0000000000000000E+00   1.0000000000000000E+30   0.0000000000000000E+00
   3.9000000000000000E+04   0.0000000000000000E+00   1.0000000000000000E+30   0.0000000000000000E+00
   4.0000000000000000E+04   0.0000000000000000E+00   1.0000000000000000E+30   0.0000000000000000E+00
   4.1000000000000000E+04   0.0000000000000000E+00   1.0000000000000000E+30   0.0000000000000000E+00
   4.2000000000000000E+04   0.0000000000000000E+00   1.0000000000000000E+30   0.0000000000000000E+00
   4.3000000000000000E+04   0.0000000000000000E+00   1.0000000000000000E+30   0.0000000000000000E+00
   4.4000000000000000E+04   0.0000000000000000E+00   1.0000000000000000E+30   0.0000000000000000E+00
   4.5000000000000000E+04   0.0000000000000000E+00   1.0000000000000000E+30   0.0000000000000000E+00
   4.6000000000000000E+04   0.0000000000000000E+00   1.0000000000000000E+30   0.0000000000000000E+00
   4.7000000000000000E+04   0.0000000000000000E+00   1.0000000000000000E+30   0.0000000000000000E+00
   4.8000000000000000E+04   0.0000000000000000E+00   1.0000000000000000E+30   0.0000000000000000E+00
   4.9000000000000000E+04   0.0000000000000000E+00   1.0000000000000000E+30   0.0000000000000000E+00
   5.0000000000000000E+04   0.0000000000000000E+00   1.0000000000000000E+30   0.0000000000000000E+00
   5.1000000000000000E+04   0.0000000000000000E+00   1.0000000000000000E+30   0.0000000000000000E+00
   5.2000000000000000E+04   0.0000000000000000E+00   1.0000000000000000E+30   0.0000000000000000E+00
   5.3000000000000000E+04   0.0000000000000000E+00   1.0000000000000000E+30   0.0000000000000000E+00
   5.4000000000000000E+04   0.0000000000000000E+00   1.0000000000000000E+30   0.0000000000000000E+00
   5.5000000000000000E+04   0.0000000000000000E+00   1.0000000000000000E+30   0.0000000000000000E+00
   5.6000000000000000E+04   0.0000000000000000E+00   1.0000000000000000E+30   0.0000000000000000E+00
   5.7000000000000000E+04   0.0000000000000000E+00   1.0000000000000000E+30   0.0000000000000000E+00
   5.8000000000000000E+04   0.0000000000000000E+00   1.0000000000000000E+30   0.0000000000000000E+00
   5.9000000000000000E+04   0.0000000000000000E+00   1.0000000000000000E+30   0.0000000000000000E+00
   6.0000000000000000E+04   0.0000000000000000E+00   1.0000000000000000E+30   0.0000000000000000E+00
   6.1000000000000000E+04   0.0000000000000000E+00   1.0000000000000000E+30   0.0000000000000000E+00
   6.2000000000000000E+04   0.0000000000000000E+00   1.0000000000000000E+30   0.0000000000000000E+00
   6.3000000000000000E+04   0.0000000000000000E+00   1.0000000000000000E+30   0.0000000000000000E+00
   6.4000000000000000E+04   0.0000000000000000E+00   1.0000000000000000E+30   0.0000000000000000E+00
   6.5000000000000000E+04   0.0000000000000000E+00   1.0000000000000000E+30   0.0000000000000000E+00
   6.6000000000000000E+04   0.0000000000000000E+00   1.0000000000000000E+30   0.0000000000000000E+00
   6.7000000000000000E+04   0.0000000000000000E+00   1.0000000000000000E+30   0.0000000000000000E+00
   6.8000000000000000E+04   0.0000000000000000E+00   1.0000000000000000E+30   0.0000000000000000E+00
   6.9000000000000000E+04   0.0000000000000000E+00   1.0000000000000000E+30   0.0000000000000000E+00
   7.0000000000000000E+04   0.0000000000000000E+00   1.0000000000000000E+30   0.0000000000000000E+00
   7.1000000000000000E+04   0.0000000000000000E+00   1.0000000000000000E+30   0.0000000000000000E+00
   7.2000000000000000E+04   0.0000000000000000E+00   1.0000000000000000E+30   0.0000000000000000E+00
   7.3000000000000000E+04   0.0000000000000000E+00   1.0000000000000000E+30   0.0000000000000000E+00
   7.4000000000000000E+04   0.0000000000000000E+00   1.0000000000000000E+30   0.0000000000000000E+00
   7.5000000000000000E+04   0.0000000000000000E+00   1.0000000000000000E+30   0.0000000000000000E+00
   7.6000000000000000E+04   0.0000000000000000E+00   1.0000000000000000E+30   0.0000000000000000E+00
   7.7000000000000000E+04   0.0000000000000000E+00   1.0000000000000000E+30   0.0000000000000000E+00
   7.8000000000000000E+04   0.0000000000000000E+00   1.0000000000000000E+30   0.0000000000000000E+00
   7.9000000000000000E+04   0.0000000000000000E+00   1.0000000000000000E+30   0.0000000000000000E+00
   8.0000000000000000E+04   0.0000000000000000E+00   1.0000000000000000E+30   0.0000000000000000E+00
   8.1000000000000000E+04   0.0000000000000000E+00   1.0000000000000000E+30   0.0000000000000000E+00
   8.2000000000000000E+04   0.0000000000000000E+00   1.0000000000000000E+30   0.0000000000000000E+00
   8.3000000000000000E+04   0.0000000000000000E+00   1.0000000000000000E+30   0.0000000000000000E+00
   8.4000000000000000E+04   0.0000000000000000E+00   1.0000000000000000E+30   0.0000000000000000E+00
   8.5000000000000000E+04   0.0000000000000000E+00   1.0000000000000000E+30   0.0000000000000000E+00
   8.6000000000000000E+04   0.0000000000000000E+00   1.0000000000000000E+30   0.0000000000000000E+00
   8.7000000000000000E+04   0.0000000000000000E+00   1.0000000000000000E+30   0.0000000000000000E+00
   8.8000000000000000E+04   0.0000000000000000E+00   1.0000000000000000E+30   0.0000000000000000E+00
   8.9000000000000000E+04   0.0000000000000000E+00   1.0000000000000000E+30   0.0000000000000000E+00
   9.0000000000000000E+04   0.0000000000000000E+00   1.0000000000000000E+30   0.0000000000000000E+00
   9.1000000000000000E+04   0.0000000000000000E+00   1.0000000000000000E+30   0.0000000000000000E+00
   9.2000000000000000E+04   0.0000000000000000E+00   1.0000000000000000E+30   0.0000000000000000E+00
   9.3000000000000000E+04   0.0000000000000000E+00   1.0000000000000000E+30   0.0000000000000000E+00
   9.4000000000000000E+04   0.0000000000000000E+00   1.0000000000000000E+30   0.0000000000000000E+00
   9.5000000000000000E+04   0.0000000000000000E+00   1.0000000000000000E+30   0.0000000000000000E+00
   9.6000000000000000E+04   0.0000000000000000E+00   1.0000000000000000E+30   0.0000000000000000E+00
   9.7000000000000000E+04   0.0000000000000000E+00   1.0000000000000000E+30   0.0000000000000000E+00
   9.8000000000000000E+04   0.0000000000000000E+00   1.0000000000000000E+30   0.0000000000000000E+00
   9.9000000000000000E+04   0.0000000000000000E+00   1.0000000000000000E+30   0.0000000000000000E+00
   1.0000000000000000E+05   0.0000000000000000E+00   1.0000000000000000E+30   0.0000000000000000E+00
   1.0399900000000000E+05   0.0000000000000000E+00   1.0000000000000000E+30   0.0000000000000000E+00
   1.0400100000000000E+05   0.0000000000000000E+00   1.0000000000000000E+30   0.0000000000000000E+00
   1.1000000000000000E+05   0.0000000000000000E+00   1.0000000000000000E+30   0.0000000000000000E+00
   1.2000000000000000E+05   0.0000000000000000E+00   1.0000000000000000E+30   0.0000000000000000E+00
   1.3000000000000000E+05   0.0000000000000000E+00   1.0000000000000000E+30   0.0000000000000000E+00
   1.4000000000000000E+05   0.0000000000000000E+00   1.0000000000000000E+30   0.0000000000000000E+00
   1.5000000000000000E+05   0.0000000000000000E+00   1.0000000000000000E+30   0.0000000000000000E+00
   1.5399900000000000E+05   0.0000000000000000E+00   1.0000000000000000E+30   0.0000000000000000E+00
   1.5400100000000000E+05   0.0000000000000000E+00   1.0000000000000000E+30   0.0000000000000000E+00
   1.6000000000000000E+05   0.0000000000000000E+00   1.0000000000000000E+30   0.0000000000000000E+00
   1.7000000000000000E+05   0.0000000000000000E+00   1.0000000000000000E+30   0.0000000000000000E+00
   1.8000000000000000E+05   0.0000000000000000E+00   1.0000000000000000E+30   0.0000000000000000E+00
   1.9000000000000000E+05   0.0000000000000000E+00   1.0000000000000000E+30   0.0000000000000000E+00
   2.0000000000000000E+05   0.0000000000000000E+00   1.0000000000000000E+30   0.0000000000000000E+00
   2.1000000000000000E+05   0.0000000000000000E+00   1.0000000000000000E+30   0.0000000000000000E+00
   2.2000000000000000E+05   0.0000000000000000E+00   1.0000000000000000E+30   0.0000000000000000E+00
   2.3000000000000000E+05   0.0000000000000000E+00   1.0000000000000000E+30   0.0000000000000000E+00
   2.4000000000000000E+05   0.0000000000000000E+00   1.0000000000000000E+30   0.0000000000000000E+00
   2.5000000000000000E+05   0.0000000000000000E+00   1.0000000000000000E+30   0.0000000000000000E+00
   2.6000000000000000E+05   0.0000000000000000E+00   1.0000000000000000E+30   0.0000000000000000E+00
   2.7000000000000000E+05   0.0000000000000000E+00   1.0000000000000000E+30   0.0000000000000000E+00
   2.8000000000000000E+05   0.0000000000000000E+00   1.0000000000000000E+30   0.0000000000000000E+00
   2.9000000000000000E+05   0.0000000000000000E+00   1.0000000000000000E+30   0.0000000000000000E+00
   3.0000000000000000E+05   0.0000000000000000E+00   1.0000000000000000E+30   0.0000000000000000E+00
   3.1000000000000000E+05   0.0000000000000000E+00   1.0000000000000000E+30   0.0000000000000000E+00
   3.2000000000000000E+05   0.0000000000000000E+00   1.0000000000000000E+30   0.0000000000000000E+00
   3.3000000000000000E+05   0.0000000000000000E+00   1.0000000000000000E+30   0.0000000000000000E+00
   3.4000000000000000E+05   0.0000000000000000E+00   1.0000000000000000E+30   0.0000000000000000E+00
   3.5000000000000000E+05   0.0000000000000000E+00   1.0000000000000000E+30   0.0000000000000000E+00
   3.6000000000000000E+05   0.0000000000000000E+00   1.0000000000000000E+30   0.0000000000000000E+00
   3.7000000000000000E+05   0.0000000000000000E+00   1.0000000000000000E+30   0.0000000000000000E+00
   3.8000000000000000E+05   0.0000000000000000E+00   1.0000000000000000E+30   0.0000000000000000E+00
   3.9000000000000000E+05   0.0000000000000000E+00   1.0000000000000000E+30   0.0000000000000000E+00
   4.0000000000000000E+05   0.0000000000000000E+00   1.0000000000000000E+30   0.0000000000000000E+00
   4.1000000000000000E+05   0.0000000000000000E+00   1.0000000000000000E+30   0.0000000000000000E+00
   4.2000000000000000E+05   0.0000000000000000E+00   1.0000000000000000E+30   0.0000000000000000E+00
   4.3000000000000000E+05   0.0000000000000000E+00   1.0000000000000000E+30   0.0000000000000000E+00
   4.4000000000000000E+05   0.0000000000000000E+00   1.0000000000000000E+30   0.0000000000000000E+00
   4.5000000000000000E+05   0.0000000000000000E+00   1.0000000000000000E+30   0.0000000000000000E+00
   4.6000000000000000E+05   0.0000000000000000E+00   1.0000000000000000E+30   0.0000000000000000E+00
   4.7000000000000000E+05   0.0000000000000000E+00   1.0000000000000000E+30   0.0000000000000000E+00
   4.8000000000000000E+05   0.0000000000000000E+00   1.0000000000000000E+30   0.0000000000000000E+00
   4.9000000000000000E+05   0.0000000000000000E+00   1.0000000000000000E+30   0.0000000000000000E+00
   5.0000000000000000E+05   0.0000000000000000E+00   1.0000000000000000E+30   0.0000000000000000E+00
   5.1000000000000000E+05   0.0000000000000000E+00   1.0000000000000000E+30   0.0000000000000000E+00
   5.2000000000000000E+05   0.0000000000000000E+00   1.0000000000000000E+30   0.0000000000000000E+00
   5.3000000000000000E+05   0.0000000000000000E+00   1.0000000000000000E+30   0.0000000000000000E+00
   5.4000000000000000E+05   0.0000000000000000E+00   1.0000000000000000E+30   0.0000000000000000E+00
   5.5000000000000000E+05   0.0000000000000000E+00   1.0000000000000000E+30   0.0000000000000000E+00
   5.6000000000000000E+05   0.0000000000000000E+00   1.0000000000000000E+30   0.0000000000000000E+00
   5.7000000000000000E+05   0.0000000000000000E+00   1.0000000000000000E+30   0.0000000000000000E+00
   5.8000000000000000E+05   0.0000000000000000E+00   1.0000000000000000E+30   0.0000000000000000E+00
   5.9000000000000000E+05   0.0000000000000000E+00   1.0000000000000000E+30   0.0000000000000000E+00
   6.0000000000000000E+05   0.0000000000000000E+00   1.0000000000000000E+30   0.0000000000000000E+00
   6.1000000000000000E+05   0.0000000000000000E+00   1.0000000000000000E+30   0.0000000000000000E+00
   6.2000000000000000E+05   0.0000000000000000E+00   1.0000000000000000E+30   0.0000000000000000E+00
   6.3000000000000000E+05   0.0000000000000000E+00   1.0000000000000000E+30   0.0000000000000000E+00
   6.4000000000000000E+05   0.0000000000000000E+00   1.0000000000000000E+30   0.0000000000000000E+00
   6.5000000000000000E+05   0.0000000000000000E+00   1.0000000000000000E+30   0.0000000000000000E+00
   6.6000000000000000E+05   0.0000000000000000E+00   1.0000000000000000E+30   0.0000000000000000E+00
   6.7000000000000000E+05   0.0000000000000000E+00   1.0000000000000000E+30   0.0000000000000000E+00
   6.8000000000000000E+05   0.0000000000000000E+00   1.0000000000000000E+30   0.0000000000000000E+00
   6.9000000000000000E+05   0.0000000000000000E+00   1.0000000000000000E+30   0.0000000000000000E+00
   7.0000000000000000E+05   0.0000000000000000E+00   1.0000000000000000E+30   0.0000000000000000E+00
   7.1000000000000000E+05   0.0000000000000000E+00   1.0000000000000000E+30   0.0000000000000000E+00
   7.2000000000000000E+05   0.0000000000000000E+00   1.0000000000000000E+30   0.0000000000000000E+00
   7.3000000000000000E+05   0.0000000000000000E+00   1.0000000000000000E+30   0.0000000000000000E+00
   7.4000000000000000E+05   0.0000000000000000E+00   1.0000000000000000E+30   0.0000000000000000E+00
   7.5000000000000000E+05   0.0000000000000000E+00   1.0000000000000000E+30   0.0000000000000000E+00
   7.6000000000000000E+05   0.0000000000000000E+00   1.0000000000000000E+30   0.0000000000000000E+00
   7.7000000000000000E+05   0.0000000000000000E+00   1.0000000000000000E+30   0.0000000000000000E+00
   7.8000000000000000E+05   0.0000000000000000E+00   1.0000000000000000E+30   0.0000000000000000E+00
   7.9000000000000000E+05   0.0000000000000000E+00   1.0000000000000000E+30   0.0000000000000000E+00
   8.0000000000000000E+05   0.0000000000000000E+00   1.0000000000000000E+30   0.0000000000000000E+00
   8.1000000000000000E+05   0.0000000000000000E+00   1.0000000000000000E+30   0.0000000000000000E+00
   8.2000000000000000E+05   0.0000000000000000E+00   1.0000000000000000E+30   0.0000000000000000E+00
   8.3000000000000000E+05   0.0000000000000000E+00   1.0000000000000000E+30   0.0000000000000000E+00
   8.4000000000000000E+05   0.0000000000000000E+00   1.0000000000000000E+30   0.0000000000000000E+00
   8.5000000000000000E+05   5.1679019405644392E-04   1.9350212358920651E+03   7.9869600430246948E-02
   8.6000000000000000E+05   1.3088153307170836E-03   7.6404972995855167E+02   2.0345149341209173E-01
   8.7000000000000000E+05   2.1207641405180935E-03   4.7152815388311149E+02   3.3156723388921366E-01
   8.8000000000000000E+05   2.9524836017073312E-03   3.3869790146225728E+02   4.6424218755796426E-01
   8.9000000000000000E+05   3.7613005552298603E-03   2.6586548597121833E+02   5.9459106954695029E-01
   9.0000000000000000E+05   4.5895761341528951E-03   2.1788504445074898E+02   7.2938992241823430E-01
   9.1000000000000000E+05   5.4370802904619821E-03   1.8392224255989998E+02   8.6864652662259700E-01
   9.2000000000000000E+05   6.3036580021950889E-03   1.5863804788454189E+02   1.0123810635067132E+00
   9.3000000000000000E+05   7.1890647881175333E-03   1.3910015133718827E+02   1.1605960635059598E+00
   9.4000000000000000E+05   8.0511239914910701E-03   1.2420626002740271E+02   1.3060979464971003E+00
   9.5000000000000000E+05   8.9737832452986763E-03   1.1143572032719818E+02   1.4632568206384609E+00
   9.6000000000000000E+05   9.8728406140913463E-03   1.0128797162720487E+02   1.6175887548609049E+00
   9.7000000000000000E+05   1.0790232356864739E-02   9.2676410194614647E+01   1.7763293328825154E+00
   9.8000000000000000E+05   1.1683978600310969E-02   8.5587284452351284E+01   1.9320102536599768E+00
   9.9000000000000000E+05   1.2637581629452719E-02   7.9129063559869238E+01   2.0995310058549483E+00
   1.0000000000000000E+06   1.3608844819283842E-02   7.3481622671087564E+01   2.2714591376682525E+00
   1.1000000000000000E+06   2.3699475252695432E-02   4.2195027077077008E+01   4.1219543064041471E+00
   1.2000000000000000E+06   3.4968631519925179E-02   2.8597058464532669E+01   6.3030554798588856E+00
   1.3000000000000000E+06   4.7418451767744632E-02   2.1088836997420238E+01   8.8203850357170310E+00
   1.4000000000000000E+06   6.0988363552463370E-02   1.6396570456260573E+01   1.1664669069644390E+01
   1.5000000000000000E+06   7.5705641066602700E-02   1.3209055308312381E+01   1.4847508024579749E+01
   1.6000000000000000E+06   9.1599212571053676E-02   1.0917124415499734E+01   1.8384460104114744E+01
   1.7000000000000000E+06   1.0859511258934010E-01   9.2085175488658404E+00   2.2262853699451039E+01
   1.8000000000000000E+06   1.2672849037683140E-01   7.8908854435688989E+00   2.6502204039705376E+01
   1.8439990000000000E+06   1.3505426309546686E-01   7.4044312047604333E+00   2.8480379312853817E+01
   1.8440010000000000E+06   1.3505459056967545E-01   7.4044132508335165E+00   2.8480452173102588E+01
   1.9000000000000000E+06   1.4596598491685486E-01   6.8509111939306964E+00   3.1102681681515016E+01
   2.0000000000000000E+06   1.6630741849371158E-01   6.0129608712422664E+00   3.6076156085130741E+01
   2.1000000000000000E+06   1.8772002830741799E-01   5.3270820861072918E+00   4.1424127663301242E+01
   2.2000000000000000E+06   2.1020003485064082E-01   4.7573731408301505E+00   4.7159814825466938E+01
   2.3000000000000000E+06   2.3370973853132565E-01   4.2788118556127843E+00   5.3284635291498091E+01
   2.4000000000000000E+06   2.5818147528357360E-01   3.8732445807804385E+00   5.9787272519757209E+01
   2.5000000000000000E+06   2.8362713156004182E-01   3.5257557854203641E+00   6.6691332177536623E+01
   2.6000000000000000E+06   3.0996802944386309E-01   3.2261391660106860E+00   7.3982497392063323E+01
   2.7000000000000000E+06   3.3719888031496353E-01   2.9656088984220279E+00   8.1681526957505540E+01
   2.8000000000000000E+06   3.6520217278954381E-01   2.7382093385744266E+00   8.9756850234740156E+01
   2.9000000000000000E+06   3.9392970327996135E-01   2.5385239845427741E+00   9.8210967852601286E+01
   3.0000000000000000E+06   4.2329821064922124E-01   2.3624007256403927E+00   1.0703029160314534E+02
   3.1000000000000000E+06   4.5321588249376621E-01   2.2064540070785243E+00   1.1619750004874905E+02
   3.2000000000000000E+06   4.8360359252816326E-01   2.0678092872971447E+00   1.2570356248908867E+02
   3.3000000000000000E+06   5.1435133650326070E-01   1.9441963674058826E+00   1.3552280633213482E+02
   3.4000000000000000E+06   5.4532085100570182E-01   1.8337828053993561E+00   1.4561194431876675E+02
   3.5000000000000000E+06   5.7639222524464129E-01   1.7349297166101862E+00   1.5593684218394037E+02
   3.6000000000000000E+06   6.0748240295265143E-01   1.6461382175673367E+00   1.6648602995905532E+02
   3.7000000000000000E+06   6.3842661566151360E-01   1.5663507370597918E+00   1.7719318736163260E+02
   3.8000000000000000E+06   6.6912278355584476E-01   1.4944940219877305E+00   1.8802893225664323E+02
   3.9000000000000000E+06   6.9945370583133626E-01   1.4296871853891306E+00   1.9894999087021350E+02
   4.0000000000000000E+06   7.2930961144956652E-01   1.3711597712423025E+00   2.0991313426282102E+02
   4.1000000000000000E+06   7.5858923370937237E-01   1.3182364784036944E+00   2.2087543938432455E+02
   4.2000000000000000E+06   7.8720305056693263E-01   1.2703202804915632E+00   2.3179628711316937E+02
   4.3000000000000000E+06   8.1507327188249401E-01   1.2268835631064177E+00   2.4263734252152273E+02
   4.4000000000000000E+06   8.4215011544657048E-01   1.1874367546333779E+00   2.5337598043227635E+02
   4.5000000000000000E+06   8.6836425770068837E-01   1.1515904657889369E+00   2.6396746230021813E+02
   4.6000000000000000E+06   8.9365858787255903E-01   1.1189955689684550E+00   2.7436989322803169E+02
   4.7000000000000000E+06   9.1805152075427698E-01   1.0892634861912693E+00   2.8459861119662241E+02
   4.8000000000000000E+06   9.4147698330110063E-01   1.0621608576066301E+00   2.9459304591104711E+02
   4.9000000000000000E+06   9.6395649628653701E-01   1.0373912140768946E+00   3.0436264656224228E+02
   5.0000000000000000E+06   9.8547346077943920E-01   1.0147406701435384E+00   3.1388004852832432E+02
   5.1000000000000000E+06   1.0060348304942246E+00   9.9400137021969737E-01   3.2313511095226733E+02
   5.2000000000000000E+06   1.0256668676639242E+00   9.7497543454593272E-01   3.3213323588724592E+02
   5.3000000000000000E+06   1.0443854573472509E+00   9.5750088529575073E-01   3.4086861882275213E+02
   5.4000000000000000E+06   1.0621853931316094E+00   9.4145523603156522E-01   3.4931280934877492E+02
   5.5000000000000000E+06   1.0791302553164501E+00   9.2667219278988211E-01   3.5750340274384740E+02
   5.6000000000000000E+06   1.0952076262978938E+00   9.1306887935055581E-01   3.6540227025169764E+02
   5.7000000000000000E+06   1.1104836602822930E+00   9.0050852233682843E-01   3.7305016281866216E+02
   5.8000000000000000E+06   1.1249500095256386E+00   8.8892838929053697E-01   3.8041145163530012E+02
   5.9000000000000000E+06   1.1386732175326337E+00   8.7821508805386539E-01   3.8752899845950253E+02
   6.0000000000000000E+06   1.1516590492352738E+00   8.6831254498805133E-01   3.9438195772807057E+02
   6.1000000000000000E+06   1.1639372584119079E+00   8.5915283901506345E-01   4.0097539829602158E+02
   6.2000000000000000E+06   1.1755494831438167E+00   8.5066601988175106E-01   4.0732850631965005E+02
   6.3000000000000000E+06   1.1865244748567363E+00   8.4279761706621559E-01   4.1344760096099873E+02
   6.4000000000000000E+06   1.1968788493757758E+00   8.3550645123484601E-01   4.1932583504809202E+02
   6.5000000000000000E+06   1.2066514662985695E+00   8.2873972139405150E-01   4.2498290482371101E+02
   6.6000000000000000E+06   1.2158689167483110E+00   8.2245708087873060E-01   4.3042584178821403E+02
   6.7000000000000000E+06   1.2245460001701434E+00   8.1662918327368361E-01   4.3564838681000566E+02
   6.8000000000000000E+06   1.2327178056611219E+00   8.1121566948056512E-01   4.4066984012433744E+02
   6.9000000000000000E+06   1.2403980715498242E+00   8.0619280450068986E-01   4.4548461468722246E+02
   7.0000000000000000E+06   1.2476195615156025E+00   8.0152638740707527E-01   4.5011183357265008E+02
   7.1000000000000000E+06   1.2544034749674060E+00   7.9719166915252992E-01   4.5455754590826689E+02
   7.2000000000000000E+06   1.2607706883974059E+00   7.9316564796658051E-01   4.5882845146145507E+02
   7.3000000000000000E+06   1.2667314640719434E+00   7.8943330008198620E-01   4.6291825692099070E+02
   7.4000000000000000E+06   1.2723140577590288E+00   7.8596946555894787E-01   4.6684545103269647E+02
   7.5000000000000000E+06   1.2775271048201360E+00   7.8276225704095015E-01   4.7060331077905386E+02
   7.6000000000000000E+06   1.2824057643768956E+00   7.7978439256773557E-01   4.7422214185581646E+02
   7.7000000000000000E+06   1.2869482927499472E+00   7.7703199548383040E-01   4.7768297831081611E+02
   7.8000000000000000E+06   1.2911791016845084E+00   7.7448589331671502E-01   4.8100342364635782E+02
   7.9000000000000000E+06   1.2951125939678509E+00   7.7213363892654996E-01   4.8418852261839652E+02
   8.0000000000000000E+06   1.2987542650604305E+00   7.6996859752639246E-01   4.8723079394900770E+02
   8.1000000000000000E+06   1.3021259994792851E+00   7.6797483530771682E-01   4.9014751295287402E+02
   8.2000000000000000E+06   1.3052403881293759E+00   7.6614239728910360E-01   4.9294335445381478E+02
   8.3000000000000000E+06   1.3081089617103216E+00   7.6446231106965568E-01   4.9562229176054660E+02
   8.4000000000000000E+06   1.3107355738788296E+00   7.6293038804213065E-01   4.9817707252607499E+02
   8.5000000000000000E+06   1.3131387646933950E+00   7.6153414009789766E-01   5.0062325956860758E+02
   8.6000000000000000E+06   1.3153286884703357E+00   7.6026624277689281E-01   5.0296505441827765E+02
   8.7000000000000000E+06   1.3173151926899491E+00   7.5911976537521486E-01   5.0520624616328615E+02
   8.8000000000000000E+06   1.3191076123601690E+00   7.5808826408846486E-01   5.0735072241692234E+02
   8.9000000000000000E+06   1.3207074685137310E+00   7.5716994401898730E-01   5.0938996183757763E+02
   9.0000000000000000E+06   1.3221301856389904E+00   7.5635516900077160E-01   5.1133893390155168E+02
   9.1000000000000000E+06   1.3233841824759447E+00   7.5563847085513836E-01   5.1320115033262493E+02
   9.2000000000000000E+06   1.3244764584454349E+00   7.5501530708497500E-01   5.1497922545326071E+02
   9.3000000000000000E+06   1.3254148313861691E+00   7.5448076807331499E-01   5.1667692827684050E+02
   9.4000000000000000E+06   1.3261990188714377E+00   7.5403464017864774E-01   5.1828498122848384E+02
   9.5000000000000000E+06   1.3268493021672643E+00   7.5366509095389267E-01   5.1982961146195214E+02
   9.6000000000000000E+06   1.3273583633417187E+00   7.5337604946597037E-01   5.2129007193706718E+02
   9.7000000000000000E+06   1.3277388906288903E+00   7.5316013341022581E-01   5.2268056028362582E+02
   9.8000000000000000E+06   1.3279964999361029E+00   7.5301403282923984E-01   5.2400338376267291E+02
   9.9000000000000000E+06   1.3281303549295704E+00   7.5293814066393305E-01   5.2524974007180390E+02
   1.0000000000000000E+07   1.3281583945227131E+00   7.5292224490992288E-01   5.2644481108492494E+02
   1.1000000000000000E+07   1.3231574063438691E+00   7.5576797983785371E-01   5.3522013418589700E+02
   1.2000000000000000E+07   1.3110951872100949E+00   7.6272112792048286E-01   5.3952571623810945E+02
   1.3000000000000000E+07   1.2945023858069167E+00   7.7249761063720168E-01   5.4062508372693776E+02
   1.4000000000000000E+07   1.2750334700052668E+00   7.8429313702319470E-01   5.3938998534042992E+02
   1.5000000000000000E+07   1.2538033931769239E+00   7.9757321238872292E-01   5.3646227310731615E+02
   1.6000000000000000E+07   1.2315702428806059E+00   8.1197155077491168E-01   5.3231104876694656E+02
   1.7000000000000000E+07   1.2088462840521461E+00   8.2723503657381725E-01   5.2725650868591151E+02
   1.8000000000000000E+07   1.1859939016726420E+00   8.4317465594862750E-01   5.2156231313614614E+02
   1.9000000000000000E+07   1.1632598430374015E+00   8.5965316002733183E-01   5.1541138821268555E+02
   2.0000000000000000E+07   1.1408163589308919E+00   8.7656527027465070E-01   5.0895063197031106E+02
   2.1000000000000000E+07   1.1187814463378265E+00   8.9382962443054392E-01   5.0229255286286582E+02
   2.2000000000000000E+07   1.0972286299431391E+00   9.1138708260995938E-01   4.9550231430328830E+02
   2.3000000000000000E+07   1.0762137019624622E+00   9.2918348667788997E-01   4.8866356556772234E+02
   2.4000000000000000E+07   1.0556933326509164E+00   9.4724478129357270E-01   4.8166087883007350E+02
   2.5000000000000000E+07   1.0357168085164068E+00   9.6551488956950648E-01   4.7460489686879049E+02
   2.6000000000000000E+07   1.0163153030169771E+00   9.8394661285868257E-01   4.6757771715935161E+02
   2.7000000000000000E+07   9.9749458653286094E-01   1.0025117063300040E+00   4.6061256040121577E+02
   2.8000000000000000E+07   9.7925284712814487E-01   1.0211867169267881E+00   4.5374318347161375E+02
   2.9000000000000000E+07   9.6158110467268798E-01   1.0399538792314242E+00   4.4698658618396576E+02
   3.0000000000000000E+07   9.4446683662943343E-01   1.0587984259656493E+00   4.4035576721338236E+02
   3.1000000000000000E+07   9.2789561927692710E-01   1.0777074265953117E+00   4.3386319520797116E+02
   3.2000000000000000E+07   9.1184819829140984E-01   1.0966737685875414E+00   4.2750043756686910E+02
   3.3000000000000000E+07   8.9631023855080028E-01   1.1156851244016255E+00   4.2128825130531732E+02
   3.4000000000000000E+07   8.8126243254841052E-01   1.1347357643604841E+00   4.1521890373446922E+02
   3.5000000000000000E+07   8.6668620880588132E-01   1.1538201367918364E+00   4.0929078220473309E+02
   3.6000000000000000E+07   8.5256415901791038E-01   1.1729322531596036E+00   4.0350399269603832E+02
   3.7000000000000000E+07   8.3887950203960848E-01   1.1920663189035512E+00   3.9786164018028086E+02
   3.8000000000000000E+07   8.2561268674133848E-01   1.2112216976061276E+00   3.9234841660004946E+02
   3.9000000000000000E+07   8.1275109318415362E-01   1.2303889941042743E+00   3.8698338690799892E+02
   4.0000000000000000E+07   8.0027613842633694E-01   1.2495686825879879E+00   3.8174955447472382E+02
   4.1000000000000000E+07   7.8817047717083710E-01   1.2687610472159929E+00   3.7663189034614919E+02
   4.2000000000000000E+07   7.7642306516853377E-01   1.2879576159718231E+00   3.7165044443933408E+02
   4.3000000000000000E+07   7.6502058577448218E-01   1.3071543676012749E+00   3.6680914473350379E+02
   4.4000000000000000E+07   7.5394435564691220E-01   1.3263578306677064E+00   3.6206933101551863E+02
   4.5000000000000000E+07   7.4318251105055633E-01   1.3455644947651000E+00   3.5743750090969479E+02
   4.6000000000000000E+07   7.3272416994571010E-01   1.3647700471981064E+00   3.5291947209947199E+02
   4.7000000000000000E+07   7.2255981352759824E-01   1.3839684705379827E+00   3.4852968090294877E+02
   4.8000000000000000E+07   7.1267675683880982E-01   1.4031606761467259E+00   3.4425478885640052E+02
   4.9000000000000000E+07   7.0306066758242880E-01   1.4223523603427259E+00   3.4006741298170289E+02
   5.0000000000000000E+07   6.9370110871133661E-01   1.4415430326436467E+00   3.3596097487066987E+02
   5.1000000000000000E+07   6.8458989097501521E-01   1.4607285517695383E+00   3.3194630381953766E+02
   5.2000000000000000E+07   6.7571955251588800E-01   1.4799038984098176E+00   3.2803639326103280E+02
   5.3000000000000000E+07   6.6708218071328140E-01   1.4990656757324030E+00   3.2423678046062076E+02
   5.4000000000000000E+07   6.5866869971745035E-01   1.5182139373390158E+00   3.2054154614555603E+02
   5.5000000000000000E+07   6.5046870334097429E-01   1.5373529808025250E+00   3.1692870121622457E+02
   5.6000000000000000E+07   6.4247291223501279E-01   1.5564858548218545E+00   3.1338309165035838E+02
   5.7000000000000000E+07   6.3467291458253472E-01   1.5756147411108046E+00   3.0989221813348894E+02
   5.8000000000000000E+07   6.2706368230829379E-01   1.5947343598641923E+00   3.0647211132058749E+02
   5.9000000000000000E+07   6.1963893101025702E-01   1.6138430785322089E+00   3.0312504851913565E+02
   6.0000000000000000E+07   6.1239319017174765E-01   1.6329378184619376E+00   2.9985811779224747E+02
   6.1000000000000000E+07   6.0532052246705526E-01   1.6520173410350967E+00   2.9667270458307740E+02
   6.2000000000000000E+07   5.9841568831983016E-01   1.6710791837822585E+00   2.9357360654171424E+02
   6.3000000000000000E+07   5.9167312902047386E-01   1.6901223850667668E+00   2.9056078724007040E+02
   6.4000000000000000E+07   5.8508613482911043E-01   1.7091500558154162E+00   2.8761882020262635E+02
   6.5000000000000000E+07   5.7864828150675063E-01   1.7281655056437490E+00   2.8473369808949218E+02
   6.6000000000000000E+07   5.7235356381745506E-01   1.7471717889380305E+00   2.8189211946903191E+02
   6.7000000000000000E+07   5.6619690356188979E-01   1.7661700262030704E+00   2.7908779448427066E+02
   6.8000000000000000E+07   5.6017462623536851E-01   1.7851576154394224E+00   2.7632840712690842E+02
   6.9000000000000000E+07   5.5428245700801893E-01   1.8041343133930956E+00   2.7361280944037208E+02
   7.0000000000000000E+07   5.4851736012989083E-01   1.8230963551695003E+00   2.7095200868173714E+02
   7.1000000000000000E+07   5.4287540515425969E-01   1.8420432948437722E+00   2.6834595193719218E+02
   7.2000000000000000E+07   5.3735271780367366E-01   1.8609750483580110E+00   2.6579265366188940E+02
   7.3000000000000000E+07   5.3194543820295603E-01   1.8798920494144078E+00   2.6328932744650837E+02
   7.4000000000000000E+07   5.2665069324929525E-01   1.8987917661899676E+00   2.6084226956248290E+02
   7.5000000000000000E+07   5.2146543947893342E-01   1.9176726285048447E+00   2.5845516436890415E+02
   7.6000000000000000E+07   5.1638652540997476E-01   1.9365338768397766E+00   2.5612805099778819E+02
   7.7000000000000000E+07   5.1141094153049338E-01   1.9553746679867900E+00   2.5386237669042652E+02
   7.8000000000000000E+07   5.0653531411605557E-01   1.9741960177940996E+00   2.5165318123290859E+02
   7.9000000000000000E+07   5.0175634242870137E-01   1.9929992218127235E+00   2.4949367862613099E+02
   8.0000000000000000E+07   4.9707023594379829E-01   2.0117881290986532E+00   2.4736982822009222E+02
   8.1000000000000000E+07   4.9247380911842692E-01   2.0305648371231992E+00   2.4527401773729108E+02
   8.2000000000000000E+07   4.8796414480563122E-01   2.0493308999134068E+00   2.4320036235234875E+02
   8.3000000000000000E+07   4.8353880256784210E-01   2.0680863556129951E+00   2.4114740954309261E+02
   8.4000000000000000E+07   4.7919533492102068E-01   2.0868316678517260E+00   2.3911377483188249E+02
   8.5000000000000000E+07   4.7493201862314044E-01   2.1055645035242447E+00   2.3710618655880501E+02
   8.6000000000000000E+07   4.7074695320575116E-01   2.1242835310777388E+00   2.3512857585942700E+02
   8.7000000000000000E+07   4.6663829987644750E-01   2.1429874064447163E+00   2.3318428327370921E+02
   8.8000000000000000E+07   4.6260417770584727E-01   2.1616752467719018E+00   2.3127515038281678E+02
   8.9000000000000000E+07   4.5864224533258480E-01   2.1803486490322088E+00   2.2939562832818211E+02
   9.0000000000000000E+07   4.5475101108223953E-01   2.1990055560737498E+00   2.2755088079140424E+02
   9.1000000000000000E+07   4.5092846527998004E-01   2.2176466490734916E+00   2.2573867646225284E+02
   9.2000000000000000E+07   4.4717272673094122E-01   2.2362723400206130E+00   2.2395596966404901E+02
   9.3000000000000000E+07   4.4348190399199572E-01   2.2548834371786426E+00   2.2220094462970482E+02
   9.4000000000000000E+07   4.3985420932142277E-01   2.2734805733534578E+00   2.2046983240905803E+02
   9.5000000000000000E+07   4.3628838923658481E-01   2.2920619128778443E+00   2.1876830999880033E+02
   9.6000000000000000E+07   4.3278265299875035E-01   2.3106286563728968E+00   2.1709215108052084E+02
   9.7000000000000000E+07   4.2933582086703304E-01   2.3291790514486421E+00   2.1544580165219233E+02
   9.8000000000000000E+07   4.2594653601264942E-01   2.3477124837336460E+00   2.1383138846530395E+02
   9.9000000000000000E+07   4.2261347353586198E-01   2.3662283921838627E+00   2.1224851201401177E+02
   1.0000000000000000E+08   4.1933558641974256E-01   2.3847248656808002E+00   2.1070361561263189E+02
   1.1000000000000000E+08   3.8930170120799162E-01   2.5687018497402652E+00   1.9692583332841861E+02
   1.2000000000000000E+08   3.6345040501023096E-01   2.7514070316467265E+00   1.8446347644436102E+02
   1.3000000000000000E+08   3.4097791411273337E-01   2.9327412674281956E+00   1.7348058360193522E+02
   1.4000000000000000E+08   3.2126287913161267E-01   3.1127156760315509E+00   1.6381897453855399E+02
   1.5000000000000000E+08   3.0381627194362698E-01   3.2914629410815426E+00   1.5508812958418497E+02
   1.6000000000000000E+08   2.8827898814167063E-01   3.4688619050812135E+00   1.4754533873206151E+02
   1.7000000000000000E+08   2.7436031914212361E-01   3.6448419477234317E+00   1.4128074253859000E+02
   1.8000000000000000E+08   2.6180250424982082E-01   3.8196731649509599E+00   1.3564228072498949E+02
   1.9000000000000000E+08   2.5039826884483435E-01   3.9936378338928358E+00   1.3007416527655036E+02
   2.0000000000000000E+08   2.3999740989159163E-01   4.1667116343118309E+00   1.2472014228634013E+02
   2.1000000000000000E+08   2.3047573600280818E-01   4.3388515309386664E+00   1.1972695034783621E+02
   2.2000000000000000E+08   2.2172692819356560E-01   4.5100521084521104E+00   1.1514139810250470E+02
   2.3000000000000000E+08   2.1366067643825223E-01   4.6803184220424354E+00   1.1097983048806229E+02
   2.4000000000000000E+08   2.0620008019577796E-01   4.8496586376229525E+00   1.0724570256323861E+02
   2.5000000000000000E+08   1.9927857521995521E-01   5.0181009117324464E+00   1.0390340559665434E+02
   2.6000000000000000E+08   1.9283636483627845E-01   5.1857438862686411E+00   1.0080114770706361E+02
   2.7000000000000000E+08   1.8682223065217771E-01   5.3526820470406555E+00   9.7809215694860853E+01
   2.8000000000000000E+08   1.8119378981048309E-01   5.5189529456055588E+00   9.4905670883175688E+01
   2.9000000000000000E+08   1.7591502136583068E-01   5.6845628772111088E+00   9.2117192736142940E+01
   3.0000000000000000E+08   1.7095422849327913E-01   5.8495189549483069E+00   8.9461847707286708E+01
   3.1000000000000000E+08   1.6628327324553671E-01   6.0138339863167305E+00   8.6946195053104660E+01
   3.2000000000000000E+08   1.6187712140513674E-01   6.1775252198688273E+00   8.4566777777527932E+01
   3.3000000000000000E+08   1.5771354642819055E-01   6.3406094317669526E+00   8.2318142123967647E+01
   3.4000000000000000E+08   1.5377271580353402E-01   6.5031042391007707E+00   8.0195316640174212E+01
   3.5000000000000000E+08   1.5003693566320747E-01   6.6650254857559270E+00   7.8191713381381518E+01
   3.6000000000000000E+08   1.4649028298568756E-01   6.8263913456819694E+00   7.6298911622565484E+01
   3.7000000000000000E+08   1.4311852366444766E-01   6.9872157313792362E+00   7.4512599791206668E+01
   3.8000000000000000E+08   1.3990879878292006E-01   7.1475132993714139E+00   7.2827367342364951E+01
   3.9000000000000000E+08   1.3684950195301454E-01   7.3072973282967224E+00   7.1239262387036732E+01
   4.0000000000000000E+08   1.3393014973615222E-01   7.4665786753023156E+00   6.9745132512915902E+01
   4.1000000000000000E+08   1.3114119947941219E-01   7.6253687168462250E+00   6.8343572437957732E+01
   4.2000000000000000E+08   1.2847404578647395E-01   7.7836733005358703E+00   6.7035799573055755E+01
   4.3000000000000000E+08   1.2592078090305925E-01   7.9415009407371393E+00   6.5821443016401659E+01
   4.4000000000000000E+08   1.2347424823857715E-01   8.0988547350197138E+00   6.4705120645668160E+01
   4.5000000000000000E+08   1.2112792075334693E-01   8.2557348774796733E+00   6.3693575009504272E+01
   4.6000000000000000E+08   1.1887576484277280E-01   8.4121435628415746E+00   6.2790580561151970E+01
   4.7000000000000000E+08   1.1671220208333365E-01   8.5680844174801063E+00   6.1997185301803050E+01
   4.8000000000000000E+08   1.1463194681900610E-01   8.7235716373107870E+00   6.1301771313284199E+01
   4.9000000000000000E+08   1.1262992822489157E-01   8.8786347977002169E+00   6.0676272200377774E+01
   5.0000000000000000E+08   1.1070118477216749E-01   9.0333269879458449E+00   6.0068657653951234E+01
   5.1000000000000000E+08   1.0884132359515709E-01   9.1876868726768706E+00   5.9446050913537661E+01
   5.2000000000000000E+08   1.0704635758777627E-01   9.3417470947576753E+00   5.8783805902044705E+01
   5.3000000000000000E+08   1.0531281160026529E-01   9.4955208659292989E+00   5.8079149516284900E+01
   5.4000000000000000E+08   1.0363757737378372E-01   9.6490098026255229E+00   5.7341120655186387E+01
   5.5000000000000000E+08   1.0201777217524406E-01   9.8022136602063838E+00   5.6579534089354013E+01
   5.6000000000000000E+08   1.0045073294918108E-01   9.9551289536723342E+00   5.5807155678643483E+01
   5.7000000000000000E+08   9.8933928047714365E-02   1.0107755951201240E+01   5.5031115762663596E+01
   5.8000000000000000E+08   9.7464991842885262E-02   1.0260094225545231E+01   5.4258932671237083E+01
   5.9000000000000000E+08   9.6041677286897928E-02   1.0412146354053949E+01   5.3493920274161042E+01
   6.0000000000000000E+08   9.4661882308872305E-02   1.0563914171251103E+01   5.2740566986385389E+01
   6.1000000000000000E+08   9.3323611003188298E-02   1.0715401914375519E+01   5.1999281468692416E+01
   6.2000000000000000E+08   9.2025000244670016E-02   1.0866612304713566E+01   5.1273286618340443E+01
   6.3000000000000000E+08   9.0764294011719357E-02   1.1017548375034808E+01   5.0563265241960238E+01
   6.4000000000000000E+08   8.9539808966337883E-02   1.1168216813774373E+01   4.9868005703074424E+01
   6.5000000000000000E+08   8.8349993950672404E-02   1.1318619903452630E+01   4.9189444312009698E+01
   6.6000000000000000E+08   8.7193370335833756E-02   1.1468761858251410E+01   4.8527397975204764E+01
   6.7000000000000000E+08   8.6068530658218442E-02   1.1618648446213633E+01   4.7880303574300505E+01
   6.8000000000000000E+08   8.4974167453616023E-02   1.1768282408249071E+01   4.7249319695658805E+01
   6.9000000000000000E+08   8.3909020098137291E-02   1.1917669862315545E+01   4.6632725360192332E+01
   7.0000000000000000E+08   8.2871925293554138E-02   1.2066812692691009E+01   4.6031536536984859E+01
   7.1000000000000000E+08   8.1861769575609519E-02   1.2215714431586724E+01   4.5445649592094995E+01
   7.2000000000000000E+08   8.0877488403035575E-02   1.2364379999249175E+01   4.4874438539116710E+01
   7.3000000000000000E+08   7.9918070081322568E-02   1.2512814673607933E+01   4.4315994117878397E+01
   7.4000000000000000E+08   7.8982576790872061E-02   1.2661020197502207E+01   4.3771423195567067E+01
   7.5000000000000000E+08   7.8070107157406587E-02   1.2808999966962761E+01   4.3240257486569170E+01
   7.6000000000000000E+08   7.7179792780628184E-02   1.2956759327436236E+01   4.2720714333573362E+01
   7.7000000000000000E+08   7.6310820555902603E-02   1.3104301496370827E+01   4.2213724099082704E+01
   7.8000000000000000E+08   7.5462428786979993E-02   1.3251627545978701E+01   4.1719115331268021E+01
   7.9000000000000000E+08   7.4633874806838738E-02   1.3398741557879958E+01   4.1236348169908872E+01
   8.0000000000000000E+08   7.3824440464638902E-02   1.3545649566812351E+01   4.0763507270507247E+01
   8.1000000000000000E+08   7.3033473775325666E-02   1.3692351579445887E+01   4.0301749769909456E+01
   8.2000000000000000E+08   7.2260333926374029E-02   1.3838851077257670E+01   3.9850904274805252E+01
   8.3000000000000000E+08   7.1504409545909614E-02   1.3985151494159913E+01   3.9410547491538047E+01
   8.4000000000000000E+08   7.0765117133828007E-02   1.4131256196592487E+01   3.8978524604269843E+01
   8.5000000000000000E+08   7.0041912759226443E-02   1.4277165779831915E+01   3.8558067760875410E+01
   8.6000000000000000E+08   6.9334253600598639E-02   1.4422885486883876E+01   3.8145528637743233E+01
   8.7000000000000000E+08   6.8641626960152746E-02   1.4568419256444951E+01   3.7740519579582397E+01
   8.8000000000000000E+08   6.7963567653054918E-02   1.4713765544282031E+01   3.7346268587356157E+01
   8.9000000000000000E+08   6.7299601218193714E-02   1.4858929056026280E+01   3.6958763640408925E+01
   9.0000000000000000E+08   6.6649288638943247E-02   1.5003911075739513E+01   3.6581553355952273E+01
   9.1000000000000000E+08   6.6012196339030951E-02   1.5148715774644380E+01   3.6210778844706169E+01
   9.2000000000000000E+08   6.5387906244893268E-02   1.5293347920558311E+01   3.5846076984022567E+01
   9.3000000000000000E+08   6.4776058518204949E-02   1.5437802528830243E+01   3.5491029717165894E+01
   9.4000000000000000E+08   6.4176261609416183E-02   1.5582085570613488E+01   3.5143294854461274E+01
   9.5000000000000000E+08   6.3588142733702405E-02   1.5726202354861190E+01   3.4801153736853827E+01
   9.6000000000000000E+08   6.3011370618905008E-02   1.5870151532618383E+01   3.4465988682101575E+01
   9.7000000000000000E+08   6.2445611103898742E-02   1.6013935684545906E+01   3.4137678506243105E+01
   9.8000000000000000E+08   6.1890546845018650E-02   1.6157556379395388E+01   3.3816078794675278E+01
   9.9000000000000000E+08   6.1345857620388279E-02   1.6301019152557259E+01   3.3499166209812017E+01
   1.0000000000000000E+09   6.0811274966374965E-02   1.6444318928569430E+01   3.3190594657010841E+01
   1.1000000000000000E+09   5.5962843038179839E-02   1.7868999245048443E+01   3.0394500261064518E+01
   1.2000000000000000E+09   5.1868117370387455E-02   1.9279666405839517E+01   2.8049299034619633E+01
   1.3000000000000000E+09   4.8361221048901747E-02   2.0677724389730013E+01   2.6053167812170322E+01
   1.4000000000000000E+09   4.5322009032780226E-02   2.2064335216841915E+01   2.4332838127038819E+01
   1.5000000000000000E+09   4.2661244156428892E-02   2.3440479052444697E+01   2.2836252085136969E+01
   1.6000000000000000E+09   4.0311209840353204E-02   2.4806995472484143E+01   2.1519537441024571E+01
   1.7000000000000000E+09   3.8219571193283418E-02   2.6164605430626519E+01   2.0351230078202178E+01
   1.8000000000000000E+09   3.6345223217785765E-02   2.7513931996176154E+01   1.9309933740210788E+01
   1.9000000000000000E+09   3.4655413495189372E-02   2.8855520657366082E+01   1.8377515939486020E+01
   2.0000000000000000E+09   2.6945721157549282E-02   3.7111643594657842E+01   9.9601234111241688E+00
   2.1000000000000000E+09   2.6112590440735370E-02   3.8295702690607463E+01   9.6764311224915502E+00
   2.2000000000000000E+09   2.5351808555989928E-02   3.9444917619643668E+01   9.4181050719910697E+00
   2.3000000000000000E+09   2.4654351132293691E-02   4.0560791668540098E+01   9.1819880777066771E+00
   2.4000000000000000E+09   2.4012643966949122E-02   4.1644726893731274E+01   8.9654302124825165E+00
   2.5000000000000000E+09   2.3420281660642514E-02   4.2698034741421893E+01   8.7661905465400931E+00
   2.6000000000000000E+09   2.2871809531649447E-02   4.3721945070250115E+01   8.5823606123712430E+00
   2.7000000000000000E+09   2.2362552754351894E-02   4.4717613905031207E+01   8.4123050137941338E+00
   2.8000000000000000E+09   2.1888481182295905E-02   4.5686130146336133E+01   8.2546137499587839E+00
   2.9000000000000000E+09   2.1446101440882114E-02   4.6628521400804701E+01   8.1080645593538545E+00
   3.0000000000000000E+09   2.1032370057533011E-02   4.7545759097265282E+01   7.9715927679958938E+00
   3.1000000000000000E+09   2.0644622977879053E-02   4.8438763016961438E+01   7.8442662280740896E+00
   3.2000000000000000E+09   2.0280517989753426E-02   4.9308405263871585E+01   7.7252656465314047E+00
   3.3000000000000000E+09   1.9937987333567529E-02   5.0155513857529819E+01   7.6138674532921948E+00
   3.4000000000000000E+09   1.9615198493809650E-02   5.0980875891497590E+01   7.5094305460417390E+00
   3.5000000000000000E+09   1.9310521528198794E-02   5.1785240421379548E+01   7.4113847824211900E+00
   3.6000000000000000E+09   1.9022501715704791E-02   5.2569321056988521E+01   7.3192211326411103E+00
   3.7000000000000000E+09   1.8749836547812766E-02   5.3333798268052298E+01   7.2324838496748685E+00
   3.8000000000000000E+09   1.8491356239108189E-02   5.4079321552686110E+01   7.1507638393430337E+00
   3.9000000000000000E+09   1.8246007182393425E-02   5.4806511364577077E+01   7.0736923291682325E+00
   4.0000000000000000E+09   1.8012837825662313E-02   5.5515960876266384E+01   7.0009364271604513E+00
   4.1000000000000000E+09   1.7790986561634376E-02   5.6208237611536639E+01   6.9321948259877875E+00
   4.2000000000000000E+09   1.7579671301912656E-02   5.6883884961557889E+01   6.8671936994396638E+00
   4.3000000000000000E+09   1.7378180492060163E-02   5.7543423516454183E+01   6.8056843079922213E+00
   4.4000000000000000E+09   1.7185865291425014E-02   5.8187352399355525E+01   6.7474395062616122E+00
   4.5000000000000000E+09   1.7002132805780525E-02   5.8816150386733362E+01   6.6922518472376860E+00
   4.6000000000000000E+09   1.6826440158433788E-02   5.9430277027359104E+01   6.6399315410027464E+00
   4.7000000000000000E+09   1.6658289302884242E-02   6.0030173676168459E+01   6.5903042383948023E+00
   4.8000000000000000E+09   1.6497222492497080E-02   6.0616264371460055E+01   6.5432097385044061E+00
   4.9000000000000000E+09   1.6342818247925345E-02   6.1188956814528986E+01   6.4985007332650975E+00
   5.0000000000000000E+09   1.6194687850285022E-02   6.1748643088690372E+01   6.4560411015632839E+00
   5.1000000000000000E+09   1.6052472192319932E-02   6.2295700501411574E+01   6.4157052264857404E+00
   5.2000000000000000E+09   1.5915839012491450E-02   6.2830492267178393E+01   6.3773769204158022E+00
   5.3000000000000000E+09   1.5784480424594662E-02   6.3353368188277237E+01   6.3409483910584896E+00
   5.4000000000000000E+09   1.5658110718206979E-02   6.3864665284121259E+01   6.3063197114465597E+00
   5.5000000000000000E+09   1.5536464382838242E-02   6.4364708427781778E+01   6.2733979503561521E+00
   5.6000000000000000E+09   1.5419294366329205E-02   6.4853810832205099E+01   6.2420967857887710E+00
   5.7000000000000000E+09   1.5306370491425228E-02   6.5332274595091590E+01   6.2123355814245693E+00
   5.8000000000000000E+09   1.5197478017564490E-02   6.5800391278358802E+01   6.1840392040053311E+00
   5.9000000000000000E+09   1.5092416386557684E-02   6.6258442279042015E+01   6.1571375399181996E+00
   6.0000000000000000E+09   1.4990998072388474E-02   6.6706699258528616E+01   6.1315649483927723E+00
   6.1000000000000000E+09   1.4893047509933935E-02   6.7145424691150808E+01   6.1072599412452133E+00
   6.2000000000000000E+09   1.4798400181380298E-02   6.7574872130990485E+01   6.0841651431036690E+00
   6.3000000000000000E+09   1.4706901751128732E-02   6.7995286629507248E+01   6.0622263853774729E+00
   6.4000000000000000E+09   1.4618407288639581E-02   6.8406905092672531E+01   6.0413930429212215E+00
   6.5000000000000000E+09   1.4532780557966385E-02   6.8809956636401111E+01   6.0216174005987364E+00
   6.6000000000000000E+09   1.4449893383168887E-02   6.9204662863796045E+01   6.0028546334091182E+00
   6.7000000000000000E+09   1.4369625052659367E-02   6.9591238208051323E+01   5.9850624885083441E+00
   6.8000000000000000E+09   1.4291861782779120E-02   6.9969890221366626E+01   5.9682012680602829E+00
   6.9000000000000000E+09   1.4216496241779144E-02   7.0340819776761933E+01   5.9522332764864148E+00
   7.0000000000000000E+09   1.4143427078093986E-02   7.0704221436461310E+01   5.9371231264585278E+00
   7.1000000000000000E+09   1.4072558524501998E-02   7.1060283619277982E+01   5.9228372886505145E+00
   7.2000000000000000E+09   1.4003800011475311E-02   7.1409188875916357E+01   5.9093440788331417E+00
   7.3000000000000000E+09   1.3937065819803409E-02   7.1751114110337582E+01   5.8966134735163704E+00
   7.4000000000000000E+09   1.3872274767092295E-02   7.2086230758072389E+01   5.8846171896031843E+00
   7.5000000000000000E+09   1.3809349894848031E-02   7.2414705081307147E+01   5.8733281950882157E+00
   7.6000000000000000E+09   1.3748218224599488E-02   7.2736698215243237E+01   5.8627209475632354E+00
   7.7000000000000000E+09   1.3688810477003467E-02   7.3052366506202361E+01   5.8527712766915538E+00
   7.8000000000000000E+09   1.3631060855173120E-02   7.3361861605987215E+01   5.8434561114231736E+00
   7.9000000000000000E+09   1.3574906814297865E-02   7.3665330722325336E+01   5.8347535548747507E+00
   8.0000000000000000E+09   1.3520288898733744E-02   7.3962916583362073E+01   5.8266429036363228E+00
   8.1000000000000000E+09   1.3467150502793932E-02   7.4254757886052985E+01   5.8191042496449876E+00
   8.2000000000000000E+09   1.3415437747556181E-02   7.4540989181077208E+01   5.8121187735004796E+00
   8.3000000000000000E+09   1.3365099299823267E-02   7.4821741130888839E+01   5.8056685382602335E+00
   8.4000000000000000E+09   1.3316086195866265E-02   7.5097140803311390E+01   5.7997363478630941E+00
   8.5000000000000000E+09   1.3268351779158643E-02   7.5367311377043620E+01   5.7943059899433420E+00
   8.6000000000000000E+09   1.3221851485967325E-02   7.5632372747593223E+01   5.7893617968117939E+00
   8.7000000000000000E+09   1.3176542784300187E-02   7.5892441315600422E+01   5.7848888894503530E+00
   8.8000000000000000E+09   1.3132385036002437E-02   7.6147630248313604E+01   5.7808730473660370E+00
   8.9000000000000000E+09   1.3089339388754636E-02   7.6398049611206815E+01   5.7773007127912983E+00
   9.0000000000000000E+09   1.3047368710695706E-02   7.6643806285649035E+01   5.7741588200471616E+00
   9.1000000000000000E+09   1.3006437443700577E-02   7.6885004393292277E+01   5.7714350708391837E+00
   9.2000000000000000E+09   1.2966511573221044E-02   7.7121745070219191E+01   5.7691174436578230E+00
   9.3000000000000000E+09   1.2927558523143413E-02   7.7354126706118691E+01   5.7671945740113868E+00
   9.4000000000000000E+09   1.2889547076966686E-02   7.7582245057080115E+01   5.7656555854223308E+00
   9.5000000000000000E+09   1.2852447300444254E-02   7.7806193374971812E+01   5.7644898089979133E+00
   9.6000000000000000E+09   1.2816230513405044E-02   7.8026062261759208E+01   5.7636875379193926E+00
   9.7000000000000000E+09   1.2780869185495454E-02   7.8241940003177874E+01   5.7632388442719105E+00
   9.8000000000000000E+09   1.2746336890311624E-02   7.8453912571547605E+01   5.7631347266800050E+00
   9.9000000000000000E+09   1.2712608256499868E-02   7.8662063663348320E+01   5.7633660487689733E+00
   1.0000000000000000E+10   1.2679658932992818E-02   7.8866474665022167E+01   5.7639244805521468E+00
   1.1000000000000000E+10   1.2388292622456056E-02   8.0721373838660909E+01   5.7858407035515089E+00
   1.2000000000000000E+10   1.2153918362647016E-02   8.2277992180145674E+01   5.8331376894201092E+00
   1.3000000000000000E+10   1.1963090965045596E-02   8.3590436863002552E+01   5.9011122838107193E+00
   1.4000000000000000E+10   1.1806188464326250E-02   8.4701341421205896E+01   5.9863991163783057E+00
   1.5000000000000000E+10   1.1676151836269468E-02   8.5644655364425290E+01   6.0865295289782280E+00
   1.6000000000000000E+10   1.1567691555718291E-02   8.6447671532672160E+01   6.1996541585993103E+00
   1.7000000000000000E+10   1.1476771124546993E-02   8.7132520910969362E+01   6.3243617534710443E+00
   1.8000000000000000E+10   1.1400260998352811E-02   8.7717289994017435E+01   6.4595587763247675E+00
   1.9000000000000000E+10   1.1335700706997546E-02   8.8216866856999715E+01   6.6043855568603282E+00
   2.0000000000000000E+10   1.1281131827055917E-02   8.8643587835900178E+01   6.7581581292849098E+00
   2.1000000000000000E+10   1.1234978331021625E-02   8.9007737312571010E+01   6.9203262958475404E+00
   2.2000000000000000E+10   1.1195959359994737E-02   8.9317937645717763E+01   7.0904430357779802E+00
   2.3000000000000000E+10   1.1163024675444680E-02   8.9581455660462836E+01   7.2681419925466688E+00
   2.4000000000000000E+10   1.1135306092064498E-02   8.9804446481506560E+01   7.4531205683421726E+00
   2.5000000000000000E+10   1.1112080848956438E-02   8.9992145808938432E+01   7.6451268320944470E+00
   2.6000000000000000E+10   1.1092742982822002E-02   9.0149028202364377E+01   7.8439494477555209E+00
   2.7000000000000000E+10   1.1076781554884585E-02   9.0278931208047979E+01   8.0494113475807900E+00
   2.8000000000000000E+10   1.1063763120798289E-02   9.0385160011257241E+01   8.2613609975225515E+00
   2.9000000000000000E+10   1.1053318267739360E-02   9.0470569631441691E+01   8.4796701638198009E+00
   3.0000000000000000E+10   1.1045130497486372E-02   9.0537635587698858E+01   8.7042289034585849E+00
   3.1000000000000000E+10   1.1038927407674270E-02   9.0588511280978210E+01   8.9349425600767400E+00
   3.2000000000000000E+10   1.1034473663526841E-02   9.0625074697072591E+01   9.1717294934006617E+00
   3.3000000000000000E+10   1.1031565305125756E-02   9.0648967063210478E+01   9.4145186746429683E+00
   3.4000000000000000E+10   1.1030024600297438E-02   9.0661629165635219E+01   9.6632487881743980E+00
   3.5000000000000000E+10   1.1029696419747622E-02   9.0664326736100847E+01   9.9178657022479335E+00
   3.6000000000000000E+10   1.1030444942205047E-02   9.0658174283955461E+01   1.0178322558815241E+01
   3.7000000000000000E+10   1.1032150472131718E-02   9.0644158863323796E+01   1.0444577764751015E+01
   3.8000000000000000E+10   1.1034707974689648E-02   9.0623150362810151E+01   1.0716594900002001E+01
   3.9000000000000000E+10   1.1038024473400488E-02   9.0595921617116133E+01   1.0994341654342218E+01
   4.0000000000000000E+10   1.1042017547515626E-02   9.0563159829880263E+01   1.1277789563902063E+01
   4.1000000000000000E+10   1.1046614274038956E-02   9.0525474610816815E+01   1.1566913035171375E+01
   4.2000000000000000E+10   1.1051749562656258E-02   9.0483411185771828E+01   1.1861689665969037E+01
   4.3000000000000000E+10   1.1057365442144817E-02   9.0437455941225394E+01   1.2162099263454925E+01
   4.4000000000000000E+10   1.1063410415694263E-02   9.0388041519405846E+01   1.2468123699419039E+01
   4.5000000000000000E+10   1.1069838034480421E-02   9.0335558378107436E+01   1.2779746811742612E+01
   4.6000000000000000E+10   1.1076606822456099E-02   9.0280355349677620E+01   1.3096954170412806E+01
   4.7000000000000000E+10   1.1083679891315767E-02   9.0222742789920829E+01   1.3419732585306768E+01
   4.8000000000000000E+10   1.1091023297221043E-02   9.0163005991571509E+01   1.3748070009051551E+01
   4.9000000000000000E+10   1.1098607493824193E-02   9.0101393400608941E+01   1.4081956869513419E+01
   5.0000000000000000E+10   1.1106404970803629E-02   9.0038135889046629E+01   1.4421382312725280E+01
   5.1000000000000000E+10   1.1114391393690451E-02   8.9973437553017249E+01   1.4766337941189780E+01
   5.2000000000000000E+10   1.1122544946606638E-02   8.9907481138576003E+01   1.5116815627340554E+01
   5.3000000000000000E+10   1.1130845190646754E-02   8.9840437349744107E+01   1.5472808968356375E+01
   5.4000000000000000E+10   1.1139274092977106E-02   8.9772456593959078E+01   1.5834310406730559E+01
   5.5000000000000000E+10   1.1147815541526900E-02   8.9703672999870221E+01   1.6201314098750885E+01
   5.6000000000000000E+10   1.1156454675449070E-02   8.9634209889330108E+01   1.6573814510246805E+01
   5.7000000000000000E+10   1.1165177864683655E-02   8.9564179999593165E+01   1.6951806613356950E+01
   5.8000000000000000E+10   1.1173972778838484E-02   8.9493684993919274E+01   1.7335285607967613E+01
   5.9000000000000000E+10   1.1182828571691665E-02   8.9422814057206523E+01   1.7724247438369257E+01
   6.0000000000000000E+10   1.1191734829056676E-02   8.9351652382232842E+01   1.8118687592719482E+01
   6.1000000000000000E+10   1.1200682714671112E-02   8.9280272057895118E+01   1.8518602722180258E+01
   6.2000000000000000E+10   1.1209663413329117E-02   8.9208744556141298E+01   1.8923989039975545E+01
   6.3000000000000000E+10   1.1218669763174049E-02   8.9137127762023951E+01   1.9334843928582579E+01
   6.4000000000000000E+10   1.1227694709381944E-02   8.9065478344756997E+01   1.9751163940570006E+01
   6.5000000000000000E+10   1.1236731659793846E-02   8.8993848947919659E+01   2.0172945995159786E+01
   6.6000000000000000E+10   1.1245775165579806E-02   8.8922282837444797E+01   2.0600188240845938E+01
   6.7000000000000000E+10   1.1254819853315622E-02   8.8850822406136018E+01   2.1032887403617377E+01
   6.8000000000000000E+10   1.1263861212301949E-02   8.8779502974329915E+01   2.1471041673405853E+01
   6.9000000000000000E+10   1.1272894577186665E-02   8.8708360852032953E+01   2.1914648574750260E+01
   7.0000000000000000E+10   1.1281915939993524E-02   8.8637426951133108E+01   2.2363706043352291E+01
   7.1000000000000000E+10   1.1290922285435734E-02   8.8566724198421724E+01   2.2818211548006126E+01
   7.2000000000000000E+10   1.1299909677558629E-02   8.8496282584096932E+01   2.3278165006182920E+01
   7.3000000000000000E+10   1.1308875627457391E-02   8.8426120592576822E+01   2.3743562573659375E+01
   7.4000000000000000E+10   1.1317817230827485E-02   8.8356259833936790E+01   2.4214403304611078E+01
   7.5000000000000000E+10   1.1326731787793854E-02   8.8286720188575558E+01   2.4690685656059934E+01
   7.6000000000000000E+10   1.1335617807041846E-02   8.8217512007046153E+01   2.5172407589285516E+01
   7.7000000000000000E+10   1.1344472657420253E-02   8.8148654432686641E+01   2.5659567697932950E+01
   7.8000000000000000E+10   1.1353294732847432E-02   8.8080158538190076E+01   2.6152164747138052E+01
   7.9000000000000000E+10   1.1362082009354903E-02   8.8012038566228981E+01   2.6650196703374409E+01
   8.0000000000000000E+10   1.1370833914398739E-02   8.7944297448027370E+01   2.7153662809191392E+01
   8.1000000000000000E+10   1.1379547932532763E-02   8.7876953102954118E+01   2.7662560887693857E+01
   8.2000000000000000E+10   1.1388224059281695E-02   8.7810003982576589E+01   2.8176890131867971E+01
   8.3000000000000000E+10   1.1396860254505975E-02   8.7743464223370665E+01   2.8696649054880236E+01
   8.4000000000000000E+10   1.1405456334211536E-02   8.7677333610968631E+01   2.9221836395291138E+01
   8.5000000000000000E+10   1.1414010788746850E-02   8.7611622111476095E+01   2.9752450711410201E+01
   8.6000000000000000E+10   1.1422523784405768E-02   8.7546326790338384E+01   3.0288490723929073E+01
   8.7000000000000000E+10   1.1430993694264877E-02   8.7481458458131868E+01   3.0829955542883173E+01
   8.8000000000000000E+10   1.1439420338166556E-02   8.7417016810160717E+01   3.1376843040062074E+01
   8.9000000000000000E+10   1.1447803327000104E-02   8.7353003142660569E+01   3.1929152720079109E+01
   9.0000000000000000E+10   1.1456142124608373E-02   8.7289419869534399E+01   3.2486881316397316E+01
   9.1000000000000000E+10   1.1464436926742592E-02   8.7226263826995620E+01   3.3050030742955329E+01
   9.2000000000000000E+10   1.1472686294938111E-02   8.7163544290513045E+01   3.3618599940077360E+01
   9.3000000000000000E+10   1.1480890357147959E-02   8.7101258603815850E+01   3.4192582832325726E+01
   9.4000000000000000E+10   1.1489050093958007E-02   8.7039397671865984E+01   3.4771984024018927E+01
   9.5000000000000000E+10   1.1497163309669690E-02   8.6977976485638862E+01   3.5356797313124687E+01
   9.6000000000000000E+10   1.1505231698656696E-02   8.6916980569522650E+01   3.5947024922096560E+01
   9.7000000000000000E+10   1.1513254569329006E-02   8.6856413534360016E+01   3.6542664648617340E+01
   9.8000000000000000E+10   1.1521231741305009E-02   8.6796275125243710E+01   3.7143716809921813E+01
   9.9000000000000000E+10   1.1529163630530810E-02   8.6736560608079387E+01   3.7750176467848924E+01
   1.0000000000000000E+11   1.1537049540279343E-02   8.6677273639910837E+01   3.8362043216152415E+01
   1.1000000000000000E+11   1.1613430934002940E-02   8.6107198267490631E+01   4.4777895861440555E+01
   1.2000000000000000E+11   1.1685449607170689E-02   8.5576510413973082E+01   5.1733132003398595E+01
   1.3000000000000000E+11   1.1753385033768217E-02   8.5081871914085767E+01   5.9226344977680739E+01
   1.4000000000000000E+11   1.1817552345277609E-02   8.4619891732454093E+01   6.7256013529269353E+01
   1.5000000000000000E+11   1.1878263824930759E-02   8.4187387545740876E+01   7.5820480142805707E+01
   1.6000000000000000E+11   1.1935814670265197E-02   8.3781461728894413E+01   8.4917954701839307E+01
   1.7000000000000000E+11   1.1990479465903389E-02   8.3399500649130871E+01   9.4546535685962681E+01
   1.8000000000000000E+11   1.2042501318463898E-02   8.3039226947542232E+01   1.0470418240030612E+02
   1.9000000000000000E+11   1.2092101944831032E-02   8.2698608113163203E+01   1.1538874148234098E+02
   2.0000000000000000E+11   1.2139480291571501E-02   8.2375849375883490E+01   1.2659793582328425E+02
   2.1000000000000000E+11   1.2184815032561308E-02   8.2069362343844730E+01   1.3832937416657757E+02
   2.2000000000000000E+11   1.2228262502425362E-02   8.1777766857855681E+01   1.5058056898427841E+02
   2.3000000000000000E+11   1.2269968652879805E-02   8.1499800715896413E+01   1.6334891526628087E+02
   2.4000000000000000E+11   1.2310057207477028E-02   8.1234390965511381E+01   1.7663168465785580E+02
   2.5000000000000000E+11   1.2348649766432707E-02   8.0980513571475385E+01   1.9042608020109375E+02
   2.6000000000000000E+11   1.2385841323703827E-02   8.0737349515871472E+01   2.0472918628267180E+02
   2.7000000000000000E+11   1.2421731566364792E-02   8.0504074223256552E+01   2.1953800547128637E+02
   2.8000000000000000E+11   1.2456405018177212E-02   8.0279984356701135E+01   2.3484940059989421E+02
   2.9000000000000000E+11   1.2489939424925458E-02   8.0064439544387000E+01   2.5066021993251579E+02
   3.0000000000000000E+11   1.2522403879384915E-02   7.9856871702266076E+01   2.6696716065954763E+02
   3.1000000000000000E+11   1.2553857171403712E-02   7.9656792836379296E+01   2.8376687094066926E+02
   3.2000000000000000E+11   1.2584372625685106E-02   7.9463635553747693E+01   3.0105586845310677E+02
   3.3000000000000000E+11   1.2613991008098541E-02   7.9277050329112470E+01   3.1883065750907639E+02
   3.4000000000000000E+11   1.2642773617975667E-02   7.9096567748250010E+01   3.3708760969192451E+02
   3.5000000000000000E+11   1.2670750751906299E-02   7.8921921800849205E+01   3.5582304427564861E+02
   3.6000000000000000E+11   1.2697974845534560E-02   7.8752715465621336E+01   3.7503321183874061E+02
   3.7000000000000000E+11   1.2724485055658766E-02   7.8588641947069235E+01   3.9471424525455183E+02
   3.8000000000000000E+11   1.2750315816686821E-02   7.8429429857044198E+01   4.1486229839940813E+02
   3.9000000000000000E+11   1.2775494666824717E-02   7.8274855579313936E+01   4.3547335377119873E+02
   4.0000000000000000E+11   1.2800062971641355E-02   7.8124615653493919E+01   4.5654340360328183E+02
   4.1000000000000000E+11   1.2824050745295025E-02   7.7978481203911869E+01   4.7806837231923106E+02
   4.2000000000000000E+11   1.2847465732734964E-02   7.7836362501596682E+01   5.0004410070569770E+02
   4.3000000000000000E+11   1.2870352219358023E-02   7.7697951303610907E+01   5.2246639270489004E+02
   4.4000000000000000E+11   1.2892733261469110E-02   7.7563072136811698E+01   5.4533100116155140E+02
   4.5000000000000000E+11   1.2914615550578270E-02   7.7431650681635958E+01   5.6863356673971850E+02
   4.6000000000000000E+11   1.2936033842819739E-02   7.7303446492995931E+01   5.9236977230011883E+02
   4.7000000000000000E+11   1.2957001429820880E-02   7.7178350671357791E+01   6.1653517492296248E+02
   4.8000000000000000E+11   1.2977546915390280E-02   7.7056165276820082E+01   6.4112540220875042E+02
   4.9000000000000000E+11   1.2997674485885971E-02   7.6936839823607599E+01   6.6613586312943846E+02
   5.0000000000000000E+11   1.3017390898722616E-02   7.6820309674969437E+01   6.9156212016010079E+02
   5.1000000000000000E+11   1.3036746107984510E-02   7.6706257199220758E+01   7.1739952271859761E+02
   5.2000000000000000E+11   1.3055733783249193E-02   7.6594699049625476E+01   7.4364355775281751E+02
   5.3000000000000000E+11   1.3074341161974267E-02   7.6485689612293783E+01   7.7028952367219290E+02
   5.4000000000000000E+11   1.3092630386492402E-02   7.6378845998104012E+01   7.9733277485800033E+02
   5.5000000000000000E+11   1.3110582670091075E-02   7.6274260661296253E+01   8.2476861961534689E+02
   5.6000000000000000E+11   1.3128224671307106E-02   7.6171761608070923E+01   8.5259235327906731E+02
   5.7000000000000000E+11   1.3145541280359652E-02   7.6071420618797134E+01   8.8079922576645924E+02
   5.8000000000000000E+11   1.3162588211756429E-02   7.5972900155520335E+01   9.0938448980411658E+02
   5.9000000000000000E+11   1.3179330606716612E-02   7.5876387795474827E+01   9.3834335014324665E+02
   6.0000000000000000E+11   1.3195798162804771E-02   7.5781698663648683E+01   9.6767100490421490E+02
   6.1000000000000000E+11   1.3212008983145904E-02   7.5688716324342877E+01   9.9736266062211041E+02
   6.2000000000000000E+11   1.3227952101441783E-02   7.5597491760724239E+01   1.0274134740742288E+03
   6.3000000000000000E+11   1.3243652032381313E-02   7.5507873323382100E+01   1.0578186414517286E+03
   6.4000000000000000E+11   1.3259095855738756E-02   7.5419923868125863E+01   1.0885732929010303E+03
   6.5000000000000000E+11   1.3274300069515146E-02   7.5333538850498940E+01   1.1196725964733960E+03
   6.6000000000000000E+11   1.3289275006737725E-02   7.5248649718889510E+01   1.1511116709551184E+03
   6.7000000000000000E+11   1.3304048687081431E-02   7.5165088727540933E+01   1.1828857022264235E+03
   6.8000000000000000E+11   1.3318592865595370E-02   7.5083006898063772E+01   1.2149898050346237E+03
   6.9000000000000000E+11   1.3332920617514427E-02   7.5002321598343386E+01   1.2474191340250313E+03
   7.0000000000000000E+11   1.3347045497719947E-02   7.4922948316226865E+01   1.2801688006252880E+03
   7.1000000000000000E+11   1.3361004412434662E-02   7.4844672535945875E+01   1.3132340251751507E+03
   7.2000000000000000E+11   1.3374740407793895E-02   7.4767806290824737E+01   1.3466099591027269E+03
   7.3000000000000000E+11   1.3388261796780588E-02   7.4692295025218684E+01   1.3802917188458446E+03
   7.4000000000000000E+11   1.3401665405414015E-02   7.4617591899885767E+01   1.4142744876725073E+03
   7.5000000000000000E+11   1.3414833190160869E-02   7.4544348470426883E+01   1.4485534632614535E+03
   7.6000000000000000E+11   1.3427864531826568E-02   7.4472005405610972E+01   1.4831238600022671E+03
   7.7000000000000000E+11   1.3440713098752811E-02   7.4400814350601081E+01   1.5179808295413923E+03
   7.8000000000000000E+11   1.3453392877091207E-02   7.4330691828886273E+01   1.5531196799123559E+03
   7.9000000000000000E+11   1.3465921744249361E-02   7.4261533595132576E+01   1.5885357147870352E+03
   8.0000000000000000E+11   1.3478316875031576E-02   7.4193240096060393E+01   1.6242239682813959E+03
   8.1000000000000000E+11   1.3490546217206757E-02   7.4125983032809472E+01   1.6601799192790766E+03
   8.2000000000000000E+11   1.3502587142022763E-02   7.4059881227338963E+01   1.6963988157780750E+03
   8.3000000000000000E+11   1.3514509955867277E-02   7.3994543883986978E+01   1.7328760569244623E+03
   8.4000000000000000E+11   1.3526296285270379E-02   7.3930067692584998E+01   1.7696067860724663E+03
   8.5000000000000000E+11   1.3537930112228293E-02   7.3866535852237746E+01   1.8065865979083037E+03
   8.6000000000000000E+11   1.3549453469652532E-02   7.3803714831727788E+01   1.8438108037504858E+03
   8.7000000000000000E+11   1.3560857539624846E-02   7.3741649234054606E+01   1.8812748382650868E+03
   8.8000000000000000E+11   1.3572089074877792E-02   7.3680624587928776E+01   1.9189741971652272E+03
   8.9000000000000000E+11   1.3583189922460204E-02   7.3620409175496448E+01   1.9569042598516910E+03
   9.0000000000000000E+11   1.3594213736762138E-02   7.3560708943081508E+01   1.9950606183617379E+03
   9.1000000000000000E+11   1.3605054117662567E-02   7.3502096452653163E+01   2.0334387638241981E+03
   9.2000000000000000E+11   1.3615864009856033E-02   7.3443741746842960E+01   2.0720342613359098E+03
   9.3000000000000000E+11   1.3626499220145616E-02   7.3386420374323691E+01   2.1108428229590613E+03
   9.4000000000000000E+11   1.3637000391962528E-02   7.3329909163116781E+01   2.1498599877818019E+03
   9.5000000000000000E+11   1.3647455544172378E-02   7.3273731998124134E+01   2.1890815113708559E+03
   9.6000000000000000E+11   1.3657770672961167E-02   7.3218391489010713E+01   2.2285031149163246E+03
   9.7000000000000000E+11   1.3667984138231316E-02   7.3163678702469113E+01   2.2681203158122858E+03
   9.8000000000000000E+11   1.3678037651456752E-02   7.3109902566578853E+01   2.3079291308568595E+03
   9.9000000000000000E+11   1.3688077745044866E-02   7.3056277048251260E+01   2.3479253411179234E+03
   1.0000000000000000E+12   1.3697982139708197E-02   7.3003453340851181E+01   2.3881047721772229E+03
   1.1000000000000000E+12   1.3791854795853120E-02   7.2506563823502262E+01   2.7990896452819720E+03
   1.2000000000000000E+12   1.3877684700581818E-02   7.2058129405265660E+01   3.2241223203823547E+03
   1.3000000000000000E+12   1.3956662448694816E-02   7.1650367964120036E+01   3.6597164304156254E+03
   1.4000000000000000E+12   1.4029761422110949E-02   7.1277049545831687E+01   4.1028013526769510E+03
   1.5000000000000000E+12   1.4097720759283403E-02   7.0933452085969023E+01   4.5507106933208861E+03
   1.6000000000000000E+12   1.4161490758285527E-02   7.0614034713465855E+01   5.0011590597964878E+03
   1.7000000000000000E+12   1.4221329560520097E-02   7.0316913460475945E+01   5.4522095683234238E+03
   1.8000000000000000E+12   1.4277789586413339E-02   7.0038852579225164E+01   5.9022402133259948E+03
   1.9000000000000000E+12   1.4331056379050029E-02   6.9778526687108581E+01   6.3499066516660487E+03
   2.0000000000000000E+12   1.4381808745425190E-02   6.9532283296292420E+01   6.7941078307060743E+03
   2.1000000000000000E+12   1.4429820012827823E-02   6.9300933699174351E+01   7.2339524932702288E+03
   2.2000000000000000E+12   1.4475758666088447E-02   6.9081007984931688E+01   7.6687295703539612E+03
   2.3000000000000000E+12   1.4519619080920424E-02   6.8872330219327509E+01   8.0978811365518623E+03
   2.4000000000000000E+12   1.4561786207535156E-02   6.8672893953252739E+01   8.5209780894879514E+03
   2.5000000000000000E+12   1.4601916295340679E-02   6.8484161925999388E+01   8.9377003779572533E+03
   2.6000000000000000E+12   1.4640730466277646E-02   6.8302602954362470E+01   9.3478182864730461E+03
   2.7000000000000000E+12   1.4678096908567568E-02   6.8128723105534391E+01   9.7511776006193631E+03
   2.8000000000000000E+12   1.4713818225745528E-02   6.7963324315795091E+01   1.0147686166761012E+04
   2.9000000000000000E+12   1.4748487766604281E-02   6.7803561682055886E+01   1.0537303134465079E+04
   3.0000000000000000E+12   1.4782373776089503E-02   6.7648133861795628E+01   1.0920029136388541E+04
   3.1000000000000000E+12   1.4814459578911770E-02   6.7501618582394315E+01   1.1295898654449913E+04
   3.2000000000000000E+12   1.4845671835685779E-02   6.7359699922519965E+01   1.1664973941857308E+04
   3.3000000000000000E+12   1.4876127469328787E-02   6.7221795595780833E+01   1.2027338449689594E+04
   3.4000000000000000E+12   1.4905763356320581E-02   6.7088144102057285E+01   1.2383092911729696E+04
   3.5000000000000000E+12   1.4934620735653463E-02   6.6958513222414638E+01   1.2732351168713614E+04
   3.6000000000000000E+12   1.4961892544090551E-02   6.6836464508292892E+01   1.3075237357772410E+04
   3.7000000000000000E+12   1.4989165241845482E-02   6.6714855955305964E+01   1.3411882994757563E+04
   3.8000000000000000E+12   1.5015667457779089E-02   6.6597106176717787E+01   1.3742424822929408E+04
   3.9000000000000000E+12   1.5041266267083075E-02   6.6483764215280274E+01   1.4067002726389701E+04
   4.0000000000000000E+12   1.5066273682785319E-02   6.6373412633715603E+01   1.4385759286654134E+04
   4.1000000000000000E+12   1.5090663733783507E-02   6.6266137635901174E+01   1.4698837021532434E+04
   4.2000000000000000E+12   1.5114466164302752E-02   6.6161780980514791E+01   1.5006378968606659E+04
   4.3000000000000000E+12   1.5137708620856947E-02   6.6060196100101052E+01   1.5308526716565962E+04
   4.4000000000000000E+12   1.5160416841913145E-02   6.5961247004459452E+01   1.5605420398104941E+04
   4.5000000000000000E+12   1.5182614832725721E-02   6.5864807282374500E+01   1.5897198206475530E+04
   4.6000000000000000E+12   1.5204325016807371E-02   6.5770759234268311E+01   1.6183995638226785E+04
   4.7000000000000000E+12   1.5225568371642573E-02   6.5678993098378342E+01   1.6465945328445727E+04
   4.8000000000000000E+12   1.5246364548782363E-02   6.5589406366376309E+01   1.6743177043150830E+04
   4.9000000000000000E+12   1.5266731983721122E-02   6.5501903162136969E+01   1.7015817386708146E+04
   5.0000000000000000E+12   1.5286687998501974E-02   6.5416393668660973E+01   1.7283989564733954E+04
   5.1000000000000000E+12   1.5306248883001786E-02   6.5332793661191602E+01   1.7547813525108450E+04
   5.2000000000000000E+12   1.5325429980660865E-02   6.5251024034033534E+01   1.7807405797791755E+04
   5.3000000000000000E+12   1.5344245757263446E-02   6.5171010411289458E+01   1.8062879172154255E+04
   5.4000000000000000E+12   1.5362709866692798E-02   6.5092682780402910E+01   1.8314344137848406E+04
   5.5000000000000000E+12   1.5380835213021530E-02   6.5015975150256637E+01   1.8561906371036934E+04
   5.6000000000000000E+12   1.5398634003178651E-02   6.4940825257199819E+01   1.8805669016388354E+04
   5.7000000000000000E+12   1.5416117794510558E-02   6.4867174299620672E+01   1.9045731968319717E+04
   5.8000000000000000E+12   1.5433297540802344E-02   6.4794966685260462E+01   1.9282191982961278E+04
   5.9000000000000000E+12   1.5450183638216274E-02   6.4724149784633255E+01   1.9515142495318090E+04
   6.0000000000000000E+12   1.5466785955006624E-02   6.4654673757626966E+01   1.9744674035085805E+04
   6.1000000000000000E+12   1.5483113870876621E-02   6.4586491344029767E+01   1.9970874143267898E+04
   6.2000000000000000E+12   1.5499176308965995E-02   6.4519557689108808E+01   2.0193827708039877E+04
   6.3000000000000000E+12   1.5514981764487415E-02   6.4453830186827687E+01   2.0413616613149465E+04
   6.4000000000000000E+12   1.5530538329452722E-02   6.4389268342589318E+01   2.0630320087044824E+04
   6.5000000000000000E+12   1.5545853720652160E-02   6.4325833625433688E+01   2.0844015092179612E+04
   6.6000000000000000E+12   1.5560935301409866E-02   6.4263489348830930E+01   2.1054775513704673E+04
   6.7000000000000000E+12   1.5575790105637890E-02   6.4202200544422794E+01   2.1262673400008534E+04
   6.8000000000000000E+12   1.5590424848820108E-02   6.4141933891922179E+01   2.1467778190289988E+04
   6.9000000000000000E+12   1.5604845956205215E-02   6.4082657579990624E+01   2.1670156972679248E+04
   7.0000000000000000E+12   1.5619059576556319E-02   6.4024341228646463E+01   2.1869874946825090E+04
   7.1000000000000000E+12   1.5633071594798383E-02   6.3966955817737819E+01   2.2066994984477155E+04
   7.2000000000000000E+12   1.5646887648994613E-02   6.3910473599154074E+01   2.2261578151805341E+04
   7.3000000000000000E+12   1.5660513146731149E-02   6.3854868012976461E+01   2.2453683306351526E+04
   7.4000000000000000E+12   1.5673953271733265E-02   6.3800113644808491E+01   2.2643367680180818E+04
   7.5000000000000000E+12   1.5687212998220772E-02   6.3746186152595698E+01   2.2830686607775431E+04
   7.6000000000000000E+12   1.5700297107058826E-02   6.3693062187364724E+01   2.3015693621233859E+04
   7.7000000000000000E+12   1.5713210188055205E-02   6.3640719371282614E+01   2.3198440656543877E+04
   7.8000000000000000E+12   1.5725956656865832E-02   6.3589136217249326E+01   2.3378978141265881E+04
   7.9000000000000000E+12   1.5738540754534562E-02   6.3538292119736823E+01   2.3557354843632846E+04
   8.0000000000000000E+12   1.5750966569377051E-02   6.3488167255982574E+01   2.3733617804680311E+04
   8.1000000000000000E+12   1.5763238030099668E-02   6.3438742604185457E+01   2.3907812945313693E+04
   8.2000000000000000E+12   1.5775358927807119E-02   6.3389999845728198E+01   2.4079985075232838E+04
   8.3000000000000000E+12   1.5787332909500965E-02   6.3341921382945614E+01   2.4250176916820703E+04
   8.4000000000000000E+12   1.5799163493873801E-02   6.3294490267649607E+01   2.4418430414965296E+04
   8.5000000000000000E+12   1.5810854077012319E-02   6.3247690170888234E+01   2.4584786140952925E+04
   8.6000000000000000E+12   1.5822407931306876E-02   6.3201505380313101E+01   2.4749283546300630E+04
   8.7000000000000000E+12   1.5833828220202635E-02   6.3155920734575368E+01   2.4911960766950717E+04
   8.8000000000000000E+12   1.5845117994614463E-02   6.3110921631501036E+01   2.5072854920601996E+04
   8.9000000000000000E+12   1.5856280206652269E-02   6.3066493967511050E+01   2.5232002425566556E+04
   9.0000000000000000E+12   1.5867317704277895E-02   6.3022624153444411E+01   2.5389437923327881E+04
   9.1000000000000000E+12   1.5878233243380543E-02   6.2979299061303877E+01   2.5545195667605847E+04
   9.2000000000000000E+12   1.5889029490833772E-02   6.2936506007298341E+01   2.5699308497912119E+04
   9.3000000000000000E+12   1.5899709023965085E-02   6.2894232749337398E+01   2.5851808891706620E+04
   9.4000000000000000E+12   1.5910274341839850E-02   6.2852467437991464E+01   2.6002727928910004E+04
   9.5000000000000000E+12   1.5920727858966480E-02   6.2811198637303811E+01   2.6152095886119347E+04
   9.6000000000000000E+12   1.5931071918615022E-02   6.2770415268261239E+01   2.6299942615409338E+04
   9.7000000000000000E+12   1.5941308788174704E-02   6.2730106623478889E+01   2.6446296671132048E+04
   9.8000000000000000E+12   1.5951440667986195E-02   6.2690262328903877E+01   2.6591186246114255E+04
   9.9000000000000000E+12   1.5961469688061333E-02   6.2650872353437990E+01   2.6734638233674519E+04
   1.0000000000000000E+13   1.5971397915214874E-02   6.2611926977748617E+01   2.6876679502471481E+04
   1.1000000000000000E+13   1.6065550296733240E-02   6.2244988906688100E+01   2.8224854087379463E+04
   1.2000000000000000E+13   1.6151504948451863E-02   6.1913735171523520E+01   2.9456551597026206E+04
   1.3000000000000000E+13   1.6230575747284069E-02   6.1612108872190468E+01   3.0589392017730348E+04
   1.4000000000000000E+13   1.6303784004124088E-02   6.1335454379611960E+01   3.1637353984265024E+04
   1.5000000000000000E+13   1.6371939365314534E-02   6.1080118713277948E+01   3.2611696606379082E+04
   1.6000000000000000E+13   1.6435694518597267E-02   6.0843184866236307E+01   3.3521612136865406E+04
   1.7000000000000000E+13   1.6495583343350911E-02   6.0622287747288624E+01   3.4374696698708765E+04
   1.8000000000000000E+13   1.6552048074869073E-02   6.0415484263744823E+01   3.5177295310171925E+04
   1.9000000000000000E+13   1.6605459165743415E-02   6.0221159199437949E+01   3.5934760377927196E+04
   2.0000000000000000E+13   1.6656130026227706E-02   6.0037955901241304E+01   3.6651645996315041E+04
   2.1000000000000000E+13   1.6704328152215446E-02   5.9864724332979122E+01   3.7331859092009683E+04
   2.2000000000000000E+13   1.6750283696912213E-02   5.9700481382553690E+01   3.7978774293315480E+04
   2.3000000000000000E+13   1.6794196101429380E-02   5.9544380329993210E+01   3.8595326755501628E+04
   2.4000000000000000E+13   1.6836239338926313E-02   5.9395686879310695E+01   3.9184084550897300E+04
   2.5000000000000000E+13   1.6876566042812714E-02   5.9253760359968126E+01   3.9747307063539993E+04
   2.6000000000000000E+13   1.6915310904843613E-02   5.9118038422436285E+01   4.0286992261884261E+04
   2.7000000000000000E+13   1.6952593354541280E-02   5.8988024963868966E+01   4.0804915515822926E+04
   2.8000000000000000E+13   1.6988519781001920E-02   5.8863280196918012E+01   4.1302660676654254E+04
   2.9000000000000000E+13   1.7023185369805242E-02   5.8743412485758590E+01   4.1781647325583792E+04
   3.0000000000000000E+13   1.7056675635528849E-02   5.8628071575507498E+01   4.2243152340864122E+04
   3.1000000000000000E+13   1.7089067662907555E-02   5.8516943096347887E+01   4.2688328277857880E+04
   3.2000000000000000E+13   1.7120431200797221E-02   5.8409743789247244E+01   4.3118218480953059E+04
   3.3000000000000000E+13   1.7150829553934432E-02   5.8306217600454104E+01   4.3533771464845464E+04
   3.4000000000000000E+13   1.7180320363442050E-02   5.8206132298201908E+01   4.3935850934911075E+04
   3.5000000000000000E+13   1.7208956250337068E-02   5.8109276672744947E+01   4.4325245845556383E+04
   3.6000000000000000E+13   1.7236785387463083E-02   5.8015458075340149E+01   4.4702679235651958E+04
   3.7000000000000000E+13   1.7263851975729803E-02   5.7924500360976175E+01   4.5068815055803745E+04
   3.8000000000000000E+13   1.7290196715607199E-02   5.7836241914896114E+01   4.5424264108200521E+04
   3.9000000000000000E+13   1.7315857099609363E-02   5.7750534336678008E+01   4.5769589854928017E+04
   4.0000000000000000E+13   1.7340867787856734E-02   5.7667240892077430E+01   4.6105312911198038E+04
   4.1000000000000000E+13   1.7365260860068409E-02   5.7586235418985858E+01   4.6431915510295556E+04
   4.2000000000000000E+13   1.7389066086893508E-02   5.7507401202743168E+01   4.6749845267112185E+04
   4.3000000000000000E+13   1.7412311147992354E-02   5.7430630058279228E+01   4.7059517844019014E+04
   4.4000000000000000E+13   1.7435021795192643E-02   5.7355821618515563E+01   4.7361320856645412E+04
   4.5000000000000000E+13   1.7457222039142167E-02   5.7282882566185165E+01   4.7655615187693700E+04
   4.6000000000000000E+13   1.7478934340550839E-02   5.7211725870496387E+01   4.7942738291567985E+04
   4.7000000000000000E+13   1.7500179667261896E-02   5.7142270480269971E+01   4.8223005140508896E+04
   4.8000000000000000E+13   1.7520977690729033E-02   5.7074440573549467E+01   4.8496711967409989E+04
   4.9000000000000000E+13   1.7541346855188242E-02   5.7008165236994216E+01   4.8764135514690162E+04
   5.0000000000000000E+13   1.7561304501101261E-02   5.6943377978400790E+01   4.9025536291930024E+04
   5.1000000000000000E+13   1.7580866916053789E-02   5.6880016484674051E+01   4.9281159035417011E+04
   5.2000000000000000E+13   1.7600049453426751E-02   5.6818022167846749E+01   4.9531234650765706E+04
   5.3000000000000000E+13   1.7618866590187361E-02   5.6757339916345103E+01   4.9775979978017182E+04
   5.4000000000000000E+13   1.7637331991985285E-02   5.6697917828751983E+01   5.0015600208623968E+04
   5.5000000000000000E+13   1.7655458545933513E-02   5.6639707057074702E+01   5.0250289135671388E+04
   5.6000000000000000E+13   1.7673258484829899E-02   5.6582661361421543E+01   5.0480229615633514E+04
   5.7000000000000000E+13   1.7690743363377098E-02   5.6526737144928198E+01   5.0705595499885356E+04
   5.8000000000000000E+13   1.7707924146342344E-02   5.6471893133027393E+01   5.0926550727645270E+04
   5.9000000000000000E+13   1.7724811233067558E-02   5.6418090260639374E+01   5.1143251204027729E+04
   6.0000000000000000E+13   1.7741414478511231E-02   5.6365291573071637E+01   5.1355844586768610E+04
   6.1000000000000000E+13   1.7757743280340233E-02   5.6313461919854973E+01   5.1564471785561211E+04
   6.2000000000000000E+13   1.7773806561703829E-02   5.6262567983306461E+01   5.1769266188282512E+04
   6.3000000000000000E+13   1.7789612815273106E-02   5.6212578114204909E+01   5.1970354471282786E+04
   6.4000000000000000E+13   1.7805170150332755E-02   5.6163462160529342E+01   5.2167858269487078E+04
   6.5000000000000000E+13   1.7820486265759390E-02   5.6115191532198452E+01   5.2361892565315953E+04
   6.6000000000000000E+13   1.7835568560785352E-02   5.6067738832765713E+01   5.2552567669866054E+04
   6.7000000000000000E+13   1.7850424027468982E-02   5.6021078180616783E+01   5.2739988473024634E+04
   6.8000000000000000E+13   1.7865059390143625E-02   5.5975184753749694E+01   5.2924254957408943E+04
   6.9000000000000000E+13   1.7879481124846462E-02   5.5930034715064338E+01   5.3105463192015697E+04
   7.0000000000000000E+13   1.7893695321333475E-02   5.5885605630479581E+01   5.3283704936757895E+04
   7.1000000000000000E+13   1.7907707906507510E-02   5.5841875756562267E+01   5.3459068140649950E+04
   7.2000000000000000E+13   1.7921524493913828E-02   5.5798824499534149E+01   5.3631636042984101E+04
   7.3000000000000000E+13   1.7935150505401259E-02   5.5756432024300281E+01   5.3801489320018380E+04
   7.4000000000000000E+13   1.7948591121016773E-02   5.5714679400605291E+01   5.3968705455277792E+04
   7.5000000000000000E+13   1.7961851328540935E-02   5.5673548439354079E+01   5.4133357967387288E+04
   7.6000000000000000E+13   1.7974935903903099E-02   5.5633021744620464E+01   5.4295518294598711E+04
   7.7000000000000000E+13   1.7987849418676219E-02   5.5593082681786939E+01   5.4455254468598010E+04
   7.8000000000000000E+13   1.8000596290116948E-02   5.5553715214925433E+01   5.4612631663505963E+04
   7.9000000000000000E+13   1.8013180811160392E-02   5.5514903807573624E+01   5.4767713060430891E+04
   8.0000000000000000E+13   1.8025607010680966E-02   5.5476633846918787E+01   5.4920559546115932E+04
   8.1000000000000000E+13   1.8037878857919017E-02   5.5438891006908975E+01   5.5071228899822388E+04
   8.2000000000000000E+13   1.8050000113686432E-02   5.5401661700918723E+01   5.5219777033790488E+04
   8.3000000000000000E+13   1.8061974450107137E-02   5.5364932707789791E+01   5.5366258244606011E+04
   8.4000000000000000E+13   1.8073805369954964E-02   5.5328691414501606E+01   5.5510724553789623E+04
   8.5000000000000000E+13   1.8085496278183642E-02   5.5292925591778783E+01   5.5653226152367868E+04
   8.6000000000000000E+13   1.8097050444895783E-02   5.5257623503063563E+01   5.5793811023110735E+04
   8.7000000000000000E+13   1.8108471039826542E-02   5.5222773794688024E+01   5.5932526173214450E+04
   8.8000000000000000E+13   1.8119761111576229E-02   5.5188365555279148E+01   5.6069416397650071E+04
   8.9000000000000000E+13   1.8130923611269053E-02   5.5154388239684735E+01   5.6204525181215227E+04
   9.0000000000000000E+13   1.8141961388804830E-02   5.5120831676837724E+01   5.6337894337348785E+04
   9.1000000000000000E+13   1.8152877189860091E-02   5.5087686075383374E+01   5.6469564961339216E+04
   9.2000000000000000E+13   1.8163673684473143E-02   5.5054941933626040E+01   5.6599575451978293E+04
   9.3000000000000000E+13   1.8174353467267933E-02   5.5022590036063910E+01   5.6727964275463462E+04
   9.4000000000000000E+13   1.8184919026985311E-02   5.4990621542832343E+01   5.6854767978938813E+04
   9.5000000000000000E+13   1.8195372778460062E-02   5.4959027889981691E+01   5.6980021603742891E+04
   9.6000000000000000E+13   1.8205717065271024E-02   5.4927800778997408E+01   5.7103759997416804E+04
   9.7000000000000000E+13   1.8215954163224295E-02   5.4896932163941955E+01   5.7226016134946251E+04
   9.8000000000000000E+13   1.8226086251851799E-02   5.4866414335024814E+01   5.7346821978490720E+04
   9.9000000000000000E+13   1.8236115484242293E-02   5.4836239705988568E+01   5.7466209201464429E+04
   1.0000000000000000E+14   1.8246043911013751E-02   5.4806401041070394E+01   5.7584208005903936E+04
