   1.0000000000000000E+00   0.0000000000000000E+00
   2.0000000000000000E+00   0.0000000000000000E+00
   3.0000000000000000E+00   0.0000000000000000E+00
   4.0000000000000000E+00   0.0000000000000000E+00
   5.0000000000000000E+00   0.0000000000000000E+00
   6.0000000000000000E+00   0.0000000000000000E+00
   7.0000000000000000E+00   0.0000000000000000E+00
   7.4189999999999996E+00   0.0000000000000000E+00
   7.4210000000000003E+00   0.0000000000000000E+00
   8.0000000000000000E+00   0.0000000000000000E+00
   9.0000000000000000E+00   0.0000000000000000E+00
   1.0000000000000000E+01   0.0000000000000000E+00
   1.1000000000000000E+01   0.0000000000000000E+00
   1.2000000000000000E+01   0.0000000000000000E+00
   1.3000000000000000E+01   0.0000000000000000E+00
   1.4000000000000000E+01   0.0000000000000000E+00
   1.5000000000000000E+01   0.0000000000000000E+00
   1.5049000000000001E+01   0.0000000000000000E+00
   1.5051000000000000E+01   0.0000000000000000E+00
   1.6000000000000000E+01   0.0000000000000000E+00
   1.7000000000000000E+01   0.0000000000000000E+00
   1.8000000000000000E+01   0.0000000000000000E+00
   1.9000000000000000E+01   0.0000000000000000E+00
   2.0000000000000000E+01   0.0000000000000000E+00
   2.1000000000000000E+01   0.0000000000000000E+00
   2.2000000000000000E+01   0.0000000000000000E+00
   2.3000000000000000E+01   0.0000000000000000E+00
   2.4000000000000000E+01   0.0000000000000000E+00
   2.4998999999999999E+01   0.0000000000000000E+00
   2.5001000000000001E+01   0.0000000000000000E+00
   2.6000000000000000E+01   0.0000000000000000E+00
   2.6998999999999999E+01   0.0000000000000000E+00
   2.7001000000000001E+01   0.0000000000000000E+00
   2.8000000000000000E+01   0.0000000000000000E+00
   2.9000000000000000E+01   0.0000000000000000E+00
   3.0000000000000000E+01   0.0000000000000000E+00
   3.1000000000000000E+01   0.0000000000000000E+00
   3.2000000000000000E+01   0.0000000000000000E+00
   3.3000000000000000E+01   0.0000000000000000E+00
   3.4000000000000000E+01   0.0000000000000000E+00
   3.5000000000000000E+01   0.0000000000000000E+00
   3.6000000000000000E+01   0.0000000000000000E+00
   3.7000000000000000E+01   0.0000000000000000E+00
   3.8000000000000000E+01   0.0000000000000000E+00
   3.9000000000000000E+01   0.0000000000000000E+00
   4.0000000000000000E+01   0.0000000000000000E+00
   4.1000000000000000E+01   0.0000000000000000E+00
   4.2000000000000000E+01   0.0000000000000000E+00
   4.3000000000000000E+01   0.0000000000000000E+00
   4.4000000000000000E+01   0.0000000000000000E+00
   4.5000000000000000E+01   0.0000000000000000E+00
   4.6000000000000000E+01   0.0000000000000000E+00
   4.7000000000000000E+01   0.0000000000000000E+00
   4.8000000000000000E+01   0.0000000000000000E+00
   4.9000000000000000E+01   0.0000000000000000E+00
   5.0000000000000000E+01   0.0000000000000000E+00
   5.1000000000000000E+01   0.0000000000000000E+00
   5.2000000000000000E+01   0.0000000000000000E+00
   5.3000000000000000E+01   0.0000000000000000E+00
   5.4000000000000000E+01   0.0000000000000000E+00
   5.5000000000000000E+01   0.0000000000000000E+00
   5.6000000000000000E+01   0.0000000000000000E+00
   5.7000000000000000E+01   0.0000000000000000E+00
   5.8000000000000000E+01   0.0000000000000000E+00
   5.9000000000000000E+01   0.0000000000000000E+00
   6.0000000000000000E+01   0.0000000000000000E+00
   6.1000000000000000E+01   0.0000000000000000E+00
   6.2000000000000000E+01   0.0000000000000000E+00
   6.3000000000000000E+01   0.0000000000000000E+00
   6.4000000000000000E+01   0.0000000000000000E+00
   6.5000000000000000E+01   0.0000000000000000E+00
   6.6000000000000000E+01   0.0000000000000000E+00
   6.7000000000000000E+01   0.0000000000000000E+00
   6.8000000000000000E+01   0.0000000000000000E+00
   6.9000000000000000E+01   0.0000000000000000E+00
   7.0000000000000000E+01   0.0000000000000000E+00
   7.1000000000000000E+01   0.0000000000000000E+00
   7.2000000000000000E+01   0.0000000000000000E+00
   7.3000000000000000E+01   0.0000000000000000E+00
   7.4000000000000000E+01   0.0000000000000000E+00
   7.5000000000000000E+01   0.0000000000000000E+00
   7.6000000000000000E+01   0.0000000000000000E+00
   7.7000000000000000E+01   0.0000000000000000E+00
   7.8000000000000000E+01   0.0000000000000000E+00
   7.9000000000000000E+01   0.0000000000000000E+00
   8.0000000000000000E+01   0.0000000000000000E+00
   8.1000000000000000E+01   0.0000000000000000E+00
   8.2000000000000000E+01   0.0000000000000000E+00
   8.3000000000000000E+01   0.0000000000000000E+00
   8.4000000000000000E+01   0.0000000000000000E+00
   8.5000000000000000E+01   0.0000000000000000E+00
   8.6000000000000000E+01   0.0000000000000000E+00
   8.7000000000000000E+01   0.0000000000000000E+00
   8.8000000000000000E+01   0.0000000000000000E+00
   8.9000000000000000E+01   0.0000000000000000E+00
   8.9998999999999995E+01   0.0000000000000000E+00
   9.0001000000000005E+01   0.0000000000000000E+00
   9.1000000000000000E+01   0.0000000000000000E+00
   9.2000000000000000E+01   0.0000000000000000E+00
   9.3000000000000000E+01   0.0000000000000000E+00
   9.4000000000000000E+01   0.0000000000000000E+00
   9.5000000000000000E+01   0.0000000000000000E+00
   9.6000000000000000E+01   0.0000000000000000E+00
   9.7000000000000000E+01   0.0000000000000000E+00
   9.8000000000000000E+01   0.0000000000000000E+00
   9.9000000000000000E+01   0.0000000000000000E+00
   1.0000000000000000E+02   0.0000000000000000E+00
   1.1000000000000000E+02   0.0000000000000000E+00
   1.1099900000000000E+02   0.0000000000000000E+00
   1.1100100000000000E+02   0.0000000000000000E+00
   1.2000000000000000E+02   0.0000000000000000E+00
   1.3000000000000000E+02   0.0000000000000000E+00
   1.4000000000000000E+02   0.0000000000000000E+00
   1.4399900000000000E+02   0.0000000000000000E+00
   1.4400100000000000E+02   0.0000000000000000E+00
   1.4799900000000000E+02   0.0000000000000000E+00
   1.4800100000000000E+02   0.0000000000000000E+00
   1.5000000000000000E+02   0.0000000000000000E+00
   1.5299900000000000E+02   0.0000000000000000E+00
   1.5300100000000000E+02   0.0000000000000000E+00
   1.6000000000000000E+02   0.0000000000000000E+00
   1.7000000000000000E+02   0.0000000000000000E+00
   1.8000000000000000E+02   0.0000000000000000E+00
   1.9000000000000000E+02   0.0000000000000000E+00
   2.0000000000000000E+02   0.0000000000000000E+00
   2.1000000000000000E+02   0.0000000000000000E+00
   2.2000000000000000E+02   0.0000000000000000E+00
   2.3000000000000000E+02   0.0000000000000000E+00
   2.4000000000000000E+02   0.0000000000000000E+00
   2.5000000000000000E+02   0.0000000000000000E+00
   2.6000000000000000E+02   0.0000000000000000E+00
   2.7000000000000000E+02   0.0000000000000000E+00
   2.8000000000000000E+02   0.0000000000000000E+00
   2.9000000000000000E+02   0.0000000000000000E+00
   3.0000000000000000E+02   0.0000000000000000E+00
   3.1000000000000000E+02   0.0000000000000000E+00
   3.2000000000000000E+02   0.0000000000000000E+00
   3.3000000000000000E+02   0.0000000000000000E+00
   3.4000000000000000E+02   0.0000000000000000E+00
   3.5000000000000000E+02   0.0000000000000000E+00
   3.6000000000000000E+02   0.0000000000000000E+00
   3.7000000000000000E+02   0.0000000000000000E+00
   3.8000000000000000E+02   0.0000000000000000E+00
   3.9000000000000000E+02   0.0000000000000000E+00
   4.0000000000000000E+02   0.0000000000000000E+00
   4.1000000000000000E+02   0.0000000000000000E+00
   4.1899900000000002E+02   0.0000000000000000E+00
   4.1900099999999998E+02   1.3836485726349988E-03
   4.2000000000000000E+02   1.4294453650000000E-03
   4.3000000000000000E+02   1.8904413214285711E-03
   4.4000000000000000E+02   2.2627584215737361E-03
   4.4099900000000002E+02   2.2914393263418452E-03
   4.4100099999999998E+02   2.2914967455706088E-03
   4.5000000000000000E+02   2.5060169999999997E-03
   4.6000000000000000E+02   2.6674289187049631E-03
   4.7000000000000000E+02   2.7792557608976192E-03
   4.8000000000000000E+02   2.8822249792762743E-03
   4.9000000000000000E+02   2.9846254045778264E-03
   5.0000000000000000E+02   3.0870258298793789E-03
   5.1000000000000000E+02   3.1832361818181815E-03
   5.2000000000000000E+02   3.2674818352093878E-03
   5.3000000000000000E+02   3.3438895056281631E-03
   5.4000000000000000E+02   3.4076893155008613E-03
   5.5000000000000000E+02   3.4702659045359897E-03
   5.6000000000000000E+02   3.5284367614636641E-03
   5.7000000000000000E+02   3.5802563807318319E-03
   5.8000000000000000E+02   3.6320759999999997E-03
   5.9000000000000000E+02   3.6705330000000001E-03
   6.0000000000000000E+02   3.7089900000000001E-03
   6.1000000000000000E+02   3.7339558728954952E-03
   6.2000000000000000E+02   3.7589217457909903E-03
   6.3000000000000000E+02   3.7777965108508598E-03
   6.4000000000000000E+02   3.7930402554254301E-03
   6.5000000000000000E+02   3.8082840000000003E-03
   6.5099900000000002E+02   3.8088445706398809E-03
   6.5100099999999998E+02   3.8088456929034238E-03
   6.6000000000000000E+02   3.8138953177165205E-03
   6.7000000000000000E+02   3.8195066354330407E-03
   6.8000000000000000E+02   3.8213206374204402E-03
   6.9000000000000000E+02   3.8172375059944514E-03
   7.0000000000000000E+02   3.8131543745684622E-03
   7.1000000000000000E+02   3.8074217658702093E-03
   7.2000000000000000E+02   3.7953088551030442E-03
   7.3000000000000000E+02   3.7831959443358791E-03
   7.4000000000000000E+02   3.7710830335687139E-03
   7.5000000000000000E+02   3.7529630590698321E-03
   7.6000000000000000E+02   3.7339373727132215E-03
   7.6899900000000002E+02   3.7168161575609074E-03
   7.6900099999999998E+02   3.7168123524236362E-03
   7.7000000000000000E+02   3.7149116863566104E-03
   7.8000000000000000E+02   3.6958859999999998E-03
   7.9000000000000000E+02   3.6714568692173301E-03
   8.0000000000000000E+02   3.6470277384346608E-03
   8.1000000000000000E+02   3.6225986076519911E-03
   8.2000000000000000E+02   3.5981694768693214E-03
   8.3000000000000000E+02   3.5702841155590545E-03
   8.4000000000000000E+02   3.5413995866692910E-03
   8.5000000000000000E+02   3.5125150577795272E-03
   8.6000000000000000E+02   3.4836305288897637E-03
   8.7000000000000000E+02   3.4547459999999999E-03
   8.8000000000000000E+02   3.4240378583107927E-03
   8.9000000000000000E+02   3.3933297166215850E-03
   8.9899900000000002E+02   3.3656954599154674E-03
   8.9900099999999998E+02   3.3656893182871296E-03
   9.0000000000000000E+02   3.3626215749323778E-03
   9.1000000000000000E+02   3.3319134332431707E-03
   9.2000000000000000E+02   3.3012052915539630E-03
   9.3000000000000000E+02   3.2701472998181683E-03
   9.4000000000000000E+02   3.2389682079545165E-03
   9.5000000000000000E+02   3.2077891160908652E-03
   9.6000000000000000E+02   3.1766100242272134E-03
   9.7000000000000000E+02   3.1454309323635616E-03
   9.8000000000000000E+02   3.1141708197731446E-03
   9.9000000000000000E+02   3.0826984720575840E-03
   1.0000000000000000E+03   3.0512261243420234E-03
   1.1000000000000000E+03   2.7391190540535068E-03
   1.2000000000000000E+03   2.4492075336867529E-03
   1.3000000000000000E+03   2.1885179919119268E-03
   1.4000000000000000E+03   1.9554890288613130E-03
   1.5000000000000000E+03   1.7497828646686614E-03
   1.6000000000000000E+03   1.5707482742665397E-03
   1.7000000000000000E+03   1.4112546428707556E-03
   1.8000000000000000E+03   1.2707846879230281E-03
   1.9000000000000000E+03   1.1477891932539358E-03
   2.0000000000000000E+03   1.0398843777892964E-03
   2.1000000000000000E+03   9.4343996993372689E-04
   2.2000000000000000E+03   8.5860371953303514E-04
   2.3000000000000000E+03   7.8260479752479827E-04
   2.4000000000000000E+03   7.1515800000000003E-04
   2.4899989999999998E+03   6.6015695969016920E-04
   2.4900010000000002E+03   6.6015578518206926E-04
   2.5000000000000000E+03   6.5435537097197159E-04
   2.5919989999999998E+03   6.0512493245141075E-04
   2.5920010000000002E+03   6.0512392162110653E-04
   2.6000000000000000E+03   6.0108110582035839E-04
   2.7000000000000000E+03   5.5222203099993211E-04
   2.8000000000000000E+03   5.0870416406461423E-04
   2.9000000000000000E+03   4.6973741156732240E-04
   3.0000000000000000E+03   4.3382436412030810E-04
   3.0719989999999998E+03   4.1052749325422587E-04
   3.0720010000000002E+03   4.1052684786079539E-04
   3.1000000000000000E+03   4.0198829303170495E-04
   3.2000000000000000E+03   3.7295905457906655E-04
   3.3000000000000000E+03   3.4602820332352155E-04
   3.4000000000000000E+03   3.2190375776355851E-04
   3.5000000000000000E+03   3.0009479999999999E-04
   3.5599989999999998E+03   2.8777865356659237E-04
   3.5600010000000002E+03   2.8777824302153544E-04
   3.6000000000000000E+03   2.7980389561665968E-04
   3.7000000000000000E+03   2.6145092705883333E-04
   3.8000000000000000E+03   2.4462435777134454E-04
   3.8569989999999998E+03   2.3554710012178173E-04
   3.8570010000000002E+03   2.3554679756788253E-04
   3.9000000000000000E+03   2.2904204001319373E-04
   4.0000000000000000E+03   2.1453958532985709E-04
   4.1000000000000000E+03   2.0146400594233508E-04
   4.2000000000000000E+03   1.8938596448380416E-04
   4.3000000000000000E+03   1.7803585162742347E-04
   4.4000000000000000E+03   1.6758810859836935E-04
   4.5000000000000000E+03   1.5784273929067872E-04
   4.6000000000000000E+03   1.4900089823598577E-04
   4.7000000000000000E+03   1.4073886867198469E-04
   4.8000000000000000E+03   1.3299788156568201E-04
   4.9000000000000000E+03   1.2571838354160763E-04
   5.0000000000000000E+03   1.1895901863647158E-04
   5.1000000000000000E+03   1.1272207644040577E-04
   5.2000000000000000E+03   1.0688306506871668E-04
   5.3000000000000000E+03   1.0147590889224699E-04
   5.4000000000000000E+03   9.6360815263174683E-05
   5.5000000000000000E+03   9.1526855207028530E-05
   5.6000000000000000E+03   8.7084213895242035E-05
   5.7000000000000000E+03   8.2855001357051236E-05
   5.8000000000000000E+03   7.8919074199728184E-05
   5.9000000000000000E+03   7.5211240044161884E-05
   6.0000000000000000E+03   7.1644255218941054E-05
   6.1000000000000000E+03   6.8321918534376813E-05
   6.2000000000000000E+03   6.5234275436660072E-05
   6.3000000000000000E+03   6.2317108333279040E-05
   6.4000000000000000E+03   5.9595807125182744E-05
   6.5000000000000000E+03   5.6966765921530751E-05
   6.6000000000000000E+03   5.4501093114318690E-05
   6.7000000000000000E+03   5.2131282364830254E-05
   6.8000000000000000E+03   4.9924374704008115E-05
   6.9000000000000000E+03   4.7826098534648396E-05
   7.0000000000000000E+03   4.5867719710163102E-05
   7.1000000000000000E+03   4.3980130772794749E-05
   7.2000000000000000E+03   4.2232582440296302E-05
   7.3000000000000000E+03   4.0529091039402062E-05
   7.4000000000000000E+03   3.8924900880228606E-05
   7.5000000000000000E+03   3.7383285781004117E-05
   7.6000000000000000E+03   3.5923951087128489E-05
   7.7000000000000000E+03   3.4530148022176706E-05
   7.8000000000000000E+03   3.3218040923905072E-05
   7.9000000000000000E+03   3.1987236584824984E-05
   8.0000000000000000E+03   3.0799154393604016E-05
   8.1000000000000000E+03   2.9668649429959565E-05
   8.2000000000000000E+03   2.8576856520022749E-05
   8.3000000000000000E+03   2.7545141216848234E-05
   8.4000000000000000E+03   2.6551778643771066E-05
   8.5000000000000000E+03   2.5595574095200715E-05
   8.6000000000000000E+03   2.4687511436375630E-05
   8.7000000000000000E+03   2.3828111184689906E-05
   8.8000000000000000E+03   2.3014167657849650E-05
   8.9000000000000000E+03   2.2224182105354961E-05
   9.0000000000000000E+03   2.1481086912256004E-05
   9.1000000000000000E+03   2.0756549902018546E-05
   9.2000000000000000E+03   2.0061158112676946E-05
   9.3000000000000000E+03   1.9390919257359993E-05
   9.4000000000000000E+03   1.8753892374435920E-05
   9.5000000000000000E+03   1.8148092798791614E-05
   9.6000000000000000E+03   1.7552373804320129E-05
   9.7000000000000000E+03   1.6993057738000699E-05
   9.8000000000000000E+03   1.6462134455133146E-05
   9.9000000000000000E+03   1.5948563921089320E-05
   1.0000000000000000E+04   1.5443820826963421E-05
   1.1000000000000000E+04   1.1399211267267007E-05
   1.2000000000000000E+04   8.6060775168399338E-06
   1.3000000000000000E+04   6.6213283440353483E-06
   1.3040999000000000E+04   6.5513077549213510E-06
   1.3041001000000000E+04   6.5513043391995466E-06
   1.4000000000000000E+04   5.1753391620547012E-06
   1.5000000000000000E+04   4.1035294461387059E-06
   1.5205999000000000E+04   3.9203266853405078E-06
   1.5206001000000000E+04   3.9203249521784625E-06
   1.5866999000000000E+04   3.3920680059013709E-06
   1.5867001000000000E+04   3.3920665982777462E-06
   1.6000000000000000E+04   3.2984603310619482E-06
   1.7000000000000000E+04   2.6791608858254112E-06
   1.8000000000000000E+04   2.1994100089097176E-06
   1.9000000000000000E+04   1.8229842409966585E-06
   2.0000000000000000E+04   1.5227660944325760E-06
   2.1000000000000000E+04   1.2831055511500108E-06
   2.2000000000000000E+04   1.0867207349645248E-06
   2.3000000000000000E+04   9.2741356636670733E-07
   2.4000000000000000E+04   7.9651031709127253E-07
   2.5000000000000000E+04   6.8714694090454127E-07
   2.6000000000000000E+04   5.9608958533545831E-07
   2.7000000000000000E+04   5.1990242336515685E-07
   2.8000000000000000E+04   4.5528456951733521E-07
   2.9000000000000000E+04   4.0009699298905267E-07
   3.0000000000000000E+04   3.5337477251748794E-07
   3.1000000000000000E+04   3.1303487155064302E-07
   3.2000000000000000E+04   2.7850514425764268E-07
   3.3000000000000000E+04   2.4840432493750267E-07
   3.4000000000000000E+04   2.2215657969163269E-07
   3.5000000000000000E+04   1.9943763218351133E-07
   3.6000000000000000E+04   1.7950846832554819E-07
   3.7000000000000000E+04   1.6212549703195125E-07
   3.8000000000000000E+04   1.4660096673914632E-07
   3.9000000000000000E+04   1.3291875288805706E-07
   4.0000000000000000E+04   1.2077778918393601E-07
   4.1000000000000000E+04   1.1000276546784747E-07
   4.2000000000000000E+04   1.0044677246479154E-07
   4.3000000000000000E+04   9.1909410274006686E-08
   4.4000000000000000E+04   8.4230773990001235E-08
   4.5000000000000000E+04   7.7348647026077818E-08
   4.6000000000000000E+04   7.1104389334458206E-08
   4.7000000000000000E+04   6.5463182896833131E-08
   4.8000000000000000E+04   6.0408175367948102E-08
   4.9000000000000000E+04   5.5860702058097048E-08
   5.0000000000000000E+04   5.1677932846439746E-08
   5.1000000000000000E+04   4.7932217717129263E-08
   5.2000000000000000E+04   4.4506620746944412E-08
   5.3000000000000000E+04   4.1349285123481036E-08
   5.4000000000000000E+04   3.8469687788287675E-08
   5.5000000000000000E+04   3.5831102822027315E-08
   5.6000000000000000E+04   3.3435722342902687E-08
   5.7000000000000000E+04   3.1225256017554631E-08
   5.8000000000000000E+04   2.9189027623842068E-08
   5.9000000000000000E+04   2.7332763720585124E-08
   6.0000000000000000E+04   2.5633457927066803E-08
   6.1000000000000000E+04   2.4037282123217591E-08
   6.2000000000000000E+04   2.2571384302428476E-08
   6.3000000000000000E+04   2.1227506479038237E-08
   6.4000000000000000E+04   1.9975906494333033E-08
   6.5000000000000000E+04   1.8812864414668219E-08
   6.6000000000000000E+04   1.7724658332432174E-08
   6.7000000000000000E+04   1.6712821212431557E-08
   6.8000000000000000E+04   1.5779346528322765E-08
   6.9000000000000000E+04   1.4912425197399984E-08
   7.0000000000000000E+04   1.4102931898614127E-08
   7.1000000000000000E+04   1.3346873247948293E-08
   7.2000000000000000E+04   1.2640452698108296E-08
   7.3000000000000000E+04   1.1980086696918841E-08
   7.4000000000000000E+04   1.1362411639948249E-08
   7.5000000000000000E+04   1.0784284172849650E-08
   7.6000000000000000E+04   1.0242776751048662E-08
   7.7000000000000000E+04   9.7351700955326064E-09
   7.8000000000000000E+04   9.2589438706259668E-09
   7.9000000000000000E+04   8.8117657685983408E-09
   8.0000000000000000E+04   8.3914803211349309E-09
   8.1000000000000000E+04   7.9960972791356037E-09
   8.2000000000000000E+04   7.6237801719739384E-09
   8.3000000000000000E+04   7.2728352494660338E-09
   8.4000000000000000E+04   6.9417008757482117E-09
   8.5000000000000000E+04   6.6346065910111737E-09
   8.6000000000000000E+04   6.3345149997372645E-09
   8.7000000000000000E+04   6.0602736209823285E-09
   8.8000000000000000E+04   5.7958943984550463E-09
   8.8010998999999996E+04   5.7931351697595600E-09
   8.8011001000000004E+04   5.7931346680360017E-09
   8.9000000000000000E+04   5.5450326205218065E-09
   9.0000000000000000E+04   5.3115184838833811E-09
   9.1000000000000000E+04   5.0872995602120615E-09
   9.2000000000000000E+04   4.8739242835952426E-09
   9.3000000000000000E+04   4.6750468137859903E-09
   9.4000000000000000E+04   4.4848461220284127E-09
   9.5000000000000000E+04   4.3035839197508534E-09
   9.6000000000000000E+04   4.1312165451386549E-09
   9.7000000000000000E+04   3.9678839537250306E-09
   9.8000000000000000E+04   3.8131726578271333E-09
   9.9000000000000000E+04   3.6657282455816546E-09
   1.0000000000000000E+05   3.5279542538599735E-09
   1.1000000000000000E+05   2.4350995100749439E-09
   1.2000000000000000E+05   1.7376918804316300E-09
   1.3000000000000000E+05   1.2763681929209032E-09
   1.4000000000000000E+05   9.5996623339642024E-10
   1.5000000000000000E+05   7.3747002701985330E-10
   1.6000000000000000E+05   5.7745903220066750E-10
   1.7000000000000000E+05   4.5932071852339237E-10
   1.8000000000000000E+05   3.7037672589704750E-10
   1.9000000000000000E+05   3.0195075819482679E-10
   2.0000000000000000E+05   2.4890418962324667E-10
   2.1000000000000000E+05   2.0741765244440277E-10
   2.2000000000000000E+05   1.7497674662493606E-10
   2.3000000000000000E+05   1.4871691087799651E-10
   2.4000000000000000E+05   1.2758028103702837E-10
   2.5000000000000000E+05   1.1012821166959935E-10
   2.6000000000000000E+05   9.5675043216021333E-11
   2.7000000000000000E+05   8.3757015853808945E-11
   2.8000000000000000E+05   7.3676406563411331E-11
   2.9000000000000000E+05   6.5138308591283940E-11
   3.0000000000000000E+05   5.7923159852233587E-11
   3.1000000000000000E+05   5.1723631356371831E-11
   3.2000000000000000E+05   4.6314447845592982E-11
   3.3000000000000000E+05   4.1753295121289552E-11
   3.4000000000000000E+05   3.7723559193038945E-11
   3.5000000000000000E+05   3.4203989025291342E-11
   3.6000000000000000E+05   3.1134394110985670E-11
   3.7000000000000000E+05   2.8410481572847159E-11
   3.8000000000000000E+05   2.6015977810332548E-11
   3.9000000000000000E+05   2.3871826218592030E-11
   4.0000000000000000E+05   2.1993540544167223E-11
   4.1000000000000000E+05   2.0295942814176238E-11
   4.2000000000000000E+05   1.8778274368228100E-11
   4.3000000000000000E+05   1.7417652480259013E-11
   4.4000000000000000E+05   1.6192428014786238E-11
   4.5000000000000000E+05   1.5075500024075710E-11
   4.6000000000000000E+05   1.4067841568642443E-11
   4.7000000000000000E+05   1.3150771305864742E-11
   4.8000000000000000E+05   1.2323426123072902E-11
   4.9000000000000000E+05   1.1570445297582260E-11
   5.0000000000000000E+05   1.0871814777889786E-11
   5.1000000000000000E+05   1.0230494731553578E-11
   5.2000000000000000E+05   9.6492464335809607E-12
   5.3000000000000000E+05   9.1168275626379391E-12
   5.4000000000000000E+05   8.6175226824960938E-12
   5.5000000000000000E+05   8.1526512275941954E-12
   5.6000000000000000E+05   7.7370822359626138E-12
   5.7000000000000000E+05   7.3464212391121540E-12
   5.8000000000000000E+05   6.9876370419316668E-12
   5.9000000000000000E+05   6.6472804837971569E-12
   6.0000000000000000E+05   6.3245000000000004E-12
   6.1000000000000000E+05   6.0401586600965355E-12
   6.2000000000000000E+05   5.7696796055238417E-12
   6.3000000000000000E+05   5.5188706154881886E-12
   6.4000000000000000E+05   5.2781011676449880E-12
   6.5000000000000000E+05   5.0538226368505169E-12
   6.6000000000000000E+05   4.8460460334700646E-12
   6.7000000000000000E+05   4.6503486374676344E-12
   6.8000000000000000E+05   4.4671999270890060E-12
   6.9000000000000000E+05   4.2924061886647960E-12
   7.0000000000000000E+05   4.1288218087096735E-12
   7.1000000000000000E+05   3.9719375486291129E-12
   7.2000000000000000E+05   3.8295830974029127E-12
   7.3000000000000000E+05   3.6914147289665619E-12
   7.4000000000000000E+05   3.5611033499744929E-12
   7.5000000000000000E+05   3.4374159554525809E-12
   7.6000000000000000E+05   3.3183418790883362E-12
   7.7000000000000000E+05   3.2056295704551019E-12
   7.8000000000000000E+05   3.0985332703377455E-12
   7.9000000000000000E+05   2.9976331665487391E-12
   8.0000000000000000E+05   2.8991703435785887E-12
   8.1000000000000000E+05   2.8053216237742186E-12
   8.2000000000000000E+05   2.7148513730500581E-12
   8.3000000000000000E+05   2.6297232249717673E-12
   8.4000000000000000E+05   2.5488560318187546E-12
   8.5000000000000000E+05   2.4695331646058585E-12
   8.6000000000000000E+05   2.3953955678988931E-12
   8.7000000000000000E+05   2.3222849400951666E-12
   8.8000000000000000E+05   2.2574882276079128E-12
   8.9000000000000000E+05   2.1935780726877161E-12
   9.0000000000000000E+05   2.1318923209338974E-12
   9.1000000000000000E+05   2.0741545107254490E-12
   9.2000000000000000E+05   2.0164167005170005E-12
   9.3000000000000000E+05   1.9641668249663452E-12
   9.4000000000000000E+05   1.9138165906911724E-12
   9.5000000000000000E+05   1.8657270303733599E-12
   9.6000000000000000E+05   1.8191832039378581E-12
   9.7000000000000000E+05   1.7748862776135652E-12
   9.8000000000000000E+05   1.7340321022661823E-12
   9.9000000000000000E+05   1.6936091370372666E-12
   1.0000000000000000E+06   1.6557347512745960E-12
   1.1000000000000000E+06   1.3494710766824437E-12
   1.2000000000000000E+06   1.1368764425695002E-12
   1.3000000000000000E+06   9.7947539997925804E-13
   1.4000000000000000E+06   8.5839964998990829E-13
   1.5000000000000000E+06   7.6018682287435615E-13
   1.6000000000000000E+06   6.7872413800324401E-13
   1.7000000000000000E+06   6.1017984390007203E-13
   1.8000000000000000E+06   5.5170763161494803E-13
   1.9000000000000000E+06   5.0242854454184205E-13
   2.0000000000000000E+06   4.6074585787555093E-13
   2.1000000000000000E+06   4.2427895412710961E-13
   2.2000000000000000E+06   3.9322191826211516E-13
   2.3000000000000000E+06   3.6564311542673437E-13
   2.4000000000000000E+06   3.4101001957574495E-13
   2.5000000000000000E+06   3.1977569875969267E-13
   2.6000000000000000E+06   3.0070723555694962E-13
   2.7000000000000000E+06   2.8329449705557626E-13
   2.8000000000000000E+06   2.6764549651357100E-13
   2.9000000000000000E+06   2.5359316138747034E-13
   3.0000000000000000E+06   2.4087548372351050E-13
   3.1000000000000000E+06   2.2911026178422394E-13
   3.2000000000000000E+06   2.1834772884684627E-13
   3.3000000000000000E+06   2.0857007831222331E-13
   3.4000000000000000E+06   1.9961247200761227E-13
   3.5000000000000000E+06   1.9123589863581522E-13
   3.6000000000000000E+06   1.8351052381115940E-13
   3.7000000000000000E+06   1.7621506651159450E-13
   3.8000000000000000E+06   1.6959574322938709E-13
   3.9000000000000000E+06   1.6341726536850662E-13
   4.0000000000000000E+06   1.5769637653435175E-13
   4.1000000000000000E+06   1.5213698856834392E-13
   4.2000000000000000E+06   1.4706868821649742E-13
   4.3000000000000000E+06   1.4221487329975703E-13
   4.4000000000000000E+06   1.3777363166770619E-13
   4.5000000000000000E+06   1.3354297274210046E-13
   4.6000000000000000E+06   1.2953911492052910E-13
   4.7000000000000000E+06   1.2580774843486110E-13
   4.8000000000000000E+06   1.2211549800676283E-13
   4.9000000000000000E+06   1.1876559900795088E-13
   5.0000000000000000E+06   1.1541570000913897E-13
   5.1000000000000000E+06   1.1244532757232764E-13
   5.2000000000000000E+06   1.0952608235211117E-13
   5.3000000000000000E+06   1.0677199419833996E-13
   5.4000000000000000E+06   1.0409921821883260E-13
   5.5000000000000000E+06   1.0165519457271221E-13
   5.6000000000000000E+06   9.9223740796875518E-14
   5.7000000000000000E+06   9.6859577428746089E-14
   5.8000000000000000E+06   9.4689148107394338E-14
   5.9000000000000000E+06   9.2518718786042586E-14
   6.0000000000000000E+06   9.0474099817260193E-14
   6.1000000000000000E+06   8.8593696436039288E-14
   6.2000000000000000E+06   8.6713293054818384E-14
   6.3000000000000000E+06   8.4936940398003586E-14
   6.4000000000000000E+06   8.3222614275938200E-14
   6.5000000000000000E+06   8.1578477313469349E-14
   6.6000000000000000E+06   8.0025661522290182E-14
   6.7000000000000000E+06   7.8472845731111003E-14
   6.8000000000000000E+06   7.6920273080180753E-14
   6.9000000000000000E+06   7.5541439578025231E-14
   7.0000000000000000E+06   7.4162606075869721E-14
   7.1000000000000000E+06   7.2783772573714210E-14
   7.2000000000000000E+06   7.1477083918237215E-14
   7.3000000000000000E+06   7.0285318939336685E-14
   7.4000000000000000E+06   6.9093553960436155E-14
   7.5000000000000000E+06   6.7901788981535625E-14
   7.6000000000000000E+06   6.6797120137539582E-14
   7.7000000000000000E+06   6.5714988402052139E-14
   7.8000000000000000E+06   6.4632856666564697E-14
   7.9000000000000000E+06   6.3625019701628272E-14
   8.0000000000000000E+06   6.2618443470956308E-14
   8.1000000000000000E+06   6.1672402807344270E-14
   8.2000000000000000E+06   6.0740911238607738E-14
   8.3000000000000000E+06   5.9809419669871218E-14
   8.4000000000000000E+06   5.8913195431689966E-14
   8.5000000000000000E+06   5.8064458388293859E-14
   8.6000000000000000E+06   5.7215721344897752E-14
   8.7000000000000000E+06   5.6366984301501651E-14
   8.8000000000000000E+06   5.5610497213612793E-14
   8.9000000000000000E+06   5.4863847235317001E-14
   9.0000000000000000E+06   5.4117197257021208E-14
   9.1000000000000000E+06   5.3370547278725409E-14
   9.2000000000000000E+06   5.2674853032731620E-14
   9.3000000000000000E+06   5.1991984989445909E-14
   9.4000000000000000E+06   5.1309116946160192E-14
   9.5000000000000000E+06   5.0663237802173633E-14
   9.6000000000000000E+06   5.0042651768397282E-14
   9.7000000000000000E+06   4.9422065734620931E-14
   9.8000000000000000E+06   4.8801479700844579E-14
   9.9000000000000000E+06   4.8180893667068234E-14
   1.0000000000000000E+07   4.7598940279144454E-14
   1.1000000000000000E+07   4.2457725215313509E-14
   1.2000000000000000E+07   3.8305638621724244E-14
   1.3000000000000000E+07   3.4831481571158412E-14
   1.4000000000000000E+07   3.1998422023942284E-14
   1.5000000000000000E+07   2.9548332340172551E-14
   1.6000000000000000E+07   2.7437721211522507E-14
   1.7000000000000000E+07   2.5609368723176494E-14
   1.8000000000000000E+07   2.4031491671209858E-14
   1.9000000000000000E+07   2.2616342554938032E-14
   2.0000000000000000E+07   2.1351377174279755E-14
   2.1000000000000000E+07   2.0219115683684974E-14
   2.2000000000000000E+07   1.9194190682953604E-14
   2.3000000000000000E+07   1.8277968700673260E-14
   2.4000000000000000E+07   1.7458027068662760E-14
   2.5000000000000000E+07   1.6696555468479771E-14
   2.6000000000000000E+07   1.5997350429696895E-14
   2.7000000000000000E+07   1.5348832939591481E-14
   2.8000000000000000E+07   1.4758747653720815E-14
   2.9000000000000000E+07   1.4203459451672574E-14
   3.0000000000000000E+07   1.3680000000000001E-14
   3.1000000000000000E+07   1.3215247153740791E-14
   3.2000000000000000E+07   1.2775180681127896E-14
   3.3000000000000000E+07   1.2361257436707996E-14
   3.4000000000000000E+07   1.1976106506437484E-14
   3.5000000000000000E+07   1.1616144521863365E-14
   3.6000000000000000E+07   1.1265554780735133E-14
   3.7000000000000000E+07   1.0942018446917917E-14
   3.8000000000000000E+07   1.0634395531476824E-14
   3.9000000000000000E+07   1.0345042635332671E-14
   4.0000000000000000E+07   1.0070871523029894E-14
   4.1000000000000000E+07   9.8077398509659155E-15
   4.2000000000000000E+07   9.5603561234916764E-15
   4.3000000000000000E+07   9.3226615661858059E-15
   4.4000000000000000E+07   9.1036046042966254E-15
   4.5000000000000000E+07   8.8873407647213290E-15
   4.6000000000000000E+07   8.6884687352114896E-15
   4.7000000000000000E+07   8.4914834512263031E-15
   4.8000000000000000E+07   8.3087407328468547E-15
   4.9000000000000000E+07   8.1295657919928646E-15
   5.0000000000000000E+07   7.9598596558772883E-15
   5.1000000000000000E+07   7.7993972624460764E-15
   5.2000000000000000E+07   7.6450607153527497E-15
   5.3000000000000000E+07   7.4907241682594230E-15
   5.4000000000000000E+07   7.3446891923904047E-15
   5.5000000000000000E+07   7.2058485206731709E-15
   5.6000000000000000E+07   7.0682216180596885E-15
   5.7000000000000000E+07   6.9399649759253890E-15
   5.8000000000000000E+07   6.8140830116967435E-15
   5.9000000000000000E+07   6.6962776667582278E-15
   6.0000000000000000E+07   6.5784723218197122E-15
   6.1000000000000000E+07   6.4638173153215088E-15
   6.2000000000000000E+07   6.3574337056052643E-15
   6.3000000000000000E+07   6.2510500958890191E-15
   6.4000000000000000E+07   6.1464774108795769E-15
   6.5000000000000000E+07   6.0505223914702844E-15
   6.6000000000000000E+07   5.9545673720609927E-15
   6.7000000000000000E+07   5.8642922573002349E-15
   6.8000000000000000E+07   5.7747690350654967E-15
   6.9000000000000000E+07   5.6889694314692029E-15
   7.0000000000000000E+07   5.6050786315896740E-15
   7.1000000000000000E+07   5.5248879378185615E-15
   7.2000000000000000E+07   5.4482492205665310E-15
   7.3000000000000000E+07   5.3716105033145013E-15
   7.4000000000000000E+07   5.2949717860624716E-15
   7.5000000000000000E+07   5.2206852223655407E-15
   7.6000000000000000E+07   5.1520701212327586E-15
   7.7000000000000000E+07   5.0834550200999764E-15
   7.8000000000000000E+07   5.0148399189671950E-15
   7.9000000000000000E+07   4.9487343350066969E-15
   8.0000000000000000E+07   4.8864439215664883E-15
   8.1000000000000000E+07   4.8241535081262797E-15
   8.2000000000000000E+07   4.7618630946860711E-15
   8.3000000000000000E+07   4.7037273611541375E-15
   8.4000000000000000E+07   4.6464967775447405E-15
   8.5000000000000000E+07   4.5892661939353427E-15
   8.6000000000000000E+07   4.5343202127525454E-15
   8.7000000000000000E+07   4.4811749790442525E-15
   8.8000000000000000E+07   4.4280297453359588E-15
   8.9000000000000000E+07   4.3777706903905887E-15
   9.0000000000000000E+07   4.3294435591434719E-15
   9.1000000000000000E+07   4.2811164278963552E-15
   9.2000000000000000E+07   4.2327892966492376E-15
   9.3000000000000000E+07   4.1844621654021208E-15
   9.4000000000000000E+07   4.1369593406484273E-15
   9.5000000000000000E+07   4.0934873628349885E-15
   9.6000000000000000E+07   4.0500153850215488E-15
   9.7000000000000000E+07   4.0065434072081100E-15
   9.8000000000000000E+07   3.9630714293946704E-15
   9.9000000000000000E+07   3.9225206147430021E-15
   1.0000000000000000E+08   3.8823676886788477E-15
   1.1000000000000000E+08   3.5206014895296127E-15
   1.2000000000000000E+08   3.2212004012489316E-15
   1.3000000000000000E+08   2.9692833455191630E-15
   1.4000000000000000E+08   2.7533323023180462E-15
   1.5000000000000000E+08   2.5680405111716420E-15
   1.6000000000000000E+08   2.4053649102908357E-15
   1.7000000000000000E+08   2.2606050899830738E-15
   1.8000000000000000E+08   2.1349206234594665E-15
   1.9000000000000000E+08   2.0200870230853287E-15
   2.0000000000000000E+08   1.9171357210079806E-15
   2.1000000000000000E+08   1.8249146949192130E-15
   2.2000000000000000E+08   1.7408559805364792E-15
   2.3000000000000000E+08   1.6640872070228499E-15
   2.4000000000000000E+08   1.5940829984023996E-15
   2.5000000000000000E+08   1.5296845741224991E-15
   2.6000000000000000E+08   1.4702416063035180E-15
   2.7000000000000000E+08   1.4151767331130037E-15
   2.8000000000000000E+08   1.3654412552712434E-15
   2.9000000000000000E+08   1.3170438686531911E-15
   3.0000000000000000E+08   1.2732046184085877E-15
   3.1000000000000000E+08   1.2317057890559568E-15
   3.2000000000000000E+08   1.1923370593850327E-15
   3.3000000000000000E+08   1.1562019331816961E-15
   3.4000000000000000E+08   1.1219413381296433E-15
   3.5000000000000000E+08   1.0895258711719323E-15
   3.6000000000000000E+08   1.0591867544560762E-15
   3.7000000000000000E+08   1.0306612271670191E-15
   3.8000000000000000E+08   1.0028163548672391E-15
   3.9000000000000000E+08   9.7697100953419912E-16
   4.0000000000000000E+08   9.5228771247380997E-16
   4.1000000000000000E+08   9.2895745324912211E-16
   4.2000000000000000E+08   9.0678280290990515E-16
   4.3000000000000000E+08   8.8540825003603393E-16
   4.4000000000000000E+08   8.6524518568779144E-16
   4.5000000000000000E+08   8.4569542042097410E-16
   4.6000000000000000E+08   8.2738164771856806E-16
   4.7000000000000000E+08   8.0959084784289491E-16
   4.8000000000000000E+08   7.9275438824214852E-16
   4.9000000000000000E+08   7.7645431809986387E-16
   5.0000000000000000E+08   7.6089339641254401E-16
   5.1000000000000000E+08   7.4592561365724403E-16
   5.2000000000000000E+08   7.3147303906780926E-16
   5.3000000000000000E+08   7.1769835992895352E-16
   5.4000000000000000E+08   7.0421251287650605E-16
   5.5000000000000000E+08   6.9186837761914742E-16
   5.6000000000000000E+08   6.7962158871760286E-16
   5.7000000000000000E+08   6.6737479981605830E-16
   5.8000000000000000E+08   6.5569905683113377E-16
   5.9000000000000000E+08   6.4481366439696618E-16
   6.0000000000000000E+08   6.3392827196279859E-16
   6.1000000000000000E+08   6.2322375936292975E-16
   6.2000000000000000E+08   6.1340432229566390E-16
   6.3000000000000000E+08   6.0358488522839796E-16
   6.4000000000000000E+08   5.9391461253064949E-16
   6.5000000000000000E+08   5.8494253803951196E-16
   6.6000000000000000E+08   5.7597046354837443E-16
   6.7000000000000000E+08   5.6729527471528366E-16
   6.8000000000000000E+08   5.5900416780459374E-16
   6.9000000000000000E+08   5.5071306089390382E-16
   7.0000000000000000E+08   5.4294286396180055E-16
   7.1000000000000000E+08   5.3520468175722883E-16
   7.2000000000000000E+08   5.2791528304242152E-16
   7.3000000000000000E+08   5.2083376494306804E-16
   7.4000000000000000E+08   5.1375224684371467E-16
   7.5000000000000000E+08   5.0667072874436120E-16
   7.6000000000000000E+08   4.9995640859186879E-16
   7.7000000000000000E+08   4.9354065064248817E-16
   7.8000000000000000E+08   4.8712489269310755E-16
   7.9000000000000000E+08   4.8084468477224361E-16
   8.0000000000000000E+08   4.7488643225104897E-16
   8.1000000000000000E+08   4.6892817972985433E-16
   8.2000000000000000E+08   4.6331668346638440E-16
   8.3000000000000000E+08   4.5781290262693739E-16
   8.4000000000000000E+08   4.5230912178749039E-16
   8.5000000000000000E+08   4.4680534094804348E-16
   8.6000000000000000E+08   4.4170603279386716E-16
   8.7000000000000000E+08   4.3670200704586699E-16
   8.8000000000000000E+08   4.3169798129786681E-16
   8.9000000000000000E+08   4.2669395554986663E-16
   9.0000000000000000E+08   4.2197763100884846E-16
   9.1000000000000000E+08   4.1740736054818092E-16
   9.2000000000000000E+08   4.1283709008751342E-16
   9.3000000000000000E+08   4.0826681962684587E-16
   9.4000000000000000E+08   4.0396576644410150E-16
   9.5000000000000000E+08   3.9976152715081381E-16
   9.6000000000000000E+08   3.9555728785752607E-16
   9.7000000000000000E+08   3.9135304856423833E-16
   9.8000000000000000E+08   3.8743270109536983E-16
   9.9000000000000000E+08   3.8354520510121112E-16
   1.0000000000000000E+09   3.7965770910705241E-16
   1.1000000000000000E+09   3.4523323034840195E-16
   1.2000000000000000E+09   3.1629151001086452E-16
   1.3000000000000000E+09   2.9187037244428071E-16
   1.4000000000000000E+09   2.7091408584842390E-16
   1.5000000000000000E+09   2.5277084570240861E-16
   1.6000000000000000E+09   2.3709780870077577E-16
   1.7000000000000000E+09   2.2309829127467254E-16
   1.8000000000000000E+09   2.1058564109728218E-16
   1.9000000000000000E+09   1.9950359444011431E-16
   2.0000000000000000E+09   1.8947676901558547E-16
   2.1000000000000000E+09   1.8046051058425066E-16
   2.2000000000000000E+09   1.7236971388609956E-16
   2.3000000000000000E+09   1.6475502751584481E-16
   2.4000000000000000E+09   1.5792707883753284E-16
   2.5000000000000000E+09   1.5162212040610840E-16
   2.6000000000000000E+09   1.4577631579429830E-16
   2.7000000000000000E+09   1.4036107352200624E-16
   2.8000000000000000E+09   1.3533478403024912E-16
   2.9000000000000000E+09   1.3072935740774516E-16
   3.0000000000000000E+09   1.2628531825642897E-16
   3.1000000000000000E+09   1.2224294304676650E-16
   3.2000000000000000E+09   1.1840794248884480E-16
   3.3000000000000000E+09   1.1485566450629049E-16
   3.4000000000000000E+09   1.1142688505120280E-16
   3.5000000000000000E+09   1.0828503205477791E-16
   3.6000000000000000E+09   1.0526193103448275E-16
   3.7000000000000000E+09   1.0239344814885375E-16
   3.8000000000000000E+09   9.9722888587203632E-17
   3.9000000000000000E+09   9.7148724545393986E-17
   4.0000000000000000E+09   9.4710637554119764E-17
   4.1000000000000000E+09   9.2414504314182026E-17
   4.2000000000000000E+09   9.0203983931973757E-17
   4.3000000000000000E+09   8.8090442191800154E-17
   4.4000000000000000E+09   8.6159635927413571E-17
   4.5000000000000000E+09   8.4240183911920818E-17
   4.6000000000000000E+09   8.2353354931210389E-17
   4.7000000000000000E+09   8.0646986095223372E-17
   4.8000000000000000E+09   7.8940617259236355E-17
   4.9000000000000000E+09   7.7328625134250708E-17
   5.0000000000000000E+09   7.5789147033898293E-17
   5.1000000000000000E+09   7.4273804377320437E-17
   5.2000000000000000E+09   7.2867011509373420E-17
   5.3000000000000000E+09   7.1460239960719140E-17
   5.4000000000000000E+09   7.0160043556428468E-17
   5.5000000000000000E+09   6.8861104720862983E-17
   5.6000000000000000E+09   6.7647637194172598E-17
   5.7000000000000000E+09   6.6456376472733901E-17
   5.8000000000000000E+09   6.5345670654751046E-17
   5.9000000000000000E+09   6.4234964836768190E-17
   6.0000000000000000E+09   6.3124259018785335E-17
   6.1000000000000000E+09   6.2110167448589831E-17
   6.2000000000000000E+09   6.1103762880512368E-17
   6.3000000000000000E+09   6.0121334645513147E-17
   6.4000000000000000E+09   5.9186629638076357E-17
   6.5000000000000000E+09   5.8274518943990852E-17
   6.6000000000000000E+09   5.7410999548876959E-17
   6.7000000000000000E+09   5.6547480153763066E-17
   6.8000000000000000E+09   5.5697249847011422E-17
   6.9000000000000000E+09   5.4912039752794693E-17
   7.0000000000000000E+09   5.4126829658577963E-17
   7.1000000000000000E+09   5.3341619564361240E-17
   7.2000000000000000E+09   5.2615644637754783E-17
   7.3000000000000000E+09   5.1898614985078424E-17
   7.4000000000000000E+09   5.1181585332402059E-17
   7.5000000000000000E+09   5.0506074605442625E-17
   7.6000000000000000E+09   4.9846790329284930E-17
   7.7000000000000000E+09   4.9187506053127235E-17
   7.8000000000000000E+09   4.8560163385394124E-17
   7.9000000000000000E+09   4.7950819084884614E-17
   8.0000000000000000E+09   4.7341474784375104E-17
   8.1000000000000000E+09   4.6759712410558393E-17
   8.2000000000000000E+09   4.6193688239926051E-17
   8.3000000000000000E+09   4.5627664069293710E-17
   8.4000000000000000E+09   4.5088736797544714E-17
   8.5000000000000000E+09   4.4560568031890500E-17
   8.6000000000000000E+09   4.4032399266236287E-17
   8.7000000000000000E+09   4.3546932336488810E-17
   8.8000000000000000E+09   4.3067227804073440E-17
   8.9000000000000000E+09   4.2587523271658063E-17
   9.0000000000000000E+09   4.2107818739242686E-17
   9.1000000000000000E+09   4.1628114206827309E-17
   9.2000000000000000E+09   4.1164574968135648E-17
   9.3000000000000000E+09   4.0738133347495267E-17
   9.4000000000000000E+09   4.0311691726854892E-17
   9.5000000000000000E+09   3.9885250106214511E-17
   9.6000000000000000E+09   3.9458808485574136E-17
   9.7000000000000000E+09   3.9037603857349272E-17
   9.8000000000000000E+09   3.8652957866521473E-17
   9.9000000000000000E+09   3.8268311875693667E-17
   1.0000000000000000E+10   3.7883665884865867E-17
   1.1000000000000000E+10   3.4420800000000004E-17
   1.2000000000000000E+10   3.1553140425531914E-17
   1.3000000000000000E+10   2.9128764968152864E-17
   1.4000000000000000E+10   2.7054913373860184E-17
   1.5000000000000000E+10   2.5245825121555916E-17
   1.6000000000000000E+10   2.3664047088186357E-17
   1.7000000000000000E+10   2.2273464197530866E-17
   1.8000000000000000E+10   2.1047385304659500E-17
   1.9000000000000000E+10   1.9936783783783785E-17
   2.0000000000000000E+10   1.8936480188679247E-17
   2.1000000000000000E+10   1.8030716609392897E-17
   2.2000000000000000E+10   1.7204900000000000E-17
   2.3000000000000000E+10   1.6465488593155893E-17
   2.4000000000000000E+10   1.5771876425855514E-17
   2.5000000000000000E+10   1.5141121718146718E-17
   2.6000000000000000E+10   1.4560095704057280E-17
   2.7000000000000000E+10   1.4020716229116949E-17
   2.8000000000000000E+10   1.3523609946848899E-17
   2.9000000000000000E+10   1.3056538540840602E-17
   3.0000000000000000E+10   1.2619171451743714E-17
   3.1000000000000000E+10   1.2209234138218153E-17
   3.2000000000000000E+10   1.1828384845961698E-17
   3.3000000000000000E+10   1.1470894781864842E-17
   3.4000000000000000E+10   1.1133690925110133E-17
   3.5000000000000000E+10   1.0820496862393546E-17
   3.6000000000000000E+10   1.0520855445988347E-17
   3.7000000000000000E+10   1.0231792173913045E-17
   3.8000000000000000E+10   9.9654153623188415E-18
   3.9000000000000000E+10   9.7055306079664581E-18
   4.0000000000000000E+10   9.4653314465408802E-18
   4.1000000000000000E+10   9.2321363896848146E-18
   4.2000000000000000E+10   9.0125375358166191E-18
   4.3000000000000000E+10   8.8028775330396477E-18
   4.4000000000000000E+10   8.6000633773453791E-18
   4.5000000000000000E+10   8.4106262682418342E-18
   4.6000000000000000E+10   8.2303070695553017E-18
   4.7000000000000000E+10   8.0569509312048645E-18
   4.8000000000000000E+10   7.8835947928544288E-18
   4.9000000000000000E+10   7.7254852387843710E-18
   5.0000000000000000E+10   7.5684181862035687E-18
   5.1000000000000000E+10   7.4210324659231714E-18
   5.2000000000000000E+10   7.2779305246422892E-18
   5.3000000000000000E+10   7.1431133545310020E-18
   5.4000000000000000E+10   7.0082961844197132E-18
   5.5000000000000000E+10   6.8824672100075813E-18
   5.6000000000000000E+10   6.7599122441243370E-18
   5.7000000000000000E+10   6.6382810969637614E-18
   5.8000000000000000E+10   6.5254505386875615E-18
   5.9000000000000000E+10   6.4130109090909086E-18
   6.0000000000000000E+10   6.3075563636363637E-18
   6.1000000000000000E+10   6.2028055726759112E-18
   6.2000000000000000E+10   6.1069914997431944E-18
   6.3000000000000000E+10   6.0111774268104777E-18
   6.4000000000000000E+10   5.9153633538777602E-18
   6.5000000000000000E+10   5.8214272500692332E-18
   6.6000000000000000E+10   5.7361046247576850E-18
   6.7000000000000000E+10   5.6507819994461368E-18
   6.8000000000000000E+10   5.5654593741345885E-18
   6.9000000000000000E+10   5.4848209386281593E-18
   7.0000000000000000E+10   5.4077451263537907E-18
   7.1000000000000000E+10   5.3306693140794229E-18
   7.2000000000000000E+10   5.2551915789473689E-18
   7.3000000000000000E+10   5.1846652631578951E-18
   7.4000000000000000E+10   5.1141389473684205E-18
   7.5000000000000000E+10   5.0446876355748367E-18
   7.6000000000000000E+10   4.9794309472161969E-18
   7.7000000000000000E+10   4.9141742588575562E-18
   7.8000000000000000E+10   4.8508071884984027E-18
   7.9000000000000000E+10   4.7898646964856230E-18
   8.0000000000000000E+10   4.7289222044728433E-18
   8.1000000000000000E+10   4.6727412934236398E-18
   8.2000000000000000E+10   4.6168968538343891E-18
   8.3000000000000000E+10   4.5610524142451385E-18
   8.4000000000000000E+10   4.5052079746558879E-18
   8.5000000000000000E+10   4.4512171523730221E-18
   8.6000000000000000E+10   4.4005649181237858E-18
   8.7000000000000000E+10   4.3499126838745487E-18
   8.8000000000000000E+10   4.2992604496253124E-18
   8.9000000000000000E+10   4.2523707762557082E-18
   9.0000000000000000E+10   4.2067086757990870E-18
   9.1000000000000000E+10   4.1610465753424658E-18
   9.2000000000000000E+10   4.1153844748858446E-18
   9.3000000000000000E+10   4.0697223744292241E-18
   9.4000000000000000E+10   4.0243831683168314E-18
   9.5000000000000000E+10   3.9841026402640263E-18
   9.6000000000000000E+10   3.9438221122112211E-18
   9.7000000000000000E+10   3.9035415841584160E-18
   9.8000000000000000E+10   3.8632610561056101E-18
   9.9000000000000000E+10   3.8229805280528050E-18
   1.0000000000000000E+11   3.7826999999999999E-18
