   1.0000000000000000E+00   0.0000000000000000E+00   1.0000000000000000E+30   0.0000000000000000E+00
   2.0000000000000000E+00   4.1594544892761355E-02   4.8141967882323200E+02   2.7588747913002629E-03
   3.0000000000000000E+00   8.6162766855379339E-02   2.3240238416068814E+02   6.7805785263856050E-03
   4.0000000000000000E+00   1.2089863773209450E-01   1.6562992618200414E+02   1.1044650217275100E-02
   5.0000000000000000E+00   1.4995124837278620E-01   1.3353961811168088E+02   1.5622989789754346E-02
   6.0000000000000000E+00   1.7551879245351001E-01   1.1408711376803475E+02   2.0559992715850801E-02
   7.0000000000000000E+00   1.9881175054844172E-01   1.0072056801387399E+02   2.5882001169518856E-02
   8.0000000000000000E+00   2.2049732079487883E-01   9.0814856030381094E+01   3.1601394197271503E-02
   8.1490000000000009E+00   2.2418918400340332E-01   8.9319351118953591E+01   3.2618113902732095E-02
   8.1509999999999998E+00   2.2416611114796403E-01   8.9328544535682582E+01   3.2615321901670991E-02
   9.0000000000000000E+00   2.4103415820009252E-01   8.3077156335860735E+01   3.7730473007896281E-02
   1.0000000000000000E+01   2.6077063660651750E-01   7.6789444945394592E+01   4.4284993010297487E-02
   1.1000000000000000E+01   2.7997091405049257E-01   7.1523259874989307E+01   5.1286033596001999E-02
   1.2000000000000000E+01   3.0359055224965220E-01   6.5958681173335535E+01   6.0301828238486913E-02
   1.3000000000000000E+01   3.2224904515147751E-01   6.2139617616737766E+01   6.8379384897091278E-02
   1.3459000000000000E+01   3.2734303991604902E-01   6.1172623215716378E+01   7.1017416848250386E-02
   1.3460999999999999E+01   3.2732485383240073E-01   6.1176021950733791E+01   7.1014518244330208E-02
   1.4000000000000000E+01   3.4092607536030639E-01   5.8735408906194493E+01   7.7008856343960305E-02
   1.5000000000000000E+01   3.5974213387328208E-01   5.5663294781381410E+01   8.6232139565648319E-02
   1.6000000000000000E+01   3.7881709998103874E-01   5.2860423787822612E+01   9.6099034910231085E-02
   1.7000000000000000E+01   3.9826101702133743E-01   5.0279669832708827E+01   1.0666586280226781E-01
   1.8000000000000000E+01   4.1819195645474527E-01   4.7883351494443723E+01   1.1799901767811176E-01
   1.9000000000000000E+01   4.3872880970617961E-01   4.5641936431031752E+01   1.3017570229980194E-01
   2.0000000000000000E+01   4.6000502896984158E-01   4.3530898972812096E+01   1.4328772106159485E-01
   2.1000000000000000E+01   4.8216089364926723E-01   4.1530602557821332E+01   1.5744137604090275E-01
   2.2000000000000000E+01   5.1009778079902679E-01   3.9256066575520137E+01   1.7548710431460884E-01
   2.3000000000000000E+01   5.3461845271310293E-01   3.7455557961852776E+01   1.9230862317914224E-01
   2.4000000000000000E+01   5.6058006044810615E-01   3.5720914559581225E+01   2.1064211905654562E-01
   2.5000000000000000E+01   5.8821754443257968E-01   3.4042562369315448E+01   2.3070034699471831E-01
   2.6000000000000000E+01   6.1781012466701413E-01   3.2411952545880332E+01   2.5274123057648956E-01
   2.7000000000000000E+01   6.4968812383874874E-01   3.0821607642687493E+01   2.7707669972749827E-01
   2.8000000000000000E+01   6.8424381098947418E-01   2.9265054533872448E+01   3.0408691743929772E-01
   2.9000000000000000E+01   7.2196298308356543E-01   2.7736093002366434E+01   3.3424409074182088E-01
   3.0000000000000000E+01   7.6343090255661794E-01   2.6229528272975056E+01   3.6813182689695312E-01
   3.1000000000000000E+01   8.0937551959714471E-01   2.4740595629873454E+01   4.0648371086297974E-01
   3.2000000000000000E+01   8.6069919550832763E-01   2.3265308655534735E+01   4.5022287871199174E-01
   3.3000000000000000E+01   9.2756134277828894E-01   2.1588256775657836E+01   5.0818819669182103E-01
   3.4000000000000000E+01   9.9431748216556859E-01   2.0138871942047690E+01   5.6763838615620898E-01
   3.5000000000000000E+01   1.0708945550386144E+00   1.8698790043198635E+01   6.3721005010682208E-01
   3.6000000000000000E+01   1.1593225910972462E+00   1.7272528454844874E+01   7.1917010074395216E-01
   3.7000000000000000E+01   1.2617552312018621E+00   1.5870298729808130E+01   8.1603708775102701E-01
   3.8000000000000000E+01   1.3800385104543555E+00   1.4510053372698238E+01   9.3018054897726676E-01
   3.9000000000000000E+01   1.5149547639097940E+00   1.3217841826110131E+01   1.0630522541806460E+00
   4.0000000000000000E+01   1.6653242211008714E+00   1.2024344682763587E+01   1.2141919806523020E+00
   4.1000000000000000E+01   1.8277948648495967E+00   1.0955514116032612E+01   1.3808395610159272E+00
   4.2000000000000000E+01   2.0074843602224841E+00   9.9748883925812599E+00   1.5691343020461888E+00
   4.3000000000000000E+01   2.1781735251648815E+00   9.1932218492812154E+00   1.7515350060234209E+00
   4.4000000000000000E+01   2.3287697182567255E+00   8.5987172909743954E+00   1.9150940856645535E+00
   4.5000000000000000E+01   2.5131943979249236E+00   7.9677212632676984E+00   2.1203974663959135E+00
   4.6000000000000000E+01   2.6682879114161673E+00   7.5045996188784247E+00   2.2963697309541269E+00
   4.7000000000000000E+01   2.7895452777192480E+00   7.1783858835386223E+00   2.4358135339547018E+00
   4.8000000000000000E+01   2.9074045626499285E+00   6.8873911461501534E+00   2.5738650570398867E+00
   4.9000000000000000E+01   3.0535495211283448E+00   6.5577559179954825E+00   2.7500201584097117E+00
   5.0000000000000000E+01   3.1628695140597549E+00   6.3310966051738813E+00   2.8841551412204178E+00
   5.1000000000000000E+01   3.2358939247061378E+00   6.1882227628614741E+00   2.9745737904108509E+00
   5.2000000000000000E+01   3.3360502676300956E+00   6.0024372646209789E+00   3.1025183317576754E+00
   5.3000000000000000E+01   3.4312754886852312E+00   5.8358568145003353E+00   3.2272940959496683E+00
   5.4000000000000000E+01   3.4917053223048069E+00   5.7348574964664936E+00   3.3078638819622990E+00
   5.5000000000000000E+01   3.5484927270999242E+00   5.6430811567245449E+00   3.3853559133557263E+00
   5.6000000000000000E+01   3.6017830295649840E+00   5.5595887588737360E+00   3.4598895480947029E+00
   5.7000000000000000E+01   3.6796171639824942E+00   5.4419879978489369E+00   3.5717632858273078E+00
   5.8000000000000000E+01   3.7256634519322613E+00   5.3747292801464113E+00   3.6404262232480593E+00
   5.9000000000000000E+01   3.7420665097724553E+00   5.3511695718869809E+00   3.6669001488555195E+00
   6.0000000000000000E+01   3.7827480708727848E+00   5.2936204230094246E+00   3.7307452562478973E+00
   6.1000000000000000E+01   3.8206025366127188E+00   5.2411713208003574E+00   3.7921854495770404E+00
   6.2000000000000000E+01   3.8557526460704707E+00   5.1933913508376266E+00   3.8513212509564640E+00
   6.3000000000000000E+01   3.8883141598363955E+00   5.1499008618980060E+00   3.9082470097359403E+00
   6.4000000000000000E+01   3.8951077534975598E+00   5.1409187396910925E+00   3.9253977501452337E+00
   6.5000000000000000E+01   3.9235077785647823E+00   5.1037065741199079E+00   3.9785642488825488E+00
   6.6000000000000000E+01   3.9275026352862361E+00   5.0985153423359302E+00   3.9929474424263476E+00
   6.7000000000000000E+01   3.9521312903245001E+00   5.0667427198319412E+00   4.0427028260756126E+00
   6.8000000000000000E+01   3.9536683273353499E+00   5.0647729615112969E+00   4.0546457755714682E+00
   6.9000000000000000E+01   3.9748708530347958E+00   5.0377567431613812E+00   4.1012921239930202E+00
   7.0000000000000000E+01   3.9742412561182694E+00   5.0385548215635980E+00   4.1110717012630857E+00
   7.1000000000000000E+01   3.9728439962589737E+00   5.0403268947705149E+00   4.1200646089948769E+00
   7.2000000000000000E+01   3.9897865238286343E+00   5.0189232740843623E+00   4.1627362150120355E+00
   7.3000000000000000E+01   3.9865858945167849E+00   5.0229527151574995E+00   4.1699116012900141E+00
   7.4000000000000000E+01   3.9827678970488978E+00   5.0277678641301522E+00   4.1764469598113347E+00
   7.5000000000000000E+01   3.9783719144294372E+00   5.0333233980572940E+00   4.1823829220102100E+00
   7.6000000000000000E+01   3.9734409441452310E+00   5.0395696638142295E+00   4.1877612175111896E+00
   7.7000000000000000E+01   3.9848626717588438E+00   5.0251248518517366E+00   4.2251142471747354E+00
   7.8000000000000000E+01   3.9785793283884088E+00   5.0330609974749239E+00   4.2291025810790446E+00
   7.9000000000000000E+01   3.9718597551251449E+00   5.0415759059047511E+00   4.2326285853616747E+00
   8.0000000000000000E+01   3.9647381157892894E+00   5.0506318092803628E+00   4.2357260008548883E+00
   8.1000000000000000E+01   3.9572356190551905E+00   5.0602072685913528E+00   4.2384144347049570E+00
   8.2000000000000000E+01   3.9493796106867549E+00   5.0702729078984738E+00   4.2407208631486579E+00
   8.3000000000000000E+01   3.9411923002719100E+00   5.0808057352822269E+00   4.2426666825906558E+00
   8.4000000000000000E+01   3.9326949386278112E+00   5.0917838163309366E+00   4.2442729114792739E+00
   8.5000000000000000E+01   3.9239096809637539E+00   5.1031838322418936E+00   4.2455622919565608E+00
   8.6000000000000000E+01   3.9148526208937833E+00   5.1149901113007887E+00   4.2465483614464183E+00
   8.7000000000000000E+01   3.9055435829954748E+00   5.1271819191205470E+00   4.2472509573378083E+00
   8.8000000000000000E+01   3.8959960178327275E+00   5.1397466402470569E+00   4.2476826176054381E+00
   8.9000000000000000E+01   3.8862303110231418E+00   5.1526623078084555E+00   4.2478637197159621E+00
   9.0000000000000000E+01   3.8762421447051452E+00   5.1659395093324019E+00   4.2477683711240104E+00
   9.1000000000000000E+01   3.8537954655285773E+00   5.1960288557569241E+00   4.2195310136121540E+00
   9.2000000000000000E+01   3.8436341002998033E+00   5.2097655293228273E+00   4.2191049044149116E+00
   9.3000000000000000E+01   3.8332460729494944E+00   5.2238838994397918E+00   4.2183430104781516E+00
   9.4000000000000000E+01   3.8226464126882638E+00   5.2383689939529505E+00   4.2172671004999840E+00
   9.5000000000000000E+01   3.8118548836920163E+00   5.2531990471989793E+00   4.2159024552022357E+00
   9.6000000000000000E+01   3.8008860566065779E+00   5.2683590470347967E+00   4.2142661382860807E+00
   9.7000000000000000E+01   3.7791598429272599E+00   5.2986465974832013E+00   4.1866813936301055E+00
   9.8000000000000000E+01   3.7681486738313330E+00   5.3141301409191675E+00   4.1848844973493904E+00
   9.9000000000000000E+01   3.7569931559482352E+00   5.3299092151307557E+00   4.1828599587968469E+00
   1.0000000000000000E+02   3.7457060175032293E+00   5.3459701187172550E+00   4.1806233624218292E+00
   1.0399900000000000E+02   3.6904631257539005E+00   5.4259944513010190E+00   4.1461971171471337E+00
   1.0400100000000000E+02   3.6904221765710949E+00   5.4260546585152767E+00   4.1461447781795622E+00
   1.1000000000000000E+02   3.6040837770894645E+00   5.5560396709875395E+00   4.0827779135722704E+00
   1.2000000000000000E+02   3.4608157116853011E+00   5.7860441327343750E+00   3.9670584454463729E+00
   1.3000000000000000E+02   3.3206654249879315E+00   6.0302469174968003E+00   3.8406004035158769E+00
   1.4000000000000000E+02   3.1909648530135870E+00   6.2753534950911014E+00   3.7248359551139760E+00
   1.5000000000000000E+02   3.0708468237075719E+00   6.5208177394192770E+00   3.6187775952522068E+00
   1.5399900000000000E+02   3.0212220260955536E+00   6.6279248165518156E+00   3.5632690047545656E+00
   1.5400100000000000E+02   3.0211955604584930E+00   6.6279828770941238E+00   3.5632339522462178E+00
   1.6000000000000000E+02   2.9556886076672284E+00   6.7748789203054516E+00   3.5064461121140282E+00
   1.7000000000000000E+02   2.8493179418917287E+00   7.0277985298393855E+00   3.4037093938781742E+00
   1.8000000000000000E+02   2.7478150692973444E+00   7.2874017858094824E+00   3.2961425858828775E+00
   1.9000000000000000E+02   2.6539271546637750E+00   7.5452080166867139E+00   3.1974621929955380E+00
   2.0000000000000000E+02   2.5668117718893071E+00   7.8012858840571120E+00   3.1066081925537938E+00
   2.1000000000000000E+02   2.4857410866991656E+00   8.0557192984496506E+00   3.0226739778049310E+00
   2.2000000000000000E+02   2.4100865344738231E+00   8.3085947980052381E+00   2.9448876812329465E+00
   2.3000000000000000E+02   2.3393007032874209E+00   8.5600078754011086E+00   2.8725805719557309E+00
   2.4000000000000000E+02   2.2712448362324960E+00   8.8165010322215540E+00   2.7952644011290522E+00
   2.5000000000000000E+02   2.2089904768852939E+00   9.0649700180266937E+00   2.7326966320839103E+00
   2.6000000000000000E+02   2.1489304146462764E+00   9.3183252033629884E+00   2.6649332640443655E+00
   2.7000000000000000E+02   2.0923798779820935E+00   9.5701706242670372E+00   2.6014396975097762E+00
   2.8000000000000000E+02   2.0390242723766012E+00   9.8205954261309678E+00   2.5418076968681733E+00
   2.9000000000000000E+02   1.9885949196544803E+00   1.0069638740981462E+01   2.4856974282719850E+00
   3.0000000000000000E+02   1.9408475484813323E+00   1.0317364936128198E+01   2.4327977424404161E+00
   3.1000000000000000E+02   1.8955637176449032E+00   1.0563840327114164E+01   2.3828312260831437E+00
   3.2000000000000000E+02   1.8525491566978176E+00   1.0809123402029110E+01   2.3355542905469662E+00
   3.3000000000000000E+02   1.8107446939662331E+00   1.1058672440017153E+01   2.2835417930752282E+00
   3.4000000000000000E+02   1.7718247891021510E+00   1.1301587248487925E+01   2.2412331422150724E+00
   3.5000000000000000E+02   1.7347010272964114E+00   1.1543448771849990E+01   2.2010184980751677E+00
   3.6000000000000000E+02   1.6985017115442040E+00   1.1789468510376908E+01   2.1561319290473824E+00
   3.7000000000000000E+02   1.6646432495525756E+00   1.2029263596541696E+01   2.1198247621010364E+00
   3.8000000000000000E+02   1.6315648618711034E+00   1.2273145193938138E+01   2.0789205170825236E+00
   3.9000000000000000E+02   1.6005459997685187E+00   1.2511000899672824E+01   2.0459836942704155E+00
   4.0000000000000000E+02   1.5701899210170047E+00   1.2752872869099772E+01   2.0085358995794240E+00
   4.1000000000000000E+02   1.5410787515553681E+00   1.2993776225167968E+01   1.9727195304883474E+00
   4.2000000000000000E+02   1.5136861538941500E+00   1.3228919608966679E+01   1.9440901963120296E+00
   4.3000000000000000E+02   1.4868156523818812E+00   1.3467999486683169E+01   1.9110935179029276E+00
   4.4000000000000000E+02   1.4609753079817736E+00   1.3706208676951499E+01   1.8794380322931270E+00
   4.5000000000000000E+02   1.4365842803112505E+00   1.3938919364155357E+01   1.8543281809171297E+00
   4.6000000000000000E+02   1.4126110831021212E+00   1.4175474539742131E+01   1.8250034398666317E+00
   4.7000000000000000E+02   1.3895024787349526E+00   1.4411224700586757E+01   1.7967990879384861E+00
   4.8000000000000000E+02   1.3672112287312699E+00   1.4646187818142582E+01   1.7696510558469614E+00
   4.9000000000000000E+02   1.3456930182900062E+00   1.4880386663904259E+01   1.7434994506602925E+00
   5.0000000000000000E+02   1.3249069659056003E+00   1.5113840411718702E+01   1.7182892880805596E+00
   5.1000000000000000E+02   1.3048146101325986E+00   1.5346572829251768E+01   1.6939689690807658E+00
   5.2000000000000000E+02   1.2853806871510893E+00   1.5578600677013220E+01   1.6704912774665148E+00
   5.3000000000000000E+02   1.2665721897008149E+00   1.5809941672414091E+01   1.6478121287024339E+00
   5.4000000000000000E+02   1.2483581212963972E+00   1.6040615350246345E+01   1.6258902564276445E+00
   5.5000000000000000E+02   1.2307099906239143E+00   1.6270634508232273E+01   1.6046877220745297E+00
   5.6000000000000000E+02   1.2136003514933897E+00   1.6500021954040069E+01   1.5841680649904542E+00
   5.7000000000000000E+02   1.1970030517315751E+00   1.6728806508976305E+01   1.5642962295844836E+00
   5.8000000000000000E+02   1.1808958399982123E+00   1.6956984489929262E+01   1.5450435897250605E+00
   5.9000000000000000E+02   1.1652566017647297E+00   1.7184568971971974E+01   1.5263810506529052E+00
   6.0000000000000000E+02   1.1500641833601628E+00   1.7411578182154962E+01   1.5082808038748710E+00
   6.1000000000000000E+02   1.1352994759327826E+00   1.7638017868914488E+01   1.4907179516756850E+00
   6.2000000000000000E+02   1.1209436988785846E+00   1.7863905620866181E+01   1.4736679123616530E+00
   6.3000000000000000E+02   1.1069794209360646E+00   1.8089254474251170E+01   1.4571077807612041E+00
   6.4000000000000000E+02   1.0933905877196475E+00   1.8314070623960841E+01   1.4410167982321573E+00
   6.5000000000000000E+02   1.0799328065671774E+00   1.8542294781028172E+01   1.4217152210211101E+00
   6.6000000000000000E+02   1.0670562429501500E+00   1.8766051532306307E+01   1.4065578167644122E+00
   6.7000000000000000E+02   1.0545110068645311E+00   1.8989306240256376E+01   1.3918110704464806E+00
   6.8000000000000000E+02   1.0422833699920013E+00   1.9212080917328027E+01   1.3774572431099010E+00
   6.9000000000000000E+02   1.0303616594829905E+00   1.9434372638748449E+01   1.3634813946813653E+00
   7.0000000000000000E+02   1.0185365455421620E+00   1.9660003885685587E+01   1.3464693990765426E+00
   7.1000000000000000E+02   1.0071978137265769E+00   1.9881330330714647E+01   1.3332520339288652E+00
   7.2000000000000000E+02   9.9613069224198758E-01   2.0102214096026657E+01   1.3203675199544889E+00
   7.3000000000000000E+02   9.8514371108143417E-01   2.0326407424445719E+01   1.3045452834876909E+00
   7.4000000000000000E+02   9.7459672859482271E-01   2.0546377650931561E+01   1.2923339229017474E+00
   7.5000000000000000E+02   9.6429288542432889E-01   2.0765923658412241E+01   1.2804184196854032E+00
   7.6000000000000000E+02   9.5422371489177382E-01   2.0985050078474323E+01   1.2687881936182339E+00
   7.7000000000000000E+02   9.4421759444871645E-01   2.1207434134674205E+01   1.2543426352496680E+00
   7.8000000000000000E+02   9.3459817088794295E-01   2.1425713281727123E+01   1.2432910622642070E+00
   7.9000000000000000E+02   9.2518970982094806E-01   2.1643596151698446E+01   1.2324940842935792E+00
   8.0000000000000000E+02   9.1583344949079593E-01   2.1864709630561403E+01   1.2189680302603199E+00
   8.1000000000000000E+02   9.0682977931994468E-01   2.2081798480513640E+01   1.2086892029780996E+00
   8.2000000000000000E+02   8.9801644227850197E-01   2.2298514259120317E+01   1.1986384921106117E+00
   8.3000000000000000E+02   8.8924715254843967E-01   2.2518410529271716E+01   1.1859418501486081E+00
   8.4000000000000000E+02   8.8080026047123350E-01   2.2734362535676912E+01   1.1763583230712598E+00
   8.5000000000000000E+02   8.7252598576936202E-01   2.2949955382033522E+01   1.1669802110768190E+00
   8.6000000000000000E+02   8.6428855756437561E-01   2.3168688591113479E+01   1.1550343405384025E+00
   8.7000000000000000E+02   8.5634702075305880E-01   2.3383548909252340E+01   1.1460786955873590E+00
   8.8000000000000000E+02   8.4843737755513060E-01   2.3601544407171648E+01   1.1346048199155259E+00
   8.9000000000000000E+02   8.4080814961226480E-01   2.3815697376750997E+01   1.1260440984860929E+00
   9.0000000000000000E+02   8.3332632093692527E-01   2.4029521137119264E+01   1.1176567327359397E+00
   9.1000000000000000E+02   8.2587116388586634E-01   2.4246436149741889E+01   1.1068227113156186E+00
   9.2000000000000000E+02   8.1867439907530426E-01   2.4459580592344583E+01   1.0987944137907388E+00
   9.3000000000000000E+02   8.1150067951477378E-01   2.4675804898949714E+01   1.0883651296707659E+00
   9.4000000000000000E+02   8.0457246310474639E-01   2.4888289571581716E+01   1.0806738465379924E+00
   9.5000000000000000E+02   7.9766398755895862E-01   2.5103844169211143E+01   1.0706255812009484E+00
   9.6000000000000000E+02   7.9098910158162661E-01   2.5315686907735788E+01   1.0632511120287820E+00
   9.7000000000000000E+02   7.8433098056468387E-01   2.5530589686327275E+01   1.0535621970113267E+00
   9.8000000000000000E+02   7.7789521514466775E-01   2.5741812075997490E+01   1.0464856620410721E+00
   9.9000000000000000E+02   7.7147369190953552E-01   2.5956079452959202E+01   1.0371360281522524E+00
   1.0000000000000000E+03   7.6526413709812480E-01   2.6166693919571557E+01   1.0303404235974565E+00
   1.1000000000000000E+03   7.0823931784151117E-01   2.8273539661847344E+01   9.5779413474651220E-01
   1.2000000000000000E+03   6.5970515037895860E-01   3.0353609383781397E+01   8.9650484758149918E-01
   1.3000000000000000E+03   6.1779479045730901E-01   3.2412757039030758E+01   8.4216920511917781E-01
   1.4000000000000000E+03   5.8120824405520877E-01   3.4453111510182850E+01   7.9338696768524342E-01
   1.5000000000000000E+03   5.4905323095272240E-01   3.6470839827907199E+01   7.5228292823673271E-01
   1.6000000000000000E+03   5.2047580542744154E-01   3.8473320439221148E+01   7.1449627536401494E-01
   1.7000000000000000E+03   4.9496455431558140E-01   4.0456295846802035E+01   6.8228048378372075E-01
   1.8000000000000000E+03   4.7209828277619359E-01   4.2415812922083020E+01   6.5730988338228225E-01
   1.8439990000000000E+03   4.6278499636620835E-01   4.3269407176774713E+01   6.4484734761907825E-01
   1.8440010000000000E+03   4.6278458208181550E-01   4.3269445911513884E+01   6.4484679293148894E-01
   1.9000000000000000E+03   4.5149188655541228E-01   4.4351699419994006E+01   6.2971645968764811E-01
   2.0000000000000000E+03   4.3274325413815284E-01   4.6273239967546424E+01   6.0454955509881736E-01
   2.1000000000000000E+03   4.1560632943389664E-01   4.8181249959179503E+01   5.8149393351061585E-01
   2.2000000000000000E+03   3.9987715887969105E-01   5.0076459728714646E+01   5.6028743482974763E-01
   2.3000000000000000E+03   3.8538519644158803E-01   5.1959526800627209E+01   5.4071016673989913E-01
   2.4000000000000000E+03   3.7198668712331545E-01   5.3831045938570043E+01   5.2257624787493528E-01
   2.5000000000000000E+03   3.5955956982967968E-01   5.5691557458913081E+01   5.0572742383658353E-01
   2.6000000000000000E+03   3.4799950634096838E-01   5.7541554163734432E+01   4.9002807671808979E-01
   2.7000000000000000E+03   3.3721675557746061E-01   5.9381487164779834E+01   4.7536128442329567E-01
   2.8000000000000000E+03   3.2713368978378915E-01   6.1211770809378656E+01   4.6162567991322884E-01
   2.9000000000000000E+03   3.1768280344961447E-01   6.3032786873047151E+01   4.4873292643025725E-01
   3.0000000000000000E+03   3.0880510422558660E-01   6.4844888148103720E+01   4.3660567169000852E-01
   3.1000000000000000E+03   3.0044880270816038E-01   6.6648401533230000E+01   4.2517587787493266E-01
   3.2000000000000000E+03   2.9256823807558213E-01   6.8443630705731493E+01   4.1438344898107210E-01
   3.3000000000000000E+03   2.8512299132520413E-01   7.0230858444636297E+01   4.0417509528800860E-01
   3.4000000000000000E+03   2.7807714885463397E-01   7.2010348658816028E+01   3.9450338831644716E-01
   3.5000000000000000E+03   2.7139868736836981E-01   7.3782348165496046E+01   3.8532596986047896E-01
   3.6000000000000000E+03   2.6505895734243246E-01   7.5547088254791177E+01   3.7660488645304863E-01
   3.7000000000000000E+03   2.5903224703358202E-01   7.7304786073510073E+01   3.6830602655733408E-01
   3.8000000000000000E+03   2.5329541271450379E-01   7.9055645850332724E+01   3.6039864238595543E-01
   3.9000000000000000E+03   2.4782756364073452E-01   8.0799859986923323E+01   3.5285494179831195E-01
   4.0000000000000000E+03   2.4260979250149636E-01   8.2537610030510919E+01   3.4564973853864478E-01
   4.1000000000000000E+03   2.3762494384310523E-01   8.4269067544916723E+01   3.3876015126855819E-01
   4.2000000000000000E+03   2.3285741434852916E-01   8.5994394892232719E+01   3.3216534360282851E-01
   4.3000000000000000E+03   2.2829297995783582E-01   8.7713745936340459E+01   3.2584629874965587E-01
   4.4000000000000000E+03   2.2391864570067940E-01   8.9427266677198020E+01   3.1978562347782313E-01
   4.5000000000000000E+03   2.1972251482135846E-01   9.1135095824623122E+01   3.1396737703377836E-01
   4.6000000000000000E+03   2.1569367435529441E-01   9.2837365318776477E+01   3.0837692136570538E-01
   4.7000000000000000E+03   2.1182209478668396E-01   9.4534200802977324E+01   3.0300078961012056E-01
   4.8000000000000000E+03   2.0809854180064799E-01   9.6225722053614703E+01   2.9782657028533771E-01
   4.9000000000000000E+03   2.0451449845464351E-01   9.7912043372869348E+01   2.9284280503523596E-01
   5.0000000000000000E+03   2.0106209635824610E-01   9.9593273947530989E+01   2.8803889810283884E-01
   5.1000000000000000E+03   1.9773405466172153E-01   1.0126951817848966E+02   2.8340503598529099E-01
   5.2000000000000000E+03   1.9452362584310467E-01   1.0294087597988029E+02   2.7893211596001671E-01
   5.3000000000000000E+03   1.9142454740667145E-01   1.0460744305969712E+02   2.7461168234153599E-01
   5.4000000000000000E+03   1.8843099877476288E-01   1.0626931117107472E+02   2.7043586952629800E-01
   5.5000000000000000E+03   1.8553756270686439E-01   1.0792656835052207E+02   2.6639735097317807E-01
   5.6000000000000000E+03   1.8273919071848746E-01   1.0957929913304488E+02   2.6248929342407984E-01
   5.7000000000000000E+03   1.8003117201005470E-01   1.1122758475378539E+02   2.5870531573403283E-01
   5.8000000000000000E+03   1.7740910550171088E-01   1.1287150333373710E+02   2.5503945178117315E-01
   5.9000000000000000E+03   1.7486887461308356E-01   1.1451113005317794E+02   2.5148611698788714E-01
   6.0000000000000000E+03   1.7240662448324090E-01   1.1614653731021913E+02   2.4804007805233647E-01
   6.1000000000000000E+03   1.7001874135231793E-01   1.1777779487013402E+02   2.4469642553008769E-01
   6.2000000000000000E+03   1.6770183387027524E-01   1.1940497000504752E+02   2.4145054895785262E-01
   6.3000000000000000E+03   1.6545271612960197E-01   1.2102812762158702E+02   2.3829811425112257E-01
   6.4000000000000000E+03   1.6326839223193024E-01   1.2264733038239301E+02   2.3523504313036211E-01
   6.5000000000000000E+03   1.6114604223308210E-01   1.2426263881869514E+02   2.3225749436918838E-01
   6.6000000000000000E+03   1.5908300932462288E-01   1.2587411143455340E+02   2.2936184667852991E-01
   6.7000000000000000E+03   1.5707678812183087E-01   1.2748180480708872E+02   2.2654468305799558E-01
   6.8000000000000000E+03   1.5512501395410938E-01   1.2908577367796724E+02   2.2380277647449923E-01
   6.9000000000000000E+03   1.5322545305593535E-01   1.3068607103913541E+02   2.2113307673568028E-01
   7.0000000000000000E+03   1.5137599356727391E-01   1.3228274821643035E+02   2.1853269843987669E-01
   7.1000000000000000E+03   1.4957463727562417E-01   1.3387585494305597E+02   2.1599890990846105E-01
   7.2000000000000000E+03   1.4781949201700326E-01   1.3546543943452545E+02   2.1352912299779739E-01
   7.3000000000000000E+03   1.4610876468746961E-01   1.3705154845367730E+02   2.1112088372035262E-01
   7.4000000000000000E+03   1.4444075479694243E-01   1.3863422737732441E+02   2.0877186359096211E-01
   7.5000000000000000E+03   1.4281384852754295E-01   1.4021352025402342E+02   2.0647985164252508E-01
   7.6000000000000000E+03   1.4122651324321384E-01   1.4178946986099214E+02   2.0424274704482959E-01
   7.7000000000000000E+03   1.3967729241194057E-01   1.4336211775937784E+02   2.0205855227461408E-01
   7.8000000000000000E+03   1.3816480090959180E-01   1.4493150434295254E+02   1.9992536679332790E-01
   7.9000000000000000E+03   1.3668772066489926E-01   1.4649766888836453E+02   1.9784138118275321E-01
   8.0000000000000000E+03   1.3524479662438446E-01   1.4806064959885705E+02   1.9580487170640676E-01
   8.1000000000000000E+03   1.3383483300561094E-01   1.4962048364667638E+02   1.9381419525721261E-01
   8.2000000000000000E+03   1.3245668981432754E-01   1.5117720721498566E+02   1.9186778465915813E-01
   8.3000000000000000E+03   1.3110927960433708E-01   1.5273085553899475E+02   1.8996414429454000E-01
   8.4000000000000000E+03   1.2979156447013812E-01   1.5428146293497224E+02   1.8810184603872759E-01
   8.5000000000000000E+03   1.2850255322927023E-01   1.5582906284628220E+02   1.8627952545747911E-01
   8.6000000000000000E+03   1.2724129881408702E-01   1.5737368786473553E+02   1.8449587827533787E-01
   8.7000000000000000E+03   1.2600689582047411E-01   1.5891536977151708E+02   1.8274965706374102E-01
   8.8000000000000000E+03   1.2479847823064694E-01   1.6045413956140891E+02   1.8103966815651173E-01
   8.9000000000000000E+03   1.2361521727727187E-01   1.6199002747498631E+02   1.7936476875916563E-01
   9.0000000000000000E+03   1.2245631944987022E-01   1.6352306302386501E+02   1.7772386424722730E-01
   9.1000000000000000E+03   1.2132102462847998E-01   1.6505327501471629E+02   1.7611590563583043E-01
   9.2000000000000000E+03   1.2020860433034555E-01   1.6658069157880317E+02   1.7453988720397862E-01
   9.3000000000000000E+03   1.1911836007270646E-01   1.6810534019146445E+02   1.7299484427173617E-01
   9.4000000000000000E+03   1.1804962183166189E-01   1.6962724769780633E+02   1.7147985110958563E-01
   9.5000000000000000E+03   1.1700174659937342E-01   1.7114644033167716E+02   1.6999401897823357E-01
   9.6000000000000000E+03   1.1597411702676332E-01   1.7266294373640838E+02   1.6853649428473597E-01
   9.7000000000000000E+03   1.1496614014631068E-01   1.7417678298660590E+02   1.6710645684732825E-01
   9.8000000000000000E+03   1.1397724617508231E-01   1.7568798260235044E+02   1.6570311826626194E-01
   9.9000000000000000E+03   1.1300688738000352E-01   1.7719656657506508E+02   1.6432572038290955E-01
   1.0000000000000000E+04   1.1205453701859380E-01   1.7870255837788088E+02   1.6297353383582769E-01
   1.1000000000000000E+04   1.0341877361217446E-01   1.9362473314723584E+02   1.5069590470709060E-01
   1.2000000000000000E+04   9.6127932939493857E-02   2.0831023648116647E+02   1.4030683078417494E-01
   1.3000000000000000E+04   8.9885916383348433E-02   2.2277608382686796E+02   1.3139429548637582E-01
   1.4000000000000000E+04   8.4478249151552109E-02   2.3703654661625725E+02   1.2365904454712751E-01
   1.5000000000000000E+04   7.9745644735276219E-02   2.5110377512834484E+02   1.1687828326348534E-01
   1.6000000000000000E+04   7.5567247457815359E-02   2.6498824711393792E+02   1.1088259655299267E-01
   1.7000000000000000E+04   7.1849649040948704E-02   2.7869909888716796E+02   1.0554078154654992E-01
   1.8000000000000000E+04   6.8519479488459434E-02   2.9224437477585246E+02   1.0074959155826968E-01
   1.9000000000000000E+04   6.5518282252396087E-02   3.0563121856479012E+02   9.6426626547933506E-02
   2.0000000000000000E+04   6.2798890478684852E-02   3.1886602279809949E+02   9.2505295890728978E-02
   2.1000000000000000E+04   6.0322814174793508E-02   3.3195454683278160E+02   8.8931179645376113E-02
   2.2000000000000000E+04   5.8058323177659771E-02   3.4490201141008606E+02   8.5659354227112100E-02
   2.3000000000000000E+04   5.5979018460063375E-02   3.5771317529187360E+02   8.2652396135485695E-02
   2.4000000000000000E+04   5.4062752238181903E-02   3.7039239798319755E+02   7.9878870788168632E-02
   2.5000000000000000E+04   5.2290801191887254E-02   3.8294369156038863E+02   7.7312173925071934E-02
   2.6000000000000000E+04   5.0647226033805254E-02   3.9537076383425352E+02   7.4929632959265427E-02
   2.7000000000000000E+04   4.9118370080419194E-02   4.0767705463936642E+02   7.2711802498850509E-02
   2.8000000000000000E+04   4.7692462777675158E-02   4.1986576655557224E+02   7.0641906666433690E-02
   2.9000000000000000E+04   4.6359303369996128E-02   4.3193989096979277E+02   6.8705393642810531E-02
   3.0000000000000000E+04   4.5110006369378244E-02   4.4390223045201651E+02   6.6889576859366667E-02
   3.1000000000000000E+04   4.3936795141984453E-02   4.5575541817197848E+02   6.5183343733361113E-02
   3.2000000000000000E+04   4.2832833340519648E-02   4.6750193441274558E+02   6.3576917558536256E-02
   3.3000000000000000E+04   4.1792086249355737E-02   4.7914412129593961E+02   6.2061661487825923E-02
   3.4000000000000000E+04   4.0809206061328811E-02   4.9068419544792408E+02   6.0629916192713094E-02
   3.5000000000000000E+04   3.9879436382136757E-02   5.0212425900886711E+02   5.9274864611631832E-02
   3.6000000000000000E+04   3.8998532250128115E-02   5.1346630982518298E+02   5.7990418603661602E-02
   3.7000000000000000E+04   3.8162692885714826E-02   5.2471224981524517E+02   5.6771123537144287E-02
   3.8000000000000000E+04   3.7368504769550018E-02   5.3586389304473119E+02   5.5612077500465214E-02
   3.9000000000000000E+04   3.6612893320957393E-02   5.4692297239479831E+02   5.4508862646274692E-02
   4.0000000000000000E+04   3.5893081639673106E-02   5.5789114582288755E+02   5.3457486543432887E-02
   4.1000000000000000E+04   3.5206555144996925E-02   5.6877000208062896E+02   5.2454331881119781E-02
   4.2000000000000000E+04   3.4551031189234645E-02   5.7956106529494423E+02   5.1496113199397467E-02
   4.3000000000000000E+04   3.3924432755150453E-02   5.9026580009746931E+02   5.0579839447713326E-02
   4.4000000000000000E+04   3.3324865742731330E-02   6.0088561489371693E+02   4.9702781584949736E-02
   4.5000000000000000E+04   3.2750599129586805E-02   6.1142186632493247E+02   4.8862444313540886E-02
   4.6000000000000000E+04   3.2200047713952080E-02   6.2187586245082525E+02   4.8056541448496845E-02
   4.7000000000000000E+04   3.1671757035743243E-02   6.3224886514736306E+02   4.7282974369429527E-02
   4.8000000000000000E+04   3.1164390047705839E-02   6.4254209411506747E+02   4.6539813018220723E-02
   4.9000000000000000E+04   3.0676715498170352E-02   6.5275672828357358E+02   4.5825279260585099E-02
   5.0000000000000000E+04   3.0207597595813866E-02   6.6289390871145076E+02   4.5137732124603099E-02
   5.1000000000000000E+04   2.9755986890487075E-02   6.7295474073062724E+02   4.4475654753948095E-02
   5.2000000000000000E+04   2.9320912172102167E-02   6.8294029617960621E+02   4.3837642818731912E-02
   5.3000000000000000E+04   2.8901473305246499E-02   6.9285161457276411E+02   4.3222394237343552E-02
   5.4000000000000000E+04   2.8496834796641730E-02   7.0268970522408677E+02   4.2628699972722957E-02
   5.5000000000000000E+04   2.8106220063969338E-02   7.1245554889616494E+02   4.2055435819748833E-02
   5.6000000000000000E+04   2.7728906317777888E-02   7.2215009901899271E+02   4.1501555060636262E-02
   5.7000000000000000E+04   2.7364219961077893E-02   7.3177428304383875E+02   4.0966081866185201E-02
   5.8000000000000000E+04   2.7011532440276868E-02   7.4132900409653405E+02   4.0448105350341657E-02
   5.9000000000000000E+04   2.6670256541507596E-02   7.5081514165066790E+02   3.9946774241730806E-02
   6.0000000000000000E+04   2.6339843024134856E-02   7.6023355282427258E+02   3.9461292053371323E-02
   6.1000000000000000E+04   2.6019777596063554E-02   7.6958507309075173E+02   3.8990912730667883E-02
   6.2000000000000000E+04   2.5709578126781100E-02   7.7887051838523428E+02   3.8534936669174784E-02
   6.3000000000000000E+04   2.5408792220371648E-02   7.8809068409859219E+02   3.8092707186309485E-02
   6.4000000000000000E+04   2.5116994898273185E-02   7.9724634750984364E+02   3.7663607220877304E-02
   6.5000000000000000E+04   2.4833786568274334E-02   8.0633826774742818E+02   3.7247056394258550E-02
   6.6000000000000000E+04   2.4558791132089138E-02   8.1536718706431952E+02   3.6842508296813528E-02
   6.7000000000000000E+04   2.4291654276435468E-02   8.2433383149605902E+02   3.6449448026112441E-02
   6.8000000000000000E+04   2.4032041955952238E-02   8.3323890994256681E+02   3.6067389974170805E-02
   6.9000000000000000E+04   2.3779638870327229E-02   8.4208311792567281E+02   3.5695875689172166E-02
   7.0000000000000000E+04   2.3534147253872765E-02   8.5086713476633270E+02   3.5334472070958384E-02
   7.1000000000000000E+04   2.3295285603666130E-02   8.5959162655298383E+02   3.4982769579709742E-02
   7.2000000000000000E+04   2.3062787596077855E-02   8.6825724599211526E+02   3.4640380661290493E-02
   7.3000000000000000E+04   2.2836401100145145E-02   8.7686463183309570E+02   3.4306938306977182E-02
   7.4000000000000000E+04   2.2615887188218317E-02   8.8541441140117411E+02   3.3982094659128770E-02
   7.5000000000000000E+04   2.2401019347739134E-02   8.9390719824956000E+02   3.3665519829454121E-02
   7.6000000000000000E+04   2.2191582602895558E-02   9.0234359583074024E+02   3.3356900681570656E-02
   7.7000000000000000E+04   2.1987372849111224E-02   9.1072419522285520E+02   3.3055939828507214E-02
   7.8000000000000000E+04   2.1788196152796965E-02   9.1904957632305525E+02   3.2762354634257584E-02
   7.9000000000000000E+04   2.1593868080238963E-02   9.2732031003729639E+02   3.2475876270058990E-02
   8.0000000000000000E+04   2.1404213212101311E-02   9.3553695455390300E+02   3.2196248954250328E-02
   8.1000000000000000E+04   2.1219064492944872E-02   9.4370006037399048E+02   3.1923229078958927E-02
   8.2000000000000000E+04   2.1038262827398489E-02   9.5181016642655095E+02   3.1656584567128034E-02
   8.3000000000000000E+04   2.0861656542413946E-02   9.5986780351598134E+02   3.1396094138512444E-02
   8.4000000000000000E+04   2.0689100993485508E-02   9.6787349287805591E+02   3.1141546716104279E-02
   8.5000000000000000E+04   2.0520458143023088E-02   9.7582774729032735E+02   3.0892740827259530E-02
   8.6000000000000000E+04   2.0355596200757716E-02   9.8373107059012546E+02   3.0649484073449855E-02
   8.7000000000000000E+04   2.0194389255181130E-02   9.9158395879361149E+02   3.0411592607922699E-02
   8.8000000000000000E+04   2.0036716982647671E-02   9.9938689858290479E+02   3.0178890692503298E-02
   8.9000000000000000E+04   1.9882464275398463E-02   1.0071403708165531E+03   2.9951210199529385E-02
   9.0000000000000000E+04   1.9731521039193671E-02   1.0148448466439146E+03   2.9728390268102100E-02
   9.1000000000000000E+04   1.9583781870043566E-02   1.0225007904985987E+03   2.9510276870058420E-02
   9.2000000000000000E+04   1.9439145797786692E-02   1.0301086607083130E+03   2.9296722442353769E-02
   9.3000000000000000E+04   1.9297516101796378E-02   1.0376689070987550E+03   2.9087585589527554E-02
   9.4000000000000000E+04   1.9158800056014565E-02   1.0451819730111627E+03   2.8882730735744547E-02
   9.5000000000000000E+04   1.9022908718960198E-02   1.0526482957421360E+03   2.8682027822804105E-02
   9.6000000000000000E+04   1.8889756774355119E-02   1.0600683048633534E+03   2.8485352058265554E-02
   9.7000000000000000E+04   1.8759262300672909E-02   1.0674424250869067E+03   2.8292583611048451E-02
   9.8000000000000000E+04   1.8631346667335819E-02   1.0747710726771134E+03   2.8103607419913273E-02
   9.9000000000000000E+04   1.8505934275843801E-02   1.0820546612018397E+03   2.7918312877949547E-02
   1.0000000000000000E+05   1.8382952536031543E-02   1.0892935943680836E+03   2.7736593720190723E-02
   1.1000000000000000E+05   1.7272682718518333E-02   1.1593122370969709E+03   2.6095345826618981E-02
   1.2000000000000000E+05   1.6342838130452637E-02   1.2252726413387707E+03   2.4719869583886622E-02
   1.3000000000000000E+05   1.5552945547507670E-02   1.2875009677045100E+03   2.3550790643283262E-02
   1.4000000000000000E+05   1.4873833007903466E-02   1.3462859528160191E+03   2.2545258350071148E-02
   1.5000000000000000E+05   1.4283932557451168E-02   1.4018851154982522E+03   2.1671554953778049E-02
   1.6000000000000000E+05   1.3766947996321374E-02   1.4545295332285955E+03   2.0905690320228716E-02
   1.7000000000000000E+05   1.3310332922030222E-02   1.5044276172783630E+03   2.0229177010201011E-02
   1.8000000000000000E+05   1.2904268271661100E-02   1.5517681453544390E+03   1.9627533835360183E-02
   1.9000000000000000E+05   1.2540957581753179E-02   1.5967227631968703E+03   1.9089253447066228E-02
   2.0000000000000000E+05   1.2214130690988713E-02   1.6394480253797524E+03   1.8605074408545728E-02
   2.1000000000000000E+05   1.1918686695823159E-02   1.6800871567577267E+03   1.8167457276762517E-02
   2.2000000000000000E+05   1.1650433033460618E-02   1.7187715156647414E+03   1.7770201270586608E-02
   2.3000000000000000E+05   1.1405891574628185E-02   1.7556218478891199E+03   1.7408159179964782E-02
   2.4000000000000000E+05   1.1182152231365820E-02   1.7907494039388368E+03   1.7077022121999390E-02
   2.5000000000000000E+05   1.0976761533921768E-02   1.8242568521862902E+03   1.6773155371506587E-02
   2.6000000000000000E+05   1.0787636227985436E-02   1.8562391259657065E+03   1.6493471170217728E-02
   2.7000000000000000E+05   1.0612995796112214E-02   1.8867841679921410E+03   1.6235329327875678E-02
   2.8000000000000000E+05   1.0451309540213505E-02   1.9159735309746268E+03   1.5996459027825292E-02
   2.9000000000000000E+05   1.0301254015248089E-02   1.9438829887537163E+03   1.5774896173170905E-02
   3.0000000000000000E+05   1.0161679186138823E-02   1.9705830184430813E+03   1.5568933335392733E-02
   3.1000000000000000E+05   1.0031580857000530E-02   1.9961392654376743E+03   1.5377079076684307E-02
   3.2000000000000000E+05   9.9100782948906025E-03   2.0206129404038909E+03   1.5198024857362323E-02
   3.3000000000000000E+05   9.7963957661612484E-03   2.0440611956736327E+03   1.5030617780269231E-02
   3.4000000000000000E+05   9.6898472858527335E-03   2.0665374646623718E+03   1.4873838067991731E-02
   3.5000000000000000E+05   9.5898243957873268E-03   2.0880916705699137E+03   1.4726780717703879E-02
   3.6000000000000000E+05   9.4957848408604197E-03   2.1087706575770781E+03   1.4588639233141850E-02
   3.7000000000000000E+05   9.4072443386844611E-03   2.1286182990620564E+03   1.4458693029395515E-02
   3.8000000000000000E+05   9.3237690993013458E-03   2.1476757124511114E+03   1.4336296348894018E-02
   3.9000000000000000E+05   9.2449688877791186E-03   2.1659815934634330E+03   1.4220868359447096E-02
   4.0000000000000000E+05   9.1704921692232835E-03   2.1835722743731094E+03   1.4111885600660960E-02
   4.1000000000000000E+05   9.1000212308312237E-03   2.2004819478033878E+03   1.4008874911426595E-02
   4.2000000000000000E+05   9.0332684817543574E-03   2.2167427530265013E+03   1.3911407763836999E-02
   4.3000000000000000E+05   8.9699724686916216E-03   2.2323850505633136E+03   1.3819094709865471E-02
   4.4000000000000000E+05   8.9098956046058126E-03   2.2474373810530842E+03   1.3731581561583009E-02
   4.5000000000000000E+05   8.8528210209763668E-03   2.2619267232020925E+03   1.3648545086931285E-02
   4.6000000000000000E+05   8.7985503768268220E-03   2.2758785919793127E+03   1.3569689721522060E-02
   4.7000000000000000E+05   8.7469026156071061E-03   2.2893169528767889E+03   1.3494745257699600E-02
   4.8000000000000000E+05   8.6977108943657941E-03   2.3022646632280121E+03   1.3423463156076088E-02
   4.9000000000000000E+05   8.6508227412840383E-03   2.3147431223517888E+03   1.3355615699565497E-02
   5.0000000000000000E+05   8.6060969919181472E-03   2.3267728055907701E+03   1.3290992560297969E-02
   5.1000000000000000E+05   8.5634041123583225E-03   2.3383729391181378E+03   1.3229400307971472E-02
   5.2000000000000000E+05   8.5226240722540043E-03   2.3495618571588311E+03   1.3170659949214215E-02
   5.3000000000000000E+05   8.4836463125512636E-03   2.3603568212699074E+03   1.3114606299729601E-02
   5.4000000000000000E+05   8.4463677942066724E-03   2.3707743885846826E+03   1.3061085812146253E-02
   5.5000000000000000E+05   8.4106934450396964E-03   2.3808301389086196E+03   1.3009956473349441E-02
   5.6000000000000000E+05   8.3765350183069489E-03   2.3905388563777510E+03   1.2961086419680272E-02
   5.7000000000000000E+05   8.3438099747244789E-03   2.3999147276520880E+03   1.2914352616110427E-02
   5.8000000000000000E+05   8.3124420719976645E-03   2.4089710664605400E+03   1.2869641007015502E-02
   5.9000000000000000E+05   8.2823595877959243E-03   2.4177207269022369E+03   1.2826844715918282E-02
   6.0000000000000000E+05   8.2534962861685237E-03   2.4261757379874598E+03   1.2785864577428268E-02
   6.1000000000000000E+05   8.2257895424544467E-03   2.4343477716908251E+03   1.2746607312259952E-02
   6.2000000000000000E+05   8.1991813669522913E-03   2.4422477741232033E+03   1.2708986158292395E-02
   6.3000000000000000E+05   8.1736172567243200E-03   2.4498862393633440E+03   1.2672919700876495E-02
   6.4000000000000000E+05   8.1490462857128267E-03   2.4572731263263486E+03   1.2638331761155079E-02
   6.5000000000000000E+05   8.1254202412319679E-03   2.4644180668291924E+03   1.2605150501373999E-02
   6.6000000000000000E+05   8.1026943126101605E-03   2.4713301119984012E+03   1.2573308847694977E-02
   6.7000000000000000E+05   8.0808260440485020E-03   2.4780180063175094E+03   1.2542743470421509E-02
   6.8000000000000000E+05   8.0597758959052804E-03   2.4844899785917082E+03   1.2513395125972621E-02
   6.9000000000000000E+05   8.0395061466146736E-03   2.4907540435806113E+03   1.2485207617757944E-02
   7.0000000000000000E+05   8.0199815764920006E-03   2.4968177609992108E+03   1.2458128262003699E-02
   7.1000000000000000E+05   8.0011691503753656E-03   2.5026883030128479E+03   1.2432107522632936E-02
   7.2000000000000000E+05   7.9830370299523532E-03   2.5083727368343662E+03   1.2407098091910814E-02
   7.3000000000000000E+05   7.9655559213711643E-03   2.5138775800126123E+03   1.2383055937720896E-02
   7.4000000000000000E+05   7.9486973514728779E-03   2.5192093191673962E+03   1.2359938780700849E-02
   7.5000000000000000E+05   7.9324352571481984E-03   2.5243738894719568E+03   1.2337707357112362E-02
   7.6000000000000000E+05   7.9167442363615968E-03   2.5293772092698764E+03   1.2316323886308201E-02
   7.7000000000000000E+05   7.9016002981714198E-03   2.5342249275385020E+03   1.2295752640138742E-02
   7.8000000000000000E+05   7.8869815315252834E-03   2.5389221926070745E+03   1.2275960448371506E-02
   7.9000000000000000E+05   7.8728656371661217E-03   2.5434744305225527E+03   1.2256914576810130E-02
   8.0000000000000000E+05   7.8592331661988136E-03   2.5478862911452043E+03   1.2238585396873575E-02
   8.1000000000000000E+05   7.8460644816649855E-03   2.5521626147561769E+03   1.2220943792414703E-02
   8.2000000000000000E+05   7.8333412952718458E-03   2.5563079263708701E+03   1.2203962408192277E-02
   8.3000000000000000E+05   7.8210458932134446E-03   2.5603266770813193E+03   1.2187614962464760E-02
   8.4000000000000000E+05   7.8091621523056270E-03   2.5642229028577071E+03   1.2171877064305054E-02
   8.5000000000000000E+05   7.7976741607683015E-03   2.5680006666370728E+03   1.2156725023729787E-02
   8.6000000000000000E+05   7.7865670155927574E-03   2.5716637900852002E+03   1.2142136490205586E-02
   8.7000000000000000E+05   7.7758258339449679E-03   2.5752161726225977E+03   1.2128089594855167E-02
   8.8000000000000000E+05   7.7654375596194689E-03   2.5786611880313585E+03   1.2114564439574874E-02
   8.9000000000000000E+05   7.7553889700432282E-03   2.5820023367519193E+03   1.2101541400288941E-02
   9.0000000000000000E+05   7.7456677956969757E-03   2.5852428701107010E+03   1.2089002042950396E-02
   9.1000000000000000E+05   7.7362619766727240E-03   2.5883860323566691E+03   1.2076928478505904E-02
   9.2000000000000000E+05   7.7271604123844255E-03   2.5914348058541973E+03   1.2065303971506543E-02
   9.3000000000000000E+05   7.7183517599318319E-03   2.5943923088636907E+03   1.2054111913229183E-02
   9.4000000000000000E+05   7.7098262273865214E-03   2.5972611901344453E+03   1.2043337308529321E-02
   9.5000000000000000E+05   7.7015734372488315E-03   2.6000443423967185E+03   1.2032964966784014E-02
   9.6000000000000000E+05   7.6935842771463699E-03   2.6027442764946154E+03   1.2022981039075962E-02
   9.7000000000000000E+05   7.6858498828328960E-03   2.6053634599080865E+03   1.2013372150394221E-02
   9.8000000000000000E+05   7.6783610978807737E-03   2.6079044978229035E+03   1.2004124932659125E-02
   9.9000000000000000E+05   7.6711098939875409E-03   2.6103696492167860E+03   1.1995227203486628E-02
   1.0000000000000000E+06   7.6640880616930676E-03   2.6127612681224978E+03   1.1986666855653656E-02
   1.1000000000000000E+06   7.6049517970570813E-03   2.6330781545282916E+03   1.1917326081940231E-02
   1.2000000000000000E+06   7.5620020022130873E-03   2.6480332109422011E+03   1.1871640055130476E-02
   1.3000000000000000E+06   7.5309854303515118E-03   2.6589392089870271E+03   1.1843269350137102E-02
   1.4000000000000000E+06   7.5089296211052273E-03   2.6667492510236516E+03   1.1827789289930205E-02
   1.5000000000000000E+06   7.4937037166129244E-03   2.6721676223573072E+03   1.1822034944167616E-02
   1.6000000000000000E+06   7.4837491786275872E-03   2.6757220164804976E+03   1.1823696982455037E-02
   1.7000000000000000E+06   7.4779056748494627E-03   2.6778129216606881E+03   1.1831061030279906E-02
   1.8000000000000000E+06   7.4752968556222460E-03   2.6787474571007970E+03   1.1842836082560298E-02
   1.9000000000000000E+06   7.4752474650992941E-03   2.6787651561453276E+03   1.1858033627651726E-02
   2.0000000000000000E+06   7.4772380550687956E-03   2.6780520154092428E+03   1.1875894114547038E-02
   2.1000000000000000E+06   7.4808610770493132E-03   2.6767550201547042E+03   1.1895825042299994E-02
   2.2000000000000000E+06   7.4857921954865790E-03   2.6749917604104799E+03   1.1917358904030772E-02
   2.3000000000000000E+06   7.4917757475824335E-03   2.6728552906209829E+03   1.1940127887379337E-02
   2.4000000000000000E+06   7.4986026158826479E-03   2.6704218730911684E+03   1.1963835639770173E-02
   2.5000000000000000E+06   7.5061049822198788E-03   2.6677527813033043E+03   1.1988245641608847E-02
   2.6000000000000000E+06   7.5141524834727467E-03   2.6648956734794883E+03   1.2013172522577794E-02
   2.7000000000000000E+06   7.5226250172197957E-03   2.6618942719109887E+03   1.2038455081167951E-02
   2.8000000000000000E+06   7.5314411536093924E-03   2.6587783180746355E+03   1.2063976914335667E-02
   2.9000000000000000E+06   7.5405191276536566E-03   2.6555774349321987E+03   1.2089631200603395E-02
   3.0000000000000000E+06   7.5498011791823088E-03   2.6523125533804387E+03   1.2115339172176541E-02
   3.1000000000000000E+06   7.5592320884852503E-03   2.6490035242566883E+03   1.2141030571550108E-02
   3.2000000000000000E+06   7.5687679648889098E-03   2.6456660497407102E+03   1.2166649807397801E-02
   3.3000000000000000E+06   7.5783838621803854E-03   2.6423090737067023E+03   1.2192161372497757E-02
   3.4000000000000000E+06   7.5880362810212447E-03   2.6389479045000908E+03   1.2217517605163214E-02
   3.5000000000000000E+06   7.5977063602374233E-03   2.6355891493608506E+03   1.2242694297784140E-02
   3.6000000000000000E+06   7.6073730243711177E-03   2.6322401148098088E+03   1.2267667659786942E-02
   3.7000000000000000E+06   7.6170194431616359E-03   2.6289065680473082E+03   1.2292419323501618E-02
   3.8000000000000000E+06   7.6266318171193627E-03   2.6255931744499835E+03   1.2316934987757964E-02
   3.9000000000000000E+06   7.6361968036255477E-03   2.6223043955027965E+03   1.2341201981953901E-02
   4.0000000000000000E+06   7.6457069120134356E-03   2.6190426436053904E+03   1.2365213565191083E-02
   4.1000000000000000E+06   7.6551498006697128E-03   2.6158119650800086E+03   1.2388959759559278E-02
   4.2000000000000000E+06   7.6645247918282391E-03   2.6126123911062718E+03   1.2412441050956765E-02
   4.3000000000000000E+06   7.6738203488433809E-03   2.6094476457335636E+03   1.2435649364974398E-02
   4.4000000000000000E+06   7.6830375788537759E-03   2.6063171288118442E+03   1.2458587678801375E-02
   4.5000000000000000E+06   7.6921654242629364E-03   2.6032243638325572E+03   1.2481249119177241E-02
   4.6000000000000000E+06   7.7012114637444668E-03   2.6001665500735958E+03   1.2503642730229466E-02
   4.7000000000000000E+06   7.7101575250477297E-03   2.5971495884512051E+03   1.2525756172509324E-02
   4.8000000000000000E+06   7.7190136315758951E-03   2.5941698510750698E+03   1.2547600931889452E-02
   4.9000000000000000E+06   7.7277777044183552E-03   2.5912278029973240E+03   1.2569178468052332E-02
   5.0000000000000000E+06   7.7364523319093936E-03   2.5883223451762096E+03   1.2590494248338309E-02
   5.1000000000000000E+06   7.7450344509012031E-03   2.5854542765451038E+03   1.2611549061097469E-02
   5.2000000000000000E+06   7.7535124233063073E-03   2.5826272468307616E+03   1.2632336538453283E-02
   5.3000000000000000E+06   7.7619045847838594E-03   2.5798349134987834E+03   1.2652875477350016E-02
   5.4000000000000000E+06   7.7702008496626134E-03   2.5770804166460057E+03   1.2673160830626945E-02
   5.5000000000000000E+06   7.7783991876950506E-03   2.5743642052659238E+03   1.2693194296201433E-02
   5.6000000000000000E+06   7.7865118112751385E-03   2.5716820225040437E+03   1.2712989496540253E-02
   5.7000000000000000E+06   7.7945392825492909E-03   2.5690334883426826E+03   1.2732550245787609E-02
   5.8000000000000000E+06   7.8024675078715152E-03   2.5664230479486187E+03   1.2751868020581038E-02
   5.9000000000000000E+06   7.8103047605948593E-03   2.5638477699488062E+03   1.2770953015153731E-02
   6.0000000000000000E+06   7.8180444499628583E-03   2.5613096179271283E+03   1.2789802900472134E-02
   6.1000000000000000E+06   7.8257087295879324E-03   2.5588011431299560E+03   1.2808439406879837E-02
   6.2000000000000000E+06   7.8332937375540056E-03   2.5563234463009462E+03   1.2826862378958222E-02
   6.3000000000000000E+06   7.8407847991345363E-03   2.5538811427756527E+03   1.2845062528072512E-02
   6.4000000000000000E+06   7.8481927096564451E-03   2.5514705339018424E+03   1.2863051871278643E-02
   6.5000000000000000E+06   7.8555148312982794E-03   2.5490923094294817E+03   1.2880831091483004E-02
   6.6000000000000000E+06   7.8627559830875757E-03   2.5467447401576878E+03   1.2898407063086809E-02
   6.7000000000000000E+06   7.8699257543943038E-03   2.5444245686677159E+03   1.2915790597890515E-02
   6.8000000000000000E+06   7.8769948627950490E-03   2.5421411073469035E+03   1.2932959830535572E-02
   6.9000000000000000E+06   7.8839956944357775E-03   2.5398837365175318E+03   1.2949944569804453E-02
   7.0000000000000000E+06   7.8909358119393092E-03   2.5376498960711210E+03   1.2966753734464351E-02
   7.1000000000000000E+06   7.8977947876001896E-03   2.5354460303920187E+03   1.2983372697171383E-02
   7.2000000000000000E+06   7.9045602358754144E-03   2.5332759629295188E+03   1.2999793515768899E-02
   7.3000000000000000E+06   7.9112859619920872E-03   2.5311223155469734E+03   1.3016063719580744E-02
   7.4000000000000000E+06   7.9179016023078752E-03   2.5290074882005410E+03   1.3032126603445616E-02
   7.5000000000000000E+06   7.9244752855278048E-03   2.5269095708635250E+03   1.3048041595255949E-02
   7.6000000000000000E+06   7.9309673052893655E-03   2.5248411287380882E+03   1.3063777594521585E-02
   7.7000000000000000E+06   7.9374018514386073E-03   2.5227943372228738E+03   1.3079357052000784E-02
   7.8000000000000000E+06   7.9437729711679759E-03   2.5207709882634622E+03   1.3094777074706253E-02
   7.9000000000000000E+06   7.9500586214598188E-03   2.5187779608340443E+03   1.3110021216892139E-02
   8.0000000000000000E+06   7.9562941133844382E-03   2.5168039488869158E+03   1.3125121099360943E-02
   8.1000000000000000E+06   7.9624628287867805E-03   2.5148541190895262E+03   1.3140064724774910E-02
   8.2000000000000000E+06   7.9685695682884788E-03   2.5129268523626133E+03   1.3154858016167991E-02
   8.3000000000000000E+06   7.9746081198566344E-03   2.5110240079648793E+03   1.3169497609090277E-02
   8.4000000000000000E+06   7.9806070960829183E-03   2.5091364857317894E+03   1.3184009309269648E-02
   8.5000000000000000E+06   7.9865198222657269E-03   2.5072788759936825E+03   1.3198355712697455E-02
   8.6000000000000000E+06   7.9923936108140248E-03   2.5054362207559229E+03   1.3212578223974989E-02
   8.7000000000000000E+06   7.9982360420799755E-03   2.5036060873572615E+03   1.3226684870450331E-02
   8.8000000000000000E+06   8.0039973277954857E-03   2.5018039890559207E+03   1.3240635506793259E-02
   8.9000000000000000E+06   8.0096663715062567E-03   2.5000332740832978E+03   1.3254422408537678E-02
   9.0000000000000000E+06   8.0153080892926814E-03   2.4982735810020185E+03   1.3268101584414641E-02
   9.1000000000000000E+06   8.0209156884233114E-03   2.4965269828198284E+03   1.3281668842899360E-02
   9.2000000000000000E+06   8.0264503563609486E-03   2.4948054935893729E+03   1.3295093091422350E-02
   9.3000000000000000E+06   8.0319549693065699E-03   2.4930957057893543E+03   1.3308411736126803E-02
   9.4000000000000000E+06   8.0374199297117161E-03   2.4914005511952773E+03   1.3321618123880111E-02
   9.5000000000000000E+06   8.0427700072580426E-03   2.4897432632042210E+03   1.3334650503199163E-02
   9.6000000000000000E+06   8.0481344875910077E-03   2.4880837259797645E+03   1.3347618673399189E-02
   9.7000000000000000E+06   8.0534125005746818E-03   2.4864530957085281E+03   1.3360439306627423E-02
   9.8000000000000000E+06   8.0586804172646364E-03   2.4848277144943027E+03   1.3373177744859148E-02
   9.9000000000000000E+06   8.0638684818080189E-03   2.4832290467343969E+03   1.3385776702904363E-02
   1.0000000000000000E+07   8.0690235091491740E-03   2.4816425953359403E+03   1.3398276666212353E-02
   1.1000000000000000E+07   8.1181972046007814E-03   2.4666107435433250E+03   1.3517608713130654E-02
   1.2000000000000000E+07   8.1635123856667671E-03   2.4529187311860919E+03   1.3627716922289496E-02
   1.3000000000000000E+07   8.2055572490249886E-03   2.4403500987639868E+03   1.3729929919638980E-02
   1.4000000000000000E+07   8.2446384297300366E-03   2.4287823673217599E+03   1.3825180469911661E-02
   1.5000000000000000E+07   8.2812017514934770E-03   2.4180587605488977E+03   1.3914395708197407E-02
   1.6000000000000000E+07   8.3155647322608415E-03   2.4080664498209517E+03   1.3998300029131504E-02
   1.7000000000000000E+07   8.3479792453519577E-03   2.3987161269262870E+03   1.4077487931046951E-02
   1.8000000000000000E+07   8.3785920655543543E-03   2.3899519497309238E+03   1.4152406157547995E-02
   1.9000000000000000E+07   8.4076163364702021E-03   2.3817015003658694E+03   1.4223509160783852E-02
   2.0000000000000000E+07   8.4352061130668794E-03   2.3739114580794962E+03   1.4291162791755652E-02
   2.1000000000000000E+07   8.4614944344554889E-03   2.3665361477437737E+03   1.4355683217589964E-02
   2.2000000000000000E+07   8.4865969112701434E-03   2.3595361783330804E+03   1.4417345428594753E-02
   2.3000000000000000E+07   8.5106146063492049E-03   2.3528773618926152E+03   1.4476390031383339E-02
   2.4000000000000000E+07   8.5336363389597863E-03   2.3465298552331524E+03   1.4533028698613526E-02
   2.5000000000000000E+07   8.5557405665544518E-03   2.3404674659432631E+03   1.4587448598080852E-02
   2.6000000000000000E+07   8.5769969166019106E-03   2.3346670912649788E+03   1.4639816006982217E-02
   2.7000000000000000E+07   8.5974674542301597E-03   2.3291082577136335E+03   1.4690279292983756E-02
   2.8000000000000000E+07   8.6172077263326902E-03   2.3237727439110568E+03   1.4738971380040258E-02
   2.9000000000000000E+07   8.6362676373811266E-03   2.3186442666966623E+03   1.4786011809991060E-02
   3.0000000000000000E+07   8.6546921823397946E-03   2.3137082199101474E+03   1.4831508471569416E-02
   3.1000000000000000E+07   8.6725220657769848E-03   2.3089514550895128E+03   1.4875559060726641E-02
   3.2000000000000000E+07   8.6897942288633422E-03   2.3043620960045387E+03   1.4918252321695753E-02
   3.3000000000000000E+07   8.7065422930718180E-03   2.2999293828740724E+03   1.4959669101064400E-02
   3.4000000000000000E+07   8.7227969439830043E-03   2.2956435386111507E+03   1.4999883254443375E-02
   3.5000000000000000E+07   8.7385862683820054E-03   2.2914956525089387E+03   1.5038962432900484E-02
   3.6000000000000000E+07   8.7539360277797320E-03   2.2874775848859485E+03   1.5076968748093096E-02
   3.7000000000000000E+07   8.7688699172188533E-03   2.2835818790915137E+03   1.5113959367782485E-02
   3.8000000000000000E+07   8.7834097698213636E-03   2.2798016906683533E+03   1.5149987017337952E-02
   3.9000000000000000E+07   8.7975757554790094E-03   2.2761307205113562E+03   1.5185100435093104E-02
   4.0000000000000000E+07   8.8113865373360741E-03   2.2725631611123958E+03   1.5219344757078786E-02
   4.1000000000000000E+07   8.8248594208619018E-03   2.2690936464930041E+03   1.5252761865349074E-02
   4.2000000000000000E+07   8.8380104832207172E-03   2.2657172087642102E+03   1.5285390693794918E-02
   4.3000000000000000E+07   8.8508546834001837E-03   2.2624292409441073E+03   1.5317267495372563E-02
   4.4000000000000000E+07   8.8634059652331759E-03   2.2592254627191587E+03   1.5348426083917883E-02
   4.5000000000000000E+07   8.8756773466204825E-03   2.2561018907133002E+03   1.5378898047469128E-02
   4.6000000000000000E+07   8.8876809977856581E-03   2.2530548123926487E+03   1.5408712937632203E-02
   4.7000000000000000E+07   8.8994283175068724E-03   2.2500807612192120E+03   1.5437898444338473E-02
   4.8000000000000000E+07   8.9109299900348108E-03   2.2471764973426134E+03   1.5466480543069877E-02
   4.9000000000000000E+07   8.9221960494864482E-03   2.2443389869497723E+03   1.5494483638387757E-02
   5.0000000000000000E+07   8.9332359289086265E-03   2.2415653859841650E+03   1.5521930685805686E-02
   5.1000000000000000E+07   8.9440585074322763E-03   2.2388530247685549E+03   1.5548843304281641E-02
   5.2000000000000000E+07   8.9546721518436543E-03   2.2361993944076330E+03   1.5575241877129114E-02
   5.3000000000000000E+07   8.9650847590654944E-03   2.2336021333008557E+03   1.5601145647562216E-02
   5.4000000000000000E+07   8.9753037806889480E-03   2.2310590184318635E+03   1.5626572793721726E-02
   5.5000000000000000E+07   8.9853362719842927E-03   2.2285679508185558E+03   1.5651540519364304E-02
   5.6000000000000000E+07   8.9951889002150703E-03   2.2261269513298271E+03   1.5676065106048090E-02
   5.7000000000000000E+07   9.0048679917538992E-03   2.2237341470645447E+03   1.5700161993963842E-02
   5.8000000000000000E+07   9.0143795366818772E-03   2.2213877684633758E+03   1.5723845823585793E-02
   5.9000000000000000E+07   9.0237292304692542E-03   2.2190861374095507E+03   1.5747130505274286E-02
   6.0000000000000000E+07   9.0329224734057231E-03   2.2168276659106291E+03   1.5770029250584537E-02
   6.1000000000000000E+07   9.0419644091499270E-03   2.2146108452725325E+03   1.5792554633824316E-02
   6.2000000000000000E+07   9.0508599257845095E-03   2.2124342446207947E+03   1.5814718619829249E-02
   6.3000000000000000E+07   9.0596136819359827E-03   2.2102965033706141E+03   1.5836532610659752E-02
   6.4000000000000000E+07   9.0682301178084002E-03   2.2081963275002504E+03   1.5858007477728860E-02
   6.5000000000000000E+07   9.0767134684699227E-03   2.2061324853573051E+03   1.5879153594082360E-02
   6.6000000000000000E+07   9.0850677736405948E-03   2.2041038043954436E+03   1.5899980862161583E-02
   6.7000000000000000E+07   9.0932968960528802E-03   2.2021091659025960E+03   1.5920498747316478E-02
   6.8000000000000000E+07   9.1014045282032108E-03   2.2001475026212111E+03   1.5940716300262819E-02
   6.9000000000000000E+07   9.1093941934479190E-03   2.1982177977844649E+03   1.5960642173591354E-02
   7.0000000000000000E+07   9.1172692753260162E-03   2.1963190773868682E+03   1.5980284660857075E-02
   7.1000000000000000E+07   9.1250330090801406E-03   2.1944504116473613E+03   1.5999651702944782E-02
   7.2000000000000000E+07   9.1326884947814328E-03   2.1926109112901381E+03   1.6018750911633326E-02
   7.3000000000000000E+07   9.1402387038110201E-03   2.1907997254735255E+03   1.6037589586735745E-02
   7.4000000000000000E+07   9.1476864900325843E-03   2.1890160386334301E+03   1.6056174736392311E-02
   7.5000000000000000E+07   9.1550345913961016E-03   2.1872590696588550E+03   1.6074513088614992E-02
   7.6000000000000000E+07   9.1622856376338182E-03   2.1855280696360205E+03   1.6092611107278776E-02
   7.7000000000000000E+07   9.1694421559650550E-03   2.1838223201010164E+03   1.6110475005829499E-02
   7.8000000000000000E+07   9.1765065766066904E-03   2.1821411313668295E+03   1.6128110760261969E-02
   7.9000000000000000E+07   9.1834812357425213E-03   2.1804838414800356E+03   1.6145524119442693E-02
   8.0000000000000000E+07   9.1903683866319669E-03   2.1788498132673999E+03   1.6162720621775997E-02
   8.1000000000000000E+07   9.1971701903923227E-03   2.1772384362300786E+03   1.6179705594367776E-02
   8.2000000000000000E+07   9.2038887388701373E-03   2.1756491208443122E+03   1.6196484178694091E-02
   8.3000000000000000E+07   9.2105260412978021E-03   2.1740813014682221E+03   1.6213061325500017E-02
   8.4000000000000000E+07   9.2170840387141295E-03   2.1725344326865084E+03   1.6229441812631699E-02
   8.5000000000000000E+07   9.2235645992085023E-03   2.1710079902069556E+03   1.6245630246445906E-02
   8.6000000000000000E+07   9.2299695278750572E-03   2.1695014682981023E+03   1.6261631075249430E-02
   8.7000000000000000E+07   9.2363005734363481E-03   2.1680143780359481E+03   1.6277448599654441E-02
   8.8000000000000000E+07   9.2425594141581444E-03   2.1665462504246821E+03   1.6293086965289132E-02
   8.9000000000000000E+07   9.2487476778351056E-03   2.1650966315213477E+03   1.6308550183840653E-02
   9.0000000000000000E+07   9.2548669389363944E-03   2.1636650829442351E+03   1.6323842134700218E-02
   9.1000000000000000E+07   9.2609187186213221E-03   2.1622511817113459E+03   1.6338966568795948E-02
   9.2000000000000000E+07   9.2669044827479469E-03   2.1608545205522355E+03   1.6353927110535807E-02
   9.3000000000000000E+07   9.2728256582279532E-03   2.1594747039489107E+03   1.6368727274949649E-02
   9.4000000000000000E+07   9.2786836249753642E-03   2.1581113498871823E+03   1.6383370464174932E-02
   9.5000000000000000E+07   9.2844797103711491E-03   2.1567640910134742E+03   1.6397859965883527E-02
   9.6000000000000000E+07   9.2902152155945085E-03   2.1554325683929010E+03   1.6412198978285282E-02
   9.7000000000000000E+07   9.2958913877822444E-03   2.1541164378695457E+03   1.6426390589533719E-02
   9.8000000000000000E+07   9.3015094394702617E-03   2.1528153654394509E+03   1.6440437796660174E-02
   9.9000000000000000E+07   9.3070705559442600E-03   2.1515290254549996E+03   1.6454343514232615E-02
   1.0000000000000000E+08   9.3125758702149175E-03   2.1502571063197734E+03   1.6468110555728412E-02
   1.1000000000000000E+08   9.3647885759695973E-03   2.1382685023402587E+03   1.6598718764323679E-02
   1.2000000000000000E+08   9.4124609966401377E-03   2.1274385572720648E+03   1.6718030559102214E-02
   1.3000000000000000E+08   9.4563196114546104E-03   2.1175714512457598E+03   1.6827844893216318E-02
   1.4000000000000000E+08   9.4969294556298545E-03   2.1085164985827114E+03   1.6929562611280747E-02
   1.5000000000000000E+08   9.5347386339216487E-03   2.1001553594590355E+03   1.7024295846991156E-02
   1.6000000000000000E+08   9.5701085418586889E-03   2.0923934514939751E+03   1.7112942304188881E-02
   1.7000000000000000E+08   9.6033348409823183E-03   2.0851540402004134E+03   1.7196237026335683E-02
   1.8000000000000000E+08   9.6346625196270849E-03   2.0783740377288000E+03   1.7274789485940464E-02
   1.9000000000000000E+08   9.6642968309728194E-03   2.0720009736141342E+03   1.7349110635548094E-02
   2.0000000000000000E+08   9.6924114564936256E-03   2.0659907529674574E+03   1.7419633067505432E-02
   2.1000000000000000E+08   9.7191546517612463E-03   2.0603059793315429E+03   1.7486726247898716E-02
   2.2000000000000000E+08   9.7446540006077831E-03   2.0549146682706983E+03   1.7550708248649686E-02
   2.3000000000000000E+08   9.7690200645825717E-03   2.0497892634768905E+03   1.7611854838665390E-02
   2.4000000000000000E+08   9.7923492796677444E-03   2.0449058618292165E+03   1.7670406665401983E-02
   2.5000000000000000E+08   9.8147262924587093E-03   2.0402435937982038E+03   1.7726575000000667E-02
   2.6000000000000000E+08   9.8362257903807770E-03   2.0357841381248425E+03   1.7780546318338419E-02
   2.7000000000000000E+08   9.8569140022325367E-03   2.0315113268246282E+03   1.7832486032804001E-02
   2.8000000000000000E+08   9.8768499221354687E-03   2.0274108243959429E+03   1.7882541543881796E-02
   2.9000000000000000E+08   9.8960863469967335E-03   2.0234698587839925E+03   1.7930844781193458E-02
   3.0000000000000000E+08   9.9146706841376012E-03   2.0196770100603135E+03   1.7977514269430343E-02
   3.1000000000000000E+08   9.9326457152729090E-03   2.0160220163980230E+03   1.8022656930749194E-02
   3.2000000000000000E+08   9.9500501223040699E-03   2.0124956353923114E+03   1.8066369503519881E-02
   3.3000000000000000E+08   9.9669190031425135E-03   2.0090895126927471E+03   1.8108739802731075E-02
   3.4000000000000000E+08   9.9832843513739146E-03   2.0057960625268458E+03   1.8149847826873546E-02
   3.5000000000000000E+08   9.9991753311371150E-03   2.0026083931858091E+03   1.8189766591193104E-02
   3.6000000000000000E+08   1.0014618692777567E-02   1.9995202071460867E+03   1.8228562994394210E-02
   3.7000000000000000E+08   1.0029638955121723E-02   1.9965257505950424E+03   1.8266298418770480E-02
   3.8000000000000000E+08   1.0044258688072266E-02   1.9936197448648988E+03   1.8303029355023450E-02
   3.9000000000000000E+08   1.0058498670369937E-02   1.9907973445439850E+03   1.8338807872117599E-02
   4.0000000000000000E+08   1.0072378160123487E-02   1.9880540746919471E+03   1.8373682139125450E-02
   4.1000000000000000E+08   1.0085914949851961E-02   1.9853858120591815E+03   1.8407696729966287E-02
   4.2000000000000000E+08   1.0099125555098240E-02   1.9827887408492454E+03   1.8440893009124323E-02
   4.3000000000000000E+08   1.0112025321471338E-02   1.9802593255529987E+03   1.8473309422231049E-02
   4.4000000000000000E+08   1.0124628544819025E-02   1.9777942819757648E+03   1.8504981774634919E-02
   4.5000000000000000E+08   1.0136948547058728E-02   1.9753905576330303E+03   1.8535943452840507E-02
   4.6000000000000000E+08   1.0148997793447972E-02   1.9730453046308792E+03   1.8566225663409271E-02
   4.7000000000000000E+08   1.0160787907997517E-02   1.9707558729092773E+03   1.8595857571324925E-02
   4.8000000000000000E+08   1.0172329816740306E-02   1.9685197790301738E+03   1.8624866532451479E-02
   4.9000000000000000E+08   1.0183633749319425E-02   1.9663347029158342E+03   1.8653278195572578E-02
   5.0000000000000000E+08   1.0194709321125980E-02   1.9641984692566034E+03   1.8681116661859384E-02
   5.1000000000000000E+08   1.0205565577740636E-02   1.9621090365385503E+03   1.8708404603761185E-02
   5.2000000000000000E+08   1.0216211035709105E-02   1.9600644870274828E+03   1.8735163372914067E-02
   5.3000000000000000E+08   1.0226653716332071E-02   1.9580630183158009E+03   1.8761413095181517E-02
   5.4000000000000000E+08   1.0236901213797618E-02   1.9561029284997019E+03   1.8787172788287884E-02
   5.5000000000000000E+08   1.0246960693725318E-02   1.9541826148834114E+03   1.8812460415527189E-02
   5.6000000000000000E+08   1.0256838903639171E-02   1.9523005704971069E+03   1.8837292944544459E-02
   5.7000000000000000E+08   1.0266542290091945E-02   1.9504553604573268E+03   1.8861686491175186E-02
   5.8000000000000000E+08   1.0276076914103729E-02   1.9486456368955849E+03   1.8885656290119422E-02
   5.9000000000000000E+08   1.0285448561555308E-02   1.9468701168676782E+03   1.8909216825628104E-02
   6.0000000000000000E+08   1.0294662707564368E-02   1.9451275881392421E+03   1.8932381836489754E-02
   6.1000000000000000E+08   1.0303724534613434E-02   1.9434169048098429E+03   1.8955164363235445E-02
   6.2000000000000000E+08   1.0312639027510239E-02   1.9417369685542203E+03   1.8977576857209494E-02
   6.3000000000000000E+08   1.0321410892199940E-02   1.9400867431994659E+03   1.8999631139504355E-02
   6.4000000000000000E+08   1.0330044612974765E-02   1.9384652432111034E+03   1.9021338473884115E-02
   6.5000000000000000E+08   1.0338544502173726E-02   1.9368715237296167E+03   1.9042709631475904E-02
   6.6000000000000000E+08   1.0346914594796504E-02   1.9353046997355157E+03   1.9063754823596450E-02
   6.7000000000000000E+08   1.0355158833106075E-02   1.9337639108974690E+03   1.9084483876277189E-02
   6.8000000000000000E+08   1.0363280915242395E-02   1.9322483494218111E+03   1.9104906121448637E-02
   6.9000000000000000E+08   1.0371284456898168E-02   1.9307572293760575E+03   1.9125030549451229E-02
   7.0000000000000000E+08   1.0379172822671924E-02   1.9292898177136972E+03   1.9144865683201073E-02
   7.1000000000000000E+08   1.0386949297942203E-02   1.9278454018292734E+03   1.9164419736936066E-02
   7.2000000000000000E+08   1.0394617019974538E-02   1.9264233020410720E+03   1.9183700571947859E-02
   7.3000000000000000E+08   1.0402178985760048E-02   1.9250228697741031E+03   1.9202715715757344E-02
   7.4000000000000000E+08   1.0409638042224920E-02   1.9236434890287233E+03   1.9221472365645986E-02
   7.5000000000000000E+08   1.0416997001841986E-02   1.9222845547071631E+03   1.9239977496606019E-02
   7.6000000000000000E+08   1.0424258475692092E-02   1.9209455031996611E+03   1.9258237731516664E-02
   7.7000000000000000E+08   1.0431425055869213E-02   1.9196257784361862E+03   1.9276259503740678E-02
   7.8000000000000000E+08   1.0438499126515087E-02   1.9183248664750208E+03   1.9294048907534389E-02
   7.9000000000000000E+08   1.0445483119215412E-02   1.9170422482646991E+03   1.9311611920698794E-02
   8.0000000000000000E+08   1.0452379237527386E-02   1.9157774500926596E+03   1.9328954181316776E-02
   8.1000000000000000E+08   1.0459189697965202E-02   1.9145299991037887E+03   1.9346081197298325E-02
   8.2000000000000000E+08   1.0465916583151597E-02   1.9132994500747041E+03   1.9362998230093992E-02
   8.3000000000000000E+08   1.0472561959718395E-02   1.9120853636477436E+03   1.9379710400104083E-02
   8.4000000000000000E+08   1.0479127727661106E-02   1.9108873337056880E+03   1.9396222566398415E-02
   8.5000000000000000E+08   1.0485615788029050E-02   1.9097049565684695E+03   1.9412539473151174E-02
   8.6000000000000000E+08   1.0492027986268172E-02   1.9085378412333046E+03   1.9428665707515717E-02
   8.7000000000000000E+08   1.0498366052063704E-02   1.9073856201780461E+03   1.9444605654252805E-02
   8.8000000000000000E+08   1.0504631657154191E-02   1.9062479386827442E+03   1.9460363549042174E-02
   8.9000000000000000E+08   1.0510826502519157E-02   1.9051244389080507E+03   1.9475943556166157E-02
   9.0000000000000000E+08   1.0516952113914664E-02   1.9040147968894858E+03   1.9491349601252195E-02
   9.1000000000000000E+08   1.0523010051053829E-02   1.9029186844752967E+03   1.9506585550815452E-02
   9.2000000000000000E+08   1.0529001750623263E-02   1.9018357976705945E+03   1.9521655084379964E-02
   9.3000000000000000E+08   1.0534928692972787E-02   1.9007658263912845E+03   1.9536561837944954E-02
   9.4000000000000000E+08   1.0540792268907596E-02   1.8997084784734998E+03   1.9551309295653369E-02
   9.5000000000000000E+08   1.0546593742986516E-02   1.8986634861504854E+03   1.9565900762243467E-02
   9.6000000000000000E+08   1.0552334533062469E-02   1.8976305556207797E+03   1.9580339600651649E-02
   9.7000000000000000E+08   1.0558015784992604E-02   1.8966094435599200E+03   1.9594628878120003E-02
   9.8000000000000000E+08   1.0563638786426049E-02   1.8955998825709996E+03   1.9608771716120726E-02
   9.9000000000000000E+08   1.0569204696475867E-02   1.8946016297468916E+03   1.9622771066183632E-02
   1.0000000000000000E+09   1.0574714672812249E-02   1.8936144437593946E+03   1.9636629819016965E-02
   1.1000000000000000E+09   1.0626967358824424E-02   1.8843035615841786E+03   1.9768060932646526E-02
   1.2000000000000000E+09   1.0674670370801170E-02   1.8758829778805409E+03   1.9888055024116735E-02
   1.3000000000000000E+09   1.0718552957412371E-02   1.8682029675679182E+03   1.9998444230331376E-02
   1.4000000000000000E+09   1.0759181928069640E-02   1.8611482338475862E+03   2.0100652870186097E-02
   1.5000000000000000E+09   1.0797006619280399E-02   1.8546281528913489E+03   2.0195810197149253E-02
   1.6000000000000000E+09   1.0832389297634039E-02   1.8485702362492937E+03   2.0284826686546936E-02
   1.7000000000000000E+09   1.0865626199256920E-02   1.8429156383495972E+03   2.0368447055154736E-02
   1.8000000000000000E+09   1.0896962795682389E-02   1.8376159319370886E+03   2.0447288318270591E-02
   1.9000000000000000E+09   1.0926604726745543E-02   1.8326308074508238E+03   2.0521867379559699E-02
   2.0000000000000000E+09   1.0954725817764818E-02   1.8279263923336989E+03   2.0592621447594849E-02
   2.1000000000000000E+09   1.0981474628218250E-02   1.8234739068300019E+03   2.0659923878384133E-02
   2.2000000000000000E+09   1.1006978848267138E-02   1.8192487438298460E+03   2.0724095803892589E-02
   2.3000000000000000E+09   1.1031349147732523E-02   1.8152296854086671E+03   2.0785415535597315E-02
   2.4000000000000000E+09   1.1054682156601138E-02   1.8113982979704565E+03   2.0844125924956439E-02
   2.5000000000000000E+09   1.1077062526762476E-02   1.8077385042011017E+03   2.0900439960737004E-02
   2.6000000000000000E+09   1.1098564915803320E-02   1.8042361868387825E+03   2.0954545542257553E-02
   2.7000000000000000E+09   1.1119255802373620E-02   1.8008788356858445E+03   2.1006609524507835E-02
   2.8000000000000000E+09   1.1139194088958037E-02   1.7976554033582486E+03   2.1056780287208914E-02
   2.9000000000000000E+09   1.1158432556618230E-02   1.7945560311869151E+03   2.1105190656549574E-02
   3.0000000000000000E+09   1.1177018915577274E-02   1.7915718488374273E+03   2.1151960199420370E-02
   3.1000000000000000E+09   1.1194995624310764E-02   1.7886949772081316E+03   2.1197196252785527E-02
   3.2000000000000000E+09   1.1212401573102269E-02   1.7859182363846853E+03   2.1240996329768863E-02
   3.3000000000000000E+09   1.1229271953791392E-02   1.7832351487676574E+03   2.1283448851105540E-02
   3.4000000000000000E+09   1.1245638606661857E-02   1.7806398679048168E+03   2.1324634151398045E-02
   3.5000000000000000E+09   1.1261530799541003E-02   1.7781270414753765E+03   2.1364625744315194E-02
   3.6000000000000000E+09   1.1276975276401211E-02   1.7756917925479406E+03   2.1403490888775085E-02
   3.7000000000000000E+09   1.1291996596995599E-02   1.7733296561920208E+03   2.1441291327312685E-02
   3.8000000000000000E+09   1.1306617269250830E-02   1.7710365502093700E+03   2.1478083790123319E-02
   3.9000000000000000E+09   1.1320858141034651E-02   1.7688087063373077E+03   2.1513920665661403E-02
   4.0000000000000000E+09   1.1334738412750997E-02   1.7666426620437239E+03   2.1548850309850688E-02
   4.1000000000000000E+09   1.1348275970217273E-02   1.7645352030232916E+03   2.1582917587123017E-02
   4.2000000000000000E+09   1.1361487268090187E-02   1.7624833765656888E+03   2.1616164002847254E-02
   4.3000000000000000E+09   1.1374387738165894E-02   1.7604844237796829E+03   2.1648628249014711E-02
   4.4000000000000000E+09   1.1386991466034696E-02   1.7585358259730747E+03   2.1680346112758795E-02
   4.5000000000000000E+09   1.1399312114429117E-02   1.7566351585132038E+03   2.1711351410601005E-02
   4.6000000000000000E+09   1.1411361986625478E-02   1.7547802327663451E+03   2.1741675344722374E-02
   4.7000000000000000E+09   1.1423152554792655E-02   1.7529690115773074E+03   2.1771347073007589E-02
   4.8000000000000000E+09   1.1434694831314396E-02   1.7511995500075716E+03   2.1800394134009471E-02
   4.9000000000000000E+09   1.1445999410164241E-02   1.7494699873293409E+03   2.1828842583393980E-02
   5.0000000000000000E+09   1.1457075293085046E-02   1.7477787245718357E+03   2.1856716100593036E-02
   5.1000000000000000E+09   1.1467931973178755E-02   1.7461241041457954E+03   2.1884037819293215E-02
   5.2000000000000000E+09   1.1478577776116460E-02   1.7445046619570435E+03   2.1910829010151955E-02
   5.3000000000000000E+09   1.1489020794673482E-02   1.7429189833441128E+03   2.1937109932174039E-02
   5.4000000000000000E+09   1.1499268610447505E-02   1.7413657443290565E+03   2.1962899660257530E-02
   5.5000000000000000E+09   1.1509328451142555E-02   1.7398436866300228E+03   2.1988216272582153E-02
   5.6000000000000000E+09   1.1519206914248467E-02   1.7383516584204101E+03   2.2013076669223374E-02
   5.7000000000000000E+09   1.1528910615557917E-02   1.7368885153857734E+03   2.2037497162202269E-02
   5.8000000000000000E+09   1.1538445637276969E-02   1.7354532033655594E+03   2.2061493054454387E-02
   5.9000000000000000E+09   1.1547817412901876E-02   1.7340447746168245E+03   2.2085078581610334E-02
   6.0000000000000000E+09   1.1557031769546967E-02   1.7326622304384848E+03   2.2108267821658093E-02
   6.1000000000000000E+09   1.1566093895464946E-02   1.7313046758960893E+03   2.2131073860972093E-02
   6.2000000000000000E+09   1.1575008575795232E-02   1.7299712835587206E+03   2.2153509021726869E-02
   6.3000000000000000E+09   1.1583780633929274E-02   1.7286612269244338E+03   2.2175585259459063E-02
   6.4000000000000000E+09   1.1592414714615931E-02   1.7273737125557197E+03   2.2197314006208970E-02
   6.5000000000000000E+09   1.1600914690488563E-02   1.7261080679689373E+03   2.2218705695784258E-02
   6.6000000000000000E+09   1.1609285021913033E-02   1.7248635385619946E+03   2.2239770926041558E-02
   6.7000000000000000E+09   1.1617529289207876E-02   1.7236395058348085E+03   2.2260519247233830E-02
   6.8000000000000000E+09   1.1625651594824652E-02   1.7224352785512579E+03   2.2280960356749275E-02
   6.9000000000000000E+09   1.1633655240198009E-02   1.7212502888929389E+03   2.2301103005996175E-02
   7.0000000000000000E+09   1.1641543797909361E-02   1.7200839330834929E+03   2.2320955915683616E-02
   7.1000000000000000E+09   1.1649320518651763E-02   1.7189356590378379E+03   2.2340527292944716E-02
   7.2000000000000000E+09   1.1656988284146534E-02   1.7178049728594851E+03   2.2359824805437845E-02
   7.3000000000000000E+09   1.1664550365541390E-02   1.7166913267592786E+03   2.2378856230321625E-02
   7.4000000000000000E+09   1.1672009613376760E-02   1.7155942383839867E+03   2.2397628786475603E-02
   7.5000000000000000E+09   1.1679368615985484E-02   1.7145132670668818E+03   2.2416149278410052E-02
   7.6000000000000000E+09   1.1686630293602894E-02   1.7134479263909618E+03   2.2434424605023002E-02
   7.7000000000000000E+09   1.1693797053897951E-02   1.7123978080666993E+03   2.2452461060729477E-02
   7.8000000000000000E+09   1.1700871172759340E-02   1.7113625256972593E+03   2.2470264663929373E-02
   7.9000000000000000E+09   1.1707855207864786E-02   1.7103416541759248E+03   2.2487841512419761E-02
   8.0000000000000000E+09   1.1714751340891841E-02   1.7093348258425108E+03   2.2505197239424336E-02
   8.1000000000000000E+09   1.1721562011311618E-02   1.7083416377226490E+03   2.2522337552737970E-02
   8.2000000000000000E+09   1.1728289015119372E-02   1.7073617828872937E+03   2.2539267485539576E-02
   8.3000000000000000E+09   1.1734934369980628E-02   1.7063949240565485E+03   2.2555992128756031E-02
   8.4000000000000000E+09   1.1741500318894047E-02   1.7054406932007660E+03   2.2572516640294034E-02
   8.5000000000000000E+09   1.1747988629730904E-02   1.7044987932994238E+03   2.2588845663127303E-02
   8.6000000000000000E+09   1.1754400794469037E-02   1.7035689690361803E+03   2.2604983497906381E-02
   8.7000000000000000E+09   1.1760738725114848E-02   1.7026509057896048E+03   2.2620934691936982E-02
   8.8000000000000000E+09   1.1767004770387253E-02   1.7017442275085157E+03   2.2636704058020835E-02
   8.9000000000000000E+09   1.1773199521144844E-02   1.7008488140464699E+03   2.2652294837804923E-02
   9.0000000000000000E+09   1.1779325180662810E-02   1.6999643134009245E+03   2.2667711533687983E-02
   9.1000000000000000E+09   1.1785383389088883E-02   1.6990904565404849E+03   2.2682958087648589E-02
   9.2000000000000000E+09   1.1791374930371638E-02   1.6982270991564974E+03   2.2698037639208270E-02
   9.3000000000000000E+09   1.1797301989691035E-02   1.6973738962154096E+03   2.2712954423007817E-02
   9.4000000000000000E+09   1.1803165629729030E-02   1.6965306656915382E+03   2.2727711654890355E-02
   9.5000000000000000E+09   1.1808967297041804E-02   1.6956971714273338E+03   2.2742312798985528E-02
   9.6000000000000000E+09   1.1814708042704073E-02   1.6948732351822562E+03   2.2756760916931271E-02
   9.7000000000000000E+09   1.1820389299733745E-02   1.6940586249154014E+03   2.2771059323033315E-02
   9.8000000000000000E+09   1.1826012357509531E-02   1.6932531302790444E+03   2.2785211146125649E-02
   9.9000000000000000E+09   1.1831578349542347E-02   1.6924565642458203E+03   2.2799219321917526E-02
   1.0000000000000000E+10   1.1837088241167559E-02   1.6916687647414678E+03   2.2813086585182857E-02
   1.1000000000000000E+10   1.1889341551992777E-02   1.6842339296506605E+03   2.2944595443036332E-02
   1.2000000000000000E+10   1.1937044881642683E-02   1.6775033219374197E+03   2.3064654132260706E-02
   1.3000000000000000E+10   1.1980927990782502E-02   1.6713590515256769E+03   2.3175098197461053E-02
   1.4000000000000000E+10   1.2021556925748720E-02   1.6657104039645451E+03   2.3277353443607110E-02
   1.5000000000000000E+10   1.2059381956490313E-02   1.6604857956501330E+03   2.3372551465945024E-02
   1.6000000000000000E+10   1.2094764478982672E-02   1.6556281420666398E+03   2.3461603177968606E-02
   1.7000000000000000E+10   1.2128001537017312E-02   1.6510908563090738E+03   2.3545254867421664E-02
   1.8000000000000000E+10   1.2159338325798253E-02   1.6468356999809923E+03   2.3624124012403432E-02
   1.9000000000000000E+10   1.2188979920419776E-02   1.6428308663898474E+03   2.3698727591064769E-02
   2.0000000000000000E+10   1.2217101391350007E-02   1.6390493785415777E+03   2.3769504295138431E-02
   2.1000000000000000E+10   1.2243850372847132E-02   1.6354685685704994E+03   2.3836827059329668E-02
   2.2000000000000000E+10   1.2269354705913218E-02   1.6320689166660816E+03   2.3901017432499932E-02
   2.3000000000000000E+10   1.2293725243960513E-02   1.6288335753159110E+03   2.3962354119956623E-02
   2.4000000000000000E+10   1.2317057707157745E-02   1.6257480413877565E+03   2.4021079409645329E-02
   2.5000000000000000E+10   1.2339438443193013E-02   1.6227993303956266E+03   2.4077407880907061E-02
   2.6000000000000000E+10   1.2360940790907413E-02   1.6199764064723497E+03   2.4131526468638476E-02
   2.7000000000000000E+10   1.2381631776114916E-02   1.6172692586206842E+03   2.4183602607818926E-02
   2.8000000000000000E+10   1.2401570086484575E-02   1.6146691349101525E+03   2.4233784601590463E-02
   2.9000000000000000E+10   1.2420809295731727E-02   1.6121680935841150E+03   2.4282206030495627E-02
   3.0000000000000000E+10   1.2439395118642702E-02   1.6097593373379880E+03   2.4328984864735812E-02
   3.1000000000000000E+10   1.2457372106382597E-02   1.6074363254198740E+03   2.4374230264407687E-02
   3.2000000000000000E+10   1.2474778083960508E-02   1.6051934798598272E+03   2.4418038907889714E-02
   3.3000000000000000E+10   1.2491648765146135E-02   1.6030255748899467E+03   2.4460499705643068E-02
   3.4000000000000000E+10   1.2508015170558689E-02   1.6009280585304289E+03   2.4501692350320282E-02
   3.5000000000000000E+10   1.2523906615108696E-02   1.5988966588839326E+03   2.4541690435620642E-02
   3.6000000000000000E+10   1.2539351490871584E-02   1.5969272779097939E+03   2.4580562639155135E-02
   3.7000000000000000E+10   1.2554373231466938E-02   1.5950164993407548E+03   2.4618369790784665E-02
   3.8000000000000000E+10   1.2568994135130847E-02   1.5931610937030018E+03   2.4655168473505656E-02
   3.9000000000000000E+10   1.2583234602631480E-02   1.5913581106470072E+03   2.4691010726443464E-02
   4.0000000000000000E+10   1.2597114557680865E-02   1.5896046948991298E+03   2.4725945535557726E-02
   4.1000000000000000E+10   1.2610652913040457E-02   1.5878981509644721E+03   2.4760018647790080E-02
   4.2000000000000000E+10   1.2623863539675284E-02   1.5862364465630744E+03   2.4793269419816664E-02
   4.3000000000000000E+10   1.2636764966625868E-02   1.5846169882843349E+03   2.4825739159306918E-02
   4.4000000000000000E+10   1.2649368480463980E-02   1.5830381156180199E+03   2.4857461320694690E-02
   4.5000000000000000E+10   1.2661688158028799E-02   1.5814978376618876E+03   2.4888470082181983E-02
   4.6000000000000000E+10   1.2673738411593766E-02   1.5799941416459717E+03   2.4918798428299142E-02
   4.7000000000000000E+10   1.2685529896278842E-02   1.5785255016383367E+03   2.4948474843346842E-02
   4.8000000000000000E+10   1.2697071537619530E-02   1.5770906215454695E+03   2.4977525125968483E-02
   4.9000000000000000E+10   1.2708375588630595E-02   1.5756878055277427E+03   2.5005976733704860E-02
   5.0000000000000000E+10   1.2719452301548568E-02   1.5743156205423832E+03   2.5033854404342894E-02
   5.1000000000000000E+10   1.2730308155120162E-02   1.5729731125964770E+03   2.5061178751078456E-02
   5.2000000000000000E+10   1.2740953959413985E-02   1.5716588025401429E+03   2.5087973136728475E-02
   5.3000000000000000E+10   1.2751397856911255E-02   1.5703715520270148E+03   2.5114257869258361E-02
   5.4000000000000000E+10   1.2761644944849007E-02   1.5691106067916544E+03   2.5140049945924961E-02
   5.5000000000000000E+10   1.2771704485375776E-02   1.5678747081879812E+03   2.5165369157987501E-02
   5.6000000000000000E+10   1.2781582482505389E-02   1.5666630067505205E+03   2.5190231913407701E-02
   5.7000000000000000E+10   1.2791287589230276E-02   1.5654743358230335E+03   2.5214656238644172E-02
   5.8000000000000000E+10   1.2800821664329540E-02   1.5643083677098068E+03   2.5238653898365077E-02
   5.9000000000000000E+10   1.2810193762978617E-02   1.5631639000607599E+03   2.5262242171308135E-02
   6.0000000000000000E+10   1.2819407459800819E-02   1.5620404067710945E+03   2.5285433250040373E-02
   6.1000000000000000E+10   1.2828470419151253E-02   1.5609368684498643E+03   2.5308242302399999E-02
   6.2000000000000000E+10   1.2837384420084105E-02   1.5598529877895862E+03   2.5330679132283953E-02
   6.3000000000000000E+10   1.2846156993967153E-02   1.5587877722867318E+03   2.5352757970728827E-02
   6.4000000000000000E+10   1.2854791253525226E-02   1.5577407713703860E+03   2.5374488967802040E-02
   6.5000000000000000E+10   1.2863290875408046E-02   1.5567114696406543E+03   2.5395882396003738E-02
   6.6000000000000000E+10   1.2871660112957612E-02   1.5556992856666197E+03   2.5416948682419220E-02
   6.7000000000000000E+10   1.2879905657484940E-02   1.5547033476471788E+03   2.5437699990133924E-02
   6.8000000000000000E+10   1.2888027401813825E-02   1.5537236086457647E+03   2.5458142487362397E-02
   6.9000000000000000E+10   1.2896031231132705E-02   1.5527593012282784E+03   2.5478287095658414E-02
   7.0000000000000000E+10   1.2903919785006769E-02   1.5518100528134341E+03   2.5498141755257595E-02
   7.1000000000000000E+10   1.2911696109862541E-02   1.5508754444566041E+03   2.5517714504123112E-02
   7.2000000000000000E+10   1.2919363667112752E-02   1.5499550100943000E+03   2.5537013498301082E-02
   7.3000000000000000E+10   1.2926926340720027E-02   1.5490482358512706E+03   2.5556047031046674E-02
   7.4000000000000000E+10   1.2934384358835583E-02   1.5481550483995647E+03   2.5574820122953718E-02
   7.5000000000000000E+10   1.2941744375883468E-02   1.5472746069986185E+03   2.5593342991624773E-02
   7.6000000000000000E+10   1.2949007305284426E-02   1.5464067608410264E+03   2.5611620853927403E-02
   7.7000000000000000E+10   1.2956172162155782E-02   1.5455515867226484E+03   2.5629657159574347E-02
   7.8000000000000000E+10   1.2963246696294691E-02   1.5447081207515164E+03   2.5647462520983155E-02
   7.9000000000000000E+10   1.2970230503455677E-02   1.5438763742661733E+03   2.5665040552298377E-02
   8.0000000000000000E+10   1.2977127727972795E-02   1.5430558181151359E+03   2.5682398534750413E-02
   8.1000000000000000E+10   1.2983938399477445E-02   1.5422464145299384E+03   2.5699540155599349E-02
   8.2000000000000000E+10   1.2990664951622351E-02   1.5414478410184004E+03   2.5716470984211356E-02
   8.3000000000000000E+10   1.2997310072856469E-02   1.5406597465802267E+03   2.5733196675427946E-02
   8.4000000000000000E+10   1.3003876710085592E-02   1.5398817513811907E+03   2.5749722978850167E-02
   8.5000000000000000E+10   1.3010363379414178E-02   1.5391140015931917E+03   2.5766051810295572E-02
   8.6000000000000000E+10   1.3016778137089026E-02   1.5383555156414297E+03   2.5782192978702420E-02
   8.7000000000000000E+10   1.3023115119024946E-02   1.5376069596297114E+03   2.5798144508407918E-02
   8.8000000000000000E+10   1.3029380436392400E-02   1.5368675848270864E+03   2.5813914369615658E-02
   8.9000000000000000E+10   1.3035578127815799E-02   1.5361368898816079E+03   2.5829508697593994E-02
   9.0000000000000000E+10   1.3041702570775617E-02   1.5354155129977621E+03   2.5844925429764833E-02
   9.1000000000000000E+10   1.3047760539809078E-02   1.5347026320705825E+03   2.5860172816634077E-02
   9.2000000000000000E+10   1.3053751582194503E-02   1.5339982775821532E+03   2.5875252960919408E-02
   9.3000000000000000E+10   1.3059680442025354E-02   1.5333018699779298E+03   2.5890172244798549E-02
   9.4000000000000000E+10   1.3065541769522135E-02   1.5326140160358659E+03   2.5904928504974035E-02
   9.5000000000000000E+10   1.3071343172505736E-02   1.5319338019669674E+03   2.5919530375373631E-02
   9.6000000000000000E+10   1.3077084708297382E-02   1.5312612015402956E+03   2.5933980084506845E-02
   9.7000000000000000E+10   1.3082766504238924E-02   1.5305961806001503E+03   2.5948279851916715E-02
   9.8000000000000000E+10   1.3088388759343360E-02   1.5299386969062107E+03   2.5962431892194771E-02
   9.9000000000000000E+10   1.3093954478687199E-02   1.5292883808069669E+03   2.5976440711799925E-02
   1.0000000000000000E+11   1.3099464092085178E-02   1.5286451645888806E+03   2.5990308596796508E-02
