   1.0000000000000000E-02   1.9400714849597836E+05   5.3064372572795341E-05
   1.1000000000000000E-01   6.4265446846700377E+02   1.6019288925406116E-02
   2.1000000000000002E-01   3.8845848824820075E+02   2.6501847484404685E-02
   3.1000000000000005E-01   2.8931877857852112E+02   3.5583129654275791E-02
   4.1000000000000003E-01   2.3531352566229364E+02   4.3749578697616975E-02
   5.1000000000000001E-01   2.0090252066839400E+02   5.1243098271368859E-02
   6.0999999999999999E-01   1.7686025462259889E+02   5.8209051160445224E-02
   7.0999999999999996E-01   1.5900789296564184E+02   6.4744381033969955E-02
   8.0999999999999994E-01   1.4516533700574465E+02   7.0918222090228231E-02
   9.0999999999999992E-01   1.3407874020115659E+02   7.6782251937413573E-02
   1.0100000000000000E+00   1.2497339331781031E+02   8.2376474994130422E-02
   2.0099999999999998E+00   8.0204409219591454E+01   1.2835787595405054E-01
   3.0099999999999998E+00   6.2862204547780820E+01   1.6376879690484319E-01
   4.0099999999999998E+00   5.3268095955745856E+01   1.9326516979561295E-01
   5.0099999999999998E+00   4.7033766798000798E+01   2.1888248189413179E-01
   6.0099999999999998E+00   4.2589459671329820E+01   2.4172336744874176E-01
   7.0099999999999998E+00   3.9224047200068831E+01   2.6246316595188479E-01
   8.0099999999999998E+00   3.6565011624393144E+01   2.8154968786358447E-01
   9.0099999999999998E+00   3.4396826826524915E+01   2.9929701543391785E-01
   1.0010000000000000E+01   3.2585408762139437E+01   3.1593489235395750E-01
   1.1010000000000000E+01   3.1042581710815213E+01   3.3163696581297886E-01
   1.2010000000000000E+01   2.9707761137302146E+01   3.4653798251560658E-01
   1.3010000000000000E+01   2.8537813734302468E+01   3.6074478954222733E-01
   1.4010000000000000E+01   2.7501113792052788E+01   3.7434366067570746E-01
   1.5010000000000000E+01   2.6573891826636896E+01   3.8740534042728930E-01
   1.6009999999999998E+01   2.5737901590482455E+01   3.9998861497641042E-01
   1.7009999999999998E+01   2.4978878826227920E+01   4.1214290205718024E-01
   1.8009999999999998E+01   2.4285493339548509E+01   4.2391016997835540E-01
   1.9009999999999998E+01   2.3648618637483370E+01   4.3532638279593749E-01
   2.0009999999999998E+01   2.3060811409185252E+01   4.4642260963444341E-01
   2.1009999999999998E+01   2.2515933440946313E+01   4.5722588568566791E-01
   2.2009999999999998E+01   2.2008872126873257E+01   4.6775989020382353E-01
   2.3009999999999998E+01   2.1535330534632799E+01   4.7804548869218305E-01
   2.4009999999999998E+01   2.1091667836759196E+01   4.8810116341933002E-01
   2.5009999999999998E+01   2.0674775870775786E+01   4.9794337186156545E-01
   2.6009999999999998E+01   2.0281983197647392E+01   5.0758683257219050E-01
   2.7009999999999998E+01   1.9910979233246188E+01   5.1704476655705911E-01
   2.8009999999999998E+01   1.9559753994011515E+01   5.2632909456469346E-01
   2.9009999999999998E+01   1.9226549564600273E+01   5.3545060568387337E-01
   3.0009999999999998E+01   1.8909820887254327E+01   5.4441909687866030E-01
   3.1009999999999998E+01   1.8608203718131659E+01   5.5324349225309721E-01
   3.2009999999999998E+01   1.8320488248055227E+01   5.6193194581858685E-01
   3.3009999999999998E+01   1.8045597346320104E+01   5.7049192731076748E-01
   3.4009999999999998E+01   1.7782568359526433E+01   5.7893029856179834E-01
   3.5009999999999998E+01   1.7530537883485579E+01   5.8725337910335185E-01
   3.6009999999999998E+01   1.7288729039272251E+01   5.9546699969621242E-01
   3.7009999999999998E+01   1.7056440512754264E+01   6.0357655525360354E-01
   3.8009999999999998E+01   1.6833037359668563E+01   6.1158704692490085E-01
   3.9009999999999998E+01   1.6617943214636554E+01   6.1950311639703015E-01
   4.0009999999999998E+01   1.6410633356018710E+01   6.2732908512641372E-01
   4.1009999999999998E+01   1.6210628969432207E+01   6.3506898029613068E-01
   4.2009999999999998E+01   1.6017492052151816E+01   6.4272656268889472E-01
   4.3009999999999998E+01   1.5830821111693755E+01   6.5030534657306660E-01
   4.4009999999999998E+01   1.5650247160982527E+01   6.5780862779229821E-01
   4.5009999999999998E+01   1.5475430574961601E+01   6.6523949428798179E-01
   4.6009999999999998E+01   1.5306058029580017E+01   6.7260084795710839E-01
   4.7009999999999998E+01   1.5264987123791665E+01   6.7441050071577713E-01
   4.8009999999999998E+01   1.5254191533388884E+01   6.7488778982763364E-01
   4.9009999999999998E+01   1.5218710103939177E+01   6.7646124666712237E-01
   5.0009999999999998E+01   1.5166407278592992E+01   6.7879408883520997E-01
   5.1009999999999998E+01   1.5102270181190439E+01   6.8167682646800143E-01
   5.2009999999999998E+01   1.5029640177405769E+01   6.8497099651478155E-01
   5.3009999999999998E+01   1.4950850034167470E+01   6.8858075534495800E-01
   5.4009999999999998E+01   1.4867580463942828E+01   6.9243732257199209E-01
   5.5009999999999998E+01   1.4781072870606069E+01   6.9648987591751899E-01
   5.6009999999999998E+01   1.4692262408060264E+01   7.0069995509530247E-01
   5.7009999999999998E+01   1.4601864739090775E+01   7.0503786971918392E-01
   5.8009999999999998E+01   1.4510434434112526E+01   7.0948031613540541E-01
   5.9009999999999998E+01   1.4418405812859911E+01   7.1400872906449475E-01
   6.0009999999999998E+01   1.4326121641649825E+01   7.1860813883126073E-01
   6.1009999999999998E+01   1.4233854066071306E+01   7.2326634527718736E-01
   6.2009999999999998E+01   1.4141820154346803E+01   7.2797330875487554E-01
   6.3009999999999998E+01   1.4050193482181278E+01   7.3272070043963267E-01
   6.4009999999999991E+01   1.3959112977251877E+01   7.3750156090526697E-01
   6.5009999999999991E+01   1.3868689829108648E+01   7.4231003335070522E-01
   6.6009999999999991E+01   1.3779012622641803E+01   7.4714116980048373E-01
   6.7009999999999991E+01   1.3690151814060201E+01   7.5199075579301367E-01
   6.8009999999999991E+01   1.3602162744090501E+01   7.5685520040177900E-01
   6.9009999999999991E+01   1.3515088586101484E+01   7.6173141922008292E-01
   7.0009999999999991E+01   1.3428962418712148E+01   7.6661675627531578E-01
   7.1009999999999991E+01   1.3343808811910669E+01   7.7150892632597068E-01
   7.2009999999999991E+01   1.3259645494677743E+01   7.7640594642658123E-01
   7.3009999999999991E+01   1.3176484396993613E+01   7.8130609800024775E-01
   7.4009999999999991E+01   1.3094332657626424E+01   7.8620788693498422E-01
   7.5009999999999991E+01   1.3013193406778615E+01   7.9111001333566566E-01
   7.6009999999999991E+01   1.2933066481534633E+01   7.9601134226556935E-01
   7.7009999999999991E+01   1.2853948883590682E+01   8.0091088760424656E-01
   7.8009999999999991E+01   1.2775835342943759E+01   8.0580778737589165E-01
   7.9009999999999991E+01   1.2698718768592201E+01   8.1070128389948837E-01
   8.0009999999999991E+01   1.2622590442293214E+01   8.1559071861210630E-01
   8.1009999999999991E+01   1.2547440269808590E+01   8.2047552235395305E-01
   8.2009999999999991E+01   1.2473257280543457E+01   8.2535518814598541E-01
   8.3009999999999991E+01   1.2400029494804233E+01   8.3022928404242136E-01
   8.4009999999999991E+01   1.2327744383824472E+01   8.3509742650767227E-01
   8.5009999999999991E+01   1.2256388725006095E+01   8.3995929311316031E-01
   8.6009999999999991E+01   1.2185949066056624E+01   8.4481459373993995E-01
   8.7009999999999991E+01   1.2116411495533216E+01   8.4966308823132075E-01
   8.8009999999999991E+01   1.2047762032915985E+01   8.5450456121637919E-01
   8.9009999999999991E+01   1.1979986345396268E+01   8.5933884336457478E-01
   9.0009999999999991E+01   1.1913070232915141E+01   8.6416577828376173E-01
   9.1009999999999991E+01   1.1846999440404291E+01   8.6898523641906278E-01
   9.2009999999999991E+01   1.1781759596377899E+01   8.7379712048624791E-01
   9.3009999999999991E+01   1.1717336518298421E+01   8.7860134370120813E-01
   9.4009999999999991E+01   1.1653716071273861E+01   8.8339784036379920E-01
   9.5009999999999991E+01   1.1590884278309572E+01   8.8818655784885836E-01
   9.6009999999999991E+01   1.1528827333591297E+01   8.9296745555207446E-01
   9.7009999999999991E+01   1.1467531445125680E+01   8.9774051711470149E-01
   9.8009999999999991E+01   1.1406983221638093E+01   9.0250572035976395E-01
   9.9009999999999991E+01   1.1347169295937691E+01   9.0726306632807618E-01
   1.0000999999999999E+02   1.1288076516847894E+01   9.1201256424960764E-01
   1.1000999999999999E+02   1.0734091087690098E+01   9.5908144671721918E-01
   1.2000999999999999E+02   1.0239474944621376E+01   1.0054097173199246E+00
   1.3000999999999999E+02   9.7947440055835600E+00   1.0510604058368007E+00
   1.4000999999999999E+02   9.3922642360558850E+00   1.0961007219170160E+00
   1.5000999999999999E+02   9.0258801749909487E+00   1.1405943143474704E+00
   1.6000999999999999E+02   8.6905942120600965E+00   1.1845988154975469E+00
   1.7000999999999999E+02   8.3823140363740549E+00   1.2281653449039101E+00
   1.8000999999999999E+02   8.0976580135721345E+00   1.2713388972862827E+00
   1.9000999999999999E+02   7.8338068155488294E+00   1.3141589845109012E+00
   2.0000999999999999E+02   7.5883901947074373E+00   1.3566602857028145E+00
   2.1000999999999999E+02   7.3593997330232046E+00   1.3988732754087196E+00
   2.2000999999999999E+02   7.1451208051259183E+00   1.4408248496219513E+00
   2.3000999999999999E+02   6.9440798643060582E+00   1.4825387683822415E+00
   2.4000999999999999E+02   6.7550024175097692E+00   1.5240361103188813E+00
   2.5000999999999999E+02   6.5767797285431726E+00   1.5653356254120208E+00
   2.6000999999999999E+02   6.4084419605542644E+00   1.6064540605882038E+00
   2.7000999999999999E+02   6.2491366965864037E+00   1.6474063713792351E+00
   2.8000999999999999E+02   6.0981109093497041E+00   1.6882060301317250E+00
   2.9000999999999999E+02   5.9546968031457572E+00   1.7288651210818389E+00
   3.0000999999999999E+02   5.8182995041839805E+00   1.7693945803534372E+00
   3.1000999999999999E+02   5.6883872154792696E+00   1.8098042941876000E+00
   3.2000999999999999E+02   5.5644827755919266E+00   1.8501032395560073E+00
   3.3000999999999999E+02   5.4461567573649754E+00   1.8902995393318813E+00
   3.4000999999999999E+02   5.3330212095977716E+00   1.9304006500196704E+00
   3.5000999999999999E+02   5.2247248605236312E+00   1.9704133489135456E+00
   3.6000999999999999E+02   5.1209487519656323E+00   2.0103438070190860E+00
   3.7000999999999999E+02   5.0214023180811642E+00   2.0501977251466719E+00
   3.8000999999999999E+02   4.9258204752874892E+00   2.0899802705406922E+00
   3.9000999999999999E+02   4.8339603902042834E+00   2.1296963108010005E+00
   4.0000999999999999E+02   4.7455997415405484E+00   2.1693501707403242E+00
   4.1000999999999999E+02   4.6605339173232085E+00   2.2089459688964381E+00
   4.2000999999999999E+02   4.5785746254730109E+00   2.2484874555282954E+00
   4.3000999999999999E+02   4.4995481442902614E+00   2.2879780990097829E+00
   4.4000999999999999E+02   4.4232939854850768E+00   2.3274210675027627E+00
   4.5000999999999999E+02   4.3496633749532743E+00   2.3668193885663205E+00
   4.6000999999999999E+02   4.2785185058665300E+00   2.4061757815141678E+00
   4.7000999999999999E+02   4.2097312572674586E+00   2.4454928308793371E+00
   4.8000999999999999E+02   4.1431824935608992E+00   2.4847729071977716E+00
   4.9000999999999999E+02   4.0787611309173553E+00   2.5240182690622057E+00
   5.0000999999999999E+02   4.0163637618320758E+00   2.5632308774940729E+00
   5.1000999999999999E+02   3.9558934370297503E+00   2.6024127731069631E+00
   5.2000999999999999E+02   3.8972597975250634E+00   2.6415656498224562E+00
   5.3000999999999999E+02   3.8403779933012903E+00   2.6806912307937916E+00
   5.4000999999999999E+02   3.7851685126438901E+00   2.7197910938938352E+00
   5.5000999999999999E+02   3.7315569104363959E+00   2.7588665687460381E+00
   5.6000999999999999E+02   3.6794727927648712E+00   2.7979192100073500E+00
   5.7000999999999999E+02   3.6288502981418342E+00   2.8369502084028517E+00
   5.8000999999999999E+02   3.5796273557777023E+00   2.8759607038313031E+00
   5.9000999999999999E+02   3.5317452472669362E+00   2.9149519256925389E+00
   6.0000999999999999E+02   3.4851487944835551E+00   2.9539248441476560E+00
   6.1000999999999999E+02   3.4397857377893715E+00   2.9928804856875688E+00
   6.2000999999999999E+02   3.3956067744274958E+00   3.0318197286880948E+00
   6.3000999999999999E+02   3.3525651376353314E+00   3.0707435014484221E+00
   6.4000999999999999E+02   3.3106167163143785E+00   3.1096525184701020E+00
   6.5000999999999999E+02   3.2697194666567246E+00   3.1485476703916402E+00
   6.6000999999999999E+02   3.2298337260940282E+00   3.1874295962678660E+00
   6.7000999999999999E+02   3.1909217743026730E+00   3.2262989624137721E+00
   6.8000999999999999E+02   3.1529477287540431E+00   3.2651564488969407E+00
   6.9000999999999999E+02   3.1158775744617180E+00   3.3040026007294951E+00
   7.0000999999999999E+02   3.0796789192773928E+00   3.3428379644173383E+00
   7.1000999999999999E+02   3.0443208798914365E+00   3.3816631083722530E+00
   7.2000999999999999E+02   3.0097740584161334E+00   3.4204785508031823E+00
   7.3000999999999999E+02   2.9760104452203033E+00   3.4592847703577649E+00
   7.4000999999999999E+02   2.9430034112137484E+00   3.4980821192220213E+00
   7.5000999999999999E+02   2.9107274595201140E+00   3.5368710237383483E+00
   7.6000999999999999E+02   2.8791581881832866E+00   3.5756519568215048E+00
   7.7000999999999999E+02   2.8482724245088882E+00   3.6144251936685143E+00
   7.8000999999999999E+02   2.8180479512345302E+00   3.6531910697496306E+00
   7.9000999999999999E+02   2.7884634015287268E+00   3.6919500553359401E+00
   8.0000999999999999E+02   2.7594985742674574E+00   3.7307022752527152E+00
   8.1000999999999999E+02   2.7311339641755432E+00   3.7694480551355798E+00
   8.2000999999999999E+02   2.7033508764865024E+00   3.8081877195890623E+00
   8.3000999999999999E+02   2.6761314209173355E+00   3.8469215409635260E+00
   8.4000999999999999E+02   2.6494585509125632E+00   3.8856496192515739E+00
   8.5000999999999999E+02   2.6233158127953198E+00   3.9243721855228526E+00
   8.6000999999999999E+02   2.5976872637866451E+00   3.9630896886984823E+00
   8.7000999999999999E+02   2.5725578967364986E+00   4.0018021062367977E+00
   8.8000999999999999E+02   2.5479131444280800E+00   4.0405096351457752E+00
   8.9000999999999999E+02   2.5237389304055449E+00   4.0792125863517601E+00
   9.0000999999999999E+02   2.5000218912046392E+00   4.1179109854176632E+00
   9.1000999999999999E+02   2.4767490106732231E+00   4.1566051163084570E+00
   9.2000999999999999E+02   2.4539079726668529E+00   4.1952949027619786E+00
   9.3000999999999999E+02   2.4314867133335212E+00   4.2339806148733432E+00
   9.4000999999999999E+02   2.4094736926737297E+00   4.2726623830253496E+00
   9.5000999999999999E+02   2.3878577450551006E+00   4.3113404183709738E+00
   9.6000999999999999E+02   2.3666282700192363E+00   4.3500146347413269E+00
   9.7000999999999999E+02   2.3457749152875698E+00   4.3886851813803176E+00
   9.8000999999999999E+02   2.3252876421469626E+00   4.4273523081518071E+00
   9.9000999999999999E+02   2.3051569628401714E+00   4.4660158833140704E+00
   1.0000100000000000E+03   2.2853734980224463E+00   4.5046762021544691E+00
   1.1000100000000000E+03   2.1048131244058652E+00   4.8911076666163433E+00
   1.2000100000000000E+03   1.9507988191338712E+00   5.2772574540244035E+00
   1.3000100000000000E+03   1.8178716843500258E+00   5.6631431680268038E+00
   1.4000100000000000E+03   1.7019788561605576E+00   6.0487635156644108E+00
   1.5000100000000000E+03   1.6000463506475873E+00   6.4341058653767016E+00
   1.6000100000000000E+03   1.5096991399773290E+00   6.8191518011534562E+00
   1.7000100000000000E+03   1.4290724346360881E+00   7.2038808950910909E+00
   1.8000100000000000E+03   1.3566814743430591E+00   7.5882716792910250E+00
   1.9000100000000000E+03   1.2913291252230263E+00   7.9723034263617301E+00
   2.0000100000000000E+03   1.2320393662623486E+00   8.3559567100586083E+00
   2.1000100000000002E+03   1.1780085215695788E+00   8.7392131899515828E+00
   2.2000100000000002E+03   1.1285686288209094E+00   9.1220572206866670E+00
   2.3000100000000002E+03   1.0831601448161998E+00   9.5044741618730360E+00
   2.4000100000000002E+03   1.0413107025509460E+00   9.8864513582319127E+00
   2.5000100000000002E+03   1.0026188535792158E+00   1.0267977280523821E+01
   2.6000100000000002E+03   9.6674101158209202E-01   1.0649044042031960E+01
   2.7000100000000002E+03   9.3338183400636165E-01   1.1029642140545517E+01
   2.8000100000000002E+03   9.0228561608179469E-01   1.1409765850288107E+01
   2.9000100000000002E+03   8.7323026179626528E-01   1.1789407742694719E+01
   3.0000100000000002E+03   8.4602139329478221E-01   1.2168566529368071E+01
   3.1000100000000002E+03   8.2048892623369818E-01   1.2547235289125599E+01
   3.2000100000000002E+03   7.9648261204869286E-01   1.2925414131886725E+01
   3.3000100000000002E+03   7.7386984936607617E-01   1.3303099504405525E+01
   3.4000100000000002E+03   7.5253270931248251E-01   1.3680292540349066E+01
   3.5000100000000002E+03   7.3236650960958449E-01   1.4056988508478213E+01
   3.6000100000000002E+03   7.1327733201170784E-01   1.4433190496241993E+01
   3.7000100000000002E+03   6.9518117483546205E-01   1.4808898719118586E+01
   3.8000100000000002E+03   6.7800261437472287E-01   1.5184111965512853E+01
   3.9000100000000002E+03   6.6167347607934279E-01   1.5558833747692413E+01
   4.0000100000000002E+03   6.4613225286041343E-01   1.5933065659547363E+01
   4.1000100000000002E+03   6.3132338532665266E-01   1.6306805432606563E+01
   4.2000100000000002E+03   6.1719610972760142E-01   1.6680059137313506E+01
   4.3000100000000002E+03   6.0370435117075927E-01   1.7052829898627479E+01
   4.4000100000000002E+03   5.9080624397504622E-01   1.7425116465104672E+01
   4.5000100000000002E+03   5.7846340202329316E-01   1.7796921246128690E+01
   4.6000100000000002E+03   5.6664056400291363E-01   1.8168250322303596E+01
   4.7000100000000002E+03   5.5530560610967550E-01   1.8539102606399659E+01
   4.8000100000000002E+03   5.4442873462520891E-01   1.8909486136258650E+01
   4.9000100000000002E+03   5.3398285033268800E-01   1.9279397462225994E+01
   5.0000100000000002E+03   5.2394271815303761E-01   1.9648841854061640E+01
   5.1000100000000002E+03   5.1428502716514402E-01   2.0017824874902306E+01
   5.2000100000000002E+03   5.0498829300000403E-01   2.0386349054583224E+01
   5.3000100000000002E+03   4.9603264461201213E-01   2.0754415503497128E+01
   5.4000100000000002E+03   4.8739962908824275E-01   2.1122025941698784E+01
   5.5000100000000002E+03   4.7907198670688234E-01   2.1489187210345253E+01
   5.6000100000000002E+03   4.7103384985577945E-01   2.1855897644571183E+01
   5.7000100000000002E+03   4.6327027117775871E-01   2.2222163281498467E+01
   5.8000100000000002E+03   4.5576726337908507E-01   2.2587992681285350E+01
   5.9000100000000002E+03   4.4851207694356832E-01   2.2953378824783631E+01
   6.0000100000000002E+03   4.4149252895049285E-01   2.3318328022557889E+01
   6.1000100000000002E+03   4.3469715978458084E-01   2.3682849951626014E+01
   6.2000100000000002E+03   4.2811553395646912E-01   2.4046937784376240E+01
   6.3000100000000002E+03   4.2173758859887561E-01   2.4410600069532610E+01
   6.4000100000000002E+03   4.1555408252953646E-01   2.4773833400721060E+01
   6.5000100000000002E+03   4.0955600005570514E-01   2.5136654348064699E+01
   6.6000100000000002E+03   4.0373528360651562E-01   2.5499053532338053E+01
   6.7000100000000002E+03   3.9808410851490178E-01   2.5861036372394782E+01
   6.8000100000000002E+03   3.9259507473424654E-01   2.6222610195874150E+01
   6.9000100000000002E+03   3.8726140209249227E-01   2.6583768880528492E+01
   7.0000100000000002E+03   3.8207644230463284E-01   2.6944523319676538E+01
   7.1000100000000002E+03   3.7703401670410336E-01   2.7304877420796885E+01
   7.2000100000000002E+03   3.7212848218316313E-01   2.7664820357687784E+01
   7.3000100000000002E+03   3.6735411228884302E-01   2.8024370124599514E+01
   7.4000100000000002E+03   3.6270567044643243E-01   2.8383530913384668E+01
   7.5000100000000002E+03   3.5817848180166884E-01   2.8742283896542723E+01
   7.6000100000000002E+03   3.5376758984666573E-01   2.9100652250361186E+01
   7.7000100000000002E+03   3.4946860983260575E-01   2.9458633250372422E+01
   7.8000100000000002E+03   3.4527739230482352E-01   2.9816222663334820E+01
   7.9000100000000002E+03   3.4118977902291153E-01   3.0173434969413041E+01
   8.0000100000000002E+03   3.3720213987613656E-01   3.0530255867764684E+01
   8.1000100000000002E+03   3.3331067206480292E-01   3.0886702624315244E+01
   8.2000100000000002E+03   3.2951198496063011E-01   3.1242771369321368E+01
   8.3000100000000002E+03   3.2580276801729197E-01   3.1598465759596699E+01
   8.4000100000000002E+03   3.2217996438383079E-01   3.1953779712109544E+01
   8.5000100000000002E+03   3.1864034794806556E-01   3.2308738287136705E+01
   8.6000100000000002E+03   3.1518134181826807E-01   3.2663315506513058E+01
   8.7000100000000002E+03   3.1180009101541062E-01   3.3017525992535411E+01
   8.8000100000000002E+03   3.0849391437119422E-01   3.3371379887866972E+01
   8.9000100000000002E+03   3.0526048160317226E-01   3.3724861978561599E+01
   9.0000100000000002E+03   3.0209725460130787E-01   3.4077991285166938E+01
   9.1000100000000002E+03   2.9900203336440756E-01   3.4430761201645069E+01
   9.2000100000000002E+03   2.9597262810719405E-01   3.4783174631431379E+01
   9.3000100000000002E+03   2.9300703801097938E-01   3.5135222960721045E+01
   9.4000100000000002E+03   2.9010307756285403E-01   3.5486930011439576E+01
   9.5000100000000002E+03   2.8725892462753067E-01   3.5838286392406744E+01
   9.6000100000000002E+03   2.8447283968281695E-01   3.6189281272176473E+01
   9.7000100000000002E+03   2.8174283871709938E-01   3.6539944214565821E+01
   9.8000100000000002E+03   2.7906738096593181E-01   3.6890257736116467E+01
   9.9000100000000002E+03   2.7644490417678252E-01   3.7240214791562259E+01
   1.0000010000000000E+04   2.7387368248142108E-01   3.7589838922455080E+01
   1.1000010000000000E+04   2.5068098717007548E-01   4.1067604391519467E+01
   1.2000010000000000E+04   2.3127852597664175E-01   4.4512855510917468E+01
   1.3000010000000000E+04   2.1480359231806539E-01   4.7926887527711095E+01
   1.4000010000000000E+04   2.0063706401213843E-01   5.1310896420181834E+01
   1.5000010000000000E+04   1.8832341904611882E-01   5.4665891590759095E+01
   1.6000010000000000E+04   1.7751974861847725E-01   5.7992801869620720E+01
   1.7000010000000002E+04   1.6796315383364468E-01   6.1292416667601671E+01
   1.8000010000000002E+04   1.5944836810731983E-01   6.4565525077353357E+01
   1.9000010000000002E+04   1.5181312235159458E-01   6.7812765129312254E+01
   2.0000010000000002E+04   1.4492723465699561E-01   7.1034734319891299E+01
   2.1000010000000002E+04   1.3868503757913073E-01   7.4231999278957517E+01
   2.2000010000000002E+04   1.3299986556519655E-01   7.7405097861017623E+01
   2.3000010000000002E+04   1.2779995021786197E-01   8.0554551015289547E+01
   2.4000010000000002E+04   1.2302552697908853E-01   8.3680743845349383E+01
   2.5000010000000002E+04   1.1862608903682982E-01   8.6784177858042526E+01
   2.6000010000000002E+04   1.1455897147301758E-01   8.9865223798740274E+01
   2.7000010000000002E+04   1.1078773101527510E-01   9.2924257182925786E+01
   2.8000010000000002E+04   1.0728112830399017E-01   9.5961589632100512E+01
   2.9000010000000002E+04   1.0401205858690070E-01   9.8977635376527047E+01
   3.0000010000000002E+04   1.0095715132497120E-01   1.0197264358656530E+02
   3.1000010000000002E+04   9.8095831683371174E-02   1.0494704446571681E+02
   3.2000010000000002E+04   9.5410273081918559E-02   1.0790103913377472E+02
   3.3000010000000002E+04   9.2884705961561662E-02   1.1083490552079193E+02
   3.4000010000000002E+04   9.0505136985655002E-02   1.1374898654877410E+02
   3.5000010000000002E+04   8.8259273363080815E-02   1.1664346665562520E+02
   3.6000010000000002E+04   8.6135998956879289E-02   1.1951875794381814E+02
   3.7000010000000002E+04   8.4125628763222451E-02   1.2237492617798867E+02
   3.8000010000000002E+04   8.2219401881289872E-02   1.2521214426298282E+02
   3.9000010000000002E+04   8.0409243580078144E-02   1.2803089733487855E+02
   4.0000010000000002E+04   7.8688047823007520E-02   1.3083140190149845E+02
   4.1000010000000002E+04   7.7049580525907518E-02   1.3361354519139311E+02
   4.2000010000000002E+04   7.5487791399463253E-02   1.3637791513992323E+02
   4.3000010000000002E+04   7.3997544295591883E-02   1.3912444943378350E+02
   4.4000010000000002E+04   7.2573950150955108E-02   1.4185348307709197E+02
   4.5000010000000002E+04   7.1212614021238074E-02   1.4456522557233947E+02
   4.6000010000000002E+04   6.9909588111597351E-02   1.4725973772213376E+02
   4.7000010000000002E+04   6.8661126336207426E-02   1.4993735405921211E+02
   4.8000010000000002E+04   6.7463902178131099E-02   1.5259816401360462E+02
   4.9000010000000002E+04   6.6314823843378334E-02   1.5524232762633190E+02
   5.0000010000000002E+04   6.5211056936408898E-02   1.5786997011281923E+02
   5.1000010000000002E+04   6.4149896228700098E-02   1.6048143823762561E+02
   5.2000010000000002E+04   6.3128949495670092E-02   1.6307680852953737E+02
   5.3000010000000002E+04   6.2146015432606706E-02   1.6565611709636218E+02
   5.4000010000000002E+04   6.1198962100796533E-02   1.6821964386618635E+02
   5.5000010000000002E+04   6.0285762271311036E-02   1.7076781020442334E+02
   5.6000010000000002E+04   5.9404845348146454E-02   1.7330013316661967E+02
   5.7000010000000002E+04   5.8554354213724853E-02   1.7581728545753751E+02
   5.8000010000000002E+04   5.7732707513361098E-02   1.7831950124968040E+02
   5.9000010000000002E+04   5.6938644446184655E-02   1.8080633477859456E+02
   6.0000010000000002E+04   5.6170636623534283E-02   1.8327845700902918E+02
   6.1000010000000002E+04   5.5427617616187849E-02   1.8573534372095349E+02
   6.2000010000000002E+04   5.4708129676456968E-02   1.8817802162969039E+02
   6.3000010000000002E+04   5.4011217138645533E-02   1.9060610286099538E+02
   6.4000010000000002E+04   5.3335784534054131E-02   1.9301989648250327E+02
   6.5000010000000002E+04   5.2680909857228897E-02   1.9541932053710647E+02
   6.6000010000000009E+04   5.2045572361822827E-02   1.9780486874091633E+02
   6.7000010000000009E+04   5.1428969090976641E-02   2.0017643346816553E+02
   6.8000010000000009E+04   5.0830350810146294E-02   2.0253386894825954E+02
   6.9000010000000009E+04   5.0248801718269245E-02   2.0487787285548868E+02
   7.0000010000000009E+04   4.9683721618124885E-02   2.0720806079511976E+02
   7.1000010000000009E+04   4.9134390963040446E-02   2.0952468134427809E+02
   7.2000010000000009E+04   4.8600184044349494E-02   2.1182774946246650E+02
   7.3000010000000009E+04   4.8080348298480173E-02   2.1411799152673046E+02
   7.4000010000000009E+04   4.7574383490638014E-02   2.1639518695186280E+02
   7.5000010000000009E+04   4.7081877336673912E-02   2.1865881719115632E+02
   7.6000010000000009E+04   4.6602118505153313E-02   2.2090986289470530E+02
   7.7000010000000009E+04   4.6134698039713734E-02   2.2314804359864209E+02
   7.8000010000000009E+04   4.5679234209826954E-02   2.2537303410750914E+02
   7.9000010000000009E+04   4.5235037871097700E-02   2.2758613884468502E+02
   8.0000010000000009E+04   4.4801997019904102E-02   2.2978590898531922E+02
   8.1000010000000009E+04   4.4379355207045439E-02   2.3197424932261899E+02
   8.2000010000000009E+04   4.3967043892455884E-02   2.3414964250854896E+02
   8.3000010000000009E+04   4.3564568475101498E-02   2.3631285629421680E+02
   8.4000010000000009E+04   4.3171563545362605E-02   2.3846408988080486E+02
   8.5000010000000009E+04   4.2787736890825746E-02   2.4060322787914455E+02
   8.6000010000000009E+04   4.2412756282434703E-02   2.4273045451280558E+02
   8.7000010000000009E+04   4.2046304480332336E-02   2.4484595582928759E+02
   8.8000010000000009E+04   4.1688135130038870E-02   2.4694958355568514E+02
   8.9000010000000009E+04   4.1337902025026345E-02   2.4904185034217801E+02
   9.0000010000000009E+04   4.0995499097269322E-02   2.5112189962975620E+02
   9.1000010000000009E+04   4.0660433769192407E-02   2.5319128831764806E+02
   9.2000010000000009E+04   4.0332680901564506E-02   2.5524878037990499E+02
   9.3000010000000009E+04   4.0011826213000520E-02   2.5729561941942183E+02
   9.4000010000000009E+04   3.9697924462931959E-02   2.5933012238937295E+02
   9.5000010000000009E+04   3.9390407942375860E-02   2.6135468372494557E+02
   9.6000010000000009E+04   3.9089351070958900E-02   2.6336757524799924E+02
   9.7000010000000009E+04   3.8794433740494419E-02   2.6536970943927543E+02
   9.8000010000000009E+04   3.8505517312445878E-02   2.6736084405879899E+02
   9.9000010000000009E+04   3.8222296678629961E-02   2.6934194185489838E+02
   1.0000001000000001E+05   3.7944765053023952E-02   2.7131193447080767E+02
   1.1000001000000001E+05   3.5445761075690793E-02   2.9044002151886627E+02
   1.2000001000000001E+05   3.3361820745980500E-02   3.0858230694188279E+02
   1.3000001000000001E+05   3.1597812986058342E-02   3.2580949871810913E+02
   1.4000001000000001E+05   3.0085976722158479E-02   3.4218159857825071E+02
   1.5000001000000001E+05   2.8776327481259363E-02   3.5775474185442107E+02
   1.6000001000000001E+05   2.7631102260489197E-02   3.7258258872637390E+02
   1.7000001000000001E+05   2.6621638865583781E-02   3.8671051251038267E+02
   1.8000001000000001E+05   2.5725345601600329E-02   4.0018384083189153E+02
   1.9000001000000001E+05   2.4924541574368391E-02   4.1304140254130664E+02
   2.0000001000000001E+05   2.4204873952643643E-02   4.2532209131590321E+02
   2.1000001000000001E+05   2.3554999501557990E-02   4.3705658363080403E+02
   2.2000001000000001E+05   2.2965438303284090E-02   4.4827655686867718E+02
   2.3000001000000001E+05   2.2428223392578085E-02   4.5901395885788213E+02
   2.4000001000000001E+05   2.1936841051053577E-02   4.6929581089715685E+02
   2.5000001000000001E+05   2.1485810697996960E-02   4.7914727325303937E+02
   2.6000001000000001E+05   2.1070715608954911E-02   4.8858651982379655E+02
   2.7000001000000001E+05   2.0687311375669256E-02   4.9764164238781740E+02
   2.8000001000000001E+05   2.0332275774440640E-02   5.0633129924972445E+02
   2.9000001000000001E+05   2.0002623049445573E-02   5.1467587946479739E+02
   3.0000001000000001E+05   1.9695783441829526E-02   5.2269398879113317E+02
   3.1000001000000001E+05   1.9409804793105313E-02   5.3039521619677168E+02
   3.2000001000000001E+05   1.9142509398187440E-02   5.3780136111888362E+02
   3.3000001000000001E+05   1.8892232306537787E-02   5.4492594853460582E+02
   3.4000001000000001E+05   1.8657434897177350E-02   5.5178365441509425E+02
   3.5000001000000001E+05   1.8436857529562877E-02   5.5838515826619346E+02
   3.6000001000000001E+05   1.8229213398937443E-02   5.6474557537278599E+02
   3.7000001000000001E+05   1.8033544274994436E-02   5.7087322672622008E+02
   3.8000001000000001E+05   1.7848820678859515E-02   5.7678139047974560E+02
   3.9000001000000001E+05   1.7674315652518525E-02   5.8247616552606075E+02
   4.0000001000000001E+05   1.7508992750939475E-02   5.8797600501741249E+02
   4.1000001000000001E+05   1.7352400648379954E-02   5.9328203734953365E+02
   4.2000001000000001E+05   1.7203858051305237E-02   5.9840458918429454E+02
   4.3000001000000001E+05   1.7062851047143699E-02   6.0334979079006700E+02
   4.4000001000000001E+05   1.6928708204641200E-02   6.0813072593180914E+02
   4.5000001000000001E+05   1.6801129863188657E-02   6.1274852902198700E+02
   4.6000001000000001E+05   1.6679536103217419E-02   6.1721546365971096E+02
   4.7000001000000001E+05   1.6563718381780727E-02   6.2153119078020995E+02
   4.8000001000000001E+05   1.6453055427083477E-02   6.2571159838371307E+02
   4.9000001000000001E+05   1.6347525699897756E-02   6.2975081358279283E+02
   5.0000001000000001E+05   1.6246564338991375E-02   6.3366428709291995E+02
   5.1000001000000001E+05   1.6149977145506710E-02   6.3745400484609934E+02
   5.2000001000000001E+05   1.6057356533537567E-02   6.4113091018900013E+02
   5.3000001000000001E+05   1.5968799218008395E-02   6.4468639557860183E+02
   5.4000001000000001E+05   1.5883942555390017E-02   6.4813049868924338E+02
   5.5000001000000001E+05   1.5802560093854820E-02   6.5146834110630073E+02
   5.6000001000000001E+05   1.5724186064699573E-02   6.5471545345599554E+02
   5.7000001000000001E+05   1.5649386810402136E-02   6.5784479189518379E+02
   5.8000001000000001E+05   1.5576953184030198E-02   6.6090380371244419E+02
   5.9000001000000001E+05   1.5507749355909759E-02   6.6385310810127430E+02
   6.0000001000000001E+05   1.5440964008836934E-02   6.6672440941410309E+02
   6.1000001000000001E+05   1.5376710198042980E-02   6.6951041393018340E+02
   6.2000001000000001E+05   1.5314712353884465E-02   6.7222076208078499E+02
   6.3000001000000001E+05   1.5255111885286563E-02   6.7484707336073677E+02
   6.4000001000000001E+05   1.5197510807104754E-02   6.7740485532429636E+02
   6.5000001000000001E+05   1.5142071525836520E-02   6.7988502048813893E+02
   6.6000001000000001E+05   1.5088689487780022E-02   6.8229037504640814E+02
   6.7000001000000001E+05   1.5036832046258351E-02   6.8464338618039710E+02
   6.8000001000000001E+05   1.4987123366142600E-02   6.8691418346721264E+02
   6.9000001000000001E+05   1.4938893682043557E-02   6.8913186134730881E+02
   7.0000001000000001E+05   1.4892199925218896E-02   6.9129260023850418E+02
   7.1000001000000001E+05   1.4847260972475703E-02   6.9338497037676927E+02
   7.2000001000000001E+05   1.4803701877753359E-02   6.9542521827240398E+02
   7.3000001000000001E+05   1.4761601658131986E-02   6.9740857719899998E+02
   7.4000001000000001E+05   1.4720737484496260E-02   6.9934455528594833E+02
   7.5000001000000001E+05   1.4681198568206221E-02   7.0122800681075967E+02
   7.6000001000000001E+05   1.4642765393585099E-02   7.0306853472407215E+02
   7.7000001000000001E+05   1.4605697160688255E-02   7.0485287325313186E+02
   7.8000001000000001E+05   1.4569781656188142E-02   7.0659038361111914E+02
   7.9000001000000001E+05   1.4534966756741050E-02   7.0828284521542901E+02
   8.0000001000000001E+05   1.4501202746354996E-02   7.0993198217050872E+02
   8.1000001000000001E+05   1.4468442165927124E-02   7.1153946579130843E+02
   8.2000001000000001E+05   1.4436470832347644E-02   7.1311525712424327E+02
   8.3000001000000001E+05   1.4405581456511081E-02   7.1464436480091683E+02
   8.4000001000000001E+05   1.4375565347937384E-02   7.1613653866164930E+02
   8.5000001000000001E+05   1.4346382794590927E-02   7.1759326075265062E+02
   8.6000001000000001E+05   1.4318346374633072E-02   7.1899836337351121E+02
   8.7000001000000001E+05   1.4290898508636230E-02   7.2037931018507095E+02
   8.8000001000000001E+05   1.4263999224850322E-02   7.2173781330840302E+02
   8.9000001000000001E+05   1.4237790337952725E-02   7.2306638637133790E+02
   9.0000001000000001E+05   1.4212603043253842E-02   7.2434779035518000E+02
   9.1000001000000001E+05   1.4188232644233025E-02   7.2559196537848550E+02
   9.2000001000000001E+05   1.4164283898100873E-02   7.2681878474326174E+02
   9.3000001000000001E+05   1.4140909826918542E-02   7.2802017236394397E+02
   9.4000001000000001E+05   1.4118459387605311E-02   7.2917783215172608E+02
   9.5000001000000001E+05   1.4096345567055876E-02   7.3032173910634242E+02
   9.6000001000000001E+05   1.4074920928529135E-02   7.3143342416290693E+02
   9.7000001000000001E+05   1.4053972118894236E-02   7.3252369668043900E+02
   9.8000001000000001E+05   1.4033475048776788E-02   7.3359360912346278E+02
   9.9000001000000001E+05   1.4013799465383605E-02   7.3462358548844986E+02
   1.0000000100000000E+06   1.3994536302240845E-02   7.3563477826184089E+02
   1.1000000100000000E+06   1.3825890657575385E-02   7.4460791456755339E+02
   1.2000000100000000E+06   1.3693526616073325E-02   7.5180542589315257E+02
   1.3000000100000000E+06   1.3588643763220188E-02   7.5760817554441405E+02
   1.4000000100000000E+06   1.3504324102408186E-02   7.6233860587960669E+02
   1.5000000100000000E+06   1.3435766218203811E-02   7.6622854568784828E+02
   1.6000000100000000E+06   1.3379992323085437E-02   7.6942253485555227E+02
   1.7000000100000000E+06   1.3334607264032287E-02   7.7204130618415638E+02
   1.8000000100000000E+06   1.3297046393673765E-02   7.7422213210252005E+02
   1.9000000100000000E+06   1.3265548191262411E-02   7.7606047342673139E+02
   2.0000000100000000E+06   1.3239853401324485E-02   7.7756658608820783E+02
   2.1000000099999998E+06   1.3218693291454590E-02   7.7881129265866923E+02
   2.2000000099999998E+06   1.3202192072325003E-02   7.7978471705140294E+02
   2.3000000099999998E+06   1.3187487024647211E-02   7.8065423612059499E+02
   2.4000000099999998E+06   1.3176269150041549E-02   7.8131886138222694E+02
   2.5000000099999998E+06   1.3166664816366089E-02   7.8188878908649394E+02
   2.6000000099999998E+06   1.3159949199945415E-02   7.8228779254094138E+02
   2.7000000099999998E+06   1.3153840288259241E-02   7.8265110294558963E+02
   2.8000000099999998E+06   1.3149855318459688E-02   7.8288827977630706E+02
   2.9000000099999998E+06   1.3146179482858270E-02   7.8310718509510991E+02
   3.0000000099999998E+06   1.3144587634515105E-02   7.8320202168563492E+02
   3.1000000099999998E+06   1.3142715391666860E-02   7.8331359257035194E+02
   3.2000000099999998E+06   1.3143093546431587E-02   7.8329105497170656E+02
   3.3000000099999998E+06   1.3143900854369674E-02   7.8324294466613469E+02
   3.4000000099999998E+06   1.3144334214294695E-02   7.8321712166907446E+02
   3.5000000099999998E+06   1.3145409746578778E-02   7.8315304034212920E+02
   3.6000000099999998E+06   1.3147649031256660E-02   7.8301965508066485E+02
   3.7000000099999998E+06   1.3149675255864095E-02   7.8289900010916483E+02
   3.8000000099999998E+06   1.3152009792931380E-02   7.8276003224307669E+02
   3.9000000099999998E+06   1.3155943426110619E-02   7.8252598663080209E+02
   4.0000000099999998E+06   1.3158643773743855E-02   7.8236540076555048E+02
   4.1000000099999998E+06   1.3161378703461355E-02   7.8220282551924026E+02
   4.2000000099999998E+06   1.3165556379603309E-02   7.8195461800046019E+02
   4.3000000099999998E+06   1.3169391538254409E-02   7.8172689905009861E+02
   4.4000000099999998E+06   1.3173325632944098E-02   7.8149344337398225E+02
   4.5000000099999998E+06   1.3177390628572863E-02   7.8125236625023558E+02
   4.6000000099999998E+06   1.3181568738031580E-02   7.8100473579243896E+02
   4.7000000099999998E+06   1.3185844192735101E-02   7.8075149828088422E+02
   4.8000000099999998E+06   1.3190202994745369E-02   7.8049349306280055E+02
   4.9000000099999998E+06   1.3194632702709895E-02   7.8023146543987400E+02
   5.0000000099999998E+06   1.3199122246506805E-02   7.7996607784285050E+02
   5.1000000099999998E+06   1.3203661766335455E-02   7.7969791954413756E+02
   5.2000000099999998E+06   1.3208242472685906E-02   7.7942751511910706E+02
   5.3000000099999998E+06   1.3212856524191727E-02   7.7915533183359059E+02
   5.4000000099999998E+06   1.3217496920842559E-02   7.7888178610749958E+02
   5.5000000099999998E+06   1.3222157410423518E-02   7.7860724918161998E+02
   5.6000000099999998E+06   1.3226832406373323E-02   7.7833205209553159E+02
   5.7000000099999998E+06   1.3231516915524624E-02   7.7805649006858710E+02
   5.8000000099999998E+06   1.3236206474416118E-02   7.7778082636251406E+02
   5.9000000099999998E+06   1.3240897093057135E-02   7.7750529569286823E+02
   6.0000000099999998E+06   1.3245585205185080E-02   7.7723010724707183E+02
   6.1000000099999998E+06   1.3250267624191913E-02   7.7695544735867736E+02
   6.2000000099999998E+06   1.3254941504009965E-02   7.7668148188068290E+02
   6.3000000099999998E+06   1.3259604304344995E-02   7.7640835829488037E+02
   6.4000000099999998E+06   1.3264253759726808E-02   7.7613620758928107E+02
   6.5000000099999998E+06   1.3268887851918557E-02   7.7586514593140419E+02
   6.6000000099999998E+06   1.3273504785286112E-02   7.7559527616159437E+02
   6.7000000099999998E+06   1.3278102964780382E-02   7.7532668912742554E+02
   6.8000000099999998E+06   1.3282680976230482E-02   7.7505946487753613E+02
   6.9000000099999998E+06   1.3287237568683071E-02   7.7479367373097818E+02
   7.0000000099999998E+06   1.3291771638556991E-02   7.7452937723611683E+02
   7.1000000099999998E+06   1.3296282215410118E-02   7.7426662903143608E+02
   7.2000000099999998E+06   1.3300768449140535E-02   7.7400547561907649E+02
   7.3000000099999998E+06   1.3305229598465494E-02   7.7374595706063906E+02
   7.4000000099999998E+06   1.3309665020539888E-02   7.7348810760367508E+02
   7.5000000099999998E+06   1.3314074161592748E-02   7.7323195624626612E+02
   7.6000000099999998E+06   1.3318456548473870E-02   7.7297752724627026E+02
   7.7000000099999998E+06   1.3322811781015536E-02   7.7272484058102464E+02
   7.8000000099999998E+06   1.3327139525124760E-02   7.7247391236266458E+02
   7.9000000099999998E+06   1.3331439506531184E-02   7.7222475521362014E+02
   8.0000000099999998E+06   1.3335711505123953E-02   7.7197737860635721E+02
   8.1000000099999998E+06   1.3339955349818404E-02   7.7173178917097118E+02
   8.2000000099999998E+06   1.3344170913899668E-02   7.7148799097385665E+02
   8.3000000099999998E+06   1.3348358110796040E-02   7.7124598577032668E+02
   8.4000000099999998E+06   1.3352516890240210E-02   7.7100577323374011E+02
   8.5000000099999998E+06   1.3356647234780439E-02   7.7076735116344162E+02
   8.6000000099999998E+06   1.3360749156608256E-02   7.7053071567355653E+02
   8.7000000099999998E+06   1.3364822694672266E-02   7.7029586136448779E+02
   8.8000000099999998E+06   1.3368867912051108E-02   7.7006278147876060E+02
   8.9000000099999998E+06   1.3372884893561201E-02   7.6983146804269722E+02
   9.0000000099999998E+06   1.3376873743577222E-02   7.6960191199526048E+02
   9.1000000099999998E+06   1.3380834584045950E-02   7.6937410330524972E+02
   9.2000000099999998E+06   1.3384767552675468E-02   7.6914803107793955E+02
   9.3000000099999998E+06   1.3388672801283726E-02   7.6892368365213463E+02
   9.4000000099999998E+06   1.3392550494292277E-02   7.6870104868850490E+02
   9.5000000099999998E+06   1.3396400807351794E-02   7.6848011325000959E+02
   9.6000000099999998E+06   1.3400223926087883E-02   7.6826086387511236E+02
   9.7000000099999998E+06   1.3404020044956336E-02   7.6804328664444063E+02
   9.8000000099999998E+06   1.3407789366198190E-02   7.6782736724147696E+02
   9.9000000099999998E+06   1.3411532098885900E-02   7.6761309100780693E+02
   1.0000000010000000E+07   1.3415248458052644E-02   7.6740044299340752E+02
   1.1000000010000000E+07   1.3451011673423198E-02   7.6536009777740742E+02
   1.2000000010000000E+07   1.3484394963784762E-02   7.6346529727327811E+02
   1.3000000010000000E+07   1.3515633713162008E-02   7.6170069625005567E+02
   1.4000000010000000E+07   1.3544947360550142E-02   7.6005224203086834E+02
   1.5000000010000000E+07   1.3572533069677109E-02   7.5850746185149228E+02
   1.6000000010000000E+07   1.3598565035759682E-02   7.5705543801895021E+02
   1.7000000009999998E+07   1.3623196046028487E-02   7.5568666668182072E+02
   1.8000000009999998E+07   1.3646559801672467E-02   7.5439288430147280E+02
   1.9000000009999998E+07   1.3668773349627017E-02   7.5316689700302527E+02
   2.0000000009999998E+07   1.3689939354619884E-02   7.5200242622711573E+02
   2.1000000009999998E+07   1.3710148116439167E-02   7.5089397445912016E+02
   2.2000000009999998E+07   1.3729479315848319E-02   7.4983671068228909E+02
   2.3000000009999998E+07   1.3748003505924269E-02   7.4882637359962689E+02
   2.4000000009999998E+07   1.3765783377778696E-02   7.4785919021467635E+02
   2.5000000009999998E+07   1.3782874832071008E-02   7.4693180740649052E+02
   2.6000000009999998E+07   1.3799327885938160E-02   7.4604123437540318E+02
   2.7000000009999998E+07   1.3815187441590590E-02   7.4518479413341527E+02
   2.8000000009999998E+07   1.3830493939088645E-02   7.4436008250437101E+02
   2.9000000009999998E+07   1.3845283912268571E-02   7.4356493335999755E+02
   3.0000000009999998E+07   1.3859590463643563E-02   7.4279738904130636E+02
   3.1000000009999998E+07   1.3873443671414507E-02   7.4205567510165156E+02
   3.2000000009999998E+07   1.3886870939467609E-02   7.4133817866178777E+02
   3.3000000009999998E+07   1.3899897299364122E-02   7.4064342979333992E+02
   3.4000000009999998E+07   1.3912545671783901E-02   7.3997008544994731E+02
   3.5000000009999998E+07   1.3924837093617248E-02   7.3931691554905899E+02
   3.6000000009999998E+07   1.3936790915858248E-02   7.3868279087562496E+02
   3.7000000009999998E+07   1.3948424976599032E-02   7.3806667253454793E+02
   3.8000000009999998E+07   1.3959755752721823E-02   7.3746760272427912E+02
   3.9000000009999998E+07   1.3970798493307334E-02   7.3688469664120851E+02
   4.0000000009999998E+07   1.3981567337300641E-02   7.3631713535514189E+02
   4.1000000009999998E+07   1.3992075417580237E-02   7.3576415952141861E+02
   4.2000000009999998E+07   1.4002334953248253E-02   7.3522506381609082E+02
   4.3000000009999998E+07   1.4012357331686473E-02   7.3469919199792321E+02
   4.4000000009999998E+07   1.4022153181694965E-02   7.3418593251538050E+02
   4.5000000009999998E+07   1.4031732438839017E-02   7.3368471458881538E+02
   4.6000000009999998E+07   1.4041104403969698E-02   7.3319500470815274E+02
   4.7000000009999998E+07   1.4050277795748339E-02   7.3271630349483121E+02
   4.8000000009999998E+07   1.4059260797890704E-02   7.3224814288392417E+02
   4.9000000009999998E+07   1.4068061101750065E-02   7.3179008358838780E+02
   5.0000000009999998E+07   1.4076685944775996E-02   7.3134171281250747E+02
   5.1000000009999998E+07   1.4085142145315451E-02   7.3090264218598429E+02
   5.2000000009999998E+07   1.4093436134162885E-02   7.3047250589380258E+02
   5.3000000009999998E+07   1.4101573983214726E-02   7.3005095898020556E+02
   5.4000000009999998E+07   1.4109561431539235E-02   7.2963767580783997E+02
   5.5000000009999998E+07   1.4117403909134903E-02   7.2923234865546067E+02
   5.6000000009999998E+07   1.4125106558617578E-02   7.2883468643961749E+02
   5.7000000009999998E+07   1.4132674255048085E-02   7.2844441354749108E+02
   5.8000000009999998E+07   1.4140111624087416E-02   7.2806126876955580E+02
   5.9000000009999998E+07   1.4147423058645062E-02   7.2768500432206599E+02
   6.0000000009999998E+07   1.4154612734167486E-02   7.2731538495049665E+02
   6.1000000009999998E+07   1.4161684622697079E-02   7.2695218710608310E+02
   6.2000000009999998E+07   1.4168642505818022E-02   7.2659519818845604E+02
   6.3000000009999998E+07   1.4175489986592547E-02   7.2624421584815138E+02
   6.4000000009999998E+07   1.4182230500580347E-02   7.2589904734343122E+02
   6.5000000009999998E+07   1.4188867326023893E-02   7.2555950894645014E+02
   6.6000000009999998E+07   1.4195403593274186E-02   7.2522542539431277E+02
   6.7000000009999998E+07   1.4201842293523380E-02   7.2489662938104209E+02
   6.8000000009999990E+07   1.4208186286904697E-02   7.2457296108685796E+02
   6.9000000009999990E+07   1.4214438310013252E-02   7.2425426774156017E+02
   7.0000000009999990E+07   1.4220600982896986E-02   7.2394040321908972E+02
   7.1000000009999990E+07   1.4226676815561395E-02   7.2363122766066601E+02
   7.2000000009999990E+07   1.4232668214028275E-02   7.2332660712410916E+02
   7.3000000009999990E+07   1.4238577485984279E-02   7.2302641325722061E+02
   7.4000000009999990E+07   1.4244406846052217E-02   7.2273052299326946E+02
   7.5000000009999990E+07   1.4250158420714856E-02   7.2243881826682082E+02
   7.6000000009999990E+07   1.4255834252918197E-02   7.2215118574830854E+02
   7.7000000009999990E+07   1.4261436306378904E-02   7.2186751659589174E+02
   7.8000000009999990E+07   1.4266966469618345E-02   7.2158770622327143E+02
   7.9000000009999990E+07   1.4272426559743923E-02   7.2131165408224308E+02
   8.0000000009999990E+07   1.4277818325995983E-02   7.2103926345890693E+02
   8.1000000009999990E+07   1.4283143453078012E-02   7.2077044128249565E+02
   8.2000000009999990E+07   1.4288403564285337E-02   7.2050509794591915E+02
   8.3000000009999990E+07   1.4293600224447077E-02   7.2024314713716331E+02
   8.4000000009999990E+07   1.4298734942694298E-02   7.1998450568077840E+02
   8.5000000009999990E+07   1.4303809175066606E-02   7.1972909338873990E+02
   8.6000000009999990E+07   1.4308824326968464E-02   7.1947683292002148E+02
   8.7000000009999990E+07   1.4313781755485248E-02   7.1922764964828980E+02
   8.8000000009999990E+07   1.4318682771568725E-02   7.1898147153715763E+02
   8.9000000009999990E+07   1.4323528642100538E-02   7.1873822902248833E+02
   9.0000000009999990E+07   1.4328320591841878E-02   7.1849785490127999E+02
   9.1000000009999990E+07   1.4333059805276676E-02   7.1826028422669390E+02
   9.2000000009999990E+07   1.4337747428355281E-02   7.1802545420882598E+02
   9.3000000009999990E+07   1.4342384570144969E-02   7.1779330412084812E+02
   9.4000000009999990E+07   1.4346972304393074E-02   7.1756377521018248E+02
   9.5000000009999990E+07   1.4351511671008534E-02   7.1733681061437392E+02
   9.6000000009999990E+07   1.4356003677466428E-02   7.1711235528138877E+02
   9.7000000009999990E+07   1.4360449300140746E-02   7.1689035589404068E+02
   9.8000000009999990E+07   1.4364849485569348E-02   7.1667076079831213E+02
   9.9000000009999990E+07   1.4369205151655452E-02   7.1645351993531619E+02
   1.0000000000999999E+08   1.4373517188809295E-02   7.1623858477669205E+02
   1.1000000000999999E+08   1.4414416225762505E-02   7.1420635066555678E+02
   1.2000000000999999E+08   1.4451763572640266E-02   7.1236064427916779E+02
   1.3000000000999999E+08   1.4486126516413775E-02   7.1067083377405515E+02
   1.4000000000999999E+08   1.4517946535691472E-02   7.0911320580131166E+02
   1.5000000000999999E+08   1.4547573928341087E-02   7.0766903542040905E+02
   1.6000000000999999E+08   1.4575291296008855E-02   7.0632328373397684E+02
   1.7000000000999999E+08   1.4601329927187873E-02   7.0506369357540814E+02
   1.8000000000999999E+08   1.4625881508146020E-02   7.0388014587991881E+02
   1.9000000000999999E+08   1.4649106673988192E-02   7.0276419161151955E+02
   2.0000000000999999E+08   1.4671141370393692E-02   7.0170870484223065E+02
   2.1000000000999999E+08   1.4692101665785433E-02   7.0070762126228919E+02
   2.2000000000999999E+08   1.4712087445745758E-02   6.9975573809909326E+02
   2.3000000000999999E+08   1.4731185287356299E-02   6.9884855894197858E+02
   2.4000000000999999E+08   1.4749470722592960E-02   6.9798217191663321E+02
   2.5000000000999999E+08   1.4767010040231243E-02   6.9715315297605196E+02
   2.6000000000999999E+08   1.4783861734738380E-02   6.9635848834989179E+02
   2.7000000000999999E+08   1.4800077682005175E-02   6.9559551177851904E+02
   2.8000000000999999E+08   1.4815704101465108E-02   6.9486185327892576E+02
   2.9000000000999999E+08   1.4830782349535365E-02   6.9415539699419537E+02
   3.0000000000999999E+08   1.4845349578661881E-02   6.9347424626319764E+02
   3.1000000000999999E+08   1.4859439288388281E-02   6.9281669447790136E+02
   3.2000000000999999E+08   1.4873081789002268E-02   6.9218120061631407E+02
   3.3000000000999999E+08   1.4886304593889184E-02   6.9156636858030311E+02
   3.4000000000999999E+08   1.4899132753353935E-02   6.9097092965083857E+02
   3.5000000000999999E+08   1.4911589140085576E-02   6.9039372751368239E+02
   3.6000000000999999E+08   1.4923694694433070E-02   6.8983370541723048E+02
   3.7000000000999999E+08   1.4935468636095597E-02   6.8928989510887504E+02
   3.8000000000999999E+08   1.4946928647598640E-02   6.8876140726276833E+02
   3.9000000000999999E+08   1.4958091033950774E-02   6.8824742316447293E+02
   4.0000000000999999E+08   1.4968970862097919E-02   6.8774718745984580E+02
   4.1000000000999999E+08   1.4979582083166906E-02   6.8726000180905851E+02
   4.2000000000999999E+08   1.4989937639985480E-02   6.8678521931370756E+02
   4.3000000000999999E+08   1.5000049561956854E-02   6.8632223960686667E+02
   4.4000000000999999E+08   1.5009929049032351E-02   6.8587050451380435E+02
   4.5000000000999999E+08   1.5019586546251447E-02   6.8542949420572404E+02
   4.6000000000999999E+08   1.5029031810092918E-02   6.8499872378090197E+02
   4.7000000000999999E+08   1.5038273967693170E-02   6.8457774021757848E+02
   4.8000000000999999E+08   1.5047321569832664E-02   6.8416611965120069E+02
   4.9000000000999999E+08   1.5056182638461075E-02   6.8376346493552421E+02
   5.0000000000999999E+08   1.5064864709423026E-02   6.8336940345284472E+02
   5.1000000000999999E+08   1.5073374870954493E-02   6.8298358514348581E+02
   5.2000000000999999E+08   1.5081719798442365E-02   6.8260568072876401E+02
   5.3000000000999999E+08   1.5089905785874470E-02   6.8223538010510072E+02
   5.4000000000999999E+08   1.5097938774350627E-02   6.8187239088992908E+02
   5.5000000000999999E+08   1.5105824377978746E-02   6.8151643710250426E+02
   5.6000000000999999E+08   1.5113567907438188E-02   6.8116725796491619E+02
   5.7000000000999999E+08   1.5121174391458334E-02   6.8082460681040777E+02
   5.8000000000999999E+08   1.5128648596429733E-02   6.8048825008770120E+02
   5.9000000000999999E+08   1.5135995044339398E-02   6.8015796645139164E+02
   6.0000000000999999E+08   1.5143218029199044E-02   6.7983354592965225E+02
   6.1000000000999999E+08   1.5150321632116040E-02   6.7951478916149892E+02
   6.2000000000999999E+08   1.5157309735139029E-02   6.7920150669678185E+02
   6.3000000000999999E+08   1.5164186033996215E-02   6.7889351835280956E+02
   6.4000000000999999E+08   1.5170954049830760E-02   6.7859065262221077E+02
   6.5000000000999999E+08   1.5177617140026467E-02   6.7829274612722736E+02
   6.6000000000999999E+08   1.5184178508207332E-02   6.7799964311613303E+02
   6.7000000000999999E+08   1.5190641213485245E-02   6.7771119499795213E+02
   6.8000000000999999E+08   1.5197008179022805E-02   6.7742725991203656E+02
   6.9000000000999999E+08   1.5203282199971148E-02   6.7714770232941964E+02
   7.0000000000999999E+08   1.5209465950836840E-02   6.7687239268317592E+02
   7.1000000000999999E+08   1.5215561992326277E-02   6.7660120702529935E+02
   7.2000000000999999E+08   1.5221572777711537E-02   6.7633402670784938E+02
   7.3000000000999999E+08   1.5227500658757333E-02   6.7607073808633538E+02
   7.4000000000999999E+08   1.5233347891244663E-02   6.7581123224351632E+02
   7.5000000000999999E+08   1.5239116640123887E-02   6.7555540473194617E+02
   7.6000000000999999E+08   1.5244808984326572E-02   6.7530315533376267E+02
   7.7000000000999999E+08   1.5250426921262810E-02   6.7505438783636112E+02
   7.8000000000999999E+08   1.5255972371028494E-02   6.7480900982270134E+02
   7.9000000000999999E+08   1.5261447180344551E-02   6.7456693247512885E+02
   8.0000000000999999E+08   1.5266853126248486E-02   6.7432807039167335E+02
   8.1000000000999999E+08   1.5272191919556730E-02   6.7409234141388595E+02
   8.2000000000999999E+08   1.5277465208114427E-02   6.7385966646536633E+02
   8.3000000000999999E+08   1.5282674579848457E-02   6.7362996940018013E+02
   8.4000000000999999E+08   1.5287821565637520E-02   6.7340317686046455E+02
   8.5000000000999999E+08   1.5292907642012497E-02   6.7317921814255180E+02
   8.6000000000999999E+08   1.5297934233698865E-02   6.7295802507101291E+02
   8.7000000000999999E+08   1.5302902716012158E-02   6.7273953188006715E+02
   8.8000000000999999E+08   1.5307814417116591E-02   6.7252367510184308E+02
   8.9000000000999999E+08   1.5312670620156050E-02   6.7231039346102739E+02
   9.0000000000999999E+08   1.5317472565266070E-02   6.7209962777546525E+02
   9.1000000000999999E+08   1.5322221451474619E-02   6.7189132086231814E+02
   9.2000000000999999E+08   1.5326918438499051E-02   6.7168541744940558E+02
   9.3000000000999999E+08   1.5331564648445997E-02   6.7148186409139350E+02
   9.4000000000999999E+08   1.5336161167420172E-02   6.7128060909052226E+02
   9.5000000000999999E+08   1.5340709047048304E-02   6.7108160242156839E+02
   9.6000000000999999E+08   1.5345209305923075E-02   6.7088479566078809E+02
   9.7000000000999999E+08   1.5349662930972409E-02   6.7069014191857843E+02
   9.8000000000999999E+08   1.5354070878758409E-02   6.7049759577563646E+02
   9.9000000000999999E+08   1.5358434076710451E-02   6.7030711322239404E+02
   1.0000000000100000E+09   1.5362753424296363E-02   6.7011865160152740E+02
   1.1000000000100000E+09   1.5403715094072151E-02   6.6833666727178206E+02
   1.2000000000100000E+09   1.5441110271892043E-02   6.6671809399070935E+02
   1.3000000000100000E+09   1.5475510573959933E-02   6.6523605540349786E+02
   1.4000000000100000E+09   1.5507360332299868E-02   6.6386976177585314E+02
   1.5000000000100000E+09   1.5537011787729706E-02   6.6260280613975965E+02
   1.6000000000100000E+09   1.5564748902195766E-02   6.6142201678074616E+02
   1.7000000000100000E+09   1.5590803939726432E-02   6.6031666162796148E+02
   1.8000000000100000E+09   1.5615369301020752E-02   6.5927788265009326E+02
   1.9000000000100000E+09   1.5638606154149998E-02   6.5829828490464865E+02
   2.0000000000100000E+09   1.5660650848958457E-02   6.5737163217970010E+02
   2.1000000000100000E+09   1.5681619764882585E-02   6.5649261772247223E+02
   2.2000000000100002E+09   1.5701613030008898E-02   6.5565668889563710E+02
   2.3000000000100002E+09   1.5720717412769220E-02   6.5485991124133920E+02
   2.4000000000100002E+09   1.5739008597767674E-02   6.5409886179466150E+02
   2.5000000000100002E+09   1.5756552996728942E-02   6.5337054441497708E+02
   2.6000000000100002E+09   1.5773409204060874E-02   6.5267232190526113E+02
   2.7000000000100002E+09   1.5789629177570218E-02   6.5200186108236710E+02
   2.8000000000100002E+09   1.5805259204349355E-02   6.5135708794596951E+02
   2.9000000000100002E+09   1.5820340697096855E-02   6.5073615080017896E+02
   3.0000000000100002E+09   1.5834910855385197E-02   6.5013738969519420E+02
   3.1000000000100002E+09   1.5849003218461662E-02   6.4955931093409595E+02
   3.2000000000100002E+09   1.5862648130255896E-02   6.4900056567100762E+02
   3.3000000000100002E+09   1.5875873132811743E-02   6.4845993183827647E+02
   3.4000000000100002E+09   1.5888703300970398E-02   6.4793629880088895E+02
   3.5000000000100002E+09   1.5901161528526921E-02   6.4742865425944387E+02
   3.6000000000100002E+09   1.5913268774066357E-02   6.4693607301811153E+02
   3.7000000000100002E+09   1.5925044273110318E-02   6.4645770730818424E+02
   3.8000000000100002E+09   1.5936505721966709E-02   6.4599277841602952E+02
   3.9000000000100002E+09   1.5947669437694500E-02   6.4554056941028000E+02
   4.0000000000100002E+09   1.5958550497813005E-02   6.4510041879975620E+02
   4.1000000000100002E+09   1.5969162862757600E-02   6.4467171498296557E+02
   4.2000000000100002E+09   1.5979519483577197E-02   6.4425389137368506E+02
   4.3000000000100002E+09   1.5989632396957925E-02   6.4384642210629283E+02
   4.4000000000100002E+09   1.5999512809321402E-02   6.4344881824016431E+02
   4.5000000000100002E+09   1.6009171171471388E-02   6.4306062439521247E+02
   4.6000000000100002E+09   1.6018617245035401E-02   6.4268141576120638E+02
   4.7000000000100002E+09   1.6027860161760398E-02   6.4231079543218971E+02
   4.8000000000100002E+09   1.6036908476565321E-02   6.4194839202456512E+02
   4.9000000000100002E+09   1.6045770215123174E-02   6.4159385754342236E+02
   5.0000000000100002E+09   1.6054452916635792E-02   6.4124686546675025E+02
   5.1000000000100002E+09   1.6062963672372609E-02   6.4090710902140790E+02
   5.2000000000100002E+09   1.6071309160467104E-02   6.4057429962830815E+02
   5.3000000000100002E+09   1.6079495677398647E-02   6.4024816549729860E+02
   5.4000000000100002E+09   1.6087529166531618E-02   6.3992845035480013E+02
   5.5000000000100002E+09   1.6095415244035835E-02   6.3961491228944806E+02
   5.6000000000100002E+09   1.6103159222471290E-02   6.3930732270287479E+02
   5.7000000000100002E+09   1.6110766132285608E-02   6.3900546535434751E+02
   5.8000000000100002E+09   1.6118240741441640E-02   6.3870913548940075E+02
   5.9000000000100002E+09   1.6125587573367475E-02   6.3841813904374646E+02
   6.0000000000100002E+09   1.6132810923397647E-02   6.3813229191482264E+02
   6.1000000000100002E+09   1.6139914873855393E-02   6.3785141929419967E+02
   6.2000000000100002E+09   1.6146903307908727E-02   6.3757535505484930E+02
   6.3000000000100002E+09   1.6153779922317583E-02   6.3730394118797813E+02
   6.4000000000100002E+09   1.6160548239177390E-02   6.3703702728467954E+02
   6.5000000000100002E+09   1.6167211616752046E-02   6.3677447005821045E+02
   6.6000000000100002E+09   1.6173773259479891E-02   6.3651613290313207E+02
   6.7000000000100002E+09   1.6180236227227203E-02   6.3626188548796313E+02
   6.8000000000100002E+09   1.6186603443856293E-02   6.3601160337832926E+02
   6.9000000000100002E+09   1.6192877705167984E-02   6.3576516768792760E+02
   7.0000000000100002E+09   1.6199061686272734E-02   6.3552246475486993E+02
   7.1000000000100002E+09   1.6205157948438888E-02   6.3528338584123310E+02
   7.2000000000100002E+09   1.6211168945462005E-02   6.3504782685384760E+02
   7.3000000000100002E+09   1.6217097029594823E-02   6.3481568808455484E+02
   7.4000000000100002E+09   1.6222944457073871E-02   6.3458687396832215E+02
   7.5000000000100002E+09   1.6228713393275061E-02   6.3436129285777326E+02
   7.6000000000100002E+09   1.6234405917527860E-02   6.3413885681280954E+02
   7.7000000000100002E+09   1.6240024027614774E-02   6.3391948140413365E+02
   7.8000000000100002E+09   1.6245569643980509E-02   6.3370308552958602E+02
   7.9000000000100002E+09   1.6251044613673049E-02   6.3348959124230646E+02
   8.0000000000100002E+09   1.6256450714036749E-02   6.3327892358982456E+02
   8.1000000000100002E+09   1.6261789656176171E-02   6.3307101046324703E+02
   8.2000000000100002E+09   1.6267063088207270E-02   6.3286578245580438E+02
   8.3000000000100002E+09   1.6272272598311557E-02   6.3266317273006121E+02
   8.4000000000100002E+09   1.6277419717607503E-02   6.3246311689316042E+02
   8.5000000000100002E+09   1.6282505922851721E-02   6.3226555287953988E+02
   8.6000000000100002E+09   1.6287532638982513E-02   6.3207042084057184E+02
   8.7000000000100002E+09   1.6292501241516131E-02   6.3187766304065769E+02
   8.8000000000100002E+09   1.6297413058806248E-02   6.3168722375932134E+02
   8.9000000000100002E+09   1.6302269374175709E-02   6.3149904919889514E+02
   9.0000000000100002E+09   1.6307071427929119E-02   6.3131308739742246E+02
   9.1000000000100002E+09   1.6311820419254389E-02   6.3112928814641793E+02
   9.2000000000100002E+09   1.6316517508020240E-02   6.3094760291317539E+02
   9.3000000000100002E+09   1.6321163816476563E-02   6.3076798476732029E+02
   9.4000000000100002E+09   1.6325760430863871E-02   6.3059038831133205E+02
   9.5000000000100002E+09   1.6330308402937553E-02   6.3041476961478270E+02
   9.6000000000100002E+09   1.6334808751412376E-02   6.3024108615205489E+02
   9.7000000000100002E+09   1.6339262463332137E-02   6.3006929674332127E+02
   9.8000000000100002E+09   1.6343670495368910E-02   6.2989936149859034E+02
   9.9000000000100002E+09   1.6348033775056618E-02   6.2973124176461238E+02
   1.0000000000010000E+10   1.6352353201962395E-02   6.2956490007449031E+02
   1.1000000000010000E+10   1.6393315550781738E-02   6.2799179200117953E+02
   1.2000000000010000E+10   1.6430711246475781E-02   6.2656250573354635E+02
   1.3000000000010000E+10   1.6465111952569778E-02   6.2525342307007304E+02
   1.4000000000010000E+10   1.6496962032220341E-02   6.2404626921424949E+02
   1.5000000000010000E+10   1.6526613747410959E-02   6.2292661805501507E+02
   1.6000000000010000E+10   1.6554351074886377E-02   6.2188288523093843E+02
   1.7000000000010000E+10   1.6580406289275020E-02   6.2090562981170297E+02
   1.8000000000010002E+10   1.6604971799030682E-02   6.1998705774237999E+02
   1.9000000000010002E+10   1.6628208778004298E-02   6.1912066098148944E+02
   2.0000000000010002E+10   1.6650253580419390E-02   6.1830095018390216E+02
   2.1000000000010002E+10   1.6671222589079764E-02   6.1752325329275652E+02
   2.2000000000010002E+10   1.6691215934695705E-02   6.1678356147657803E+02
   2.3000000000010002E+10   1.6710320387768110E-02   6.1607840967023174E+02
   2.4000000000010002E+10   1.6728611634550462E-02   6.1540478280419325E+02
   2.5000000000010002E+10   1.6746156088095428E-02   6.1476004137419227E+02
   2.6000000000010002E+10   1.6763012343889747E-02   6.1414186175963710E+02
   2.7000000000010002E+10   1.6779232360624115E-02   6.1354818792158994E+02
   2.8000000000010002E+10   1.6794862426120678E-02   6.1297719197537742E+02
   2.9000000000010002E+10   1.6809943953684823E-02   6.1242724175291141E+02
   3.0000000000010002E+10   1.6824514143396991E-02   6.1189687392052201E+02
   3.1000000000010002E+10   1.6838606534932205E-02   6.1138477154978409E+02
   3.2000000000010002E+10   1.6852251472582444E-02   6.1088974528568667E+02
   3.3000000000010002E+10   1.6865476498700176E-02   6.1041071744220528E+02
   3.4000000000010002E+10   1.6878306688390673E-02   6.0994670849637407E+02
   3.5000000000010002E+10   1.6890764935676143E-02   6.0949682556008645E+02
   3.6000000000010002E+10   1.6902872199337823E-02   6.0906025249244510E+02
   3.7000000000010002E+10   1.6914647715067507E-02   6.0863624138063471E+02
   3.8000000000010002E+10   1.6926109179321289E-02   6.0822410516845287E+02
   3.9000000000010002E+10   1.6937272909287735E-02   6.0782321125208568E+02
   4.0000000000010002E+10   1.6948153982599780E-02   6.0743297589493784E+02
   4.1000000000010002E+10   1.6958766359792838E-02   6.0705285933911443E+02
   4.2000000000010002E+10   1.6969122992004152E-02   6.0668236151197482E+02
   4.3000000000010002E+10   1.6979235915998096E-02   6.0632101824300855E+02
   4.4000000000010002E+10   1.6989116338265785E-02   6.0596839792004789E+02
   4.5000000000010002E+10   1.6998774709672870E-02   6.0562409852506039E+02
   4.6000000000010002E+10   1.7008220791902163E-02   6.0528774499903886E+02
   4.7000000000010002E+10   1.7017463716750104E-02   6.0495898689315857E+02
   4.8000000000010002E+10   1.7026512039180059E-02   6.0463749626972890E+02
   4.9000000000010002E+10   1.7035373784904981E-02   6.0432296582177105E+02
   5.0000000000010002E+10   1.7044056493162763E-02   6.0401510718449106E+02
   5.1000000000010002E+10   1.7052567255255342E-02   6.0371364941566230E+02
   5.2000000000010002E+10   1.7060912749345694E-02   6.0341833762505166E+02
   5.3000000000010002E+10   1.7069099271939916E-02   6.0312893173572877E+02
   5.4000000000010002E+10   1.7077132766426667E-02   6.0284520536232810E+02
   5.5000000000010002E+10   1.7085018848997848E-02   6.0256694479327962E+02
   5.6000000000010002E+10   1.7092762832233654E-02   6.0229394806567439E+02
   5.7000000000010002E+10   1.7100369746600112E-02   6.0202602412284386E+02
   5.8000000000010002E+10   1.7107844360076941E-02   6.0176299204594397E+02
   5.9000000000010002E+10   1.7115191196107677E-02   6.0150468035188976E+02
   6.0000000000010002E+10   1.7122414550041026E-02   6.0125092635089595E+02
   6.1000000000010002E+10   1.7129518504213254E-02   6.0100157555765827E+02
   6.2000000000010002E+10   1.7136506941804356E-02   6.0075648115089257E+02
   6.3000000000010002E+10   1.7143383559585352E-02   6.0051550347656280E+02
   6.4000000000010002E+10   1.7150151879661853E-02   6.0027850959062232E+02
   6.5000000000010002E+10   1.7156815260307198E-02   6.0004537283756315E+02
   6.6000000000010002E+10   1.7163376905968437E-02   5.9981597246147192E+02
   6.7000000000010002E+10   1.7169839876519946E-02   5.9959019324662643E+02
   6.8000000000010002E+10   1.7176207095831501E-02   5.9936792518498987E+02
   6.9000000000010010E+10   1.7182481359710906E-02   5.9914906316822203E+02
   7.0000000000010010E+10   1.7188665343275091E-02   5.9893350670207792E+02
   7.1000000000010010E+10   1.7194761607798408E-02   5.9872115964126863E+02
   7.2000000000010010E+10   1.7200772607082009E-02   5.9851192994305154E+02
   7.3000000000010010E+10   1.7206700693383866E-02   5.9830572943799143E+02
   7.4000000000010010E+10   1.7212548122945398E-02   5.9810247361647328E+02
   7.5000000000010010E+10   1.7218317061147050E-02   5.9790208142969368E+02
   7.6000000000010010E+10   1.7224009587322571E-02   5.9770447510396093E+02
   7.7000000000010010E+10   1.7229627699258426E-02   5.9750957996726322E+02
   7.8000000000010010E+10   1.7235173317403089E-02   5.9731732428713440E+02
   7.9000000000010010E+10   1.7240648288808003E-02   5.9712763911895809E+02
   8.0000000000010010E+10   1.7246054390820855E-02   5.9694045816390508E+02
   8.1000000000010010E+10   1.7251393334549250E-02   5.9675571763579035E+02
   8.2000000000010010E+10   1.7256666768112033E-02   5.9657335613617681E+02
   8.3000000000010010E+10   1.7261876279693507E-02   5.9639331453712737E+02
   8.4000000000010010E+10   1.7267023400414624E-02   5.9621553587105359E+02
   8.5000000000010010E+10   1.7272109607034472E-02   5.9603996522714283E+02
   8.6000000000010010E+10   1.7277136324493594E-02   5.9586654965390960E+02
   8.7000000000010010E+10   1.7282104928310407E-02   5.9569523806743314E+02
   8.8000000000010010E+10   1.7287016746840626E-02   5.9552598116489457E+02
   8.9000000000010010E+10   1.7291873063408958E-02   5.9535873134305064E+02
   9.0000000000010010E+10   1.7296675118321867E-02   5.9519344262130312E+02
   9.1000000000010010E+10   1.7301424110768970E-02   5.9503007056906756E+02
   9.2000000000010010E+10   1.7306121200620569E-02   5.9486857223714981E+02
   9.3000000000010010E+10   1.7310767510128118E-02   5.9470890609286653E+02
   9.4000000000010010E+10   1.7315364125533566E-02   5.9455103195867650E+02
   9.5000000000010010E+10   1.7319912098593702E-02   5.9439491095408755E+02
   9.6000000000010010E+10   1.7324412448024587E-02   5.9424050544063891E+02
   9.7000000000010010E+10   1.7328866160871235E-02   5.9408777896976017E+02
   9.8000000000010010E+10   1.7333274193806938E-02   5.9393669623333562E+02
   9.9000000000010010E+10   1.7337637474366695E-02   5.9378722301680125E+02
   1.0000000000001001E+11   1.7341956902118729E-02   5.9363932615462022E+02
