   1.0000000000000000E+00   0.0000000000000000E+00   2.3943580805414754E+29   0.0000000000000000E+00
   2.0000000000000000E+00   0.0000000000000000E+00   2.3943580805414754E+29   0.0000000000000000E+00
   3.0000000000000000E+00   0.0000000000000000E+00   2.3943580805414754E+29   0.0000000000000000E+00
   4.0000000000000000E+00   0.0000000000000000E+00   2.3943580805414754E+29   0.0000000000000000E+00
   5.0000000000000000E+00   0.0000000000000000E+00   2.3943580805414754E+29   0.0000000000000000E+00
   6.0000000000000000E+00   4.1665278208632157E-03   1.3599362162200314E+03   4.0443073244180198E-03
   7.0000000000000000E+00   2.1870221567913708E-02   2.5908343278027144E+02   2.2764851539656766E-02
   8.0000000000000000E+00   4.3320353782370334E-02   1.3079791794743230E+02   4.8613480620390767E-02
   9.0000000000000000E+00   6.2574421655418738E-02   9.0551569308663971E+01   7.4641333872932966E-02
   1.0000000000000000E+01   8.0718794462547733E-02   7.0196936379039315E+01   1.0195106892625180E-01
   1.1000000000000000E+01   9.7780103550717895E-02   5.7948517885759721E+01   1.3034609944611750E-01
   1.1259000000000000E+01   1.0235860789980386E-01   5.5356478519390564E+01   1.3849691406078543E-01
   1.1260999999999999E+01   1.0237558737789280E-01   5.5347297384139722E+01   1.3852656503761865E-01
   1.2000000000000000E+01   1.1382009137740585E-01   4.9782178268440568E+01   1.5968227552144618E-01
   1.3000000000000000E+01   1.3006476587754678E-01   4.3564542950969766E+01   1.9237319770051389E-01
   1.4000000000000000E+01   1.4453689096427635E-01   3.9202531905025346E+01   2.2393595595245083E-01
   1.5000000000000000E+01   1.5825458248667165E-01   3.5804410781959049E+01   2.5622527567777736E-01
   1.6000000000000000E+01   1.7136964524335938E-01   3.3064269179257003E+01   2.8936848534254156E-01
   1.6588999999999999E+01   1.7907980150021208E-01   3.1640710074572556E+01   3.0995514876703339E-01
   1.6591000000000001E+01   1.7909682725756554E-01   3.1637702165049703E+01   3.1000118891572359E-01
   1.7000000000000000E+01   1.8399158621663461E-01   3.0796039079790994E+01   3.2344791514358451E-01
   1.8000000000000000E+01   1.9688272516453692E-01   2.8779630486854050E+01   3.6064891557927747E-01
   1.9000000000000000E+01   2.0880168825973613E-01   2.7136811616349593E+01   3.9705926961046523E-01
   2.0000000000000000E+01   2.2038949900316110E-01   2.5709991197897054E+01   4.3442518868728441E-01
   2.1000000000000000E+01   2.3173304639911985E-01   2.4451463300237073E+01   4.7290271266364381E-01
   2.2000000000000000E+01   2.4287060144695310E-01   2.3330168598926974E+01   5.1251888284095093E-01
   2.3000000000000000E+01   2.5435511595514793E-01   2.2276776538197776E+01   5.5536808907585078E-01
   2.4000000000000000E+01   2.6530096051283247E-01   2.1357676461205806E+01   5.9790904352676111E-01
   2.5000000000000000E+01   2.7615808078460685E-01   2.0518002092792827E+01   6.4180146275409478E-01
   2.6000000000000000E+01   2.8696886356627116E-01   1.9745041357672196E+01   6.8715654463500664E-01
   2.7000000000000000E+01   2.9778194716244477E-01   1.9028057723019742E+01   7.3413273841681070E-01
   2.8000000000000000E+01   3.0898004883813895E-01   1.8338439976260386E+01   7.8455340230209492E-01
   2.9000000000000000E+01   3.1992622814657085E-01   1.7710995788955127E+01   8.3533114573506606E-01
   3.0000000000000000E+01   3.3095600633771366E-01   1.7120741038004628E+01   8.8802765119216831E-01
   3.1000000000000000E+01   3.4210279574753222E-01   1.6562893229501142E+01   9.4279533689984873E-01
   3.2000000000000000E+01   3.5339354504437243E-01   1.6033716967775284E+01   9.9976352939476609E-01
   3.3000000000000000E+01   3.6513792139671208E-01   1.5518004971398284E+01   1.0606945925825040E+00
   3.4000000000000000E+01   3.7684751857351340E-01   1.5035821652557544E+01   1.1228225593011858E+00
   3.5000000000000000E+01   3.8879659344636985E-01   1.4573718430127666E+01   1.1876927232873018E+00
   3.6000000000000000E+01   4.0100507334259317E-01   1.4130025917750332E+01   1.2554417453010245E+00
   3.7000000000000000E+01   4.1350748472340987E-01   1.3702804154247110E+01   1.3262965866480458E+00
   3.8000000000000000E+01   4.2655975721405187E-01   1.3283512998242948E+01   1.4019592690917537E+00
   3.9000000000000000E+01   4.3978907790821287E-01   1.2883930875297438E+01   1.4800234346601826E+00
   4.0000000000000000E+01   4.5340706544056153E-01   1.2496964673399017E+01   1.5618979596853262E+00
   4.1000000000000000E+01   4.6745611631149625E-01   1.2121377562005094E+01   1.6479084851065784E+00
   4.2000000000000000E+01   4.8196809828823334E-01   1.1756404831781264E+01   1.7383188853464102E+00
   4.3000000000000000E+01   4.9715972522928897E-01   1.1397166326912281E+01   1.8347998106952668E+00
   4.4000000000000000E+01   5.1273476225382841E-01   1.1050961426085571E+01   1.9352064063206242E+00
   4.5000000000000000E+01   5.2888727317429207E-01   1.0713458929485231E+01   2.0410360388113253E+00
   4.6000000000000000E+01   5.4565173137212952E-01   1.0384301476019525E+01   2.1526267295853048E+00
   4.7000000000000000E+01   5.6318076217329405E-01   1.0061089547189978E+01   2.2713070051234370E+00
   4.8000000000000000E+01   5.8130791694014983E-01   9.7473506111969819E+00   2.3958120284490128E+00
   4.9000000000000000E+01   6.0015055279236573E-01   9.4413177712102438E+00   2.5272049646344015E+00
   5.0000000000000000E+01   6.1964280262066751E-01   9.1443200106835612E+00   2.6650134132052035E+00
   5.1000000000000000E+01   6.4004338823567575E-01   8.8528562026076436E+00   2.8116389005797711E+00
   5.2000000000000000E+01   6.6107225689550664E-01   8.5712447018871831E+00   2.9647602959838522E+00
   5.3000000000000000E+01   6.8306029364623977E-01   8.2953322454646621E+00   3.1275577564488044E+00
   5.4000000000000000E+01   7.0566651219757870E-01   8.0295890219227779E+00   3.2971251824447547E+00
   5.5000000000000000E+01   7.2901062523435523E-01   7.7724684433216522E+00   3.4747914610988966E+00
   5.6000000000000000E+01   7.5305182624796785E-01   7.5243321667669942E+00   3.6604590818571379E+00
   5.7000000000000000E+01   7.7772873702187373E-01   7.2855891903616916E+00   3.8538577116559285E+00
   5.8000000000000000E+01   8.0295779956086044E-01   7.0566748122741689E+00   4.0545226804911971E+00
   5.9000000000000000E+01   8.2862974281682866E-01   6.8380505631122981E+00   4.2617547153492996E+00
   6.0000000000000000E+01   8.5461312423384561E-01   6.6301486822589251E+00   4.4746287474240196E+00
   6.1000000000000000E+01   8.8075817647986876E-01   6.4333346323577665E+00   4.6920152055443971E+00
   6.2000000000000000E+01   9.0678449382430504E-01   6.2486865601145549E+00   4.9113353874707064E+00
   6.3000000000000000E+01   9.3286074716896217E-01   6.0740170456051308E+00   5.1348378338367873E+00
   6.4000000000000000E+01   9.5844544518867081E-01   5.9118775178328642E+00   5.3569897845567835E+00
   6.5000000000000000E+01   9.8383928920732289E-01   5.7592862387570110E+00   5.5814770734894648E+00
   6.6000000000000000E+01   1.0084340952848552E+00   5.6188223960036412E+00   5.8017391416453767E+00
   6.7000000000000000E+01   1.0325884850750371E+00   5.4873864674836623E+00   6.0220984725291089E+00
   6.8000000000000000E+01   1.0557334280540491E+00   5.3670859791986505E+00   6.2361032479340839E+00
   6.9000000000000000E+01   1.0782066145182174E+00   5.2552191789438121E+00   6.4478077176505586E+00
   7.0000000000000000E+01   1.0995840096744620E+00   5.1530506351740488E+00   6.6521404102715227E+00
   7.1000000000000000E+01   1.1199553930062618E+00   5.0593194290270569E+00   6.8500907978529515E+00
   7.2000000000000000E+01   1.1393024636697209E+00   4.9734045700464886E+00   7.0413005553091939E+00
   7.3000000000000000E+01   1.1578802203891914E+00   4.8936081467698482E+00   7.2288346093362996E+00
   7.4000000000000000E+01   1.1752241238076422E+00   4.8213885034303852E+00   7.4066089985108059E+00
   7.5000000000000000E+01   1.1915428977285345E+00   4.7553571846064830E+00   7.5769979120946349E+00
   7.6000000000000000E+01   1.2068609400921604E+00   4.6949999716185369E+00   7.7400328051659066E+00
   7.7000000000000000E+01   1.2212049413559647E+00   4.6398535475861538E+00   7.8957670178137338E+00
   7.8000000000000000E+01   1.2346068859651971E+00   4.5894868592527365E+00   8.0443149023753158E+00
   7.9000000000000000E+01   1.2471008323854147E+00   4.5435075756000129E+00   8.1858170229756038E+00
   8.0000000000000000E+01   1.2587236714947407E+00   4.5015536037004518E+00   8.3204584228352356E+00
   8.1000000000000000E+01   1.2695140900522257E+00   4.4632919980014680E+00   8.4484502158651011E+00
   8.2000000000000000E+01   1.2795093479036845E+00   4.4284256998697122E+00   8.5699942155318620E+00
   8.3000000000000000E+01   1.2887487916845786E+00   4.3966769288479144E+00   8.6853412689632972E+00
   8.4000000000000000E+01   1.2972689311247234E+00   4.3678006491434633E+00   8.7947058916961716E+00
   8.5000000000000000E+01   1.3051056914581207E+00   4.3415733427303316E+00   8.8983122132071060E+00
   8.6000000000000000E+01   1.3122943983175972E+00   4.3177903424296229E+00   8.9963940703135705E+00
   8.7000000000000000E+01   1.3188680024878603E+00   4.2962692769797250E+00   9.0891565574787929E+00
   8.8000000000000000E+01   1.3248582565232716E+00   4.2768439956359101E+00   9.1768126308268556E+00
   8.9000000000000000E+01   1.3302962261612004E+00   4.2593611618602027E+00   9.2595686374437900E+00
   9.0000000000000000E+01   1.3352083994171349E+00   4.2436911585889616E+00   9.3375851399984882E+00
   9.1000000000000000E+01   1.3396228036751887E+00   4.2297070966060311E+00   9.4110528150497448E+00
   9.2000000000000000E+01   1.3435608479902243E+00   4.2173096127027367E+00   9.4800760478000861E+00
   9.3000000000000000E+01   1.3468302239866634E+00   4.2070722638730462E+00   9.5412944414008507E+00
   9.4000000000000000E+01   1.3499665304244788E+00   4.1972981935326574E+00   9.6031497265906118E+00
   9.5000000000000000E+01   1.3527007260523041E+00   4.1888142516315332E+00   9.6611332419950831E+00
   9.6000000000000000E+01   1.3550530017226043E+00   4.1815427679043333E+00   9.7153730803880372E+00
   9.7000000000000000E+01   1.3570380983620918E+00   4.1754259414818042E+00   9.7659226256514220E+00
   9.8000000000000000E+01   1.3584764808351963E+00   4.1710049157395828E+00   9.8095179935504362E+00
   9.9000000000000000E+01   1.3598833271250499E+00   4.1666898670338428E+00   9.8547662807262792E+00
   1.0000000000000000E+02   1.3609750782807541E+00   4.1633474189975850E+00   9.8967091946988237E+00
   1.1000000000000000E+02   1.3584778549164993E+00   4.1710006968265931E+00   1.0171393050596151E+01
   1.2000000000000000E+02   1.3403584257634740E+00   4.2273857280023552E+00   1.0269053034851447E+01
   1.3000000000000000E+02   1.3136777657022012E+00   4.3132434965521771E+00   1.0253874503146720E+01
   1.4000000000000000E+02   1.2827844921896439E+00   4.4171192542313129E+00   1.0172429851307600E+01
   1.5000000000000000E+02   1.2495939160278164E+00   4.5344427552047089E+00   1.0038903815607133E+01
   1.6000000000000000E+02   1.2159999613448849E+00   4.6597140292779571E+00   9.8815801801843008E+00
   1.7000000000000000E+02   1.1830093963624899E+00   4.7896594033003019E+00   9.7170591820392147E+00
   1.8000000000000000E+02   1.1508794240299050E+00   4.9233759516174826E+00   9.5470210184242319E+00
   1.9000000000000000E+02   1.1193703106036355E+00   5.0619638789817758E+00   9.3595719748938961E+00
   2.0000000000000000E+02   1.0891449628389904E+00   5.2024406968844019E+00   9.1737338390923320E+00
   2.1000000000000000E+02   1.0603200568907369E+00   5.3438695633992914E+00   8.9940496598778932E+00
   2.2000000000000000E+02   1.0328294387475088E+00   5.4861062890998866E+00   8.8198174283459085E+00
   2.3000000000000000E+02   1.0059276138707127E+00   5.6328228804428333E+00   8.6246963624003961E+00
   2.4000000000000000E+02   9.8096163532568637E-01   5.7761811221077881E+00   8.4630077634674112E+00
   2.5000000000000000E+02   9.5656668058819339E-01   5.9234888633127563E+00   8.2815450391852874E+00
   2.6000000000000000E+02   9.3335230433749694E-01   6.0708181178190266E+00   8.1072593416048715E+00
   2.7000000000000000E+02   9.1181912597857484E-01   6.2141842806808523E+00   7.9665045843399955E+00
   2.8000000000000000E+02   8.9082877363270974E-01   6.3606073885264989E+00   7.8100423060167268E+00
   2.8799900000000002E+02   8.7445349264496919E-01   6.4797180492030053E+00   7.6750313427233845E+00
   2.8800099999999998E+02   8.7444935720497430E-01   6.4797486930418451E+00   7.6749922573959912E+00
   2.9000000000000000E+02   8.7081160219769860E-01   6.5068173933146483E+00   7.6598978894421572E+00
   3.0000000000000000E+02   8.5175347505852106E-01   6.6524085259422137E+00   7.5181314427164931E+00
   3.1000000000000000E+02   8.3319574288454756E-01   6.8005773287602569E+00   7.3629672551662333E+00
   3.2000000000000000E+02   8.1347898427584275E-01   6.9654068377983531E+00   7.4061106789756721E+00
   3.3000000000000000E+02   7.9714654139085739E-01   7.1081185017673603E+00   7.2724281257423309E+00
   3.4000000000000000E+02   7.8150472306910523E-01   7.2503875053090026E+00   7.1444087612531124E+00
   3.5000000000000000E+02   7.6653889360967820E-01   7.3919433530602436E+00   7.0233074323777709E+00
   3.6000000000000000E+02   7.5219303355803369E-01   7.5329228358813971E+00   6.9078284873109839E+00
   3.7000000000000000E+02   7.3843005360907343E-01   7.6733226820693829E+00   6.7976185981279196E+00
   3.8000000000000000E+02   7.2520954472782773E-01   7.8132067078719318E+00   6.6919489347044205E+00
   3.9000000000000000E+02   7.1251748306443419E-01   7.9523832244938877E+00   6.5916990190438067E+00
   4.0000000000000000E+02   7.0031349096804318E-01   8.0909651928135933E+00   6.4958979100933414E+00
   4.1000000000000000E+02   6.8856217195110414E-01   8.2290493295971832E+00   6.4037252031635994E+00
   4.2000000000000000E+02   6.7725726522019503E-01   8.3664101818648966E+00   6.3163089623612869E+00
   4.3000000000000000E+02   6.6636350113662624E-01   8.5031849280689453E+00   6.2326301075979078E+00
   4.4000000000000000E+02   6.5585853147197581E-01   8.6393815244931762E+00   6.1524647524397773E+00
   4.5000000000000000E+02   6.4571756906816902E-01   8.7750625829448747E+00   6.0752903948966068E+00
   4.6000000000000000E+02   6.3593321589633045E-01   8.9100741050203567E+00   6.0018574329041474E+00
   4.7000000000000000E+02   6.2647977090950091E-01   9.0445252067025397E+00   5.9314034674445830E+00
   4.8000000000000000E+02   6.1733488513196788E-01   9.1785062142874789E+00   5.8633057191580820E+00
   4.9000000000000000E+02   6.0849609178447883E-01   9.3118298637932906E+00   5.7985182366461929E+00
   5.0000000000000000E+02   5.9994059319115411E-01   9.4446219238824476E+00   5.7362398978605000E+00
   5.1000000000000000E+02   5.9164862190002376E-01   9.5769885532458563E+00   5.6758067448552030E+00
   5.2000000000000000E+02   5.8362071787672642E-01   9.7087233299299065E+00   5.6182843848911883E+00
   5.3000000000000000E+02   5.7583672766087191E-01   9.8399629743957941E+00   5.5628572889656471E+00
   5.4000000000000000E+02   5.6828501548611732E-01   9.9707223049569134E+00   5.5093916891921246E+00
   5.5000000000000000E+02   5.6095084047988009E-01   1.0101084926859016E+01   5.4573936864442469E+00
   5.6000000000000000E+02   5.5383373416242121E-01   1.0230890120930230E+01   5.4076824979262907E+00
   5.7000000000000000E+02   5.4691821718553102E-01   1.0360254790266138E+01   5.3595988708954438E+00
   5.8000000000000000E+02   5.4019100546080678E-01   1.0489275130833922E+01   5.3126100620316317E+00
   5.9000000000000000E+02   5.3365378684309139E-01   1.0617767959634534E+01   5.2676488344133832E+00
   6.0000000000000000E+02   5.2729265450379792E-01   1.0745858170188871E+01   5.2240421519448024E+00
   6.1000000000000000E+02   5.2109608113320449E-01   1.0873641703768246E+01   5.1812811105026579E+00
   6.2000000000000000E+02   5.1506643359316617E-01   1.1000934461894611E+01   5.1402942117414101E+00
   6.3000000000000000E+02   5.0918677111947708E-01   1.1127964041608374E+01   5.0999130708657381E+00
   6.4000000000000000E+02   5.0346105109211969E-01   1.1254519226837772E+01   5.0611948319586082E+00
   6.5000000000000000E+02   4.9787318607040004E-01   1.1380833991487549E+01   5.0229589165863198E+00
   6.6000000000000000E+02   4.9242652072808679E-01   1.1506715907791330E+01   4.9861607183661754E+00
   6.7000000000000000E+02   4.8710804869955165E-01   1.1632351579095205E+01   4.9498707258373615E+00
   6.8000000000000000E+02   4.8191543455004909E-01   1.1757689572176904E+01   4.9143462585605988E+00
   6.9000000000000000E+02   4.7684417736204110E-01   1.1882733078185783E+01   4.8795726613189032E+00
   7.0000000000000000E+02   4.7189564010042734E-01   1.2007341450059485E+01   4.8462243741846436E+00
   7.1000000000000000E+02   4.6705530046713761E-01   1.2131779842371991E+01   4.8130248170952985E+00
   7.2000000000000000E+02   4.6232348829796382E-01   1.2255946805428984E+01   4.7804672150250713E+00
   7.3000000000000000E+02   4.5769645035271395E-01   1.2379847112892550E+01   4.7485315428716142E+00
   7.4000000000000000E+02   4.5317058669156346E-01   1.2503485984929435E+01   4.7171960511598119E+00
   7.5000000000000000E+02   4.4874240134677235E-01   1.2626870254459336E+01   4.6864315640403120E+00
   7.6000000000000000E+02   4.4440865053313028E-01   1.2750004016984818E+01   4.6562221813402962E+00
   7.7000000000000000E+02   4.4016614543695692E-01   1.2872893879322122E+01   4.6265406265977864E+00
   7.8000000000000000E+02   4.3601708572628106E-01   1.2995390008723874E+01   4.5980730261295202E+00
   7.9000000000000000E+02   4.3194834514206876E-01   1.3117800179594585E+01   4.5694151888211962E+00
   8.0000000000000000E+02   4.2796207584340651E-01   1.3239986436446555E+01   4.5412042168988629E+00
   8.1000000000000000E+02   4.2405078024525278E-01   1.3362107425443527E+01   4.5127331730212097E+00
   8.2000000000000000E+02   4.2022214455244739E-01   1.3483849323350027E+01   4.4854154571952733E+00
   8.3000000000000000E+02   4.1646864081603041E-01   1.3605375109102608E+01   4.4585201733593243E+00
   8.4000000000000000E+02   4.1278789524855591E-01   1.3726691467220382E+01   4.4320219044954410E+00
   8.5000000000000000E+02   4.0917774346239816E-01   1.3847801279545688E+01   4.4059111246699443E+00
   8.6000000000000000E+02   4.0563602815895777E-01   1.3968710090169257E+01   4.3801674418515582E+00
   8.7000000000000000E+02   4.0216067651877052E-01   1.4089423482496427E+01   4.3547698336098994E+00
   8.8000000000000000E+02   3.9874974448109879E-01   1.4209945355209623E+01   4.3297058238330557E+00
   8.9000000000000000E+02   3.9540125318863723E-01   1.4330283563307246E+01   4.3049447722731378E+00
   9.0000000000000000E+02   3.9210836522889336E-01   1.4450627892553532E+01   4.2796828650180725E+00
   9.1000000000000000E+02   3.8888086844207298E-01   1.4570560136270226E+01   4.2557053871020889E+00
   9.2000000000000000E+02   3.8571069842459937E-01   1.4690316090850859E+01   4.2320092896518435E+00
   9.3000000000000000E+02   3.8259620417419288E-01   1.4809901451349566E+01   4.2085741883052146E+00
   9.4000000000000000E+02   3.7953577182580550E-01   1.4929322873104093E+01   4.1853757630739334E+00
   9.5000000000000000E+02   3.7652319283466629E-01   1.5048773056506731E+01   4.1616189234039975E+00
   9.6000000000000000E+02   3.7356833088100327E-01   1.5167806291602201E+01   4.1391552260775093E+00
   9.7000000000000000E+02   3.7066325273981149E-01   1.5286684173835905E+01   4.1169017965115415E+00
   9.8000000000000000E+02   3.6780646129238209E-01   1.5405417456698636E+01   4.0948183424351994E+00
   9.9000000000000000E+02   3.6499244484673171E-01   1.5524190046891466E+01   4.0721612828542568E+00
   1.0000000000000000E+03   3.6223080874886615E-01   1.5642545975178461E+01   4.0507857357179686E+00
   1.1000000000000000E+03   3.3690676962533556E-01   1.6818338455417347E+01   3.8465908243496223E+00
   1.2000000000000000E+03   3.1513991924300599E-01   1.7979988359110319E+01   3.6616464126348980E+00
   1.3000000000000000E+03   2.9622971757380578E-01   1.9127763837767137E+01   3.4966026339985294E+00
   1.4000000000000000E+03   2.7961971435637756E-01   2.0263993518921136E+01   3.3444890459800205E+00
   1.5000000000000000E+03   2.6492269383306055E-01   2.1388171762479296E+01   3.2081233597311334E+00
   1.6000000000000000E+03   2.5180750645151978E-01   2.2502157141098266E+01   3.0822265617146112E+00
   1.7000000000000000E+03   2.4002460509631982E-01   2.3606796799879792E+01   2.9650396960176861E+00
   1.8000000000000000E+03   2.2938978030347229E-01   2.4701240273145874E+01   2.8597512475756646E+00
   1.9000000000000000E+03   2.1972627228942976E-01   2.5787594812588075E+01   2.7606811550985375E+00
   2.0000000000000000E+03   2.1090959339226401E-01   2.6865596715374668E+01   2.6691654798225652E+00
   2.1000000000000000E+03   2.0283080097030545E-01   2.7935658945160654E+01   2.5844825588243041E+00
   2.2000000000000000E+03   1.9539842053777412E-01   2.8998249135718218E+01   2.5057644274528599E+00
   2.3000000000000000E+03   1.8853099160211501E-01   3.0054539210393934E+01   2.4303902746117809E+00
   2.4000000000000000E+03   1.8217502663495463E-01   3.1103122003842298E+01   2.3622446360998062E+00
   2.5000000000000000E+03   1.7626431519694000E-01   3.2146110079906755E+01   2.2963897446727199E+00
   2.6000000000000000E+03   1.7075665842911295E-01   3.3182964176079004E+01   2.2344838805787739E+00
   2.7000000000000000E+03   1.6561155138917091E-01   3.4213869938125093E+01   2.1763352568853791E+00
   2.8000000000000000E+03   1.6079353539833269E-01   3.5239054016962470E+01   2.1216441830365733E+00
   2.9000000000000000E+03   1.5610909457809097E-01   3.6296489290351914E+01   1.8929519555379457E+00
   3.0000000000000000E+03   1.5186083595631156E-01   3.7311872042573974E+01   1.8450405229709919E+00
   3.1000000000000000E+03   1.4785743856928257E-01   3.8322130657127261E+01   1.7997415664982301E+00
   3.2000000000000000E+03   1.4407780261761635E-01   3.9327446536080132E+01   1.7568412449053654E+00
   3.3000000000000000E+03   1.4050321477604391E-01   4.0327988854290005E+01   1.7161487005422094E+00
   3.4000000000000000E+03   1.3711701765079601E-01   4.1323915707608883E+01   1.6774930393886154E+00
   3.5000000000000000E+03   1.3390433294242954E-01   4.2315375126183035E+01   1.6407207750737234E+00
   3.6000000000000000E+03   1.3085182837386694E-01   4.3302505971034954E+01   1.6056936560342785E+00
   3.7000000000000000E+03   1.2794752049248595E-01   4.4285438730428361E+01   1.5722868105820460E+00
   3.8000000000000000E+03   1.2518060704719750E-01   4.5264296228758923E+01   1.5403871570021321E+00
   3.9000000000000000E+03   1.2254132387448426E-01   4.6239194259758129E+01   1.5098920355674905E+00
   4.0000000000000000E+03   1.2002082219880615E-01   4.7210242153603375E+01   1.4807080271714572E+00
   4.1000000000000000E+03   1.1761106301879248E-01   4.8177543285828797E+01   1.4527499295426665E+00
   4.2000000000000000E+03   1.1530472585617418E-01   4.9141195535627801E+01   1.4259398670362651E+00
   4.3000000000000000E+03   1.1309512963201984E-01   5.0101291699443600E+01   1.4002065140882329E+00
   4.4000000000000000E+03   1.1097616382537465E-01   5.1057919864631664E+01   1.3754844157425334E+00
   4.5000000000000000E+03   1.0894222838174876E-01   5.2011163748413672E+01   1.3517133913559980E+00
   4.6000000000000000E+03   1.0698818109658412E-01   5.2961103005994772E+01   1.3288380098212993E+00
   4.7000000000000000E+03   1.0510929140885755E-01   5.3907813510411721E+01   1.3068071264883023E+00
   4.8000000000000000E+03   1.0330110385720689E-01   5.4851418502871162E+01   1.2855686016598473E+00
   4.9000000000000000E+03   1.0154113304238575E-01   5.5802135644034990E+01   1.2641405238454098E+00
   5.0000000000000000E+03   9.9845337191008007E-02   5.6749891771515884E+01   1.2434827250589073E+00
   5.1000000000000000E+03   9.8210188327801221E-02   5.7694748131098216E+01   1.2235533586751890E+00
   5.2000000000000000E+03   9.6632415509719877E-02   5.8636763342734319E+01   1.2043135946556758E+00
   5.3000000000000000E+03   9.5108981666739853E-02   5.9575993562148717E+01   1.1857273504271366E+00
   5.4000000000000000E+03   9.3637062915041744E-02   6.0512492629347520E+01   1.1677610502158000E+00
   5.5000000000000000E+03   9.2214030038075906E-02   6.1446312205860536E+01   1.1503834093699656E+00
   5.6000000000000000E+03   9.0837431874451355E-02   6.2377501901546758E+01   1.1335652406873646E+00
   5.7000000000000000E+03   8.9504980387313124E-02   6.3306109391465441E+01   1.1172792801658065E+00
   5.8000000000000000E+03   8.8214537217499903E-02   6.4232180524959517E+01   1.1015000299242765E+00
   5.9000000000000000E+03   8.6964101552847908E-02   6.5155759426053152E+01   1.0862036163574913E+00
   6.0000000000000000E+03   8.5751799163395662E-02   6.6076888587299905E+01   1.0713676618113981E+00
   6.1000000000000000E+03   8.4575872474529662E-02   6.6995608956757920E+01   1.0569711683003207E+00
   6.2000000000000000E+03   8.3434671564360297E-02   6.7911960019035732E+01   1.0429944119607415E+00
   6.3000000000000000E+03   8.2326645986175173E-02   6.8825979870863691E+01   1.0294188470985106E+00
   6.4000000000000000E+03   8.1250337328638483E-02   6.9737705291754310E+01   1.0162270188230249E+00
   6.5000000000000000E+03   8.0204372437304647E-02   7.0647171809859415E+01   1.0034024833836350E+00
   6.6000000000000000E+03   7.9187457229247540E-02   7.1554413763742161E+01   9.9092973542251117E-01
   6.7000000000000000E+03   7.8198371041684603E-02   7.2459464359683011E+01   9.7879414145496624E-01
   6.8000000000000000E+03   7.7235961459571456E-02   7.3362355726563294E+01   9.6698187895185850E-01
   6.9000000000000000E+03   7.6299139578001468E-02   7.4263118965943022E+01   9.5547988049409616E-01
   7.0000000000000000E+03   7.5386875654755922E-02   7.5161784200069192E+01   9.4427578249782240E-01
   7.1000000000000000E+03   7.4498195116809010E-02   7.6058380617086229E+01   9.3335787808330106E-01
   7.2000000000000000E+03   7.3632174889104479E-02   7.6952936511979303E+01   9.2271507370933781E-01
   7.3000000000000000E+03   7.2787940011487751E-02   7.7845479327838433E+01   9.1233684920303626E-01
   7.4000000000000000E+03   7.1964660522655127E-02   7.8736035692080264E+01   9.0221322090525802E-01
   7.5000000000000000E+03   7.1161548582659204E-02   7.9624631452455048E+01   8.9233470762833811E-01
   7.6000000000000000E+03   7.0377855815396628E-02   8.0511291710035465E+01   8.8269229919182468E-01
   7.7000000000000000E+03   6.9612870850482178E-02   8.1396040850698043E+01   8.7327742730416069E-01
   7.8000000000000000E+03   6.8865917047452208E-02   8.2278902574925382E+01   8.6408193858936122E-01
   7.9000000000000000E+03   6.8136350386438185E-02   8.3159899926310302E+01   8.5509806957453138E-01
   8.0000000000000000E+03   6.7423557512493348E-02   8.4039055317279633E+01   8.4631842348042374E-01
   8.1000000000000000E+03   6.6726953918057469E-02   8.4916390555433978E+01   8.3773594865044732E-01
   8.2000000000000000E+03   6.6045982255167959E-02   8.5791926866782944E+01   8.2934391850010525E-01
   8.3000000000000000E+03   6.5380110764511445E-02   8.6665684918904319E+01   8.2113591285092347E-01
   8.4000000000000000E+03   6.4728831813599771E-02   8.7537684841853135E+01   8.1310580054713699E-01
   8.5000000000000000E+03   6.4091660533505679E-02   8.8407946249388345E+01   8.0524772324320926E-01
   8.6000000000000000E+03   6.3468133548212180E-02   8.9276488258095696E+01   7.9755608028049929E-01
   8.7000000000000000E+03   6.2857807788338743E-02   9.0143329505859697E+01   7.9002551456313674E-01
   8.8000000000000000E+03   6.2260259382979154E-02   9.1008488169409318E+01   7.8265089935770327E-01
   8.9000000000000000E+03   6.1675082623474431E-02   9.1871981981319166E+01   7.7542732594570440E-01
   9.0000000000000000E+03   6.1101888994090414E-02   9.2733828245935769E+01   7.6835009206695537E-01
   9.1000000000000000E+03   6.0540306264468415E-02   9.3594043854478457E+01   7.6141469109448123E-01
   9.2000000000000000E+03   5.9989977638850459E-02   9.4452645300049014E+01   7.5461680188491664E-01
   9.3000000000000000E+03   5.9450560959440298E-02   9.5309648690210764E+01   7.4795227926364427E-01
   9.4000000000000000E+03   5.8921727956965403E-02   9.6165069762017822E+01   7.4141714508240353E-01
   9.5000000000000000E+03   5.8403163548528911E-02   9.7018923893942684E+01   7.3500757982785569E-01
   9.6000000000000000E+03   5.7894565178275390E-02   9.7871226116513398E+01   7.2871991473608233E-01
   9.7000000000000000E+03   5.7395642195165457E-02   9.8721991126313952E+01   7.2255062436282924E-01
   9.8000000000000000E+03   5.6906115269962136E-02   9.9571233295398059E+01   7.1649631960398807E-01
   9.9000000000000000E+03   5.6425715844884733E-02   1.0041896668279280E+02   7.1055374111425307E-01
   1.0000000000000000E+04   5.5954185616451421E-02   1.0126520504328916E+02   7.0471975311217716E-01
   1.1000000000000000E+04   5.1676293902519987E-02   1.0964818975154682E+02   6.5174004409096364E-01
   1.2000000000000000E+04   4.8061562718895660E-02   1.1789487812997210E+02   6.0689858461603396E-01
   1.3000000000000000E+04   4.4964501911996045E-02   1.2601523064950331E+02   5.6842225903353893E-01
   1.4000000000000000E+04   4.2279612989752885E-02   1.3401759568739448E+02   5.3502259774160987E-01
   1.5000000000000000E+04   3.9928468613251944E-02   1.4190907581162890E+02   5.0573994616822771E-01
   1.6000000000000000E+04   3.7851512188290797E-02   1.4969579157878485E+02   4.7984432367824081E-01
   1.7000000000000000E+04   3.6002677140899546E-02   1.5738307618916812E+02   4.5677023296477909E-01
   1.8000000000000000E+04   3.4345753671440576E-02   1.6497562213030781E+02   4.3607255690441149E-01
   1.9000000000000000E+04   3.2851873442551971E-02   1.7247759368696924E+02   4.1739597293613206E-01
   2.0000000000000000E+04   3.1497729577977238E-02   1.7989271466226407E+02   4.0045327455965962E-01
   2.1000000000000000E+04   3.0264292282636270E-02   1.8722433772988396E+02   3.8500970636255261E-01
   2.2000000000000000E+04   2.9135865854160566E-02   1.9447549998487813E+02   3.7087144754589429E-01
   2.3000000000000000E+04   2.8099385470089212E-02   2.0164896792891406E+02   3.5787701317182474E-01
   2.4000000000000000E+04   2.7143885345157680E-02   2.0874727429140995E+02   3.4589074344536824E-01
   2.5000000000000000E+04   2.6260091323464199E-02   2.1577274845260266E+02   3.3479781097233591E-01
   2.6000000000000000E+04   2.5440105136441200E-02   2.2272754177276394E+02   3.2450034747785306E-01
   2.7000000000000000E+04   2.4677157074273082E-02   2.2961364886668673E+02   3.1491440691713612E-01
   2.8000000000000000E+04   2.3965410336114670E-02   2.3643292562120317E+02   3.0596756102256351E-01
   2.9000000000000000E+04   2.3299804862636050E-02   2.4318710447943045E+02   2.9759697842134841E-01
   3.0000000000000000E+04   2.2675931625817429E-02   2.4987780757942534E+02   2.8974787718768891E-01
   3.1000000000000000E+04   2.2089930651296861E-02   2.5650655807502778E+02   2.8237226858572240E-01
   3.2000000000000000E+04   2.1538407696621634E-02   2.6307478989586485E+02   2.7542792986984477E-01
   3.3000000000000000E+04   2.1018365704456771E-02   2.6958385628806241E+02   2.6887755868309871E-01
   3.4000000000000000E+04   2.0527148060733705E-02   2.7603503724509534E+02   2.6268807260452065E-01
   3.5000000000000000E+04   2.0062391340150650E-02   2.8242954608010683E+02   2.5683002547441608E-01
   3.6000000000000000E+04   1.9621985739904427E-02   2.8876853518230166E+02   2.5127711836929284E-01
   3.7000000000000000E+04   1.9204041776748129E-02   2.9505310107900044E+02   2.4600578773988091E-01
   3.8000000000000000E+04   1.8806862105693749E-02   3.0128428908748026E+02   2.4099485676781027E-01
   3.9000000000000000E+04   1.8428917587399264E-02   3.0746309720080768E+02   2.3622523901088344E-01
   4.0000000000000000E+04   1.8068826840682593E-02   3.1359047986018334E+02   2.3167968520577395E-01
   4.1000000000000000E+04   1.7725338730278956E-02   3.1966735111250767E+02   2.2734256621293356E-01
   4.2000000000000000E+04   1.7397317292292953E-02   3.2569458752070688E+02   2.2319968611880975E-01
   4.3000000000000000E+04   1.7083728710477895E-02   3.3167303084162052E+02   2.1923812071001042E-01
   4.4000000000000000E+04   1.6783630028079161E-02   3.3760349042493135E+02   2.1544607740015423E-01
   4.5000000000000000E+04   1.6496159333090725E-02   3.4348674531252794E+02   2.1181277336199397E-01
   4.6000000000000000E+04   1.6220527189413213E-02   3.4932354622717980E+02   2.0832832911481439E-01
   4.7000000000000000E+04   1.5956009135991052E-02   3.5511461739510202E+02   2.0498367533930534E-01
   4.8000000000000000E+04   1.5701939105654199E-02   3.6086065812341837E+02   2.0177047105874152E-01
   4.9000000000000000E+04   1.5457703625452388E-02   3.6656234436726601E+02   1.9868103154747357E-01
   5.0000000000000000E+04   1.5222736701320695E-02   3.7222033006644750E+02   1.9570826469114239E-01
   5.1000000000000000E+04   1.4996515291090359E-02   3.7783524835576907E+02   1.9284561464309394E-01
   5.2000000000000000E+04   1.4778555282517966E-02   3.8340771280823100E+02   1.9008701178551660E-01
   5.3000000000000000E+04   1.4568407920032656E-02   3.8893831848906058E+02   1.8742682823127862E-01
   5.4000000000000000E+04   1.4365656622745849E-02   3.9442764283455182E+02   1.8485983816186796E-01
   5.5000000000000000E+04   1.4169914129263470E-02   3.9987624679943877E+02   1.8238118231349476E-01
   5.6000000000000000E+04   1.3980819957866854E-02   4.0528467547369411E+02   1.7998633626196087E-01
   5.7000000000000000E+04   1.3798038117704959E-02   4.1065345892975984E+02   1.7767108190478081E-01
   5.8000000000000000E+04   1.3621255050809508E-02   4.1598311303505562E+02   1.7543148181561954E-01
   5.9000000000000000E+04   1.3450177781848108E-02   4.2127414011784560E+02   1.7326385615852294E-01
   6.0000000000000000E+04   1.3284532252383428E-02   4.2652702946794511E+02   1.7116476187279275E-01
   6.1000000000000000E+04   1.3124061806019232E-02   4.3174225809279994E+02   1.6913097380284314E-01
   6.2000000000000000E+04   1.2968525824500808E-02   4.3692029118493281E+02   1.6715946765063563E-01
   6.3000000000000000E+04   1.2817698488957358E-02   4.4206158261264625E+02   1.6524740450102218E-01
   6.4000000000000000E+04   1.2671367649011216E-02   4.4716657557658078E+02   1.6339211673049769E-01
   6.5000000000000000E+04   1.2529333805709721E-02   4.5223570281909753E+02   1.6159109524916179E-01
   6.6000000000000000E+04   1.2391409173968306E-02   4.5726938719639020E+02   1.5984197781378864E-01
   6.7000000000000000E+04   1.2257416829569106E-02   4.6226804213848396E+02   1.5814253837517891E-01
   6.8000000000000000E+04   1.2127189937979531E-02   4.6723207177080309E+02   1.5649067738757144E-01
   6.9000000000000000E+04   1.2000571032093116E-02   4.7216187165819599E+02   1.5488441284827567E-01
   7.0000000000000000E+04   1.1877411368663243E-02   4.7705782881526352E+02   1.5332187218646143E-01
   7.1000000000000000E+04   1.1757570327123559E-02   4.8192032212716765E+02   1.5180128476113847E-01
   7.2000000000000000E+04   1.1640914860053008E-02   4.8674972264631896E+02   1.5032097498361996E-01
   7.3000000000000000E+04   1.1527318983768547E-02   4.9154639404520043E+02   1.4887935596919696E-01
   7.4000000000000000E+04   1.1416663322946469E-02   4.9631069246752998E+02   1.4747492376608895E-01
   7.5000000000000000E+04   1.1308834669068318E-02   5.0104296731636850E+02   1.4610625191477081E-01
   7.6000000000000000E+04   1.1203725593598758E-02   5.0574356111663428E+02   1.4477198654006232E-01
   7.7000000000000000E+04   1.1101234081673413E-02   5.1041280976448718E+02   1.4347084176698222E-01
   7.8000000000000000E+04   1.1001263191119603E-02   5.1505104287061067E+02   1.4220159546843661E-01
   7.9000000000000000E+04   1.0903720736403060E-02   5.1965858411643387E+02   1.4096308532585014E-01
   8.0000000000000000E+04   1.0808519008995128E-02   5.2423575096316586E+02   1.3975420525101562E-01
   8.1000000000000000E+04   1.0715574496725973E-02   5.2878285538600505E+02   1.3857390194945252E-01
   8.2000000000000000E+04   1.0624807642305814E-02   5.3330020365907740E+02   1.3742117183427541E-01
   8.3000000000000000E+04   1.0536142606846051E-02   5.3778809673651233E+02   1.3629505809130327E-01
   8.4000000000000000E+04   1.0449507053202519E-02   5.4224683046112284E+02   1.3519464796695871E-01
   8.5000000000000000E+04   1.0364831953522514E-02   5.4667669527961209E+02   1.3411907029393616E-01
   8.6000000000000000E+04   1.0282051386220056E-02   5.5107797720929864E+02   1.3306749305482907E-01
   8.7000000000000000E+04   1.0201102379493938E-02   5.5545095703287177E+02   1.3203912129066364E-01
   8.8000000000000000E+04   1.0121924734193478E-02   5.5979591118069129E+02   1.3103319497742735E-01
   8.9000000000000000E+04   1.0044460880377587E-02   5.6411311139152076E+02   1.3004898716357149E-01
   9.0000000000000000E+04   9.9686557271658812E-03   5.6840282527152090E+02   1.2908580214027632E-01
   9.1000000000000000E+04   9.8944565406361724E-03   5.7266531579670777E+02   1.2814297383061607E-01
   9.2000000000000000E+04   9.8218128057150113E-03   5.7690084219312541E+02   1.2721986415024367E-01
   9.3000000000000000E+04   9.7506761222501247E-03   5.8110965931382464E+02   1.2631586161157435E-01
   9.4000000000000000E+04   9.6810000845473487E-03   5.8529201838604752E+02   1.2543037988816308E-01
   9.5000000000000000E+04   9.6127401900203413E-03   5.8944816644089747E+02   1.2456285658695006E-01
   9.6000000000000000E+04   9.5458537323249819E-03   5.9357834703592880E+02   1.2371275197923348E-01
   9.7000000000000000E+04   9.4802997156596489E-03   5.9768280006176496E+02   1.2287954788924284E-01
   9.8000000000000000E+04   9.4160387688466442E-03   6.0176176188092086E+02   1.2206274661968704E-01
   9.9000000000000000E+04   9.3530330681321147E-03   6.0581546522980568E+02   1.2126186996085141E-01
   1.0000000000000000E+05   9.2912462577080177E-03   6.0984413956088247E+02   1.2047645822025774E-01
   1.1000000000000000E+05   8.7333388098108054E-03   6.4880250301464764E+02   1.1338338071796042E-01
   1.2000000000000000E+05   8.2659533461309879E-03   6.8548803050435492E+02   1.0743991952902515E-01
   1.3000000000000000E+05   7.8688126998637409E-03   7.2008475682466451E+02   1.0238927314204910E-01
   1.4000000000000000E+05   7.5272950833459480E-03   7.5275540771832391E+02   9.8046097872106636E-02
   1.5000000000000000E+05   7.2305857272148303E-03   7.8364496228202506E+02   9.4273197930869038E-02
   1.6000000000000000E+05   6.9705102945495645E-03   8.1288339591303406E+02   9.0966799543841598E-02
   1.7000000000000000E+05   6.7407733308998555E-03   8.4058783782361763E+02   8.8046929323553097E-02
   1.8000000000000000E+05   6.5364463981361955E-03   8.6686430735450983E+02   8.5450942285353423E-02
   1.9000000000000000E+05   6.3536152161531639E-03   8.9180913333792614E+02   8.3129057142481672E-02
   2.0000000000000000E+05   6.1891309401436081E-03   9.1551013127357407E+02   8.1041207165303497E-02
   2.1000000000000000E+05   6.0404313619348976E-03   9.3804758964518510E+02   7.9154774911095918E-02
   2.2000000000000000E+05   5.9054100727500124E-03   9.5949510866763410E+02   7.7442933772956038E-02
   2.3000000000000000E+05   5.7823192222181902E-03   9.7992031600541145E+02   7.5883414646690600E-02
   2.4000000000000000E+05   5.6696962031426747E-03   9.9938548318329129E+02   7.4457575571637541E-02
   2.5000000000000000E+05   5.5663076142979150E-03   1.0179480675709835E+03   7.3149690574488002E-02
   2.6000000000000000E+05   5.4711060157844682E-03   1.0356611740172559E+03   7.1946400155455337E-02
   2.7000000000000000E+05   5.3831960805713723E-03   1.0525739717953581E+03   7.0836281450549793E-02
   2.8000000000000000E+05   5.3018079238989300E-03   1.0687320553312882E+03   6.9809509142577358E-02
   2.9000000000000000E+05   5.2262758655110021E-03   1.0841777635337655E+03   6.8857585344383465E-02
   3.0000000000000000E+05   5.1560213245475149E-03   1.0989504741773878E+03   6.7973122326180468E-02
   3.1000000000000000E+05   5.0905390686456142E-03   1.1130868466132338E+03   6.7149667113459738E-02
   3.2000000000000000E+05   5.0293859083188662E-03   1.1266210592645125E+03   6.6381557911815742E-02
   3.3000000000000000E+05   4.9721714425824863E-03   1.1395850173133313E+03   6.5663806354639115E-02
   3.4000000000000000E+05   4.9185504669956815E-03   1.1520085272076540E+03   6.4992000487924778E-02
   3.5000000000000000E+05   4.8682165910374142E-03   1.1639194710259897E+03   6.4362223716388750E-02
   3.6000000000000000E+05   4.8208969400435333E-03   1.1753439556890937E+03   6.3770987242758495E-02
   3.7000000000000000E+05   4.7763476993727717E-03   1.1863064492194105E+03   6.3215173264593486E-02
   3.8000000000000000E+05   4.7343503690214124E-03   1.1968299001603923E+03   6.2691987092700671E-02
   3.9000000000000000E+05   4.6947085054499229E-03   1.2069358668173979E+03   6.2198916076285360E-02
   4.0000000000000000E+05   4.6572451083680055E-03   1.2166445930233142E+03   6.1733695492506624E-02
   4.1000000000000000E+05   4.6218001643804013E-03   1.2259751347859988E+03   6.1294278138765937E-02
   4.2000000000000000E+05   4.5882287810771853E-03   1.2349454113641536E+03   6.0878809548961223E-02
   4.3000000000000000E+05   4.5563993379407067E-03   1.2435723164776630E+03   6.0485605294546087E-02
   4.4000000000000000E+05   4.5261920750106766E-03   1.2518717689343416E+03   6.0113132375875442E-02
   4.5000000000000000E+05   4.4974977702662939E-03   1.2598587856875627E+03   5.9759992524388877E-02
   4.6000000000000000E+05   4.4702165978769718E-03   1.2675475461684009E+03   5.9424907709705932E-02
   4.7000000000000000E+05   4.4442571501397540E-03   1.2749514458905765E+03   5.9106707579526165E-02
   4.8000000000000000E+05   4.4195355979730552E-03   1.2820831406084669E+03   5.8804318545661025E-02
   4.9000000000000000E+05   4.3959748654645893E-03   1.2889546125467621E+03   5.8516753706258265E-02
   5.0000000000000000E+05   4.3735040334217760E-03   1.2955771930652684E+03   5.8243104683025279E-02
   5.1000000000000000E+05   4.3520577224121677E-03   1.3019616100908845E+03   5.7982533911044867E-02
   5.2000000000000000E+05   4.3315754901042331E-03   1.3081180490620663E+03   5.7734267497776499E-02
   5.3000000000000000E+05   4.3120014848066004E-03   1.3140561522172927E+03   5.7497589919297168E-02
   5.4000000000000000E+05   4.2932839950059667E-03   1.3197850610561204E+03   5.7271838515891405E-02
   5.5000000000000000E+05   4.2753750129905094E-03   1.3253134665997056E+03   5.7056398390494083E-02
   5.6000000000000000E+05   4.2582299493845515E-03   1.3306496236303913E+03   5.6850698423259016E-02
   5.7000000000000000E+05   4.2418074016095618E-03   1.3358013561224302E+03   5.6654207833672462E-02
   5.8000000000000000E+05   4.2260687196287710E-03   1.3407761338954160E+03   5.6466431847227633E-02
   5.9000000000000000E+05   4.2109779726684877E-03   1.3455810304059958E+03   5.6286909764879059E-02
   6.0000000000000000E+05   4.1965015789823899E-03   1.3502227922083173E+03   5.6115211349598786E-02
   6.1000000000000000E+05   4.1826081321478551E-03   1.3547078522439770E+03   5.5950934448007465E-02
   6.2000000000000000E+05   4.1692683607147344E-03   1.3590423041295574E+03   5.5793703482150167E-02
   6.3000000000000000E+05   4.1564547129550591E-03   1.3632320019798274E+03   5.5643165997963512E-02
   6.4000000000000000E+05   4.1441414653036234E-03   1.3672824943163648E+03   5.5498992205201221E-02
   6.5000000000000000E+05   4.1323044890677245E-03   1.3711990717214910E+03   5.5360872732137627E-02
   6.6000000000000000E+05   4.1209210709352772E-03   1.3749868007528278E+03   5.5228516762817981E-02
   6.7000000000000000E+05   4.1099698811440776E-03   1.3786505116438784E+03   5.5101651064773237E-02
   6.8000000000000000E+05   4.0994308800367000E-03   1.3821948083265372E+03   5.4980018747008849E-02
   6.9000000000000000E+05   4.0892851404843809E-03   1.3856241090610383E+03   5.4863377617314878E-02
   7.0000000000000000E+05   4.0795149538916439E-03   1.3889425933038788E+03   5.4751500157412800E-02
   7.1000000000000000E+05   4.0701034571495511E-03   1.3921543123251413E+03   5.4644170911229653E-02
   7.2000000000000000E+05   4.0610347805355050E-03   1.3952631252109206E+03   5.4541186787609164E-02
   7.3000000000000000E+05   4.0522940781323215E-03   1.3982726747442123E+03   5.4442356757781890E-02
   7.4000000000000000E+05   4.0438671077401124E-03   1.4011865198623545E+03   5.4347499109987617E-02
   7.5000000000000000E+05   4.0357405092418582E-03   1.4040080293826054E+03   5.4256442584185161E-02
   7.6000000000000000E+05   4.0279016203717717E-03   1.4067404354720134E+03   5.4169024990738474E-02
   7.7000000000000000E+05   4.0203384434305068E-03   1.4093868362598109E+03   5.4085092688581624E-02
   7.8000000000000000E+05   4.0130396069400272E-03   1.4119502009602002E+03   5.4004500061337557E-02
   7.9000000000000000E+05   4.0059943363731252E-03   1.4144333725169931E+03   5.3927109066957218E-02
   8.0000000000000000E+05   3.9991924247155791E-03   1.4168390709239734E+03   5.3852788807950518E-02
   8.1000000000000000E+05   3.9926240382633475E-03   1.4191699556928029E+03   5.3781414214060609E-02
   8.2000000000000000E+05   3.9862800789439096E-03   1.4214284915427647E+03   5.3712867807283161E-02
   8.3000000000000000E+05   3.9801515981431924E-03   1.4236171511968530E+03   5.3647036260788615E-02
   8.4000000000000000E+05   3.9742304059338296E-03   1.4257381934927896E+03   5.3583813555109557E-02
   8.5000000000000000E+05   3.9685084658212435E-03   1.4277938747719536E+03   5.3523097461051591E-02
   8.6000000000000000E+05   3.9629782428913215E-03   1.4297863203372631E+03   5.3464791285012053E-02
   8.7000000000000000E+05   3.9576324179022180E-03   1.4317176233571602E+03   5.3408802134826183E-02
   8.8000000000000000E+05   3.9524642423562255E-03   1.4335897131614158E+03   5.3355042725816933E-02
   8.9000000000000000E+05   3.9474670848085713E-03   1.4354045157934461E+03   5.3303428743627305E-02
   9.0000000000000000E+05   3.9426346816830663E-03   1.4371638604521615E+03   5.3253880095431604E-02
   9.1000000000000000E+05   3.9379610517947718E-03   1.4388695075838223E+03   5.3206320317969499E-02
   9.2000000000000000E+05   3.9334405498989396E-03   1.4405231266621770E+03   5.3160676758963396E-02
   9.3000000000000000E+05   3.9290675920338617E-03   1.4421263943049469E+03   5.3116878958656237E-02
   9.4000000000000000E+05   3.9248370959343824E-03   1.4436808308170721E+03   5.3074860975419483E-02
   9.5000000000000000E+05   3.9207439191759497E-03   1.4451880041864915E+03   5.3034558198924435E-02
   9.6000000000000000E+05   3.9167833928341871E-03   1.4466493321654275E+03   5.2995910201240386E-02
   9.7000000000000000E+05   3.9129509762029129E-03   1.4480662073049143E+03   5.2958858753695735E-02
   9.8000000000000000E+05   3.9092421021264040E-03   1.4494400529448199E+03   5.2923346898304774E-02
   9.9000000000000000E+05   3.9056527865057801E-03   1.4507720960391694E+03   5.2889322231538853E-02
   1.0000000000000000E+06   3.9021789600127430E-03   1.4520636130593327E+03   5.2856733156653540E-02
   1.1000000000000000E+06   3.8730141082231801E-03   1.4629980478123532E+03   5.2599886476727781E-02
   1.2000000000000000E+06   3.8519851606718027E-03   1.4709849189792835E+03   5.2443119966984038E-02
   1.3000000000000000E+06   3.8369493561317071E-03   1.4767492488336393E+03   5.2359189663417634E-02
   1.4000000000000000E+06   3.8264084352262174E-03   1.4808173710147144E+03   5.2329110048586661E-02
   1.5000000000000000E+06   3.8192892995485704E-03   1.4835776070039901E+03   5.2339336255152982E-02
   1.6000000000000000E+06   3.8148070989740997E-03   1.4853207337807473E+03   5.2380009474522302E-02
   1.7000000000000000E+06   3.8123780687385708E-03   1.4862670955808521E+03   5.2443834246214266E-02
   1.8000000000000000E+06   3.8115607452051609E-03   1.4865857999529858E+03   5.2525330127988684E-02
   1.9000000000000000E+06   3.8120173940552914E-03   1.4864077189984691E+03   5.2620331836174705E-02
   2.0000000000000000E+06   3.8134859726347255E-03   1.4858353013857934E+03   5.2725636059780805E-02
   2.1000000000000000E+06   3.8157614252776846E-03   1.4849492533637283E+03   5.2838758377735690E-02
   2.2000000000000000E+06   3.8186820791835645E-03   1.4838135152355107E+03   5.2957757976113018E-02
   2.3000000000000000E+06   3.8221186305660800E-03   1.4824793856911269E+03   5.3081104007048713E-02
   2.4000000000000000E+06   3.8259676712630170E-03   1.4809879660090544E+03   5.3207586146831673E-02
   2.5000000000000000E+06   3.8301460698629019E-03   1.4793723205661015E+03   5.3336243529334193E-02
   2.6000000000000000E+06   3.8345855408328557E-03   1.4776595851476395E+03   5.3466304584382222E-02
   2.7000000000000000E+06   3.8392305207778574E-03   1.4758718052523182E+03   5.3597152302075513E-02
   2.8000000000000000E+06   3.8440362387021552E-03   1.4740267072490637E+03   5.3728295902650360E-02
   2.9000000000000000E+06   3.8489650866252207E-03   1.4721391210249608E+03   5.3859337137237916E-02
   3.0000000000000000E+06   3.8539860800189457E-03   1.4702212104129756E+03   5.3989956612611981E-02
   3.1000000000000000E+06   3.8590742511563081E-03   1.4682827307047610E+03   5.4119902039297708E-02
   3.2000000000000000E+06   3.8642078368173907E-03   1.4663321225876339E+03   5.4248966095373524E-02
   3.3000000000000000E+06   3.8693692680723019E-03   1.4643761520086421E+03   5.4376986586982964E-02
   3.4000000000000000E+06   3.8745448244885466E-03   1.4624200612334312E+03   5.4503840315978817E-02
   3.5000000000000000E+06   3.8797216851820639E-03   1.4604686983402303E+03   5.4629423446252823E-02
   3.6000000000000000E+06   3.8848901586036344E-03   1.4585256849364432E+03   5.4753661041544915E-02
   3.7000000000000000E+06   3.8900417165115661E-03   1.4565941684968473E+03   5.4876494021351377E-02
   3.8000000000000000E+06   3.8951684505275624E-03   1.4546770316731181E+03   5.4997874365334543E-02
   3.9000000000000000E+06   3.9002659260951554E-03   1.4527758329425187E+03   5.5117779357450505E-02
   4.0000000000000000E+06   3.9053281235097931E-03   1.4508927035784845E+03   5.5236182528419789E-02
   4.1000000000000000E+06   3.9103521211617609E-03   1.4490286050752866E+03   5.5353078457271360E-02
   4.2000000000000000E+06   3.9153348974883782E-03   1.4471845264411463E+03   5.5468464353304194E-02
   4.3000000000000000E+06   3.9202733710191843E-03   1.4453614692709871E+03   5.5582339610977659E-02
   4.4000000000000000E+06   3.9251650668752592E-03   1.4435602026772763E+03   5.5694708931453861E-02
   4.5000000000000000E+06   3.9300100266573181E-03   1.4417805657100646E+03   5.5805592386634705E-02
   4.6000000000000000E+06   3.9348055139115058E-03   1.4400234165188901E+03   5.5914995893627265E-02
   4.7000000000000000E+06   3.9395501023573908E-03   1.4382891275045858E+03   5.6022933417448614E-02
   4.8000000000000000E+06   3.9442451164116406E-03   1.4365770666492372E+03   5.6129434648989666E-02
   4.9000000000000000E+06   3.9488877270555667E-03   1.4348881181550196E+03   5.6234506780670185E-02
   5.0000000000000000E+06   3.9534809125370629E-03   1.4332210537584315E+03   5.6338189179647682E-02
   5.1000000000000000E+06   3.9580211586719167E-03   1.4315770058645840E+03   5.6440485522578229E-02
   5.2000000000000000E+06   3.9625113504702892E-03   1.4299547883459616E+03   5.6541434663494275E-02
   5.3000000000000000E+06   3.9669498518484746E-03   1.4283548547607518E+03   5.6641050410929365E-02
   5.4000000000000000E+06   3.9713378345264142E-03   1.4267766469572878E+03   5.6739361805824014E-02
   5.5000000000000000E+06   3.9756750623919932E-03   1.4252201174788909E+03   5.6836389848338338E-02
   5.6000000000000000E+06   3.9799630637118895E-03   1.4236845892222061E+03   5.6932164915791471E-02
   5.7000000000000000E+06   3.9842014259816065E-03   1.4221700847075529E+03   5.7026706323196348E-02
   5.8000000000000000E+06   3.9883903754441303E-03   1.4206763997742444E+03   5.7120036496884373E-02
   5.9000000000000000E+06   3.9925311510654923E-03   1.4192029730232821E+03   5.7212183011339540E-02
   6.0000000000000000E+06   3.9966252293579824E-03   1.4177491644345234E+03   5.7303174304692367E-02
   6.1000000000000000E+06   4.0006689553924680E-03   1.4163161567874226E+03   5.7393010105032630E-02
   6.2000000000000000E+06   4.0046707675391079E-03   1.4149008516278434E+03   5.7481756265542465E-02
   6.3000000000000000E+06   4.0086236590670373E-03   1.4135056222261987E+03   5.7569393130249766E-02
   6.4000000000000000E+06   4.0125322935128053E-03   1.4121287169802888E+03   5.7655964834887281E-02
   6.5000000000000000E+06   4.0163999482861210E-03   1.4107688856778573E+03   5.7741507418108989E-02
   6.6000000000000000E+06   4.0202199380932665E-03   1.4094283812162819E+03   5.7826001601240108E-02
   6.7000000000000000E+06   4.0239999962369483E-03   1.4081043948257909E+03   5.7909507040831226E-02
   6.8000000000000000E+06   4.0277366261874314E-03   1.4067980618791671E+03   5.7992021110988293E-02
   6.9000000000000000E+06   4.0314320801284357E-03   1.4055085058755835E+03   5.8073572397509050E-02
   7.0000000000000000E+06   4.0350850588153830E-03   1.4042360933882508E+03   5.8154169498266593E-02
   7.1000000000000000E+06   4.0386992388880532E-03   1.4029794605453842E+03   5.8233847984960181E-02
   7.2000000000000000E+06   4.0422745770814844E-03   1.4017385438401391E+03   5.8312622532250391E-02
   7.3000000000000000E+06   4.0458125126523062E-03   1.4005127676481543E+03   5.8390515572973416E-02
   7.4000000000000000E+06   4.0493115593896482E-03   1.3993025719004640E+03   5.8467533037140203E-02
   7.5000000000000000E+06   4.0527742637569706E-03   1.3981070029366915E+03   5.8543702674759994E-02
   7.6000000000000000E+06   4.0561948783924611E-03   1.3969279705135443E+03   5.8619006194491410E-02
   7.7000000000000000E+06   4.0595878003478044E-03   1.3957604461701167E+03   5.8693535859278161E-02
   7.8000000000000000E+06   4.0629401576365194E-03   1.3946087955123476E+03   5.8767233430739862E-02
   7.9000000000000000E+06   4.0662575827380048E-03   1.3934710146091836E+03   5.8840142215322411E-02
   8.0000000000000000E+06   4.0695429860012891E-03   1.3923460444996558E+03   5.8912290197357227E-02
   8.1000000000000000E+06   4.0727911251562188E-03   1.3912356183654954E+03   5.8983660147786533E-02
   8.2000000000000000E+06   4.0760116598218829E-03   1.3901363765303411E+03   5.9054316575517934E-02
   8.3000000000000000E+06   4.0791952600837452E-03   1.3890514472121365E+03   5.9124219125453785E-02
   8.4000000000000000E+06   4.0823473202520047E-03   1.3879789334363734E+03   5.9193408220914928E-02
   8.5000000000000000E+06   4.0854712001298444E-03   1.3869176410545081E+03   5.9261912796487591E-02
   8.6000000000000000E+06   4.0885621322188891E-03   1.3858691384017500E+03   5.9329716758946584E-02
   8.7000000000000000E+06   4.0916287557906123E-03   1.3848304471565750E+03   5.9396877565741302E-02
   8.8000000000000000E+06   4.0946577006248149E-03   1.3838060452808038E+03   5.9463331225900196E-02
   8.9000000000000000E+06   4.0976580640341483E-03   1.3827928028484207E+03   5.9529137205486353E-02
   9.0000000000000000E+06   4.1006360069951271E-03   1.3817885981136649E+03   5.9594338557805590E-02
   9.1000000000000000E+06   4.1035798739603967E-03   1.3807973168587819E+03   5.9658879998399771E-02
   9.2000000000000000E+06   4.1064981768599651E-03   1.3798160465306439E+03   5.9722817058194946E-02
   9.3000000000000000E+06   4.1093908083558364E-03   1.3788447835038742E+03   5.9786157586371833E-02
   9.4000000000000000E+06   4.1122525203151766E-03   1.3778852469512103E+03   5.9848880910288532E-02
   9.5000000000000000E+06   4.1150907981425408E-03   1.3769348861118240E+03   5.9911036260999091E-02
   9.6000000000000000E+06   4.1179076906277942E-03   1.3759929811870975E+03   5.9972642732061612E-02
   9.7000000000000000E+06   4.1206931830753213E-03   1.3750628420365563E+03   6.0033652797224404E-02
   9.8000000000000000E+06   4.1234558783060492E-03   1.3741415566711344E+03   6.0094121250802726E-02
   9.9000000000000000E+06   4.1261927921093138E-03   1.3732300852049234E+03   6.0154038902627757E-02
   1.0000000000000000E+07   4.1289019227117429E-03   1.3723290563799130E+03   6.0213401793131859E-02
   1.1000000000000000E+07   4.1547846589272165E-03   1.3637799656609047E+03   6.0779714347941757E-02
   1.2000000000000000E+07   4.1786390919793222E-03   1.3559946084734165E+03   6.1301309694357375E-02
   1.3000000000000000E+07   4.2007314680086024E-03   1.3488631974293603E+03   6.1784469613350851E-02
   1.4000000000000000E+07   4.2213043350128512E-03   1.3422894038894176E+03   6.2234399142056356E-02
   1.5000000000000000E+07   4.2405403135015113E-03   1.3362004981863959E+03   6.2655254220347331E-02
   1.6000000000000000E+07   4.2586093798671811E-03   1.3305310663775726E+03   6.3050566638099576E-02
   1.7000000000000000E+07   4.2756253164120206E-03   1.3252358801718231E+03   6.3423125238925349E-02
   1.8000000000000000E+07   4.2917245056411542E-03   1.3202646330239504E+03   6.3775500007887856E-02
   1.9000000000000000E+07   4.3069920165752567E-03   1.3155845327026525E+03   6.4109703324029932E-02
   2.0000000000000000E+07   4.3214817839464636E-03   1.3111734267929082E+03   6.4427353344654104E-02
   2.1000000000000000E+07   4.3352933139794323E-03   1.3069962443392581E+03   6.4730136899504520E-02
   2.2000000000000000E+07   4.3484961287328806E-03   1.3030279691501773E+03   6.5019425268603229E-02
   2.3000000000000000E+07   4.3611202522137313E-03   1.2992560974680785E+03   6.5296247002765331E-02
   2.4000000000000000E+07   4.3732236990304514E-03   1.2956602427487117E+03   6.5561679700865905E-02
   2.5000000000000000E+07   4.3848454759007382E-03   1.2922261709384995E+03   6.5816607523079010E-02
   2.6000000000000000E+07   4.3960012669597643E-03   1.2889468713458575E+03   6.6061710704163945E-02
   2.7000000000000000E+07   4.4067809256092489E-03   1.2857939105962807E+03   6.6298013250950721E-02
   2.8000000000000000E+07   4.4171488719110417E-03   1.2827758909173410E+03   6.6525792905885686E-02
   2.9000000000000000E+07   4.4271603537395275E-03   1.2798750500857927E+03   6.6745779409788597E-02
   3.0000000000000000E+07   4.4368491006612238E-03   1.2770801870714463E+03   6.6958542186191003E-02
   3.1000000000000000E+07   4.4461728410521333E-03   1.2744021166166301E+03   6.7164195641146285E-02
   3.2000000000000000E+07   4.4552819926854262E-03   1.2717965077817437E+03   6.7363883097002933E-02
   3.3000000000000000E+07   4.4640827730364980E-03   1.2692892062182843E+03   6.7557375029739755E-02
   3.4000000000000000E+07   4.4726241850491259E-03   1.2668652328136479E+03   6.7745203138813076E-02
   3.5000000000000000E+07   4.4809209986871957E-03   1.2645195220224325E+03   6.7927688466553601E-02
   3.6000000000000000E+07   4.4889867630607972E-03   1.2622474465967753E+03   6.8105125594342425E-02
   3.7000000000000000E+07   4.4968339376385766E-03   1.2600447688436795E+03   6.8277785469132463E-02
   3.8000000000000000E+07   4.5044740042772761E-03   1.2579075990004151E+03   6.8445917851916699E-02
   3.9000000000000000E+07   4.5119175680223044E-03   1.2558323582059295E+03   6.8609753473103163E-02
   4.0000000000000000E+07   4.5191744417506178E-03   1.2538157472153835E+03   6.8769505901762132E-02
   4.1000000000000000E+07   4.5262537247030363E-03   1.2518547178554313E+03   6.8925373212453872E-02
   4.2000000000000000E+07   4.5331638694839750E-03   1.2499464485772535E+03   6.9077539443525349E-02
   4.3000000000000000E+07   4.5399127402634531E-03   1.2480883232023091E+03   6.9226175881874338E-02
   4.4000000000000000E+07   4.5465076680043983E-03   1.2462779111438931E+03   6.9371442223063615E-02
   4.5000000000000000E+07   4.5529554959508967E-03   1.2445129508775951E+03   6.9513487583783506E-02
   4.6000000000000000E+07   4.5592626224698748E-03   1.2427913346239034E+03   6.9652451417822753E-02
   4.7000000000000000E+07   4.5654350390852035E-03   1.2411110947743500E+03   6.9788464333978492E-02
   4.8000000000000000E+07   4.5714783626290478E-03   1.2394703922915621E+03   6.9921648818829632E-02
   4.9000000000000000E+07   4.5773978676633287E-03   1.2378675053590446E+03   7.0052119905848212E-02
   5.0000000000000000E+07   4.5831985125747762E-03   1.2363008200351801E+03   7.0179985761074037E-02
   5.1000000000000000E+07   4.5888849638160622E-03   1.2347688216547185E+03   7.0305348215636609E-02
   5.2000000000000000E+07   4.5944616201786066E-03   1.2332700864437611E+03   7.0428303260413078E-02
   5.3000000000000000E+07   4.5999326306325281E-03   1.2318032750625446E+03   7.0548941471491627E-02
   5.4000000000000000E+07   4.6053019143924697E-03   1.2303671257192048E+03   7.0667348417834605E-02
   5.5000000000000000E+07   4.6105731770309070E-03   1.2289604484987508E+03   7.0783605020371856E-02
   5.6000000000000000E+07   4.6157499257889470E-03   1.2275821200412449E+03   7.0897787882714447E-02
   5.7000000000000000E+07   4.6208354826121128E-03   1.2262310789470394E+03   7.1009969587885136E-02
   5.8000000000000000E+07   4.6258329984752988E-03   1.2249063209475635E+03   7.1120218982888950E-02
   5.9000000000000000E+07   4.6307454637551987E-03   1.2236068952244520E+03   7.1228601424206936E-02
   6.0000000000000000E+07   4.6355757201105088E-03   1.2223319004149791E+03   7.1335179015996855E-02
   6.1000000000000000E+07   4.6403264676223108E-03   1.2210804819479790E+03   7.1440010808122831E-02
   6.2000000000000000E+07   4.6450002773717573E-03   1.2198518280145897E+03   7.1543153011402127E-02
   6.3000000000000000E+07   4.6495995969592996E-03   1.2186451674646883E+03   7.1644659162471244E-02
   6.4000000000000000E+07   4.6541267601471203E-03   1.2174597666740603E+03   7.1744580300907607E-02
   6.5000000000000000E+07   4.6585839917516608E-03   1.2162949277103573E+03   7.1842965110712947E-02
   6.6000000000000000E+07   4.6629734158381347E-03   1.2151499856796320E+03   7.1939860071346118E-02
   6.7000000000000000E+07   4.6672970625334931E-03   1.2140243064803963E+03   7.2035309593287578E-02
   6.8000000000000000E+07   4.6715568699132112E-03   1.2129172858780762E+03   7.2129356119307625E-02
   6.9000000000000000E+07   4.6757546935831552E-03   1.2118283466102978E+03   7.2222040261551573E-02
   7.0000000000000000E+07   4.6798923089774840E-03   1.2107569374215434E+03   7.2313400892525109E-02
   7.1000000000000000E+07   4.6839714158829863E-03   1.2097025315454587E+03   7.2403475242848764E-02
   7.2000000000000000E+07   4.6879936443683890E-03   1.2086646248522420E+03   7.2492299001713140E-02
   7.3000000000000000E+07   4.6919605568958500E-03   1.2076427350081815E+03   7.2579906391688945E-02
   7.4000000000000000E+07   4.6958736513981600E-03   1.2066364004050970E+03   7.2666330244604338E-02
   7.5000000000000000E+07   4.6997343675210341E-03   1.2056451782973784E+03   7.2751602090938255E-02
   7.6000000000000000E+07   4.7035440866377886E-03   1.2046686445604391E+03   7.2835752211317176E-02
   7.7000000000000000E+07   4.7073041375759739E-03   1.2037063919982934E+03   7.2918809716139565E-02
   7.8000000000000000E+07   4.7110157970325622E-03   1.2027580300302375E+03   7.3000802592882899E-02
   7.9000000000000000E+07   4.7146802927411904E-03   1.2018231836852269E+03   7.3081757765726493E-02
   8.0000000000000000E+07   4.7182988078989406E-03   1.2009014922909003E+03   7.3161701159482104E-02
   8.1000000000000000E+07   4.7218724804220583E-03   1.1999926094941359E+03   7.3240657732620007E-02
   8.2000000000000000E+07   4.7254024068568773E-03   1.1990962021050648E+03   7.3318651533671786E-02
   8.3000000000000000E+07   4.7288896443283199E-03   1.1982119494533115E+03   7.3395705744733836E-02
   8.4000000000000000E+07   4.7323352117126368E-03   1.1973395429504255E+03   7.3471842718756911E-02
   8.5000000000000000E+07   4.7357400924273266E-03   1.1964786852514892E+03   7.3547084023930759E-02
   8.6000000000000000E+07   4.7391052349559848E-03   1.1956290899990618E+03   7.3621450473916578E-02
   8.7000000000000000E+07   4.7424315556359757E-03   1.1947904810025996E+03   7.3694962168971881E-02
   8.8000000000000000E+07   4.7457199390517719E-03   1.1939625920303174E+03   7.3767638522432316E-02
   8.9000000000000000E+07   4.7489712395472530E-03   1.1931451663245712E+03   7.3839498291992683E-02
   9.0000000000000000E+07   4.7521862839214586E-03   1.1923379558270410E+03   7.3910559616232080E-02
   9.1000000000000000E+07   4.7553658715448876E-03   1.1915407210590542E+03   7.3980840035750561E-02
   9.2000000000000000E+07   4.7585107743739032E-03   1.1907532310307190E+03   7.4050356512631782E-02
   9.3000000000000000E+07   4.7616217407491501E-03   1.1899752622073554E+03   7.4119125469702979E-02
   9.4000000000000000E+07   4.7646994949456850E-03   1.1892065985464226E+03   7.4187162805430459E-02
   9.5000000000000000E+07   4.7677447377183864E-03   1.1884470312879610E+03   7.4254483913382074E-02
   9.6000000000000000E+07   4.7707581487124954E-03   1.1876963582841393E+03   7.4321103711106701E-02
   9.7000000000000000E+07   4.7737403843336060E-03   1.1869543844645405E+03   7.4387036643207366E-02
   9.8000000000000000E+07   4.7766920851510979E-03   1.1862209199320787E+03   7.4452296736157150E-02
   9.9000000000000000E+07   4.7796138677026574E-03   1.1854957819435115E+03   7.4516897566514306E-02
   1.0000000000000000E+08   4.7825063323559056E-03   1.1847787928989499E+03   7.4580852316887034E-02
   1.1000000000000000E+08   4.8099385769432186E-03   1.1780217125103434E+03   7.5187503981923254E-02
   1.2000000000000000E+08   4.8349853070283584E-03   1.1719191930621889E+03   7.5741554415445014E-02
   1.3000000000000000E+08   4.8580282411467106E-03   1.1663604652373813E+03   7.6251399477351059E-02
   1.4000000000000000E+08   4.8793642574703634E-03   1.1612603159940718E+03   7.6723573082537938E-02
   1.5000000000000000E+08   4.8992288066277857E-03   1.1565518376718469E+03   7.7163259975641385E-02
   1.6000000000000000E+08   4.9178117618566370E-03   1.1521815705571109E+03   7.7574643290341555E-02
   1.7000000000000000E+08   4.9352684741411999E-03   1.1481061484636268E+03   7.7961146990103092E-02
   1.8000000000000000E+08   4.9517276601963520E-03   1.1442899263275579E+03   7.8325609095091217E-02
   1.9000000000000000E+08   4.9672971597526944E-03   1.1407032632133321E+03   7.8670408165003008E-02
   2.0000000000000000E+08   4.9820682262978503E-03   1.1373212533644380E+03   7.8997557449329764E-02
   2.1000000000000000E+08   4.9961187567776674E-03   1.1341227771644753E+03   7.9308776025670547E-02
   2.2000000000000000E+08   5.0095157762982089E-03   1.1310897764388860E+03   7.9605543449904059E-02
   2.3000000000000000E+08   5.0223173770045102E-03   1.1282066930743724E+03   7.9889142312541517E-02
   2.4000000000000000E+08   5.0345742306392403E-03   1.1254600329451841E+03   8.0160691676036774E-02
   2.5000000000000000E+08   5.0463308108939240E-03   1.1228380167324945E+03   8.0421173798315371E-02
   2.6000000000000000E+08   5.0576263491569125E-03   1.1203303068097844E+03   8.0671455474404796E-02
   2.7000000000000000E+08   5.0684956440692477E-03   1.1179277792436037E+03   8.0912305544030047E-02
   2.8000000000000000E+08   5.0789696951968740E-03   1.1156223445945520E+03   8.1144409061630673E-02
   2.9000000000000000E+08   5.0890762372647613E-03   1.1134067982690799E+03   8.1368379047778702E-02
   3.0000000000000000E+08   5.0988401878751680E-03   1.1112746959503129E+03   8.1584766273178816E-02
   3.1000000000000000E+08   5.1082840109149836E-03   1.1092202523142985E+03   8.1794067380330376E-02
   3.2000000000000000E+08   5.1174280329343846E-03   1.1072382538677639E+03   8.1996731776028675E-02
   3.3000000000000000E+08   5.1262907016804823E-03   1.1053239875028423E+03   8.2193167414044283E-02
   3.4000000000000000E+08   5.1348888128131846E-03   1.1034731784924356E+03   8.2383745752840659E-02
   3.5000000000000000E+08   5.1432377084006681E-03   1.1016819366962857E+03   8.2568806020993951E-02
   3.6000000000000000E+08   5.1513514226987269E-03   1.0999467158293305E+03   8.2748658746086209E-02
   3.7000000000000000E+08   5.1592428472693394E-03   1.0982642700138065E+03   8.2923589017075805E-02
   3.8000000000000000E+08   5.1669238325019419E-03   1.0966316251533565E+03   8.3093859083114202E-02
   3.9000000000000000E+08   5.1744053147801767E-03   1.0950460458316322E+03   8.3259710828961567E-02
   4.0000000000000000E+08   5.1816973921594185E-03   1.0935050140237693E+03   8.3421367742439884E-02
   4.1000000000000000E+08   5.1888094227255316E-03   1.0920062037090420E+03   8.3579036815540825E-02
   4.2000000000000000E+08   5.1957500754792147E-03   1.0905474661341570E+03   8.3732910020500512E-02
   4.3000000000000000E+08   5.2025274244599101E-03   1.0891268064902974E+03   8.3883165883430921E-02
   4.4000000000000000E+08   5.2091489707105556E-03   1.0877423762191452E+03   8.4029970539435533E-02
   4.5000000000000000E+08   5.2156217183432149E-03   1.0863924543362266E+03   8.4173478980774957E-02
   4.6000000000000000E+08   5.2219522049089685E-03   1.0850754386747569E+03   8.4313835962363151E-02
   4.7000000000000000E+08   5.2281465577231319E-03   1.0837898320026936E+03   8.4451176970888761E-02
   4.8000000000000000E+08   5.2342105043782340E-03   1.0825342379219608E+03   8.4585628872373447E-02
   4.9000000000000000E+08   5.2401494183238299E-03   1.0813073496848242E+03   8.4717310692091707E-02
   5.0000000000000000E+08   5.2459683584516227E-03   1.0801079404818654E+03   8.4846334308099958E-02
   5.1000000000000000E+08   5.2516720716552900E-03   1.0789348615391104E+03   8.4972804893851062E-02
   5.2000000000000000E+08   5.2572650300581969E-03   1.0777870331976567E+03   8.5096821510140377E-02
   5.3000000000000000E+08   5.2627514596294087E-03   1.0766634379270529E+03   8.5218477612801422E-02
   5.4000000000000000E+08   5.2681353415973591E-03   1.0755631190299209E+03   8.5337861377940361E-02
   5.5000000000000000E+08   5.2734204350701865E-03   1.0744851750863288E+03   8.5455056114822917E-02
   5.6000000000000000E+08   5.2786102969142974E-03   1.0734287550631454E+03   8.5570140637727540E-02
   5.7000000000000000E+08   5.2837083071733569E-03   1.0723930523923048E+03   8.5683189645093832E-02
   5.8000000000000000E+08   5.2887176608547850E-03   1.0713773059619932E+03   8.5794273892698225E-02
   5.9000000000000000E+08   5.2936413807539136E-03   1.0703807968709129E+03   8.5903460464030149E-02
   6.0000000000000000E+08   5.2984823484434557E-03   1.0694028415787375E+03   8.6010813123901256E-02
   6.1000000000000000E+08   5.3032433036966408E-03   1.0684427915141221E+03   8.6116392483143067E-02
   6.2000000000000000E+08   5.3079268419112934E-03   1.0675000331089543E+03   8.6220256138656609E-02
   6.3000000000000000E+08   5.3125354461152786E-03   1.0665739809084109E+03   8.6322458991544296E-02
   6.4000000000000000E+08   5.3170714764153885E-03   1.0656640792988185E+03   8.6423053319752696E-02
   6.5000000000000000E+08   5.3215371772552030E-03   1.0647698006692851E+03   8.6522088938651515E-02
   6.6000000000000000E+08   5.3259346959777000E-03   1.0638906413477998E+03   8.6619613414647370E-02
   6.7000000000000000E+08   5.3302660967205996E-03   1.0630261185208560E+03   8.6715672244742817E-02
   6.8000000000000000E+08   5.3345333201938218E-03   1.0621757779693353E+03   8.6810308730472199E-02
   6.9000000000000000E+08   5.3387382546866181E-03   1.0613391796284679E+03   8.6903564457333840E-02
   7.0000000000000000E+08   5.3428826825536726E-03   1.0605159080101687E+03   8.6995479082231528E-02
   7.1000000000000000E+08   5.3469683248372505E-03   1.0597055630870379E+03   8.7086090655440970E-02
   7.2000000000000000E+08   5.3509968245086456E-03   1.0589077634148125E+03   8.7175435599296511E-02
   7.3000000000000000E+08   5.3549697601134620E-03   1.0581221432257273E+03   8.7263548849356748E-02
   7.4000000000000000E+08   5.3588886461103848E-03   1.0573483521798669E+03   8.7350463917858834E-02
   7.5000000000000000E+08   5.3627549247612545E-03   1.0565860567891734E+03   8.7436212906484845E-02
   7.6000000000000000E+08   5.3665699998446280E-03   1.0558349336064302E+03   8.7520826745638297E-02
   7.7000000000000000E+08   5.3703351962306545E-03   1.0550946770431071E+03   8.7604335021984364E-02
   7.8000000000000000E+08   5.3740518186729414E-03   1.0543649876601708E+03   8.7686766349069689E-02
   7.9000000000000000E+08   5.3777210930529814E-03   1.0536455835911440E+03   8.7768148087714715E-02
   8.0000000000000000E+08   5.3813442079633633E-03   1.0529361922426929E+03   8.7848506616138855E-02
   8.1000000000000000E+08   5.3849223192995194E-03   1.0522365492947879E+03   8.7927867393834416E-02
   8.2000000000000000E+08   5.3884565281320457E-03   1.0515464029259701E+03   8.8006254875966611E-02
   8.3000000000000000E+08   5.3919478993217675E-03   1.0508655100678818E+03   8.8083692649907910E-02
   8.4000000000000000E+08   5.3953974537717256E-03   1.0501936378235068E+03   8.8160203424577324E-02
   8.5000000000000000E+08   5.3988061855863041E-03   1.0495305600352590E+03   8.8235809155025741E-02
   8.6000000000000000E+08   5.4021750519588308E-03   1.0488760591765058E+03   8.8310531015115490E-02
   8.7000000000000000E+08   5.4055049736839765E-03   1.0482299261707196E+03   8.8384389427036192E-02
   8.8000000000000000E+08   5.4087968360829802E-03   1.0475919601342712E+03   8.8457404091600578E-02
   8.9000000000000000E+08   5.4120514978333242E-03   1.0469619665941168E+03   8.8529594060621553E-02
   9.0000000000000000E+08   5.4152698007278151E-03   1.0463397555406514E+03   8.8600977813073495E-02
   9.1000000000000000E+08   5.4184525459276510E-03   1.0457251459623417E+03   8.8671573145550214E-02
   9.2000000000000000E+08   5.4216005037035315E-03   1.0451179638945337E+03   8.8741397245930831E-02
   9.3000000000000000E+08   5.4247144241209412E-03   1.0445180403018924E+03   8.8810466771180444E-02
   9.4000000000000000E+08   5.4277950486737161E-03   1.0439252087944540E+03   8.8878797929342321E-02
   9.5000000000000000E+08   5.4308430709353196E-03   1.0433393131546254E+03   8.8946406279873741E-02
   9.6000000000000000E+08   5.4338591756260988E-03   1.0427601997667418E+03   8.9013306964874403E-02
   9.7000000000000000E+08   5.4368440232989224E-03   1.0421877205228552E+03   8.9079514640013124E-02
   9.8000000000000000E+08   5.4397982671897261E-03   1.0416217295512790E+03   8.9145043581820266E-02
   9.9000000000000000E+08   5.4427225088378960E-03   1.0410620916791945E+03   8.9209907457069082E-02
   1.0000000000000000E+09   5.4456173604777872E-03   1.0405086704408243E+03   8.9274119679373792E-02
   1.1000000000000000E+09   5.4730701186335926E-03   1.0352895096646123E+03   8.9883074925610609E-02
   1.2000000000000000E+09   5.4981325505050879E-03   1.0305702940827944E+03   9.0439025770372980E-02
   1.3000000000000000E+09   5.5211877919139098E-03   1.0262668637677386E+03   9.0950465151163229E-02
   1.4000000000000000E+09   5.5425336219763963E-03   1.0223144262063521E+03   9.1423995110607545E-02
   1.5000000000000000E+09   5.5624061335225001E-03   1.0186620580133682E+03   9.1864849872775614E-02
   1.6000000000000000E+09   5.5809956231018488E-03   1.0152690419654914E+03   9.2277249112002274E-02
   1.7000000000000000E+09   5.5984577908933511E-03   1.0121023130150367E+03   9.2664644708317451E-02
   1.8000000000000000E+09   5.6149215574770707E-03   1.0091346818433897E+03   9.3029895906888982E-02
   1.9000000000000000E+09   5.6304949522912864E-03   1.0063435146450835E+03   9.3375398101283383E-02
   2.0000000000000000E+09   5.6452693559863191E-03   1.0037097828594638E+03   9.3703177814293187E-02
   2.1000000000000000E+09   5.6593227558713400E-03   1.0012173406441128E+03   9.4014964756617414E-02
   2.2000000000000000E+09   5.6727222826720514E-03   9.9885236701755628E+02   9.4312247326647280E-02
   2.3000000000000000E+09   5.6855260809044088E-03   9.9660295262929799E+02   9.4596315203568510E-02
   2.4000000000000000E+09   5.6977848648775429E-03   9.9445876140534006E+02   9.4868293332821596E-02
   2.5000000000000000E+09   5.7095431366297432E-03   9.9241076630605733E+02   9.5129168859074589E-02
   2.6000000000000000E+09   5.7208401967948769E-03   9.9045103246455517E+02   9.5379812950448686E-02
   2.7000000000000000E+09   5.7317108451036148E-03   9.8857256281876926E+02   9.5620997844343608E-02
   2.8000000000000000E+09   5.7421860992234314E-03   9.8676914707562480E+02   9.5853411595073074E-02
   2.9000000000000000E+09   5.7522937528535082E-03   9.8503524383980005E+02   9.6077670042487004E-02
   3.0000000000000000E+09   5.7620586843475331E-03   9.8336590963093045E+02   9.6294325898628574E-02
   3.1000000000000000E+09   5.7715034059291842E-03   9.8175668988762914E+02   9.6503877947494945E-02
   3.2000000000000000E+09   5.7806482563374931E-03   9.8020357375458377E+02   9.6706777300898716E-02
   3.3000000000000000E+09   5.7895116439033098E-03   9.7870294214660805E+02   9.6903433132426234E-02
   3.4000000000000000E+09   5.7981104504201001E-03   9.7725149045231967E+02   9.7094218640528321E-02
   3.5000000000000000E+09   5.8064599579997151E-03   9.7584623341347969E+02   9.7279473842991682E-02
   3.6000000000000000E+09   5.8145742560546101E-03   9.7448442997870222E+02   9.7459510564572652E-02
   3.7000000000000000E+09   5.8224662106455775E-03   9.7316358300548427E+02   9.7634614638661368E-02
   3.8000000000000000E+09   5.8301476839988575E-03   9.7188139762418473E+02   9.7805049170247210E-02
   3.9000000000000000E+09   5.8376296131201922E-03   9.7063576400004649E+02   9.7971056756157360E-02
   4.0000000000000000E+09   5.8449221076341523E-03   9.6942473742797677E+02   9.8132861584957626E-02
   4.1000000000000000E+09   5.8520345427883506E-03   9.6824651974463609E+02   9.8290671317339887E-02
   4.2000000000000000E+09   5.8589755492106550E-03   9.6709945823951921E+02   9.8444678233216648E-02
   4.3000000000000000E+09   5.8657532178900450E-03   9.6598200930082646E+02   9.8595061422212318E-02
   4.4000000000000000E+09   5.8723750884152066E-03   9.6489273831610251E+02   9.8741987658685471E-02
   4.5000000000000000E+09   5.8788481422326101E-03   9.6383031886385072E+02   9.8885612198776618E-02
   4.6000000000000000E+09   5.8851788761920673E-03   9.6279351888560893E+02   9.9026079927873559E-02
   4.7000000000000000E+09   5.8913735252141813E-03   9.6178116278482253E+02   9.9163527249214678E-02
   4.8000000000000000E+09   5.8974376853141173E-03   9.6079219176665401E+02   9.9298080601201294E-02
   4.9000000000000000E+09   5.9033768505385191E-03   9.5982557491028695E+02   9.9429859945510957E-02
   5.0000000000000000E+09   5.9091960021876392E-03   9.5888037516144823E+02   9.9558976983367131E-02
   5.1000000000000000E+09   5.9148999079836270E-03   9.5795569961078343E+02   9.9685537233470775E-02
   5.2000000000000000E+09   5.9204930318502661E-03   9.5705071334395518E+02   9.9809639924167665E-02
   5.3000000000000000E+09   5.9259796866356785E-03   9.5616461397238743E+02   9.9931379186169816E-02
   5.4000000000000000E+09   5.9313637357451127E-03   9.5529667913182027E+02   1.0005084272864202E-01
   5.5000000000000000E+09   5.9366489616488934E-03   9.5444620628308701E+02   1.0016811415797941E-01
   5.6000000000000000E+09   5.9418390123029321E-03   9.5361252092962854E+02   1.0028327294634574E-01
   5.7000000000000000E+09   5.9469371783817775E-03   9.5279501187232108E+02   1.0039639344539074E-01
   5.8000000000000000E+09   5.9519466637927764E-03   9.5199308722795513E+02   1.0050754659512330E-01
   5.9000000000000000E+09   5.9568704934166578E-03   9.5120618884401313E+02   1.0061679961643588E-01
   6.0000000000000000E+09   5.9617115914100656E-03   9.5043377939388699E+02   1.0072421662609932E-01
   6.1000000000000000E+09   5.9664726659981338E-03   9.4967536041369101E+02   1.0082985817100050E-01
   6.2000000000000000E+09   5.9711563465995659E-03   9.4893045008057595E+02   1.0093378213792134E-01
   6.3000000000000000E+09   5.9757650199557819E-03   9.4819860897444414E+02   1.0103604299384474E-01
   6.4000000000000000E+09   5.9803011643266811E-03   9.4747938670379153E+02   1.0113669375728418E-01
   6.5000000000000000E+09   5.9847669803835650E-03   9.4677238028690385E+02   1.0123578408699090E-01
   6.6000000000000000E+09   5.9891645993452739E-03   9.4607720083359118E+02   1.0133336153984634E-01
   6.7000000000000000E+09   5.9934960315684502E-03   9.4539348147318481E+02   1.0142947139120602E-01
   6.8000000000000000E+09   5.9977633981102276E-03   9.4472084064961973E+02   1.0152415800570985E-01
   6.9000000000000000E+09   6.0019684301631585E-03   9.4405896089096609E+02   1.0161746216985580E-01
   7.0000000000000000E+09   6.0061128966201176E-03   9.4340752113880842E+02   1.0170942352859189E-01
   7.1000000000000000E+09   6.0101986238028796E-03   9.4276619362289671E+02   1.0180008077057634E-01
   7.2000000000000000E+09   6.0142272146167424E-03   9.4213468784639099E+02   1.0188947015288630E-01
   7.3000000000000000E+09   6.0182002051744005E-03   9.4151272578277633E+02   1.0197762642979066E-01
   7.4000000000000000E+09   6.0221191429323121E-03   9.4090002954029933E+02   1.0206458334469293E-01
   7.5000000000000000E+09   6.0259855144520072E-03   9.4029633259008745E+02   1.0215037329000110E-01
   7.6000000000000000E+09   6.0298006359265693E-03   9.3970139671284755E+02   1.0223502675823060E-01
   7.7000000000000000E+09   6.0335659244894141E-03   9.3911496955421319E+02   1.0231857388608903E-01
   7.8000000000000000E+09   6.0372825688226857E-03   9.3853683588395734E+02   1.0240104268785809E-01
   7.9000000000000000E+09   6.0409519052223425E-03   9.3796675894436930E+02   1.0248246117014796E-01
   8.0000000000000000E+09   6.0445750500137015E-03   9.3740453755593126E+02   1.0256285534920073E-01
   8.1000000000000000E+09   6.0481532534294811E-03   9.3684995106023564E+02   1.0264225123806078E-01
   8.2000000000000000E+09   6.0516874879949093E-03   9.3630282309200754E+02   1.0272067261660284E-01
   8.3000000000000000E+09   6.0551789488934565E-03   9.3576294396975265E+02   1.0279814382063797E-01
   8.4000000000000000E+09   6.0586284616932955E-03   9.3523016228933636E+02   1.0287468651297188E-01
   8.5000000000000000E+09   6.0620372768421501E-03   9.3470426206812590E+02   1.0295032408812546E-01
   8.6000000000000000E+09   6.0654061861725858E-03   9.3418509916080779E+02   1.0302507683619394E-01
   8.7000000000000000E+09   6.0687361494041010E-03   9.3367250445326886E+02   1.0309896541910626E-01
   8.8000000000000000E+09   6.0720280408208885E-03   9.3316632291345411E+02   1.0317200950129479E-01
   8.9000000000000000E+09   6.0752827524669633E-03   9.3266639765521370E+02   1.0324422834144029E-01
   9.0000000000000000E+09   6.0785011155957865E-03   9.3217258197785770E+02   1.0331564038267939E-01
   9.1000000000000000E+09   6.0816838935341972E-03   9.3168474038979627E+02   1.0338626323451128E-01
   9.2000000000000000E+09   6.0848318905408301E-03   9.3120273187639236E+02   1.0345611429216611E-01
   9.3000000000000000E+09   6.0879458335173636E-03   9.3072642799886910E+02   1.0352521010450823E-01
   9.4000000000000000E+09   6.0910264832640202E-03   9.3025569582548280E+02   1.0359356700438693E-01
   9.5000000000000000E+09   6.0940745534992929E-03   9.2979041029726238E+02   1.0366120068003387E-01
   9.6000000000000000E+09   6.0970906651500630E-03   9.2933046114392289E+02   1.0372812593926294E-01
   9.7000000000000000E+09   6.1000755020217080E-03   9.2887572909586095E+02   1.0379435758211010E-01
   9.8000000000000000E+09   6.1030298528800993E-03   9.2842607951626758E+02   1.0385991064702448E-01
   9.9000000000000000E+09   6.1059541148005061E-03   9.2798143794523764E+02   1.0392479768998640E-01
   1.0000000000000000E+10   6.1088490277639200E-03   9.2754167826509070E+02   1.0398903284241727E-01
   1.1000000000000000E+10   6.1363019989662546E-03   9.2339198436367133E+02   1.0459819248201346E-01
   1.2000000000000000E+10   6.1613645882124960E-03   9.1963590181311883E+02   1.0515431338863719E-01
   1.3000000000000000E+10   6.1844200089956293E-03   9.1620751359680480E+02   1.0566589681138254E-01
   1.4000000000000000E+10   6.2057658720170881E-03   9.1305605083011289E+02   1.0613954948864740E-01
   1.5000000000000000E+10   6.2256384906171471E-03   9.1014152010591965E+02   1.0658051097698389E-01
   1.6000000000000000E+10   6.2442280937107372E-03   9.0743195066613464E+02   1.0699300366376845E-01
   1.7000000000000000E+10   6.2616902888465772E-03   9.0490136338633044E+02   1.0738048127610356E-01
   1.8000000000000000E+10   6.2781540913869555E-03   9.0252835419470364E+02   1.0774580541281868E-01
   1.9000000000000000E+10   6.2937275285705257E-03   9.0029510393615067E+02   1.0809137290049181E-01
   2.0000000000000000E+10   6.3085020439651108E-03   8.9818661228788380E+02   1.0841921176356016E-01
   2.1000000000000000E+10   6.3225553724758771E-03   8.9619018666836246E+02   1.0873105125760089E-01
   2.2000000000000000E+10   6.3359550633202691E-03   8.9429486523392632E+02   1.0902838284957472E-01
   2.3000000000000000E+10   6.3487588412127144E-03   8.9249130754474800E+02   1.0931249453820732E-01
   2.4000000000000000E+10   6.3610175572865416E-03   8.9077133154420744E+02   1.0958451254788584E-01
   2.5000000000000000E+10   6.3727758561798239E-03   8.8912778471340096E+02   1.0984542524989291E-01
   2.6000000000000000E+10   6.3840729749836652E-03   8.8755440322871812E+02   1.1009610383566609E-01
   2.7000000000000000E+10   6.3949435472107430E-03   8.8604567618921715E+02   1.1033731994533411E-01
   2.8000000000000000E+10   6.4054190113057748E-03   8.8459663130220883E+02   1.1056976422241643E-01
   2.9000000000000000E+10   6.4155265463766839E-03   8.8320296682122489E+02   1.1079404935741594E-01
   3.0000000000000000E+10   6.4252914497950351E-03   8.8186070993884084E+02   1.1101073057303573E-01
   3.1000000000000000E+10   6.4347361788458166E-03   8.8056633900669863E+02   1.1122030652774922E-01
   3.2000000000000000E+10   6.4438810492662259E-03   8.7931667828124068E+02   1.1142322836166535E-01
   3.3000000000000000E+10   6.4527445956519278E-03   8.7810884120507330E+02   1.1161990607971972E-01
   3.4000000000000000E+10   6.4613433121674382E-03   8.7694025928170345E+02   1.1181071086605608E-01
   3.5000000000000000E+10   6.4696926643520222E-03   8.7580853889722096E+02   1.1199598385479509E-01
   3.6000000000000000E+10   6.4778071908045036E-03   8.7471144363846133E+02   1.1217603943834693E-01
   3.7000000000000000E+10   6.4856991525140753E-03   8.7364707277299465E+02   1.1235116020295643E-01
   3.8000000000000000E+10   6.4933805526338787E-03   8.7261358448826093E+02   1.1252161010466906E-01
   3.9000000000000000E+10   6.5008626171139368E-03   8.7160926375578970E+02   1.1268763339912968E-01
   4.0000000000000000E+10   6.5081550683177046E-03   8.7063261707820288E+02   1.1284945220342071E-01
   4.1000000000000000E+10   6.5152675779961795E-03   8.6968217523660041E+02   1.1300727586559428E-01
   4.2000000000000000E+10   6.5222084853862501E-03   8.6875666304994809E+02   1.1316129511086387E-01
   4.3000000000000000E+10   6.5289862486204095E-03   8.6785480374958638E+02   1.1331169109560378E-01
   4.4000000000000000E+10   6.5356079956204269E-03   8.6697551066055325E+02   1.1345862836816946E-01
   4.5000000000000000E+10   6.5420811090327897E-03   8.6611767494853530E+02   1.1360226443126786E-01
   4.6000000000000000E+10   6.5484117694940116E-03   8.6528035788409738E+02   1.1374274246301952E-01
   4.7000000000000000E+10   6.5546064798147532E-03   8.6446258778915319E+02   1.1388020037302615E-01
   4.8000000000000000E+10   6.5606705824509132E-03   8.6366355516107160E+02   1.1401476323208931E-01
   4.9000000000000000E+10   6.5666096875273312E-03   8.6288242321492942E+02   1.1414655166723436E-01
   5.0000000000000000E+10   6.5724289866180181E-03   8.6211841786606863E+02   1.1427567856158985E-01
   5.1000000000000000E+10   6.5781329169261344E-03   8.6137087088960061E+02   1.1440224763610191E-01
   5.2000000000000000E+10   6.5837258910821208E-03   8.6063912338077284E+02   1.1452635785742360E-01
   5.3000000000000000E+10   6.5892126798921778E-03   8.5992247552903882E+02   1.1464810589656280E-01
   5.4000000000000000E+10   6.5945967998393105E-03   8.5922039685857385E+02   1.1476757757016448E-01
   5.5000000000000000E+10   6.5998819602306885E-03   8.5853233643017450E+02   1.1488485609797297E-01
   5.6000000000000000E+10   6.6050720369524455E-03   8.5785772627160964E+02   1.1500002222252939E-01
   5.7000000000000000E+10   6.6101698463366144E-03   8.5719614037155998E+02   1.1511314769739034E-01
   5.8000000000000000E+10   6.6151796940643898E-03   8.5654696342781779E+02   1.1522430954257255E-01
   5.9000000000000000E+10   6.6201035015719259E-03   8.5590989296991916E+02   1.1533356891502104E-01
   6.0000000000000000E+10   6.6249448540818675E-03   8.5528441432822740E+02   1.1544099358296642E-01
   6.1000000000000000E+10   6.6297055245820458E-03   8.5467025020503104E+02   1.1554663895459841E-01
   6.2000000000000000E+10   6.6343892047349565E-03   8.5406687859618569E+02   1.1565056877515026E-01
   6.3000000000000000E+10   6.6389979305702587E-03   8.5347399392750117E+02   1.1575283559007403E-01
   6.4000000000000000E+10   6.6435340752208673E-03   8.5289124964589553E+02   1.1585349184784445E-01
   6.5000000000000000E+10   6.6479998095043506E-03   8.5231832759373447E+02   1.1595258705083575E-01
   6.6000000000000000E+10   6.6523973441213373E-03   8.5175490674612126E+02   1.1605016920132458E-01
   6.7000000000000000E+10   6.6567291965810068E-03   8.5120062904022927E+02   1.1614628637437548E-01
   6.8000000000000000E+10   6.6609964812130119E-03   8.5065531793350522E+02   1.1624097739824182E-01
   6.9000000000000000E+10   6.6652016899372149E-03   8.5011862252192236E+02   1.1633428725451428E-01
   7.0000000000000000E+10   6.6693458376519176E-03   8.4959038223681648E+02   1.1642625144263444E-01
   7.1000000000000000E+10   6.6734316249472342E-03   8.4907022322642229E+02   1.1651691347077375E-01
   7.2000000000000000E+10   6.6774599141907181E-03   8.4855800743012571E+02   1.1660630552384720E-01
   7.3000000000000000E+10   6.6814332700939659E-03   8.4805338172606264E+02   1.1669446802493381E-01
   7.4000000000000000E+10   6.6853520231241245E-03   8.4755627824551607E+02   1.1678142802119117E-01
   7.5000000000000000E+10   6.6892182048411365E-03   8.4706641433515335E+02   1.1686722091056201E-01
   7.6000000000000000E+10   6.6930334190765210E-03   8.4658356304188555E+02   1.1695187877367531E-01
   7.7000000000000000E+10   6.6967991266996939E-03   8.4610751678207021E+02   1.1703543199194621E-01
   7.8000000000000000E+10   6.7005153153824291E-03   8.4563825508647722E+02   1.1711790197087878E-01
   7.9000000000000000E+10   6.7041850480862534E-03   8.4517537013654862E+02   1.1719932622789124E-01
   8.0000000000000000E+10   6.7078079264165976E-03   8.4471889201919669E+02   1.1727972244254696E-01
   8.1000000000000000E+10   6.7113863334941747E-03   8.4426850101031096E+02   1.1735912286898292E-01
   8.2000000000000000E+10   6.7149200870913620E-03   8.4382420132934055E+02   1.1743754493210905E-01
   8.3000000000000000E+10   6.7184122070380490E-03   8.4338559541559891E+02   1.1751502301736610E-01
   8.4000000000000000E+10   6.7218616883702887E-03   8.4295279227234209E+02   1.1759156871131882E-01
   8.5000000000000000E+10   6.7252703997044468E-03   8.4252554064283038E+02   1.1766720881505682E-01
   8.6000000000000000E+10   6.7286392750103537E-03   8.4210370743518490E+02   1.1774196440370799E-01
   8.7000000000000000E+10   6.7319693497023096E-03   8.4168714757009059E+02   1.1781585655879762E-01
   8.8000000000000000E+10   6.7352610220338541E-03   8.4127579628223236E+02   1.1788890232562763E-01
   8.9000000000000000E+10   6.7385158837989000E-03   8.4086944027292770E+02   1.1796112481841220E-01
   9.0000000000000000E+10   6.7417337569982217E-03   8.4046808784141513E+02   1.1803253692517417E-01
   9.1000000000000000E+10   6.7449164167356131E-03   8.4007150413622662E+02   1.1810316182853871E-01
   9.2000000000000000E+10   6.7480646025094588E-03   8.3967958418374849E+02   1.1817301656933310E-01
   9.3000000000000000E+10   6.7511791295323306E-03   8.3929221411026674E+02   1.1824211818426879E-01
   9.4000000000000000E+10   6.7542597039347875E-03   8.3890941833037346E+02   1.1831047720088958E-01
   9.5000000000000000E+10   6.7573072576870763E-03   8.3853106916728723E+02   1.1837811051098567E-01
   9.6000000000000000E+10   6.7603236089430708E-03   8.3815692964527864E+02   1.1844503951613659E-01
   9.7000000000000000E+10   6.7633082417590789E-03   8.3778705286489799E+02   1.1851127241201251E-01
   9.8000000000000000E+10   6.7662631261479443E-03   8.3742118416639346E+02   1.1857683074258690E-01
   9.9000000000000000E+10   6.7691870166254192E-03   8.3705946749051998E+02   1.1864171802127740E-01
   1.0000000000000000E+11   6.7720815926201284E-03   8.3670168499667284E+02   1.1870595355387460E-01
   1.1000000000000000E+11   6.7995352181060903E-03   8.3332344016573143E+02   1.1931513691228801E-01
