   1.0000000000000000E+00   0.0000000000000000E+00   2.3943580805414754E+29   0.0000000000000000E+00
   2.0000000000000000E+00   0.0000000000000000E+00   2.3943580805414754E+29   0.0000000000000000E+00
   3.0000000000000000E+00   0.0000000000000000E+00   2.3943580805414754E+29   0.0000000000000000E+00
   4.0000000000000000E+00   0.0000000000000000E+00   2.3943580805414754E+29   0.0000000000000000E+00
   5.0000000000000000E+00   0.0000000000000000E+00   2.3943580805414754E+29   0.0000000000000000E+00
   6.0000000000000000E+00   0.0000000000000000E+00   2.3943580805414754E+29   0.0000000000000000E+00
   7.0000000000000000E+00   0.0000000000000000E+00   2.3943580805414754E+29   0.0000000000000000E+00
   8.0000000000000000E+00   0.0000000000000000E+00   2.3943580805414754E+29   0.0000000000000000E+00
   9.0000000000000000E+00   0.0000000000000000E+00   2.3943580805414754E+29   0.0000000000000000E+00
   1.0000000000000000E+01   0.0000000000000000E+00   2.3943580805414754E+29   0.0000000000000000E+00
   1.1000000000000000E+01   0.0000000000000000E+00   2.3943580805414754E+29   0.0000000000000000E+00
   1.1259000000000000E+01   0.0000000000000000E+00   2.3943580805414754E+29   0.0000000000000000E+00
   1.1260999999999999E+01   0.0000000000000000E+00   2.3943580805414754E+29   0.0000000000000000E+00
   1.2000000000000000E+01   0.0000000000000000E+00   2.3943580805414754E+29   0.0000000000000000E+00
   1.3000000000000000E+01   0.0000000000000000E+00   2.3943580805414754E+29   0.0000000000000000E+00
   1.4000000000000000E+01   0.0000000000000000E+00   2.3943580805414754E+29   0.0000000000000000E+00
   1.5000000000000000E+01   0.0000000000000000E+00   2.3943580805414754E+29   0.0000000000000000E+00
   1.6000000000000000E+01   0.0000000000000000E+00   2.3943580805414754E+29   0.0000000000000000E+00
   1.6588999999999999E+01   0.0000000000000000E+00   2.3943580805414754E+29   0.0000000000000000E+00
   1.6591000000000001E+01   0.0000000000000000E+00   2.3943580805414754E+29   0.0000000000000000E+00
   1.7000000000000000E+01   0.0000000000000000E+00   2.3943580805414754E+29   0.0000000000000000E+00
   1.8000000000000000E+01   0.0000000000000000E+00   2.3943580805414754E+29   0.0000000000000000E+00
   1.9000000000000000E+01   0.0000000000000000E+00   2.3943580805414754E+29   0.0000000000000000E+00
   2.0000000000000000E+01   0.0000000000000000E+00   2.3943580805414754E+29   0.0000000000000000E+00
   2.1000000000000000E+01   0.0000000000000000E+00   2.3943580805414754E+29   0.0000000000000000E+00
   2.2000000000000000E+01   0.0000000000000000E+00   2.3943580805414754E+29   0.0000000000000000E+00
   2.3000000000000000E+01   0.0000000000000000E+00   2.3943580805414754E+29   0.0000000000000000E+00
   2.4000000000000000E+01   0.0000000000000000E+00   2.3943580805414754E+29   0.0000000000000000E+00
   2.5000000000000000E+01   3.6794881375387736E-03   1.5399457391022786E+03   1.1994424188949507E-02
   2.6000000000000000E+01   6.6261181179860327E-03   8.5513297206395464E+02   2.1697946799968598E-02
   2.7000000000000000E+01   1.1774642298746613E-02   4.8122158921832988E+02   3.9542810699028007E-02
   2.8000000000000000E+01   1.5514846048845187E-02   3.6521226582857167E+02   5.2650714727877197E-02
   2.9000000000000000E+01   2.1603602925527210E-02   2.6228088430494688E+02   7.5231943031753526E-02
   3.0000000000000000E+01   2.7482897788553454E-02   2.0617229387798307E+02   9.7663583000955498E-02
   3.1000000000000000E+01   3.3132171645126336E-02   1.7101843308582821E+02   1.1973049112777771E-01
   3.2000000000000000E+01   3.8667143654875315E-02   1.4653815989239212E+02   1.4238179465023285E-01
   3.3000000000000000E+01   4.5335261803283691E-02   1.2498465552193640E+02   1.6994005076242549E-01
   3.4000000000000000E+01   5.1660099983790612E-02   1.0968256122729343E+02   1.9753107744695839E-01
   3.5000000000000000E+01   5.8370091914059993E-02   9.7073893387434538E+01   2.2705772552942938E-01
   3.6000000000000000E+01   6.4775508731016590E-02   8.7474605610732155E+01   2.5688682494438669E-01
   3.7000000000000000E+01   7.2233492462737359E-02   7.8443003187243193E+01   2.9181508666854922E-01
   3.8000000000000000E+01   7.9418563633246522E-02   7.1346191875827387E+01   3.2672563861194376E-01
   3.9000000000000000E+01   8.7205046972920919E-02   6.4975735650250797E+01   3.6520277210968038E-01
   4.0000000000000000E+01   9.4960659709429157E-02   5.9669047127708453E+01   4.0521163105178498E-01
   4.1000000000000000E+01   1.0347484975531099E-01   5.4759316808666235E+01   4.4932626953576993E-01
   4.2000000000000000E+01   1.1269107319409957E-01   5.0280931034534625E+01   4.9944202185899061E-01
   4.3000000000000000E+01   1.2269846391223510E-01   4.6179975680324688E+01   5.5435718133718792E-01
   4.4000000000000000E+01   1.3454877675206467E-01   4.2112698578608708E+01   6.2094139927325709E-01
   4.5000000000000000E+01   1.4754785289171868E-01   3.8402538352343846E+01   6.9628195649064828E-01
   4.6000000000000000E+01   1.6194093043162777E-01   3.4989375844499769E+01   7.8084047011841073E-01
   4.7000000000000000E+01   1.7667755675009150E-01   3.2070921647931833E+01   8.6936800889201726E-01
   4.8000000000000000E+01   1.9178641796230106E-01   2.9544386613414957E+01   9.6182705500275978E-01
   4.9000000000000000E+01   2.0692976251887704E-01   2.7382296343008257E+01   1.0569522178032407E+00
   5.0000000000000000E+01   2.2241610029401709E-01   2.5475728025039167E+01   1.1561860543704297E+00
   5.1000000000000000E+01   2.3873231162344263E-01   2.3734583898377551E+01   1.2615597197746484E+00
   5.2000000000000000E+01   2.5514077555091619E-01   2.2208179258079653E+01   1.3697220060354731E+00
   5.3000000000000000E+01   2.7199546211821801E-01   2.0832009605430457E+01   1.4835807755029864E+00
   5.4000000000000000E+01   2.8955575531079497E-01   1.9568639115455948E+01   1.6039202779950319E+00
   5.5000000000000000E+01   3.0801470641676476E-01   1.8395914095781666E+01   1.7333181465376397E+00
   5.6000000000000000E+01   3.2741731183851952E-01   1.7305780343938441E+01   1.8723993481782621E+00
   5.7000000000000000E+01   3.4805999603936755E-01   1.6279412009300067E+01   2.0224949598144617E+00
   5.8000000000000000E+01   3.7012461973582517E-01   1.5308930498934245E+01   2.1848659344249985E+00
   5.9000000000000000E+01   3.9283668701785068E-01   1.4423836333857327E+01   2.3552431821274475E+00
   6.0000000000000000E+01   4.1586645242415471E-01   1.3625076142715820E+01   2.5318528643314830E+00
   6.1000000000000000E+01   4.3943317912110103E-01   1.2894365625310902E+01   2.7141436640755794E+00
   6.2000000000000000E+01   4.6228365745023253E-01   1.2257002790738312E+01   2.8949589342643147E+00
   6.3000000000000000E+01   4.8539255185776481E-01   1.1673463174895588E+01   3.0793433236251806E+00
   6.4000000000000000E+01   5.0745644419697877E-01   1.1165908215919250E+01   3.2591774116662160E+00
   6.5000000000000000E+01   5.2969383260981107E-01   1.0697145654052049E+01   3.4403290885288684E+00
   6.6000000000000000E+01   9.8155183297647697E-01   5.7727079601062758E+00   1.0543290626819008E+01
   6.7000000000000000E+01   1.0090368642461116E+00   5.6154658766740386E+00   1.0769997312082932E+01
   6.8000000000000000E+01   1.0340890352888867E+00   5.4794238079289581E+00   1.0977017256889990E+01
   6.9000000000000000E+01   1.0569413133305874E+00   5.3609524086300429E+00   1.1166204672256931E+01
   7.0000000000000000E+01   1.0777982490323028E+00   5.2572103216604793E+00   1.1339187998331825E+01
   7.1000000000000000E+01   1.0968403596702556E+00   5.1659405395910616E+00   1.1497404966349276E+01
   7.2000000000000000E+01   1.1142276852846749E+00   5.0853269527516263E+00   1.1642130984125263E+01
   7.3000000000000000E+01   1.1301027018986158E+00   5.0138912772801625E+00   1.1774502343503860E+01
   7.4000000000000000E+01   1.1445927290389437E+00   4.9504176775942339E+00   1.1895535364289071E+01
   7.5000000000000000E+01   1.1578119352391227E+00   4.8938967607981798E+00   1.2006142314893513E+01
   7.6000000000000000E+01   1.1698630208543694E+00   4.8434833638404005E+00   1.2107144751312591E+01
   7.7000000000000000E+01   1.1808386395334241E+00   4.7984643200014707E+00   1.2199284769470694E+01
   7.8000000000000000E+01   1.1908226062792164E+00   4.7582335518340306E+00   1.2283234556919705E+01
   7.9000000000000000E+01   1.1998909299324318E+00   4.7222726150611782E+00   1.2359604547956984E+01
   8.0000000000000000E+01   1.2081127001956120E+00   4.6901353479379591E+00   1.2428950423727180E+01
   8.1000000000000000E+01   1.2155508533362069E+00   4.6614356478206567E+00   1.2491779150457614E+01
   8.2000000000000000E+01   1.2222628361403265E+00   4.6358376545040292E+00   1.2548554212254677E+01
   8.3000000000000000E+01   1.2283011840191211E+00   4.6130478039106135E+00   1.2599700165233729E+01
   8.4000000000000000E+01   1.2337140263196664E+00   4.5928083482873907E+00   1.2645606616883653E+01
   8.5000000000000000E+01   1.2385455295897827E+00   4.5748920359487419E+00   1.2686631716052494E+01
   8.6000000000000000E+01   1.2428362877621679E+00   4.5590977148588960E+00   1.2723105224761653E+01
   8.7000000000000000E+01   1.2466236666803425E+00   4.5452466778277003E+00   1.2755331230579181E+01
   8.8000000000000000E+01   1.2499421092227971E+00   4.5331796070166916E+00   1.2783590549061053E+01
   8.9000000000000000E+01   1.2528234063048806E+00   4.5227540058437521E+00   1.2808142858001323E+01
   9.0000000000000000E+01   1.2552969381871961E+00   4.5138420298092372E+00   1.2829228598368886E+01
   9.1000000000000000E+01   1.2573898899133578E+00   4.5063286455012390E+00   1.2847070672139138E+01
   9.2000000000000000E+01   1.2591274440771612E+00   4.5001100612441105E+00   1.2861875962134786E+01
   9.3000000000000000E+01   1.2605329537204542E+00   4.4950923835481085E+00   1.2873836695980623E+01
   9.4000000000000000E+01   1.2616280977110725E+00   4.4911904623559220E+00   1.2883131672556612E+01
   9.5000000000000000E+01   1.2624330206897010E+00   4.4883268946693189E+00   1.2889927367429621E+01
   9.6000000000000000E+01   1.2629664593355898E+00   4.4864311618069763E+00   1.2894378930925276E+01
   9.7000000000000000E+01   1.2632458565156433E+00   4.4854388797356384E+00   1.2896631091154216E+01
   9.8000000000000000E+01   1.2632874646587577E+00   4.4852911455199029E+00   1.2896818972501139E+01
   9.9000000000000000E+01   1.2631064395133786E+00   4.4859339658367707E+00   1.2895068838606967E+01
   1.0000000000000000E+02   1.2627169253434019E+00   4.4873177556713753E+00   1.2891498768169123E+01
   1.1000000000000000E+02   1.2498801381388602E+00   4.5334043694121853E+00   1.2776913699703551E+01
   1.2000000000000000E+02   1.2265329420530899E+00   4.6196982447088279E+00   1.2567683689964053E+01
   1.3000000000000000E+02   1.1978739990261156E+00   4.7302237832083387E+00   1.2308625930030123E+01
   1.4000000000000000E+02   1.1667956037287672E+00   4.8562165141628171E+00   1.2025255525392183E+01
   1.5000000000000000E+02   1.1349479548171093E+00   4.9924862681419544E+00   1.1732501045639438E+01
   1.6000000000000000E+02   1.1032820584726399E+00   5.1357783224757556E+00   1.1439218905103697E+01
   1.7000000000000000E+02   1.0723421671895705E+00   5.2839590317803209E+00   1.1150663465399711E+01
   1.8000000000000000E+02   1.0424301690913353E+00   5.4355795212827855E+00   1.0869897884211213E+01
   1.9000000000000000E+02   1.0137011930531821E+00   5.5896275138180149E+00   1.0598628102352336E+01
   2.0000000000000000E+02   9.8622074691280159E-01   5.7453791123512046E+00   1.0337709706888701E+01
   2.1000000000000000E+02   9.5999961471894413E-01   5.9023066182574375E+00   1.0087462972895644E+01
   2.2000000000000000E+02   9.3501553173280072E-01   6.0600192052204820E+00   9.8478722223042325E+00
   2.3000000000000000E+02   9.1122681321967980E-01   6.2182236050095199E+00   9.6187137452202212E+00
   2.4000000000000000E+02   8.8858099028309823E-01   6.3766973876798589E+00   9.3996387137853876E+00
   2.5000000000000000E+02   8.6702029689322790E-01   6.5352703965337486E+00   9.1902272572632420E+00
   2.6000000000000000E+02   8.4648514493852844E-01   6.6938115965303719E+00   8.9900237961013829E+00
   2.7000000000000000E+02   8.2691630061142152E-01   6.8522195962162309E+00   8.7985600562383848E+00
   2.8000000000000000E+02   8.0825621650453561E-01   7.0104157119692472E+00   8.6153699110820092E+00
   2.8799900000000002E+02   7.9394710368461774E-01   7.1367627052028668E+00   8.4744860578371384E+00
   2.8800099999999998E+02   7.9394359198896769E-01   7.1367942718516817E+00   8.4744514391113910E+00
   2.9000000000000000E+02   7.9045362895059157E-01   7.1683388226817115E+00   8.4401932530808423E+00
   3.0000000000000000E+02   7.7349626306676833E-01   7.3254550151473792E+00   8.2746627203537226E+00
   3.1000000000000000E+02   7.5731872120360710E-01   7.4819384769399324E+00   8.1175965178571836E+00
   3.2000000000000000E+02   7.4186773300020903E-01   7.6377659081698042E+00   7.9682644377453000E+00
   3.3000000000000000E+02   7.2709667899365626E-01   7.7929280151885409E+00   7.8261332009468214E+00
   3.4000000000000000E+02   7.1296332319195532E-01   7.9474103297662424E+00   7.6907594338436072E+00
   3.5000000000000000E+02   6.9942839549847424E-01   8.1012039487501379E+00   7.5617269316689368E+00
   3.6000000000000000E+02   6.8645577756812293E-01   8.2543002253599749E+00   7.4386651129646353E+00
   3.7000000000000000E+02   6.7401193830987738E-01   8.4066939432683601E+00   7.3212271043548061E+00
   3.8000000000000000E+02   6.6206590248255315E-01   8.5583807567095356E+00   7.2090980988799656E+00
   3.9000000000000000E+02   6.5058883599917183E-01   8.7093595308595582E+00   7.1019799888245609E+00
   4.0000000000000000E+02   6.8874044283927460E-01   8.2269193545854939E+00   9.7327395551733389E+00
   4.1000000000000000E+02   6.7767549902546165E-01   8.3612467731658739E+00   9.6239623389926958E+00
   4.2000000000000000E+02   6.6691955816582515E-01   8.4960952338293048E+00   9.5137531200825194E+00
   4.3000000000000000E+02   6.5647124174964122E-01   8.6313180519202994E+00   9.4029952365846903E+00
   4.4000000000000000E+02   6.4632608814184533E-01   8.7668008199549625E+00   9.2923485223842661E+00
   4.5000000000000000E+02   6.3647760896229233E-01   8.9024531259133486E+00   9.1823081365850978E+00
   4.6000000000000000E+02   6.2691801091859578E-01   9.0382027327269778E+00   9.0732460826474561E+00
   4.7000000000000000E+02   6.1763869577205632E-01   9.1739913937830195E+00   8.9654411106245586E+00
   4.8000000000000000E+02   6.0863060992302265E-01   9.3097717845588743E+00   8.8591006306049049E+00
   4.9000000000000000E+02   5.9988449020130774E-01   9.4455052131432193E+00   8.7543770147294158E+00
   5.0000000000000000E+02   5.9139103691437767E-01   9.5811598854187157E+00   8.6513798838268077E+00
   5.1000000000000000E+02   5.8314103527549188E-01   9.7167095723307106E+00   8.5501854735179812E+00
   5.2000000000000000E+02   5.7512543982503073E-01   9.8521325733809206E+00   8.4508438451951946E+00
   5.3000000000000000E+02   5.6733543211163517E-01   9.9874109015022139E+00   8.3533844861757593E+00
   5.4000000000000000E+02   5.5976245893720145E-01   1.0122529635585822E+01   8.2578206919711086E+00
   5.5000000000000000E+02   5.5239825642331064E-01   1.0257476401478925E+01   8.1641530182817981E+00
   5.6000000000000000E+02   5.4523486371902652E-01   1.0392240952515754E+01   8.0723720158266516E+00
   5.7000000000000000E+02   5.3826462915111595E-01   1.0526814827896567E+01   7.9824604077269630E+00
   5.8000000000000000E+02   5.3148021088037267E-01   1.0661191072560149E+01   7.8943948303108051E+00
   5.9000000000000000E+02   5.2487457359768797E-01   1.0795364005998351E+01   7.8081472297218060E+00
   6.0000000000000000E+02   5.1844098240034708E-01   1.0929329030367217E+01   7.7236859854843374E+00
   6.1000000000000000E+02   5.1217299470362010E-01   1.1063082470326433E+01   7.6409768163181440E+00
   6.2000000000000000E+02   5.0606445082504203E-01   1.1196621438717008E+01   7.5599835114050933E+00
   6.3000000000000000E+02   5.0010946371984111E-01   1.1329943723389322E+01   7.4806685211367387E+00
   6.4000000000000000E+02   4.9430240822608357E-01   1.1463047691421741E+01   7.4029934343049693E+00
   6.5000000000000000E+02   4.8863791008325053E-01   1.1595932207787250E+01   7.3269193631562288E+00
   6.6000000000000000E+02   4.8311083492409362E-01   1.1728596565983640E+01   7.2524072535251616E+00
   6.7000000000000000E+02   4.7771627738241429E-01   1.1861040428698608E+01   7.1794181338313283E+00
   6.8000000000000000E+02   4.7244955042164344E-01   1.1993263776890746E+01   7.1079133140990409E+00
   6.9000000000000000E+02   4.6730617495754012E-01   1.2125266865979357E+01   7.0378545440349143E+00
   7.0000000000000000E+02   4.6228186982686792E-01   1.2257050188021223E+01   6.9692041375401743E+00
   7.1000000000000000E+02   4.5737254213332890E-01   1.2388614439011196E+01   6.9019250696406935E+00
   7.2000000000000000E+02   4.5257427799201477E-01   1.2519960490508010E+01   6.8359810507807826E+00
   7.3000000000000000E+02   4.4788333367960009E-01   1.2651089365012233E+01   6.7713365824879919E+00
   7.4000000000000000E+02   4.4329612719420886E-01   1.2782002214510293E+01   6.7079569977667060E+00
   7.5000000000000000E+02   4.3880923021988183E-01   1.2912700301771107E+01   6.6458084889453515E+00
   7.6000000000000000E+02   4.3441936048770968E-01   1.3043184984018499E+01   6.5848581252452307E+00
   7.7000000000000000E+02   4.3012337452349630E-01   1.3173457698636852E+01   6.5250738619602480E+00
   7.8000000000000000E+02   4.2591826076781591E-01   1.3303519950672131E+01   6.4664245427864504E+00
   7.9000000000000000E+02   4.2180113305527439E-01   1.3433373301862829E+01   6.4088798966106317E+00
   8.0000000000000000E+02   4.1776922443744902E-01   1.3563019361012300E+01   6.3524105298257627E+00
   8.1000000000000000E+02   4.1381988133364700E-01   1.3692459775541248E+01   6.2969879150611048E+00
   8.2000000000000000E+02   4.0995055799393354E-01   1.3821696224070179E+01   6.2425843770710490E+00
   8.3000000000000000E+02   4.0615881125956244E-01   1.3950730409881785E+01   6.1891730764101229E+00
   8.4000000000000000E+02   4.0244229560440981E-01   1.4079564055190540E+01   6.1367279913898347E+00
   8.5000000000000000E+02   3.9879875844375628E-01   1.4208198896083914E+01   6.0852238987616687E+00
   8.6000000000000000E+02   3.9522603569475462E-01   1.4336636678096800E+01   6.0346363534595895E+00
   8.7000000000000000E+02   3.9172204757601548E-01   1.4464879152304183E+01   5.9849416677136720E+00
   8.8000000000000000E+02   3.8828479463243176E-01   1.4592928071891436E+01   5.9361168897661862E+00
   8.9000000000000000E+02   3.8491235397277407E-01   1.4720785189142045E+01   5.8881397823915869E+00
   9.0000000000000000E+02   3.8160287570769469E-01   1.4848452252808745E+01   5.8409888013775904E+00
   9.1000000000000000E+02   3.7835457957768481E-01   1.4975931005790329E+01   5.7946430741151405E+00
   9.2000000000000000E+02   3.7516575175919892E-01   1.5103223183114771E+01   5.7490823783895326E+00
   9.3000000000000000E+02   3.7203474183927382E-01   1.5230330510176186E+01   5.7042871214677335E+00
   9.4000000000000000E+02   3.6895995994918646E-01   1.5357254701189175E+01   5.6602383195536659E+00
   9.5000000000000000E+02   3.6593987404718997E-01   1.5483997457870700E+01   5.6169175776521714E+00
   9.6000000000000000E+02   3.6297300734297838E-01   1.5610560468277825E+01   5.5743070699021775E+00
   9.7000000000000000E+02   3.6005793585489393E-01   1.5736945405818636E+01   5.5323895203962321E+00
   9.8000000000000000E+02   3.5719328609280315E-01   1.5863153928397361E+01   5.4911481845171100E+00
   9.9000000000000000E+02   3.5437773285898894E-01   1.5989187677700018E+01   5.4505668307991098E+00
   1.0000000000000000E+03   3.5160999716092384E-01   1.6115048278581565E+01   5.4106297233324714E+00
   1.1000000000000000E+03   3.2631057524988494E-01   1.7364475776309405E+01   5.0435520907374478E+00
   1.2000000000000000E+03   3.0466388629863478E-01   1.8598240009077191E+01   4.7266800553706005E+00
   1.3000000000000000E+03   2.8591726840627490E-01   1.9817663029113703E+01   4.4502597696396426E+00
   1.4000000000000000E+03   2.6951292944262950E-01   2.1023897039738742E+01   4.2068958483605883E+00
   1.5000000000000000E+03   2.5502861711254016E-01   2.2217946141235608E+01   3.9908903877267203E+00
   1.6000000000000000E+03   2.4213869425462595E-01   2.3400688175520560E+01   3.7977868626906250E+00
   1.7000000000000000E+03   2.3058790095317447E-01   2.4572894137367825E+01   3.6240512440979820E+00
   1.8000000000000000E+03   2.2017323546091092E-01   2.5735244647781823E+01   3.4668455916751126E+00
   1.9000000000000000E+03   2.1073116840487638E-01   2.6888343676782345E+01   3.3238647582878507E+00
   2.0000000000000000E+03   2.0212844412877695E-01   2.8032729900548997E+01   3.1932168083769477E+00
   2.1000000000000000E+03   1.9425534664129657E-01   2.9168886094770887E+01   3.0733341813022248E+00
   2.2000000000000000E+03   1.8702069181310735E-01   3.0297246922509235E+01   2.9629068036470070E+00
   2.3000000000000000E+03   1.8034804993871797E-01   3.1418205416723854E+01   2.8608310960724417E+00
   2.4000000000000000E+03   1.7417285924719067E-01   3.2532118402205121E+01   2.7661706461013171E+00
   2.5000000000000000E+03   1.6844019398646345E-01   3.3639311053842491E+01   2.6781255516768612E+00
   2.6000000000000000E+03   1.6310301983507661E-01   3.4740080749023932E+01   2.5960082855326094E+00
   2.7000000000000000E+03   1.5812081657277061E-01   3.5834700340498813E+01   2.5192245175747092E+00
   2.8000000000000000E+03   1.5345848064778828E-01   3.6923420951137103E+01   2.4472577457745306E+00
   2.9000000000000000E+03   1.4908544328516152E-01   3.8006474372164092E+01   2.3796568806485445E+00
   3.0000000000000000E+03   1.4497495618105369E-01   3.9084075130906740E+01   2.3160261408339800E+00
   3.1000000000000000E+03   1.4110350866751756E-01   4.0156422281684854E+01   2.2560167721877558E+00
   3.2000000000000000E+03   1.3745034887783855E-01   4.1223700963583305E+01   2.1993202169993236E+00
   3.3000000000000000E+03   1.3399708782440850E-01   4.2286083761053760E+01   2.1456624448635138E+00
   3.4000000000000000E+03   1.3072737006015928E-01   4.3343731896944668E+01   2.0947992205816655E+00
   3.5000000000000000E+03   1.2762659817676128E-01   4.4396796282484772E+01   2.0465121328201135E+00
   3.6000000000000000E+03   1.2468170111322130E-01   4.5445418444642684E+01   2.0006052442065103E+00
   3.7000000000000000E+03   1.2188093833173572E-01   4.6489731347964437E+01   1.9569022519995101E+00
   3.8000000000000000E+03   1.1921373352573622E-01   4.7529860125192499E+01   1.9152440705463163E+00
   3.9000000000000000E+03   1.1667053277502643E-01   4.8565922728803024E+01   1.8754867639859918E+00
   4.0000000000000000E+03   1.1424268304191117E-01   4.9598030513704785E+01   1.8374997712222996E+00
   4.1000000000000000E+03   1.1192232767373027E-01   5.0626288759808851E+01   1.8011643759246980E+00
   4.2000000000000000E+03   1.0970231618907277E-01   5.1650797141916811E+01   1.7663723828623272E+00
   4.3000000000000000E+03   1.0757612611311898E-01   5.2671650153325373E+01   1.7330249687188588E+00
   4.4000000000000000E+03   1.0553779501939398E-01   5.3688937488593282E+01   1.7010316810480837E+00
   4.5000000000000000E+03   1.0358186125103329E-01   5.4702744390236475E+01   1.6703095634860763E+00
   4.6000000000000000E+03   1.0170331205095869E-01   5.5713151963439941E+01   1.6407823889633331E+00
   4.7000000000000000E+03   9.9897538039112416E-02   5.6720237462326125E+01   1.6123799856233481E+00
   4.8000000000000000E+03   9.8160293145705249E-02   5.7724074550893135E+01   1.5850376425850179E+00
   4.9000000000000000E+03   9.6487659249945013E-02   5.8724733541335667E+01   1.5586955846908475E+00
   5.0000000000000000E+03   9.4876014889778509E-02   5.9722281612090185E+01   1.5332985070436012E+00
   5.1000000000000000E+03   9.3322007504263060E-02   6.0716783007709893E+01   1.5087951615110362E+00
   5.2000000000000000E+03   9.1822528750291357E-02   6.1708299222397926E+01   1.4851379885296727E+00
   5.3000000000000000E+03   9.0374692502278114E-02   6.2696889168805562E+01   1.4622827885015113E+00
   5.4000000000000000E+03   8.8975815199476296E-02   6.3682609333525548E+01   1.4401884278864421E+00
   5.5000000000000000E+03   8.7623398252732174E-02   6.4665513920575847E+01   1.4188165757744755E+00
   5.6000000000000000E+03   8.6315112262417962E-02   6.5645654983957101E+01   1.3981314673004017E+00
   5.7000000000000000E+03   8.5048782832889108E-02   6.6623082550324767E+01   1.3780996907508627E+00
   5.8000000000000000E+03   8.3822377797537664E-02   6.7597844732658757E+01   1.3586899956314178E+00
   5.9000000000000000E+03   8.2633995692903056E-02   6.8569987835731041E+01   1.3398731193162647E+00
   6.0000000000000000E+03   8.1481855341167281E-02   6.9539556454079161E+01   1.3216216302073356E+00
   6.1000000000000000E+03   8.0364286418176653E-02   7.0506593563165623E+01   1.3039097855898387E+00
   6.2000000000000000E+03   7.9279720899584696E-02   7.1471140604253776E+01   1.2867134025971869E+00
   6.3000000000000000E+03   7.8226685290830114E-02   7.2433237563555792E+01   1.2700097408903286E+00
   6.4000000000000000E+03   7.7203793558121181E-02   7.3392923046126356E+01   1.2537773958247638E+00
   6.5000000000000000E+03   7.6209740687508368E-02   7.4350234344898780E+01   1.2379962010236856E+00
   6.6000000000000000E+03   7.5243296807638985E-02   7.5305207505274538E+01   1.2226471394012386E+00
   6.7000000000000000E+03   7.4303301819271417E-02   7.6257877385613241E+01   1.2077122617897418E+00
   6.8000000000000000E+03   7.3388660481127035E-02   7.7208277713930542E+01   1.1931746124207760E+00
   6.9000000000000000E+03   7.2498337907317481E-02   7.8156441141091378E+01   1.1790181605933896E+00
   7.0000000000000000E+03   7.1631355436528682E-02   7.9102399290781918E+01   1.1652277379357807E+00
   7.1000000000000000E+03   7.0786786837532076E-02   8.0046182806477006E+01   1.1517889807317871E+00
   7.2000000000000000E+03   6.9963754819396318E-02   8.0987821395619960E+01   1.1386882768396245E+00
   7.3000000000000000E+03   6.9161427818100460E-02   8.1927343871250883E+01   1.1259127167799765E+00
   7.4000000000000000E+03   6.8379017034289682E-02   8.2864778191222115E+01   1.1134500486152117E+00
   7.5000000000000000E+03   6.7615773699475426E-02   8.3800151495185389E+01   1.1012886362799073E+00
   7.6000000000000000E+03   6.6870986550303324E-02   8.4733490139521692E+01   1.0894174210571783E+00
   7.7000000000000000E+03   6.6143979492597635E-02   8.5664819730332923E+01   1.0778258859263543E+00
   7.8000000000000000E+03   6.5434109438692947E-02   8.6594165154628513E+01   1.0665040225344753E+00
   7.9000000000000000E+03   6.4740764303176740E-02   8.7521550609840133E+01   1.0554423005679503E+00
   8.0000000000000000E+03   6.4063361143628456E-02   8.8446999631766246E+01   1.0446316393227599E+00
   8.1000000000000000E+03   6.3401344434229429E-02   8.9370535121036198E+01   1.0340633812906301E+00
   8.2000000000000000E+03   6.2754184461233570E-02   9.0292179368222335E+01   1.0237292675953420E+00
   8.3000000000000000E+03   6.2121375830373568E-02   9.1211954077645871E+01   1.0136214151296381E+00
   8.4000000000000000E+03   6.1502436077145985E-02   9.2129880389985914E+01   1.0037322952560781E+00
   8.5000000000000000E+03   6.0896904371775619E-02   9.3045978903754900E+01   9.9405471394807399E-01
   8.6000000000000000E+03   6.0304340311386727E-02   9.3960269695717315E+01   9.8458179325829365E-01
   8.7000000000000000E+03   5.9724322792595951E-02   9.4872772340294446E+01   9.7530695401183287E-01
   8.8000000000000000E+03   5.9156448958301036E-02   9.5783505928056741E+01   9.6622389963002231E-01
   8.9000000000000000E+03   5.8600333213042775E-02   9.6692489083305674E+01   9.5732660099975453E-01
   9.0000000000000000E+03   5.8055606301743633E-02   9.7599739980840340E+01   9.4860928230970853E-01
   9.1000000000000000E+03   5.7521914447106186E-02   9.8505276361942620E+01   9.4006640778192263E-01
   9.2000000000000000E+03   5.6998918541350564E-02   9.9409115549615038E+01   9.3169266923325789E-01
   9.3000000000000000E+03   5.6486293388320799E-02   1.0031127446312081E+02   9.2348297440648608E-01
   9.4000000000000000E+03   5.5983726992313361E-02   1.0121176963188235E+02   9.1543243601572466E-01
   9.5000000000000000E+03   5.5490919890310984E-02   1.0211061720873661E+02   9.0753636145572869E-01
   9.6000000000000000E+03   5.5007584524533089E-02   1.0300783298261557E+02   8.9979024312824207E-01
   9.7000000000000000E+03   5.4533444652486766E-02   1.0390343239067388E+02   8.9218974934245310E-01
   9.8000000000000000E+03   5.4068234791924873E-02   1.0479743052988420E+02   8.8473071575024520E-01
   9.9000000000000000E+03   5.3611699698315030E-02   1.0568984216813216E+02   8.7740913727963288E-01
   1.0000000000000000E+04   5.3163593872605205E-02   1.0658068175484971E+02   8.7022116053276521E-01
   1.1000000000000000E+04   4.9098248340909520E-02   1.1540558514709836E+02   8.0493696667484649E-01
   1.2000000000000000E+04   4.5663162961605490E-02   1.2408715717403280E+02   7.4966872077952018E-01
   1.3000000000000000E+04   4.2720060474053488E-02   1.3263586279147830E+02   7.0223631611461501E-01
   1.4000000000000000E+04   4.0168673180722231E-02   1.4106047401634231E+02   6.6105505439700374E-01
   1.5000000000000000E+04   3.7934462810231724E-02   1.4936845442693121E+02   6.2494433433515972E-01
   1.6000000000000000E+04   3.5960826498431256E-02   1.5756623612995645E+02   5.9300589448861585E-01
   1.7000000000000000E+04   3.4203982711681818E-02   1.6565942414492602E+02   5.6454372643526574E-01
   1.8000000000000000E+04   3.2629518049227597E-02   1.7365295040311955E+02   5.3900987886188845E-01
   1.9000000000000000E+04   3.1209996584785699E-02   1.8155119191017113E+02   5.1596686320368135E-01
   2.0000000000000000E+04   2.9923268085417461E-02   1.8935806287286968E+02   4.9506100146413712E-01
   2.1000000000000000E+04   2.8751247290312719E-02   1.9707708755262783E+02   4.7600316325337466E-01
   2.2000000000000000E+04   2.7679017666626300E-02   2.0471145861192150E+02   4.5855460150500238E-01
   2.3000000000000000E+04   2.6694163056854462E-02   2.1226408437724953E+02   4.4251637488781215E-01
   2.4000000000000000E+04   2.5786262204774264E-02   2.1973762751978563E+02   4.2772133748832719E-01
   2.5000000000000000E+04   2.4946501549662360E-02   2.2713453700913439E+02   4.1402799518592348E-01
   2.6000000000000000E+04   2.4167375140453567E-02   2.3445707473608039E+02   4.0131573885505906E-01
   2.7000000000000000E+04   2.3442449573415833E-02   2.4170733786736187E+02   3.8948110642297540E-01
   2.8000000000000000E+04   2.2766178049174895E-02   2.4888727775216407E+02   3.7843482301311476E-01
   2.9000000000000000E+04   2.2133751948491046E-02   2.5599871601825305E+02   3.6809943604560252E-01
   3.0000000000000000E+04   2.1540981360662070E-02   2.6304335836006970E+02   3.5840740991926351E-01
   3.1000000000000000E+04   2.0984198167063955E-02   2.7002280641695887E+02   3.4929957906551234E-01
   3.2000000000000000E+04   2.0460176851349862E-02   2.7693856806063656E+02   3.4072388291098221E-01
   3.3000000000000000E+04   1.9966069356252038E-02   2.8379206634910020E+02   3.3263432441696444E-01
   3.4000000000000000E+04   1.9499351156492734E-02   2.9058464735599813E+02   3.2499010728978267E-01
   3.5000000000000000E+04   1.9057776352102623E-02   2.9731758704656363E+02   3.1775491699748720E-01
   3.6000000000000000E+04   1.8639340065233868E-02   3.0399209734087333E+02   3.1089631830847331E-01
   3.7000000000000000E+04   1.8242246787825551E-02   3.1060933148112605E+02   3.0438524783970133E-01
   3.8000000000000000E+04   1.7864883606938727E-02   3.1717038880003980E+02   2.9819558453390793E-01
   3.9000000000000000E+04   1.7505797450615472E-02   3.2367631897174732E+02   2.9230378441388388E-01
   4.0000000000000000E+04   1.7163675665355774E-02   3.3012812581382252E+02   2.8668856863398773E-01
   4.1000000000000000E+04   1.6837329368265201E-02   3.3652677069796016E+02   2.8133065594611240E-01
   4.2000000000000000E+04   1.6525679121006390E-02   3.4287317561900892E+02   2.7621253235313004E-01
   4.3000000000000000E+04   1.6227742555434813E-02   3.4916822596390955E+02   2.7131825203929982E-01
   4.4000000000000000E+04   1.5942623646832774E-02   3.5541277301655975E+02   2.6663326471898152E-01
   4.5000000000000000E+04   1.5669503383717934E-02   3.6160763622974383E+02   2.6214426539057284E-01
   4.6000000000000000E+04   1.5407631626085773E-02   3.6775360529045082E+02   2.5783906316611516E-01
   4.7000000000000000E+04   1.5156319978704614E-02   3.7385144200185300E+02   2.5370646640174921E-01
   4.8000000000000000E+04   1.4914935534458051E-02   3.7990188200207342E+02   2.4973618180709647E-01
   4.9000000000000000E+04   1.4682895365987332E-02   3.8590563633695120E+02   2.4591872558296057E-01
   5.0000000000000000E+04   1.4459661662989100E-02   3.9186339290243768E+02   2.4224534494224276E-01
   5.1000000000000000E+04   1.4244737428357425E-02   3.9777581776974819E+02   2.3870794862183134E-01
   5.2000000000000000E+04   1.4037662659457261E-02   4.0364355640522899E+02   2.3529904520293241E-01
   5.3000000000000000E+04   1.3838010951751956E-02   4.0946723479524672E+02   2.3201168823218710E-01
   5.4000000000000000E+04   1.3645386471142580E-02   4.1524746048513788E+02   2.2883942728216444E-01
   5.5000000000000000E+04   1.3459421249016825E-02   4.2098482354091675E+02   2.2577626421243036E-01
   5.6000000000000000E+04   1.3279772760509241E-02   4.2667989743997180E+02   2.2281661399608449E-01
   5.7000000000000000E+04   1.3106121751848932E-02   4.3233323989843592E+02   2.1995526956356182E-01
   5.8000000000000000E+04   1.2938170287372161E-02   4.3794539363966464E+02   2.1718737019006543E-01
   5.9000000000000000E+04   1.2775639990620247E-02   4.4351688711017943E+02   2.1450837301542974E-01
   6.0000000000000000E+04   1.2618270457362454E-02   4.4904823514653043E+02   2.1191402733942544E-01
   6.1000000000000000E+04   1.2465817821173040E-02   4.5453993959836481E+02   2.0940035138090182E-01
   6.2000000000000000E+04   1.2318053454713814E-02   4.5999248991015668E+02   2.0696361122907700E-01
   6.3000000000000000E+04   1.2174762791908376E-02   4.6540636366616587E+02   2.0460030174859448E-01
   6.4000000000000000E+04   1.2035744258069322E-02   4.7078202710076039E+02   2.0230712922957553E-01
   6.5000000000000000E+04   1.1900808296573197E-02   4.7611993557713072E+02   2.0008099559886128E-01
   6.6000000000000000E+04   1.1769776482037675E-02   4.8142053403712856E+02   1.9791898403048905E-01
   6.7000000000000000E+04   1.1642480711156106E-02   4.8668425742382482E+02   1.9581834581254440E-01
   6.8000000000000000E+04   1.1518762463331098E-02   4.9191153107966846E+02   1.9377648834378525E-01
   6.9000000000000000E+04   1.1398472124184151E-02   4.9710277112124572E+02   1.9179096414804878E-01
   7.0000000000000000E+04   1.1281468365761216E-02   5.0225838479296988E+02   1.8985946080683866E-01
   7.1000000000000000E+04   1.1167617577958186E-02   5.0737877080101327E+02   1.8797979172153964E-01
   7.2000000000000000E+04   1.1056793346288245E-02   5.1246431962865222E+02   1.8614988762643447E-01
   7.3000000000000000E+04   1.0948875971621945E-02   5.1751541383483516E+02   1.8436778878199231E-01
   7.4000000000000000E+04   1.0843752028015069E-02   5.2253242833674472E+02   1.8263163778556013E-01
   7.5000000000000000E+04   1.0741313955139449E-02   5.2751573067735114E+02   1.8093967294307306E-01
   7.6000000000000000E+04   1.0641459682180918E-02   5.3246568127944545E+02   1.7929022215118240E-01
   7.7000000000000000E+04   1.0544092280405339E-02   5.3738263368673699E+02   1.7768169724442395E-01
   7.8000000000000000E+04   1.0449119641873122E-02   5.4226693479265043E+02   1.7611258876664176E-01
   7.9000000000000000E+04   1.0356454182018797E-02   5.4711892505816036E+02   1.7458146112979145E-01
   8.0000000000000000E+04   1.0266012564057009E-02   5.5193893871887019E+02   1.7308694812703454E-01
   8.1000000000000000E+04   1.0177715443361443E-02   5.5672730398216027E+02   1.7162774877013229E-01
   8.2000000000000000E+04   1.0091487230139759E-02   5.6148434321526088E+02   1.7020262342401168E-01
   8.3000000000000000E+04   1.0007255868900033E-02   5.6621037312429848E+02   1.6881039021405964E-01
   8.4000000000000000E+04   9.9249526333233494E-03   5.7090570492555526E+02   1.6744992168379400E-01
   8.5000000000000000E+04   9.8445119353151277E-03   5.7557064450842540E+02   1.6612014168285386E-01
   8.6000000000000000E+04   9.7658711470791221E-03   5.8020549259191523E+02   1.6482002246680622E-01
   8.7000000000000000E+04   9.6889704352138908E-03   5.8481054487345318E+02   1.6354858199226996E-01
   8.8000000000000000E+04   9.6137526058709781E-03   5.8938609217174383E+02   1.6230488139199520E-01
   8.9000000000000000E+04   9.5401629601263183E-03   5.9393242056372480E+02   1.6108802261608077E-01
   9.0000000000000000E+04   9.4681491587980046E-03   5.9844981151517345E+02   1.5989714622675988E-01
   9.1000000000000000E+04   9.3976610959796546E-03   6.0293854200639726E+02   1.5873142933508566E-01
   9.2000000000000000E+04   9.3286507806505641E-03   6.0739888465254160E+02   1.5759008366899774E-01
   9.3000000000000000E+04   9.2610722257605721E-03   6.1183110781914593E+02   1.5647235376308219E-01
   9.4000000000000000E+04   9.1948813442457224E-03   6.1623547573305052E+02   1.5537751526114216E-01
   9.5000000000000000E+04   9.1300358514717368E-03   6.2061224858901699E+02   1.5430487332345139E-01
   9.6000000000000000E+04   9.0664951736467055E-03   6.2496168265219103E+02   1.5325376113119682E-01
   9.7000000000000000E+04   9.0042203617839781E-03   6.2928403035635904E+02   1.5222353848129913E-01
   9.8000000000000000E+04   8.9431740108112841E-03   6.3357954039923698E+02   1.5121359046516725E-01
   9.9000000000000000E+04   8.8833201834942338E-03   6.3784845783318622E+02   1.5022332622575363E-01
   1.0000000000000000E+05   8.8246243388164971E-03   6.4209102415345762E+02   1.4925217778735578E-01
   1.1000000000000000E+05   8.2946300092015552E-03   6.8311812259190174E+02   1.4048143785110537E-01
   1.2000000000000000E+05   7.8506329992964752E-03   7.2175225615411955E+02   1.3313187654563638E-01
   1.3000000000000000E+05   7.4733688025062578E-03   7.5818713477381198E+02   1.2688613880113556E-01
   1.4000000000000000E+05   7.1489460557918041E-03   7.9259404606776468E+02   1.2151515215099708E-01
   1.5000000000000000E+05   6.8670903594665027E-03   8.2512560384022902E+02   1.1684933521527402E-01
   1.6000000000000000E+05   6.6200359141440806E-03   8.5591863140410328E+02   1.1276040690077219E-01
   1.7000000000000000E+05   6.4018019569321884E-03   8.8509643341037111E+02   1.0914949936910609E-01
   1.8000000000000000E+05   6.2077064512718206E-03   9.1277062212233511E+02   1.0593916158822514E-01
   1.9000000000000000E+05   6.0340308485248122E-03   9.3904261044099189E+02   1.0306784248243593E-01
   2.0000000000000000E+05   5.8777837887483038E-03   9.6400484997881404E+02   1.0048599936543010E-01
   2.1000000000000000E+05   5.7365312236929301E-03   9.8774187022249873E+02   9.8153298335815486E-02
   2.2000000000000000E+05   5.6082721237731715E-03   1.0103311598346729E+03   9.6036564592822254E-02
   2.3000000000000000E+05   5.4913460895482180E-03   1.0318439207947249E+03   9.4108257972543921E-02
   2.4000000000000000E+05   5.3843636919771766E-03   1.0523457187565168E+03   9.2345322881444994E-02
   2.5000000000000000E+05   5.2861532658090935E-03   1.0718970477321093E+03   9.0728309408686689E-02
   2.6000000000000000E+05   5.1957197877852152E-03   1.0905538233222455E+03   8.9240693726486714E-02
   2.7000000000000000E+05   5.1122127497502069E-03   1.1083678158263419E+03   8.7868346899266286E-02
   2.8000000000000000E+05   5.0349008088454239E-03   1.1253870323573581E+03   8.6599115562874709E-02
   2.9000000000000000E+05   4.9631516013243157E-03   1.1416560553919610E+03   8.5422487878876602E-02
   3.0000000000000000E+05   4.8964155315243630E-03   1.1572163438743519E+03   8.4329325165433455E-02
   3.1000000000000000E+05   4.8342126505657515E-03   1.1721065019382409E+03   8.3311644596530038E-02
   3.2000000000000000E+05   4.7761219579925008E-03   1.1863625194909880E+03   8.2362441964450292E-02
   3.3000000000000000E+05   4.7217726193200483E-03   1.2000179882224334E+03   8.1475546133160021E-02
   3.4000000000000000E+05   4.6708367102551857E-03   1.2131042960760337E+03   8.0645498753692507E-02
   3.5000000000000000E+05   4.6230231863688721E-03   1.2256508027446666E+03   7.9867454263486459E-02
   3.6000000000000000E+05   4.5780728430262745E-03   1.2376849984183823E+03   7.9137096282542757E-02
   3.7000000000000000E+05   4.5357540807232366E-03   1.2492326476784481E+03   7.8450567349426695E-02
   3.8000000000000000E+05   4.4958593293853259E-03   1.2603179201905543E+03   7.7804409574952937E-02
   3.9000000000000000E+05   4.4582020148974805E-03   1.2709635096269888E+03   7.7195514282077021E-02
   4.0000000000000000E+05   4.4226139741808746E-03   1.2811907420723217E+03   7.6621079081565402E-02
   4.1000000000000000E+05   4.3889432432485274E-03   1.2910196749972783E+03   7.6078571132105879E-02
   4.2000000000000000E+05   4.3570521568273698E-03   1.3004691877744517E+03   7.5565695568229313E-02
   4.3000000000000000E+05   4.3268157094999461E-03   1.3095570645727969E+03   7.5080368266752809E-02
   4.4000000000000000E+05   4.2981201372751859E-03   1.3183000703820103E+03   7.4620692270983446E-02
   4.5000000000000000E+05   4.2708616857184316E-03   1.3267140208327914E+03   7.4184937311471744E-02
   4.6000000000000000E+05   4.2449455366126076E-03   1.3348138463990172E+03   7.3771521958599151E-02
   4.7000000000000000E+05   4.2202848698330853E-03   1.3426136515055478E+03   7.3378998020339800E-02
   4.8000000000000000E+05   4.1968000409410974E-03   1.3501267690155696E+03   7.3006036862073839E-02
   4.9000000000000000E+05   4.1744178581940997E-03   1.3573658105064453E+03   7.2651417377724195E-02
   5.0000000000000000E+05   4.1530709451871933E-03   1.3643427127211808E+03   7.2314015383894925E-02
   5.1000000000000000E+05   4.1326971775489905E-03   1.3710687805199211E+03   7.1992794244450251E-02
   5.2000000000000000E+05   4.1132391838148109E-03   1.3775547266437111E+03   7.1686796561952870E-02
   5.3000000000000000E+05   4.0946439021067064E-03   1.3838107085612330E+03   7.1395136796864739E-02
   5.4000000000000000E+05   4.0768621854876431E-03   1.3898463626389337E+03   7.1116994695941016E-02
   5.5000000000000000E+05   4.0598484498333186E-03   1.3956708358689712E+03   7.0851609427897977E-02
   5.6000000000000000E+05   4.0435603590075206E-03   1.4012928153423109E+03   7.0598274339348399E-02
   5.7000000000000000E+05   4.0279585427737174E-03   1.4067205556635070E+03   7.0356332255504528E-02
   5.8000000000000000E+05   4.0130063435736604E-03   1.4119619044594733E+03   7.0125171260993518E-02
   5.9000000000000000E+05   3.9986695887483650E-03   1.4170243261468900E+03   6.9904220904258269E-02
   6.0000000000000000E+05   3.9849163853008743E-03   1.4219149240825029E+03   6.9692948776951577E-02
   6.1000000000000000E+05   3.9717169346187853E-03   1.4266404612301685E+03   6.9490857425670627E-02
   6.2000000000000000E+05   3.9590433649328884E-03   1.4312073794564926E+03   6.9297481558991181E-02
   6.3000000000000000E+05   3.9468695795765443E-03   1.4356218175539857E+03   6.9112385517468344E-02
   6.4000000000000000E+05   3.9351711193169473E-03   1.4398896280941742E+03   6.8935160978055493E-02
   6.5000000000000000E+05   3.9239250372591055E-03   1.4440163931974885E+03   6.8765424867998387E-02
   6.6000000000000000E+05   3.9131097850214581E-03   1.4480074392927218E+03   6.8602817466342628E-02
   6.7000000000000000E+05   3.9027051090155754E-03   1.4518678509403105E+03   6.8447000673722627E-02
   6.8000000000000000E+05   3.8926919557560782E-03   1.4556024838034391E+03   6.8297656432897674E-02
   6.9000000000000000E+05   3.8830523853689695E-03   1.4592159767996043E+03   6.8154485285563851E-02
   7.0000000000000000E+05   3.8737694924221577E-03   1.4627127635148192E+03   6.8017205051383173E-02
   7.1000000000000000E+05   3.8648273333901804E-03   1.4660970829219116E+03   6.7885549617602917E-02
   7.2000000000000000E+05   3.8562108601337321E-03   1.4693729894437652E+03   6.7759267828677597E-02
   7.3000000000000000E+05   3.8479058587605718E-03   1.4725443624302511E+03   6.7638122466067652E-02
   7.4000000000000000E+05   3.8398988934436667E-03   1.4756149150580077E+03   6.7521889310234853E-02
   7.5000000000000000E+05   3.8321772546828833E-03   1.4785882027132641E+03   6.7410356276921629E-02
   7.6000000000000000E+05   3.8247289116075112E-03   1.4814676308911887E+03   6.7303322620942227E-02
   7.7000000000000000E+05   3.8175424679918568E-03   1.4842564626296910E+03   6.7200598201653972E-02
   7.8000000000000000E+05   3.8106071216151257E-03   1.4869578255232436E+03   6.7102002804377350E-02
   7.9000000000000000E+05   3.8039126266944966E-03   1.4895747183352125E+03   6.7007365512994632E-02
   8.0000000000000000E+05   3.7974492591051181E-03   1.4921100172423307E+03   6.6916524129163504E-02
   8.1000000000000000E+05   3.7912077841782891E-03   1.4945664817230045E+03   6.6829324634369719E-02
   8.2000000000000000E+05   3.7851794268265525E-03   1.4969467601251063E+03   6.6745620690970578E-02
   8.3000000000000000E+05   3.7793558438249447E-03   1.4992533949239487E+03   6.6665273179107407E-02
   8.4000000000000000E+05   3.7737290980539629E-03   1.5014888276962347E+03   6.6588149766439633E-02
   8.5000000000000000E+05   3.7682916345609563E-03   1.5036554038207778E+03   6.6514124508143313E-02
   8.6000000000000000E+05   3.7630362582743888E-03   1.5057553769302667E+03   6.6443077474575840E-02
   8.7000000000000000E+05   3.7579561132488649E-03   1.5077909131252745E+03   6.6374894404504198E-02
   8.8000000000000000E+05   3.7530446633264897E-03   1.5097640949623019E+03   6.6309466381869103E-02
   8.9000000000000000E+05   3.7482956740902229E-03   1.5116769252349611E+03   6.6246689534221609E-02
   9.0000000000000000E+05   3.7437031960185882E-03   1.5135313305569218E+03   6.6186464751187501E-02
   9.1000000000000000E+05   3.7392615487392778E-03   1.5153291647626584E+03   6.6128697421338117E-02
   9.2000000000000000E+05   3.7349653063239430E-03   1.5170722121263982E+03   6.6073297186289390E-02
   9.3000000000000000E+05   3.7308092835129552E-03   1.5187621904234327E+03   6.6020177710501629E-02
   9.4000000000000000E+05   3.7267885228147810E-03   1.5204007538374135E+03   6.5969256465697623E-02
   9.5000000000000000E+05   3.7228982824455514E-03   1.5219894957103450E+03   6.5920454529049446E-02
   9.6000000000000000E+05   3.7191340249803271E-03   1.5235299511719495E+03   6.5873696393661529E-02
   9.7000000000000000E+05   3.7154914067421903E-03   1.5250235996235153E+03   6.5828909791001353E-02
   9.8000000000000000E+05   3.7119662678125609E-03   1.5264718671108178E+03   6.5786025524000036E-02
   9.9000000000000000E+05   3.7085546226672613E-03   1.5278761285724220E+03   6.5744977310392472E-02
   1.0000000000000000E+06   3.7052526513635334E-03   1.5292377099831631E+03   6.5705701635358243E-02
   1.1000000000000000E+06   3.6775277663337364E-03   1.5407666344091458E+03   6.5398185198469488E-02
   1.2000000000000000E+06   3.6575317640465078E-03   1.5491901219229344E+03   6.5214156267963452E-02
   1.3000000000000000E+06   3.6432291861608007E-03   1.5552719277183910E+03   6.5119915152170998E-02
   1.4000000000000000E+06   3.6331969223630904E-03   1.5595664646205901E+03   6.5091984260320396E-02
   1.5000000000000000E+06   3.6264155818889207E-03   1.5624828295406803E+03   6.5113618169606147E-02
   1.6000000000000000E+06   3.6221397863029051E-03   1.5643272799429092E+03   6.5172634235238294E-02
   1.7000000000000000E+06   3.6198148078507007E-03   1.5653320349956193E+03   6.5260018843671691E-02
   1.8000000000000000E+06   3.6190214453555147E-03   1.5656751873498758E+03   6.5369006295697779E-02
   1.9000000000000000E+06   3.6194386598173058E-03   1.5654947112064667E+03   6.5494454934870883E-02
   2.0000000000000000E+06   3.6208176930699392E-03   1.5648984731612018E+03   6.5632415436271810E-02
   2.1000000000000000E+06   3.6229637938359526E-03   1.5639714890666610E+03   6.5779826360493829E-02
   2.2000000000000000E+06   3.6257230933150939E-03   1.5627812531870566E+03   6.5934295816841182E-02
   2.3000000000000000E+06   3.6289730341753125E-03   1.5613816983811967E+03   6.6093942510593945E-02
   2.4000000000000000E+06   3.6326152942891664E-03   1.5598161711172843E+03   6.6257278450974677E-02
   2.5000000000000000E+06   3.6365704893522367E-03   1.5581196888856421E+03   6.6423121339402910E-02
   2.6000000000000000E+06   3.6407741621339528E-03   1.5563206689423159E+03   6.6590528401351476E-02
   2.7000000000000000E+06   3.6451737142751874E-03   1.5544422635580465E+03   6.6758745908740119E-02
   2.8000000000000000E+06   3.6497260367889819E-03   1.5525033995333333E+03   6.6927170317192697E-02
   2.9000000000000000E+06   3.6543956642588180E-03   1.5505195934029850E+03   6.7095318094483311E-02
   3.0000000000000000E+06   3.6591533252533564E-03   1.5485035951828804E+03   6.7262802114490844E-02
   3.1000000000000000E+06   3.6639747955750099E-03   1.5464658999082935E+03   6.7429313058007451E-02
   3.2000000000000000E+06   3.6688399847704246E-03   1.5444151565620198E+03   6.7594604662526439E-02
   3.3000000000000000E+06   3.6737322037612100E-03   1.5423584968112482E+03   6.7758481953871810E-02
   3.4000000000000000E+06   3.6786375742736818E-03   1.5403018006194764E+03   6.7920791805633859E-02
   3.5000000000000000E+06   3.6835445498975615E-03   1.5382499119327306E+03   6.8081415326684269E-02
   3.6000000000000000E+06   3.6884435257294504E-03   1.5362068145965791E+03   6.8240261694476473E-02
   3.7000000000000000E+06   3.6933265186590964E-03   1.5341757764589404E+03   6.8397263137762732E-02
   3.8000000000000000E+06   3.6981869042656958E-03   1.5321594679123673E+03   6.8552370837749607E-02
   3.9000000000000000E+06   3.7030191995613203E-03   1.5301600597024894E+03   6.8705551568686296E-02
   4.0000000000000000E+06   3.7078188826931255E-03   1.5281793039914173E+03   6.8856784933933948E-02
   4.1000000000000000E+06   3.7125822428704888E-03   1.5262186017188999E+03   6.9006061085814072E-02
   4.2000000000000000E+06   3.7173062550108532E-03   1.5242790587518248E+03   6.9153378839468385E-02
   4.3000000000000000E+06   3.7219884746873999E-03   1.5223615328244948E+03   6.9298744108689650E-02
   4.4000000000000000E+06   3.7266269497690488E-03   1.5204666729068140E+03   6.9442168605555230E-02
   4.5000000000000000E+06   3.7312201460049407E-03   1.5185949522563258E+03   6.9583668758265715E-02
   4.6000000000000000E+06   3.7357668841146423E-03   1.5167466962604860E+03   6.9723264808492003E-02
   4.7000000000000000E+06   3.7402662864010057E-03   1.5149221059692009E+03   6.9860980057055266E-02
   4.8000000000000000E+06   3.7447177315495300E-03   1.5131212779382406E+03   6.9996840234277366E-02
   4.9000000000000000E+06   3.7491208160803330E-03   1.5113442210710564E+03   7.0130872972751931E-02
   5.0000000000000000E+06   3.7534753214573330E-03   1.5095908709159269E+03   7.0263107365959768E-02
   5.1000000000000000E+06   3.7577811861059045E-03   1.5078611017668034E+03   7.0393573599813145E-02
   5.2000000000000000E+06   3.7620384813504305E-03   1.5061547370047786E+03   7.0522302643446735E-02
   5.3000000000000000E+06   3.7662473908590048E-03   1.5044715578781631E+03   7.0649325991348266E-02
   5.4000000000000000E+06   3.7704081930376126E-03   1.5028113109724748E+03   7.0774675448263782E-02
   5.5000000000000000E+06   3.7745212458267681E-03   1.5011737146121404E+03   7.0898382949480129E-02
   5.6000000000000000E+06   3.7785869736960509E-03   1.4995584642948604E+03   7.1020480411887035E-02
   5.7000000000000000E+06   3.7826058564916169E-03   1.4979652373127899E+03   7.1140999611001343E-02
   5.8000000000000000E+06   3.7865784196943297E-03   1.4963936967500113E+03   7.1259972078469819E-02
   5.9000000000000000E+06   3.7905052261529189E-03   1.4948434948422425E+03   7.1377429019026079E-02
   6.0000000000000000E+06   3.7943868689370420E-03   1.4933142758496697E+03   7.1493401242604462E-02
   6.1000000000000000E+06   3.7982239651622096E-03   1.4918056785095951E+03   7.1607919109575605E-02
   6.2000000000000000E+06   3.8020171506824526E-03   1.4903173381169895E+03   7.1721012487015109E-02
   6.3000000000000000E+06   3.8057670754728041E-03   1.4888488883088780E+03   7.1832710714309661E-02
   6.4000000000000000E+06   3.8094743997592949E-03   1.4873999625350516E+03   7.1943042577259711E-02
   6.5000000000000000E+06   3.8131397905647535E-03   1.4859701953494359E+03   7.2052036288109883E-02
   6.6000000000000000E+06   3.8167639188771345E-03   1.4845592234447588E+03   7.2159719472124989E-02
   6.7000000000000000E+06   3.8203474570672807E-03   1.4831666865793211E+03   7.2266119158015188E-02
   6.8000000000000000E+06   3.8238910768435778E-03   1.4817922282863180E+03   7.2371261773422318E-02
   6.9000000000000000E+06   3.8273954473879413E-03   1.4804354965064294E+03   7.2475173142952848E-02
   7.0000000000000000E+06   3.8308612338112473E-03   1.4790961440916021E+03   7.2577878489431508E-02
   7.1000000000000000E+06   3.8342890958194455E-03   1.4777738292238130E+03   7.2679402437169915E-02
   7.2000000000000000E+06   3.8376796867239859E-03   1.4764682156986228E+03   7.2779769018383650E-02
   7.3000000000000000E+06   3.8410336523434525E-03   1.4751789732493498E+03   7.2879001678999522E-02
   7.4000000000000000E+06   3.8443516303513438E-03   1.4739057776986874E+03   7.2977123287808560E-02
   7.5000000000000000E+06   3.8476342496317471E-03   1.4726483111076684E+03   7.3074156146062288E-02
   7.6000000000000000E+06   3.8508821297070011E-03   1.4714062618975393E+03   7.3170121997192930E-02
   7.7000000000000000E+06   3.8540958803553274E-03   1.4701793248998827E+03   7.3265042038168068E-02
   7.8000000000000000E+06   3.8572761013389661E-03   1.4689672013660927E+03   7.3358936931226582E-02
   7.9000000000000000E+06   3.8604233820255904E-03   1.4677695990192435E+03   7.3451826814831367E-02
   8.0000000000000000E+06   3.8635383013029523E-03   1.4665862319960236E+03   7.3543731316549302E-02
   8.1000000000000000E+06   3.8666214274447885E-03   1.4654168208095471E+03   7.3634669565142113E-02
   8.2000000000000000E+06   3.8696733180239875E-03   1.4642610922964454E+03   7.3724660202828765E-02
   8.3000000000000000E+06   3.8726945199003388E-03   1.4631187795380333E+03   7.3813721397874621E-02
   8.4000000000000000E+06   3.8756855691193613E-03   1.4619896218174629E+03   7.3901870856060120E-02
   8.5000000000000000E+06   3.8786469911386880E-03   1.4608733644555609E+03   7.3989125834258276E-02
   8.6000000000000000E+06   3.8815793007680181E-03   1.4597697587574946E+03   7.4075503151769417E-02
   8.7000000000000000E+06   3.8844830022127194E-03   1.4586785619225436E+03   7.4161019201798378E-02
   8.8000000000000000E+06   3.8873585893464567E-03   1.4575995368703091E+03   7.4245689964359429E-02
   8.9000000000000000E+06   3.8902065456583477E-03   1.4565324521917664E+03   7.4329531016746914E-02
   9.0000000000000000E+06   3.8930273445367831E-03   1.4554770819762671E+03   7.4412557545622204E-02
   9.1000000000000000E+06   3.8958214493260515E-03   1.4544332057262088E+03   7.4494784357618499E-02
   9.2000000000000000E+06   3.8985893134791654E-03   1.4534006082378535E+03   7.4576225890120459E-02
   9.3000000000000000E+06   3.9013313808242741E-03   1.4523790794421200E+03   7.4656896222374855E-02
   9.4000000000000000E+06   3.9040480856911753E-03   1.4513684142999136E+03   7.4736809085517941E-02
   9.5000000000000000E+06   3.9067398529537903E-03   1.4503684127306633E+03   7.4815977871821648E-02
   9.6000000000000000E+06   3.9094070984892568E-03   1.4493788793880926E+03   7.4894415646091755E-02
   9.7000000000000000E+06   3.9120502290696914E-03   1.4483996236489206E+03   7.4972135153500458E-02
   9.8000000000000000E+06   3.9146696427433923E-03   1.4474304594216903E+03   7.5049148829867879E-02
   9.9000000000000000E+06   3.9172657289649514E-03   1.4464712050508203E+03   7.5125468810418802E-02
   1.0000000000000000E+07   3.9198388687550394E-03   1.4455216832113897E+03   7.5201106938331597E-02
   1.1000000000000000E+07   3.9443863891196040E-03   1.4365256139992221E+03   7.5922399237577348E-02
   1.2000000000000000E+07   3.9670028041117484E-03   1.4283357888245646E+03   7.6586660670197954E-02
   1.3000000000000000E+07   3.9879571586838294E-03   1.4208307296235525E+03   7.7202026126862736E-02
   1.4000000000000000E+07   4.0074685809625621E-03   1.4139130388688498E+03   7.7775050941803189E-02
   1.5000000000000000E+07   4.0257171677339299E-03   1.4075037672529081E+03   7.8311082985736413E-02
   1.6000000000000000E+07   4.0428523169902027E-03   1.4015382297463093E+03   7.8814535177163622E-02
   1.7000000000000000E+07   4.0589990834482871E-03   1.3959628871525965E+03   7.9289087288820462E-02
   1.8000000000000000E+07   4.0742630425570619E-03   1.3907330038082232E+03   7.9737837245734675E-02
   1.9000000000000000E+07   4.0887340395463082E-03   1.3858108707185424E+03   8.0163415989124229E-02
   2.0000000000000000E+07   4.1024891022089852E-03   1.3811644439053457E+03   8.0568075735505756E-02
   2.1000000000000000E+07   4.1155947254844852E-03   1.3767662895459639E+03   8.0953758589457553E-02
   2.2000000000000000E+07   4.1281086780443855E-03   1.3725927589107166E+03   8.1322150453865052E-02
   2.3000000000000000E+07   4.1400814439883733E-03   1.3686233365548560E+03   8.1674723824648937E-02
   2.4000000000000000E+07   4.1515573832874297E-03   1.3648401205509526E+03   8.2012772084994717E-02
   2.5000000000000000E+07   4.1625756726669438E-03   1.3612274046299551E+03   8.2337437226171997E-02
   2.6000000000000000E+07   4.1731710745206083E-03   1.3577713394198963E+03   8.2649732441535187E-02
   2.7000000000000000E+07   4.1833745701082619E-03   1.3544596556013337E+03   8.2950560684823343E-02
   2.8000000000000000E+07   4.1932138841274972E-03   1.3512814361624703E+03   8.3240730019793693E-02
   2.9000000000000000E+07   4.2027139217595769E-03   1.3482269278770957E+03   8.3520966400414315E-02
   3.0000000000000000E+07   4.2118971360182817E-03   1.3452873839261824E+03   8.3791924382866811E-02
   3.1000000000000000E+07   4.2207838371049839E-03   1.3424549321072652E+03   8.4054196151114008E-02
   3.2000000000000000E+07   4.2293924547099401E-03   1.3397224637241222E+03   8.4308319165128501E-02
   3.3000000000000000E+07   4.2377397624107031E-03   1.3370835391404271E+03   8.4554782680977297E-02
   3.4000000000000000E+07   4.2458410686154538E-03   1.3345323077125765E+03   8.4794033324426379E-02
   3.5000000000000000E+07   4.2537103818648591E-03   1.3320634389302504E+03   8.5026479889636242E-02
   3.6000000000000000E+07   4.2613605531127991E-03   1.3296720633838906E+03   8.5252497481619297E-02
   3.7000000000000000E+07   4.2688033991451629E-03   1.3273537217982173E+03   8.5472431106939070E-02
   3.8000000000000000E+07   4.2760498104026838E-03   1.3251043207437790E+03   8.5686598803249178E-02
   3.9000000000000000E+07   4.2831098446629960E-03   1.3229200942723062E+03   8.5895294369360581E-02
   4.0000000000000000E+07   4.2899928096364103E-03   1.3207975702785484E+03   8.6098789762483252E-02
   4.1000000000000000E+07   4.2967073354353170E-03   1.3187335410886546E+03   8.6297337205450020E-02
   4.2000000000000000E+07   4.3032614386535597E-03   1.3167250375689714E+03   8.6491171047475168E-02
   4.3000000000000000E+07   4.3096625785715844E-03   1.3147693064542075E+03   8.6680509407767004E-02
   4.4000000000000000E+07   4.3159177080311249E-03   1.3128637899968392E+03   8.6865555640921452E-02
   4.5000000000000000E+07   4.3220333177717762E-03   1.3110061082086772E+03   8.7046499635250393E-02
   4.6000000000000000E+07   4.3280154764652372E-03   1.3091940429260906E+03   8.7223518974235026E-02
   4.7000000000000000E+07   4.3338698663318992E-03   1.3074255236639078E+03   8.7396779975197916E-02
   4.8000000000000000E+07   4.3396018152991548E-03   1.3056986149061254E+03   8.7566438621017637E-02
   4.9000000000000000E+07   4.3452163258780978E-03   1.3040115047287466E+03   8.7732641398948291E-02
   5.0000000000000000E+07   4.3507181006636223E-03   1.3023624947375783E+03   8.7895526051102554E-02
   5.1000000000000000E+07   4.3561115663041591E-03   1.3007499907279876E+03   8.8055222260748148E-02
   5.2000000000000000E+07   4.3614008943259818E-03   1.2991724945193052E+03   8.8211852264617349E-02
   5.3000000000000000E+07   4.3665900201610196E-03   1.2976285965292593E+03   8.8365531411662285E-02
   5.4000000000000000E+07   4.3716826610198933E-03   1.2961169688740201E+03   8.8516368671924972E-02
   5.5000000000000000E+07   4.3766823314338567E-03   1.2946363593228598E+03   8.8664467097391758E-02
   5.6000000000000000E+07   4.3815923576515006E-03   1.2931855857346939E+03   8.8809924240506558E-02
   5.7000000000000000E+07   4.3864158909518629E-03   1.2917635309429429E+03   8.8952832540182644E-02
   5.8000000000000000E+07   4.3911559196989332E-03   1.2903691381263232E+03   8.9093279672345982E-02
   5.9000000000000000E+07   4.3958152804233971E-03   1.2890014065683067E+03   8.9231348871361152E-02
   6.0000000000000000E+07   4.4003966674346058E-03   1.2876593879395803E+03   8.9367119222453689E-02
   6.1000000000000000E+07   4.4049026428373229E-03   1.2863421825437770E+03   8.9500665935848558E-02
   6.2000000000000000E+07   4.4093356445342492E-03   1.2850489362278354E+03   8.9632060593617974E-02
   6.3000000000000000E+07   4.4136979945101299E-03   1.2837788372761327E+03   8.9761371380511212E-02
   6.4000000000000000E+07   4.4179919056101507E-03   1.2825311138042198E+03   8.9888663293948234E-02
   6.5000000000000000E+07   4.4222194886147665E-03   1.2813050311202715E+03   9.0013998340154819E-02
   6.6000000000000000E+07   4.4263827579954828E-03   1.2800998895193140E+03   9.0137435713341651E-02
   6.7000000000000000E+07   4.4304836385882472E-03   1.2789150218565587E+03   9.0259031967815512E-02
   6.8000000000000000E+07   4.4345239696306684E-03   1.2777497919245945E+03   9.0378841165776450E-02
   6.9000000000000000E+07   4.4385055105956505E-03   1.2766035923474169E+03   9.0496915026456029E-02
   7.0000000000000000E+07   4.4424299453035953E-03   1.2754758430057777E+03   9.0613303057194339E-02
   7.1000000000000000E+07   4.4462988865936904E-03   1.2743659893321069E+03   9.0728052678591201E-02
   7.2000000000000000E+07   4.4501138798313791E-03   1.2732735009682301E+03   9.0841209339944565E-02
   7.3000000000000000E+07   4.4538764066798320E-03   1.2721978703724571E+03   9.0952816625055999E-02
   7.4000000000000000E+07   4.4575878889999776E-03   1.2711386114142060E+03   9.1062916357597640E-02
   7.5000000000000000E+07   4.4612496915898466E-03   1.2700952583223284E+03   9.1171548689878854E-02
   7.6000000000000000E+07   4.4648631248047511E-03   1.2690673646861230E+03   9.1278752190196072E-02
   7.7000000000000000E+07   4.4684294489284269E-03   1.2680545019769813E+03   9.1384563932986509E-02
   7.8000000000000000E+07   4.4719498747242334E-03   1.2670562591736618E+03   9.1489019563392018E-02
   7.9000000000000000E+07   4.4754255672489690E-03   1.2660722414747295E+03   9.1592153377707403E-02
   8.0000000000000000E+07   4.4788576479045427E-03   1.2651020695268539E+03   9.1693998388286624E-02
   8.1000000000000000E+07   4.4822471962537068E-03   1.2641453787323630E+03   9.1794586386435201E-02
   8.2000000000000000E+07   4.4855952527863060E-03   1.2632018183006028E+03   9.1893948003977183E-02
   8.3000000000000000E+07   4.4889028196857059E-03   1.2622710508749526E+03   9.1992112764431352E-02
   8.4000000000000000E+07   4.4921708635729902E-03   1.2613527516122601E+03   9.2089109139075614E-02
   8.5000000000000000E+07   4.4954003172419316E-03   1.2604466075574360E+03   9.2184964599288516E-02
   8.6000000000000000E+07   4.4985920800510492E-03   1.2595523174032519E+03   9.2279705653149996E-02
   8.7000000000000000E+07   4.5017470211986491E-03   1.2586695904496898E+03   9.2373357902074432E-02
   8.8000000000000000E+07   4.5048659796496481E-03   1.2577981465102068E+03   9.2465946072744970E-02
   8.9000000000000000E+07   4.5079497661656559E-03   1.2569377152354000E+03   9.2557494059556808E-02
   9.0000000000000000E+07   4.5109991645831838E-03   1.2560880356544628E+03   9.2648024962696987E-02
   9.1000000000000000E+07   4.5140149326241396E-03   1.2552488558530897E+03   9.2737561120290218E-02
   9.2000000000000000E+07   4.5169978033229134E-03   1.2544199324852195E+03   9.2826124142874028E-02
   9.3000000000000000E+07   4.5199484861467246E-03   1.2536010303760527E+03   9.2913734946490814E-02
   9.4000000000000000E+07   4.5228676675874288E-03   1.2527919222767498E+03   9.3000413777307875E-02
   9.5000000000000000E+07   4.5257560128679816E-03   1.2519923883147035E+03   9.3086180246392883E-02
   9.6000000000000000E+07   4.5286141661302418E-03   1.2512022158695104E+03   9.3171053351288335E-02
   9.7000000000000000E+07   4.5314427514730323E-03   1.2504211992170269E+03   9.3255051501416747E-02
   9.8000000000000000E+07   4.5342423736925812E-03   1.2496491392597929E+03   9.3338192542003484E-02
   9.9000000000000000E+07   4.5370136199281699E-03   1.2488858430118448E+03   9.3420493783526987E-02
   1.0000000000000000E+08   4.5397570587987039E-03   1.2481311237785903E+03   9.3501972011058060E-02
   1.1000000000000000E+08   4.5657759375263805E-03   1.2410184286331889E+03   9.4274849344596498E-02
   1.2000000000000000E+08   4.5895322097966023E-03   1.2345946864443790E+03   9.4980718886031823E-02
   1.3000000000000000E+08   4.6113879264623701E-03   1.2287433132581957E+03   9.5630275091981021E-02
   1.4000000000000000E+08   4.6316246702456229E-03   1.2233746218429492E+03   9.6231840890021403E-02
   1.5000000000000000E+08   4.6504657593859034E-03   1.2184181913487394E+03   9.6792020733685674E-02
   1.6000000000000000E+08   4.6680912861388800E-03   1.2138177538012351E+03   9.7316143302854152E-02
   1.7000000000000000E+08   4.6846485955624835E-03   1.2095276655003565E+03   9.7808570245127360E-02
   1.8000000000000000E+08   4.7002597721624434E-03   1.2055104088158444E+03   9.8272916852039732E-02
   1.9000000000000000E+08   4.7150271029914115E-03   1.2017347844904923E+03   9.8712213179240754E-02
   2.0000000000000000E+08   4.7290371368137194E-03   1.1981745787891896E+03   9.9129023892895102E-02
   2.1000000000000000E+08   4.7423637572479522E-03   1.1948075621192713E+03   9.9525538957759480E-02
   2.2000000000000000E+08   4.7550705377844889E-03   1.1916147267334227E+03   9.9903643231186556E-02
   2.3000000000000000E+08   4.7672125761571609E-03   1.1885796970370754E+03   1.0026497064304982E-01
   2.4000000000000000E+08   4.7788379349021984E-03   1.1856882691285859E+03   1.0061094683048055E-01
   2.5000000000000000E+08   4.7899887924033905E-03   1.1829280453571114E+03   1.0094282311448108E-01
   2.6000000000000000E+08   4.8007023644184004E-03   1.1802881431427104E+03   1.0126170380093644E-01
   2.7000000000000000E+08   4.8110116528371607E-03   1.1777589597270510E+03   1.0156856833858480E-01
   2.8000000000000000E+08   4.8209460609705650E-03   1.1753319800345323E+03   1.0186428947624174E-01
   2.9000000000000000E+08   4.8305318958293568E-03   1.1729996202638422E+03   1.0214964819842368E-01
   3.0000000000000000E+08   4.8397927894110173E-03   1.1707550975895745E+03   1.0242534616714519E-01
   3.1000000000000000E+08   4.8487500494445107E-03   1.1685923220829573E+03   1.0269201610968173E-01
   3.2000000000000000E+08   4.8574229529349533E-03   1.1665058065525411E+03   1.0295023055160049E-01
   3.3000000000000000E+08   4.8658290006035739E-03   1.1644905891220915E+03   1.0320050925104762E-01
   3.4000000000000000E+08   4.8739841233705417E-03   1.1625421700310790E+03   1.0344332545419627E-01
   3.5000000000000000E+08   4.8819028670881483E-03   1.1606564558421608E+03   1.0367911129778029E-01
   3.6000000000000000E+08   4.8895985481331233E-03   1.1588297124400133E+03   1.0390826243657930E-01
   3.7000000000000000E+08   4.8970833912169954E-03   1.1570585237822711E+03   1.0413114205895189E-01
   3.8000000000000000E+08   4.9043686391411013E-03   1.1553397585693178E+03   1.0434808429922690E-01
   3.9000000000000000E+08   4.9114646606547739E-03   1.1536705384183340E+03   1.0455939729188685E-01
   4.0000000000000000E+08   4.9183810370591573E-03   1.1520482119596425E+03   1.0476536579234447E-01
   4.1000000000000000E+08   4.9251266411290762E-03   1.1504703314961350E+03   1.0496625349109368E-01
   4.2000000000000000E+08   4.9317097000628864E-03   1.1489346340495185E+03   1.0516230500267329E-01
   4.3000000000000000E+08   4.9381378646542826E-03   1.1474390215059141E+03   1.0535374772573586E-01
   4.4000000000000000E+08   4.9444182552995210E-03   1.1459815466474868E+03   1.0554079336048949E-01
   4.5000000000000000E+08   4.9505575150097176E-03   1.1445603979553184E+03   1.0572363937308757E-01
   4.6000000000000000E+08   4.9565618470160944E-03   1.1431738883458777E+03   1.0590247020836088E-01
   4.7000000000000000E+08   4.9624370550971457E-03   1.1418204435782593E+03   1.0607745842032912E-01
   4.8000000000000000E+08   4.9681885738054087E-03   1.1404985932609538E+03   1.0624876566156180E-01
   4.9000000000000000E+08   4.9738215055394755E-03   1.1392069605171002E+03   1.0641654361795810E-01
   5.0000000000000000E+08   4.9793406407245590E-03   1.1379442557389903E+03   1.0658093476964280E-01
   5.1000000000000000E+08   4.9847504876722269E-03   1.1367092682960374E+03   1.0674207315669411E-01
   5.2000000000000000E+08   4.9900552890604051E-03   1.1355008614638266E+03   1.0690008499490819E-01
   5.3000000000000000E+08   4.9952590472444897E-03   1.1343179654728494E+03   1.0705508931057979E-01
   5.4000000000000000E+08   5.0003655379336357E-03   1.1331595733342594E+03   1.0720719844306818E-01
   5.5000000000000000E+08   5.0053783336048872E-03   1.1320247345617513E+03   1.0735651857956499E-01
   5.6000000000000000E+08   5.0103008082348979E-03   1.1309125532277951E+03   1.0750315014492873E-01
   5.7000000000000000E+08   5.0151361596353734E-03   1.1298221821144286E+03   1.0764718824709962E-01
   5.8000000000000000E+08   5.0198874186081288E-03   1.1287528199290357E+03   1.0778872303331322E-01
   5.9000000000000000E+08   5.0245574600108860E-03   1.1277037081526255E+03   1.0792784003326912E-01
   6.0000000000000000E+08   5.0291490128342702E-03   1.1266741281716197E+03   1.0806462045557325E-01
   6.1000000000000000E+08   5.0336646736763701E-03   1.1256633977054053E+03   1.0819914150929577E-01
   6.2000000000000000E+08   5.0381069088453259E-03   1.1246708698325024E+03   1.0833147660918441E-01
   6.3000000000000000E+08   5.0424780683554190E-03   1.1236959293961238E+03   1.0846169566857675E-01
   6.4000000000000000E+08   5.0467803916945074E-03   1.1227379912954218E+03   1.0858986529763992E-01
   6.5000000000000000E+08   5.0510160115244396E-03   1.1217964992690854E+03   1.0871604899567441E-01
   6.6000000000000000E+08   5.0551869659526006E-03   1.1208709228052205E+03   1.0884030737448008E-01
   6.7000000000000000E+08   5.0592951989892167E-03   1.1199607567101939E+03   1.0896269829919730E-01
   6.8000000000000000E+08   5.0633425710759376E-03   1.1190655184676095E+03   1.0908327708350304E-01
   6.9000000000000000E+08   5.0673308551695082E-03   1.1181847488209200E+03   1.0920209658301736E-01
   7.0000000000000000E+08   5.0712617570374012E-03   1.1173180070260028E+03   1.0931920743139772E-01
   7.1000000000000000E+08   5.0751368994954617E-03   1.1164648740891132E+03   1.0943465803652372E-01
   7.2000000000000000E+08   5.0789578455372525E-03   1.1156249474405397E+03   1.0954849483951909E-01
   7.3000000000000000E+08   5.0827260874874809E-03   1.1147978431159497E+03   1.0966076231746913E-01
   7.4000000000000000E+08   5.0864430625946191E-03   1.1139831921346331E+03   1.0977150316926482E-01
   7.5000000000000000E+08   5.0901101438571503E-03   1.1131806423321341E+03   1.0988075833608260E-01
   7.6000000000000000E+08   5.0937286570845505E-03   1.1123898544535605E+03   1.0998856718009722E-01
   7.7000000000000000E+08   5.0972998683490789E-03   1.1116105047426602E+03   1.1009496747169059E-01
   7.8000000000000000E+08   5.1008249993284831E-03   1.1108422814399951E+03   1.1019999554723232E-01
   7.9000000000000000E+08   5.1043052249343263E-03   1.1100848851673281E+03   1.1030368635721324E-01
   8.0000000000000000E+08   5.1077416734592457E-03   1.1093380287658013E+03   1.1040607351817219E-01
   8.1000000000000000E+08   5.1111354336073498E-03   1.1086014356463843E+03   1.1050718941056241E-01
   8.2000000000000000E+08   5.1144875522540828E-03   1.1078748401651642E+03   1.1060706520836999E-01
   8.3000000000000000E+08   5.1177990388058770E-03   1.1071579865711758E+03   1.1070573096494160E-01
   8.4000000000000000E+08   5.1210708684645504E-03   1.1064506282021271E+03   1.1080321566230505E-01
   8.5000000000000000E+08   5.1243039768694831E-03   1.1057525285496024E+03   1.1089954721689835E-01
   8.6000000000000000E+08   5.1274992719721295E-03   1.1050634586050141E+03   1.1099475260819930E-01
   8.7000000000000000E+08   5.1306576276926863E-03   1.1043831981492735E+03   1.1108885786334434E-01
   8.8000000000000000E+08   5.1337798884436700E-03   1.1037115346988421E+03   1.1118188811178754E-01
   8.9000000000000000E+08   5.1368668678552212E-03   1.1030482637067073E+03   1.1127386762773203E-01
   9.0000000000000000E+08   5.1399193569062742E-03   1.1023931867465556E+03   1.1136481989719688E-01
   9.1000000000000000E+08   5.1429381160448349E-03   1.1017461131416067E+03   1.1145476759607137E-01
   9.2000000000000000E+08   5.1459238851617184E-03   1.1011068577634323E+03   1.1154373269593944E-01
   9.3000000000000000E+08   5.1488773735686843E-03   1.1004752431213885E+03   1.1163173640613780E-01
   9.4000000000000000E+08   5.1517992757077174E-03   1.0998510959458588E+03   1.1171879930283847E-01
   9.5000000000000000E+08   5.1546902575436166E-03   1.0992342500479078E+03   1.1180494128253295E-01
   9.6000000000000000E+08   5.1575509673458999E-03   1.0986245439656943E+03   1.1189018162007339E-01
   9.7000000000000000E+08   5.1603820319501264E-03   1.0980218217175159E+03   1.1197453899289965E-01
   9.8000000000000000E+08   5.1631840618578092E-03   1.0974259316723653E+03   1.1205803152277474E-01
   9.9000000000000000E+08   5.1659576418742583E-03   1.0968367284994731E+03   1.1214067673214034E-01
   1.0000000000000000E+09   5.1687033496830345E-03   1.0962540691811398E+03   1.1222249168359545E-01
   1.1000000000000000E+09   5.1947416885828315E-03   1.0907591597737371E+03   1.1299838222995590E-01
   1.2000000000000000E+09   5.2185128617472567E-03   1.0857905747468178E+03   1.1370673886267096E-01
   1.3000000000000000E+09   5.2403802442131222E-03   1.0812597207497170E+03   1.1435838234071054E-01
   1.4000000000000000E+09   5.2606263004130287E-03   1.0770983825700262E+03   1.1496172458992723E-01
   1.5000000000000000E+09   5.2794749360885133E-03   1.0732529556581678E+03   1.1552343444757016E-01
   1.6000000000000000E+09   5.2971066663691476E-03   1.0696805702355368E+03   1.1604888842984774E-01
   1.7000000000000000E+09   5.3136691450486433E-03   1.0663464218053687E+03   1.1654248444911489E-01
   1.8000000000000000E+09   5.3292846654819761E-03   1.0632218834509879E+03   1.1700786565660981E-01
   1.9000000000000000E+09   5.3440556852794802E-03   1.0602831282406232E+03   1.1744808401869178E-01
   2.0000000000000000E+09   5.3580688822965567E-03   1.0575101223878969E+03   1.1786572160930280E-01
   2.1000000000000000E+09   5.3713982366768807E-03   1.0548858658049764E+03   1.1826298238236629E-01
   2.2000000000000000E+09   5.3841073872850668E-03   1.0523958145525396E+03   1.1864176250666590E-01
   2.3000000000000000E+09   5.3962515011752501E-03   1.0500274270474920E+03   1.1900370531492276E-01
   2.4000000000000000E+09   5.4078786912627715E-03   1.0477698193627787E+03   1.1935024422961857E-01
   2.5000000000000000E+09   5.4190311643985732E-03   1.0456134883861801E+03   1.1968263697844631E-01
   2.6000000000000000E+09   5.4297461728404269E-03   1.0435500848681636E+03   1.2000199336527390E-01
   2.7000000000000000E+09   5.4400567460589303E-03   1.0415722379339375E+03   1.2030929749112196E-01
   2.8000000000000000E+09   5.4499923062982262E-03   1.0396734088839200E+03   1.2060542605514332E-01
   2.9000000000000000E+09   5.4595791727614735E-03   1.0378477718117285E+03   1.2089116339332290E-01
   3.0000000000000000E+09   5.4688410072449975E-03   1.0360901097643439E+03   1.2116721421409302E-01
   3.1000000000000000E+09   5.4777991147222510E-03   1.0343957419416090E+03   1.2143421369067520E-01
   3.2000000000000000E+09   5.4864727930914433E-03   1.0327604443086091E+03   1.2169273665607083E-01
   3.3000000000000000E+09   5.4948795464917306E-03   1.0311803983215380E+03   1.2194330477622388E-01
   3.4000000000000000E+09   5.5030353065481583E-03   1.0296521399268306E+03   1.2218639295603551E-01
   3.5000000000000000E+09   5.5109546475618203E-03   1.0281725112702720E+03   1.2242243500894505E-01
   3.6000000000000000E+09   5.5186508675917224E-03   1.0267386387414076E+03   1.2265182777304470E-01
   3.7000000000000000E+09   5.5261362119550751E-03   1.0253478854216628E+03   1.2287493574263565E-01
   3.8000000000000000E+09   5.5334219245431930E-03   1.0239978365553578E+03   1.2309209409085034E-01
   3.9000000000000000E+09   5.5405183730803092E-03   1.0226862719218860E+03   1.2330361188455639E-01
   4.0000000000000000E+09   5.5474351398051430E-03   1.0214111452737496E+03   1.2350977472218566E-01
   4.1000000000000000E+09   5.5541811202103252E-03   1.0201705628327883E+03   1.2371084720131043E-01
   4.2000000000000000E+09   5.5607645258634979E-03   1.0189627798706945E+03   1.2390707452130699E-01
   4.3000000000000000E+09   5.5671929966350266E-03   1.0177861775054389E+03   1.2409868461692394E-01
   4.4000000000000000E+09   5.5734736951240276E-03   1.0166392432133156E+03   1.2428589004324969E-01
   4.5000000000000000E+09   5.5796132333894022E-03   1.0155205822462011E+03   1.2446888856922339E-01
   4.6000000000000000E+09   5.5856178218730837E-03   1.0144288886524829E+03   1.2464786513353318E-01
   4.7000000000000000E+09   5.5914932798193312E-03   1.0133629418693135E+03   1.2482299284753856E-01
   4.8000000000000000E+09   5.5972450267942836E-03   1.0123216068540471E+03   1.2499443365940735E-01
   4.9000000000000000E+09   5.6028781793431336E-03   1.0113038153088144E+03   1.2516233967615245E-01
   5.0000000000000000E+09   5.6083975230225291E-03   1.0103085696440661E+03   1.2532685369492164E-01
   5.1000000000000000E+09   5.6138075535231173E-03   1.0093349345266047E+03   1.2548810995686649E-01
   5.2000000000000000E+09   5.6191125369096425E-03   1.0083820251438630E+03   1.2564623515964310E-01
   5.3000000000000000E+09   5.6243164643692573E-03   1.0074490145382770E+03   1.2580134846777671E-01
   5.4000000000000000E+09   5.6294231244449384E-03   1.0065351198909749E+03   1.2595356257083778E-01
   5.5000000000000000E+09   5.6344360706120531E-03   1.0056396076679079E+03   1.2610298373929268E-01
   5.6000000000000000E+09   5.6393586942344535E-03   1.0047617799650189E+03   1.2624971271207200E-01
   5.7000000000000000E+09   5.6441941760104345E-03   1.0039009826351053E+03   1.2639384469953438E-01
   5.8000000000000000E+09   5.6489455732817526E-03   1.0030565892297010E+03   1.2653547015607317E-01
   5.9000000000000000E+09   5.6536157376198106E-03   1.0022280152109712E+03   1.2667467469665658E-01
   6.0000000000000000E+09   5.6582074058680260E-03   1.0014147013423167E+03   1.2681153967300302E-01
   6.1000000000000000E+09   5.6627231858186996E-03   1.0006161158769428E+03   1.2694614253004505E-01
   6.2000000000000000E+09   5.6671655216152432E-03   9.9983176031626522E+02   1.2707855670062082E-01
   6.3000000000000000E+09   5.6715367927539619E-03   9.9906115159465230E+02   1.2720885236965634E-01
   6.4000000000000000E+09   5.6758392044013112E-03   9.9830384114588162E+02   1.2733709606906157E-01
   6.5000000000000000E+09   5.6800749150786919E-03   9.9755939211969269E+02   1.2746335157445191E-01
   6.6000000000000000E+09   5.6842459568659191E-03   9.9682739319822679E+02   1.2758767957435160E-01
   6.7000000000000000E+09   5.6883542924666347E-03   9.9610744833250897E+02   1.2771013812885712E-01
   6.8000000000000000E+09   5.6924017505761790E-03   9.9539918785716145E+02   1.2783078247062160E-01
   6.9000000000000000E+09   5.6963900907399199E-03   9.9470225690674454E+02   1.2794966540330674E-01
   7.0000000000000000E+09   5.7003210834144667E-03   9.9401630128634417E+02   1.2806683813093395E-01
   7.1000000000000000E+09   5.7041963024517276E-03   9.9334100354239433E+02   1.2818234876512380E-01
   7.2000000000000000E+09   5.7080173046085607E-03   9.9267605143828234E+02   1.2829624378593721E-01
   7.3000000000000000E+09   5.7117856191577733E-03   9.9202113967220657E+02   1.2840856801529840E-01
   7.4000000000000000E+09   5.7155026528773112E-03   9.9137598626215618E+02   1.2851936396478097E-01
   7.5000000000000000E+09   5.7191697878802043E-03   9.9074031540168357E+02   1.2862867275225004E-01
   7.6000000000000000E+09   5.7227883771312224E-03   9.9011385815399137E+02   1.2873653396731857E-01
   7.7000000000000000E+09   5.7263596301962922E-03   9.8949637211066738E+02   1.2884298503778191E-01
   7.8000000000000000E+09   5.7298848220859238E-03   9.8888760514691626E+02   1.2894806270600717E-01
   7.9000000000000000E+09   5.7333651041380478E-03   9.8828732804590334E+02   1.2905180181041634E-01
   8.0000000000000000E+09   5.7368015992352323E-03   9.8769531793387648E+02   1.2915423599679990E-01
   8.1000000000000000E+09   5.7401954133722011E-03   9.8711135622323275E+02   1.2925539781642359E-01
   8.2000000000000000E+09   5.7435475797797224E-03   9.8653523815633218E+02   1.2935531840190082E-01
   8.3000000000000000E+09   5.7468591032996735E-03   9.8596676508509586E+02   1.2945402776483519E-01
   8.4000000000000000E+09   5.7501309780925722E-03   9.8540574137666067E+02   1.2955155509780394E-01
   8.5000000000000000E+09   5.7533641313513304E-03   9.8485198400772060E+02   1.2964792828561567E-01
   8.6000000000000000E+09   5.7565594548095664E-03   9.8430531708417118E+02   1.2974317423211607E-01
   8.7000000000000000E+09   5.7597178464967296E-03   9.8376556464942314E+02   1.2983731912911955E-01
   8.8000000000000000E+09   5.7628401562465877E-03   9.8323255996235923E+02   1.2993038823586811E-01
   8.9000000000000000E+09   5.7659271803137515E-03   9.8270614634642141E+02   1.3002240570599624E-01
   9.0000000000000000E+09   5.7689796968741405E-03   9.8218617107465116E+02   1.3011339496432511E-01
   9.1000000000000000E+09   5.7719984846380783E-03   9.8167248216724056E+02   1.3020337886526820E-01
   9.2000000000000000E+09   5.7749842814155327E-03   9.8116493541197019E+02   1.3029237936598648E-01
   9.3000000000000000E+09   5.7779378289664566E-03   9.8066338669721733E+02   1.3038041791917243E-01
   9.4000000000000000E+09   5.7808597503184152E-03   9.8016771279879481E+02   1.3046751468494930E-01
   9.5000000000000000E+09   5.7837507658709672E-03   9.7967777465717722E+02   1.3055368987665691E-01
   9.6000000000000000E+09   5.7866114888480780E-03   9.7919345205740922E+02   1.3063896258956192E-01
   9.7000000000000000E+09   5.7894425944356757E-03   9.7871461493134052E+02   1.3072335188489692E-01
   9.8000000000000000E+09   5.7922446489872157E-03   9.7824115223982494E+02   1.3080687556433623E-01
   9.9000000000000000E+09   5.7950182554825803E-03   9.7777294732755945E+02   1.3088955131994162E-01
   1.0000000000000000E+10   5.7977640001348977E-03   9.7730988694061648E+02   1.3097139624947424E-01
   1.1000000000000000E+10   5.8238025581273519E-03   9.7294027792422082E+02   1.3174755588346276E-01
   1.2000000000000000E+10   5.8475738944909926E-03   9.6898511788253938E+02   1.3245613642110524E-01
   1.3000000000000000E+10   5.8694414243280783E-03   9.6537501098392340E+02   1.3310796926363966E-01
   1.4000000000000000E+10   5.8896875372345401E-03   9.6205648324439676E+02   1.3371147320942858E-01
   1.5000000000000000E+10   5.9085362778665993E-03   9.5898744003753802E+02   1.3427332355849766E-01
   1.6000000000000000E+10   5.9261681019458371E-03   9.5613421388092786E+02   1.3479890040077724E-01
   1.7000000000000000E+10   5.9427306271939524E-03   9.5346944610809237E+02   1.3529260450164163E-01
   1.8000000000000000E+10   5.9583461833558693E-03   9.5097060578794390E+02   1.3575808170370907E-01
   1.9000000000000000E+10   5.9731172676045392E-03   9.4861892469634927E+02   1.3619838621135769E-01
   2.0000000000000000E+10   5.9871304644018488E-03   9.4639863172687740E+02   1.3661610090270107E-01
   2.1000000000000000E+10   6.0004598637258483E-03   9.4429630531049156E+02   1.3701343165476040E-01
   2.2000000000000000E+10   6.0131690616580013E-03   9.4230047773143406E+02   1.3739227542915600E-01
   2.3000000000000000E+10   6.0253131884407439E-03   9.4040125422037022E+02   1.3775427616686189E-01
   2.4000000000000000E+10   6.0369403773795939E-03   9.3859003489772749E+02   1.3810086806296371E-01
   2.5000000000000000E+10   6.0480929072815404E-03   9.3685929868214077E+02   1.3843331000694756E-01
   2.6000000000000000E+10   6.0588079697390619E-03   9.3520245364770051E+02   1.3875271172059248E-01
   2.7000000000000000E+10   6.0691184885859938E-03   9.3361368543660592E+02   1.3906005718946113E-01
   2.8000000000000000E+10   6.0790540647836311E-03   9.3208779180053045E+02   1.3935622450147911E-01
   2.9000000000000000E+10   6.0886409610958498E-03   9.3062016888254709E+02   1.3964199801539490E-01
   3.0000000000000000E+10   6.0979027749202960E-03   9.2920669427273299E+02   1.3991808233441816E-01
   3.1000000000000000E+10   6.1068609471620272E-03   9.2784363824648892E+02   1.4018511367896394E-01
   3.2000000000000000E+10   6.1155346037676181E-03   9.2652767854332990E+02   1.4044366596841848E-01
   3.3000000000000000E+10   6.1239413106111288E-03   9.2525577762513910E+02   1.4069426141587588E-01
   3.4000000000000000E+10   6.1320971511157280E-03   9.2402516461260780E+02   1.4093737623104963E-01
   3.5000000000000000E+10   6.1400165077345054E-03   9.2283336247427906E+02   1.4117344293167508E-01
   3.6000000000000000E+10   6.1477126952683599E-03   9.2167808750094378E+02   1.4140285867772556E-01
   3.7000000000000000E+10   6.1551980575092801E-03   9.2055723090299136E+02   1.4162598866131562E-01
   3.8000000000000000E+10   6.1624838060942459E-03   9.1946887939514659E+02   1.4184316796538335E-01
   3.9000000000000000E+10   6.1695802334347039E-03   9.1841128003707684E+02   1.4205470534216433E-01
   4.0000000000000000E+10   6.1764970276331505E-03   9.1738279062226331E+02   1.4226088707755019E-01
   4.1000000000000000E+10   6.1832430323770721E-03   9.1638191314985534E+02   1.4246197754795373E-01
   4.2000000000000000E+10   6.1898263810242493E-03   9.1540727165639964E+02   1.4265822150891044E-01
   4.3000000000000000E+10   6.1962549208289894E-03   9.1445754764430160E+02   1.4284984807541548E-01
   4.4000000000000000E+10   6.2025355271404887E-03   9.1353157989769181E+02   1.4303706833426913E-01
   4.5000000000000000E+10   6.2086750596103985E-03   9.1262822181513468E+02   1.4322008162154620E-01
   4.6000000000000000E+10   6.2146797220782859E-03   9.1174643471173829E+02   1.4339907271840274E-01
   4.7000000000000000E+10   6.2205551515382724E-03   9.1088527333111494E+02   1.4357421375076634E-01
   4.8000000000000000E+10   6.2263069219972503E-03   9.1004381095666054E+02   1.4374566775481715E-01
   4.9000000000000000E+10   6.2319400549905035E-03   9.0922121032642849E+02   1.4391358602472207E-01
   5.0000000000000000E+10   6.2374593766273507E-03   9.0841667052972207E+02   1.4407811174243298E-01
   5.1000000000000000E+10   6.2428694352896930E-03   9.0762943838777869E+02   1.4423937975865195E-01
   5.2000000000000000E+10   6.2481744922407659E-03   9.0685880916365954E+02   1.4439751636693687E-01
   5.3000000000000000E+10   6.2533783735039088E-03   9.0610414739789815E+02   1.4455263993520223E-01
   5.4000000000000000E+10   6.2584849908084638E-03   9.0536481078118868E+02   1.4470486387250858E-01
   5.5000000000000000E+10   6.2634979705155046E-03   9.0464020362951715E+02   1.4485429524220805E-01
   5.6000000000000000E+10   6.2684205453565223E-03   9.0392979195972930E+02   1.4500103333593817E-01
   5.7000000000000000E+10   6.2732560740562529E-03   9.0323302804638615E+02   1.4514517470318894E-01
   5.8000000000000000E+10   6.2780075185292902E-03   9.0254942555526009E+02   1.4528680937224131E-01
   5.9000000000000000E+10   6.2826776043434177E-03   9.0187853592280135E+02   1.4542602184888850E-01
   6.0000000000000000E+10   6.2872692764223423E-03   9.0121988264903302E+02   1.4556289522450117E-01
   6.1000000000000000E+10   6.2917851512000892E-03   9.0057303981517009E+02   1.4569750672828127E-01
   6.2000000000000000E+10   6.2962274551502349E-03   8.9993764041121540E+02   1.4582992825496735E-01
   6.3000000000000000E+10   6.3005986712441195E-03   8.9931328356791857E+02   1.4596023099954991E-01
   6.4000000000000000E+10   6.3049011265142131E-03   8.9869959350383806E+02   1.4608848238835506E-01
   6.5000000000000000E+10   6.3091368458765588E-03   8.9809624008765320E+02   1.4621474492576511E-01
   6.6000000000000000E+10   6.3133079248901599E-03   8.9750288547485923E+02   1.4633907988677891E-01
   6.7000000000000000E+10   6.3174162755248947E-03   8.9691922019329434E+02   1.4646154503962233E-01
   6.8000000000000000E+10   6.3214636469031398E-03   8.9634495996130102E+02   1.4658219518343407E-01
   6.9000000000000000E+10   6.3254519772213370E-03   8.9577979563909105E+02   1.4670108438232377E-01
   7.0000000000000000E+10   6.3293829966875681E-03   8.9522344949666990E+02   1.4681826331987269E-01
   7.1000000000000000E+10   6.3332582463973908E-03   8.9467567230554357E+02   1.4693377996253157E-01
   7.2000000000000000E+10   6.3370792643820768E-03   8.9413621687320369E+02   1.4704768079056521E-01
   7.3000000000000000E+10   6.3408474570499657E-03   8.9360485611120180E+02   1.4716000979597263E-01
   7.4000000000000000E+10   6.3445645753095635E-03   8.9308131586063155E+02   1.4727081174665499E-01
   7.5000000000000000E+10   6.3482316711319584E-03   8.9256542183972738E+02   1.4738012558954933E-01
   7.6000000000000000E+10   6.3518504314711540E-03   8.9205691170027467E+02   1.4748799298320886E-01
   7.7000000000000000E+10   6.3554216345327328E-03   8.9155565205813593E+02   1.4759444869310209E-01
   7.8000000000000000E+10   6.3589467274322012E-03   8.9106141667085171E+02   1.4769953037524500E-01
   7.9000000000000000E+10   6.3624269494259563E-03   8.9057400965388581E+02   1.4780327412947880E-01
   8.0000000000000000E+10   6.3658636489086857E-03   8.9009322096485437E+02   1.4790571422326823E-01
   8.1000000000000000E+10   6.3692573897968273E-03   8.8961895127007267E+02   1.4800688004031148E-01
   8.2000000000000000E+10   6.3726095304686061E-03   8.8915099103264095E+02   1.4810680460552181E-01
   8.3000000000000000E+10   6.3759210565544787E-03   8.8868918376197894E+02   1.4820551845494645E-01
   8.4000000000000000E+10   6.3791927946111630E-03   8.8823339596614164E+02   1.4830304892916393E-01
   8.5000000000000000E+10   6.3824260235772513E-03   8.8778343196595165E+02   1.4839942671504575E-01
   8.6000000000000000E+10   6.3856212096118515E-03   8.8733920999749262E+02   1.4849467581269221E-01
   8.7000000000000000E+10   6.3887797431170157E-03   8.8690052049215433E+02   1.4858882546469471E-01
   8.8000000000000000E+10   6.3919021025922755E-03   8.8646728134059606E+02   1.4868189875104937E-01
   8.9000000000000000E+10   6.3949890957881667E-03   8.8603936529181328E+02   1.4877391983348737E-01
   9.0000000000000000E+10   6.3980416419736992E-03   8.8561663029943520E+02   1.4886491288038489E-01
   9.1000000000000000E+10   6.4010603667132007E-03   8.8519897561748587E+02   1.4895489996858857E-01
   9.2000000000000000E+10   6.4040461224905551E-03   8.8478626966487309E+02   1.4904390388123906E-01
   9.3000000000000000E+10   6.4069997781064560E-03   8.8437837922866652E+02   1.4913194644999189E-01
   9.4000000000000000E+10   6.4099216555123977E-03   8.8397524712449342E+02   1.4921904597771657E-01
   9.5000000000000000E+10   6.4128128283646038E-03   8.8357671292352552E+02   1.4930522552364833E-01
   9.6000000000000000E+10   6.4156735513662055E-03   8.8318272962526362E+02   1.4939050141523938E-01
   9.7000000000000000E+10   6.4185045993938594E-03   8.8279317896185830E+02   1.4947489369565053E-01
   9.8000000000000000E+10   6.4213065218106510E-03   8.8240797417695637E+02   1.4955841924213126E-01
   9.9000000000000000E+10   6.4240803395721937E-03   8.8202696416738002E+02   1.4964109965561076E-01
   1.0000000000000000E+11   6.4268258476277620E-03   8.8165016663267727E+02   1.4972294583109916E-01
