   1.0000000000000000E+00   0.0000000000000000E+00   1.0000000000000000E+30
   2.0000000000000000E+00   0.0000000000000000E+00   1.0000000000000000E+30
   3.0000000000000000E+00   0.0000000000000000E+00   1.0000000000000000E+30
   4.0000000000000000E+00   0.0000000000000000E+00   1.0000000000000000E+30
   5.0000000000000000E+00   0.0000000000000000E+00   1.0000000000000000E+30
   6.0000000000000000E+00   0.0000000000000000E+00   1.0000000000000000E+30
   7.0000000000000000E+00   0.0000000000000000E+00   1.0000000000000000E+30
   7.6489999999999991E+00   0.0000000000000000E+00   1.0000000000000000E+30
   7.6509999999999998E+00   0.0000000000000000E+00   1.0000000000000000E+30
   8.0000000000000000E+00   1.3919766083079620E-02   6.7152801297722465E+02
   9.0000000000000000E+00   1.8051483387146693E-02   5.1782519244562411E+02
   1.0000000000000000E+01   2.2864770806018637E-02   4.0881725595157508E+02
   1.1000000000000000E+01   2.8402184822744866E-02   3.2911245797515562E+02
   1.2000000000000000E+01   3.4690972755974304E-02   2.6945087197845845E+02
   1.3000000000000000E+01   4.1731732462820317E-02   2.2399052968160666E+02
   1.3619000000000000E+01   4.6451402125393400E-02   2.0123209270723513E+02
   1.3620999999999999E+01   4.6467076492172112E-02   2.0116421269698156E+02
   1.4000000000000000E+01   4.9484418226641153E-02   1.8889810558277432E+02
   1.5000000000000000E+01   5.7852919709076370E-02   1.6157374434832059E+02
   1.6000000000000000E+01   6.6670937193857208E-02   1.4020371172672617E+02
   1.7000000000000000E+01   7.5693577887395225E-02   1.2349149187773835E+02
   1.8000000000000000E+01   8.4600238317764642E-02   1.1049038448057659E+02
   1.9000000000000000E+01   9.3013719592037886E-02   1.0049606552535271E+02
   2.0000000000000000E+01   1.0053709127024726E-01   9.2975763877550193E+01
   2.1000000000000000E+01   1.0680374875887902E-01   8.7520456608515133E+01
   2.2000000000000000E+01   1.1152964375019646E-01   8.3811913537666598E+01
   2.3000000000000000E+01   1.1455349341587684E-01   8.1599544284021633E+01
   2.4000000000000000E+01   1.1585357723110119E-01   8.0683851826448901E+01
   2.5000000000000000E+01   1.1553772384143472E-01   8.0904422798798208E+01
   2.6000000000000000E+01   1.1381211715838092E-01   8.2131086673927925E+01
   2.7000000000000000E+01   1.1094006455477577E-01   8.4257323054494549E+01
   2.8000000000000000E+01   1.0720204281844556E-01   8.7195286704647160E+01
   2.8478999999999996E+01   1.0518393078759720E-01   8.8868259522969240E+01
   2.8480999999999998E+01   1.0517525546583296E-01   8.8875589771349198E+01
   2.9000000000000000E+01   1.0286459656506770E-01   9.0872012052906754E+01
   3.0000000000000000E+01   9.8160848381967730E-02   9.5226488085196422E+01
   3.1000000000000000E+01   9.3281678461208425E-02   1.0020738276879767E+02
   3.2000000000000000E+01   8.8374791996149560E-02   1.0577125725269586E+02
   3.3000000000000000E+01   8.3548592507142208E-02   1.1188115297189648E+02
   3.4000000000000000E+01   7.8878327167348647E-02   1.1850546524708230E+02
   3.5000000000000000E+01   7.4412778263638166E-02   1.2561703886072868E+02
   3.6000000000000000E+01   7.0180507769439765E-02   1.3319243698816064E+02
   3.7000000000000000E+01   6.6195196696430342E-02   1.4121134652330898E+02
   3.8000000000000000E+01   6.2459955801638635E-02   1.4965609147345876E+02
   3.9000000000000000E+01   5.8970665413801499E-02   1.5851123254733582E+02
   4.0000000000000000E+01   5.5718482107558129E-02   1.6776323591934761E+02
   4.1000000000000000E+01   5.2691670993752979E-02   1.7740019784125738E+02
   4.2000000000000000E+01   4.9876913334026947E-02   1.8741161459366367E+02
   4.3000000000000000E+01   4.7260217534839687E-02   1.9778818944257597E+02
   4.4000000000000000E+01   4.4827536922484076E-02   2.0852166995126171E+02
   4.5000000000000000E+01   4.2565174697688973E-02   2.1960471031229517E+02
   4.6000000000000000E+01   4.0460036947374517E-02   2.3103075439689604E+02
   4.7000000000000000E+01   3.8499778913690483E-02   2.4279393603359773E+02
   4.8000000000000000E+01   3.6672877569545050E-02   2.5488899367528376E+02
   4.9000000000000000E+01   3.4968654359559766E-02   2.6731119712997452E+02
   5.0000000000000000E+01   3.3377265135850702E-02   2.8005628444488724E+02
   5.1000000000000000E+01   3.1889669309763391E-02   2.9312040736704574E+02
   5.2000000000000000E+01   3.0497586606285560E-02   3.0650008407392136E+02
   5.3000000000000000E+01   2.9193447193448699E-02   3.2019215808730866E+02
   5.3999000000000002E+01   2.7971523872961025E-02   3.3417960713660284E+02
   5.4000999999999998E+01   3.3809951884411105E-02   2.7647223192849674E+02
   5.5000000000000000E+01   3.4265726170423970E-02   2.7279482747242668E+02
   5.6000000000000000E+01   3.5088273234493345E-02   2.6639991077387072E+02
   5.7000000000000000E+01   3.6204526156047551E-02   2.5818630572842972E+02
   5.8000000000000000E+01   3.7497862750801719E-02   2.4928121693224688E+02
   5.9000000000000000E+01   3.8886357441801286E-02   2.4038026376906208E+02
   6.0000000000000000E+01   4.0291248461699077E-02   2.3199859065583394E+02
   6.1000000000000000E+01   4.1691925521670614E-02   2.2420439310291809E+02
   6.2000000000000000E+01   4.3014826587302921E-02   2.1730909085281337E+02
   6.3000000000000000E+01   4.4261263627191128E-02   2.1118947117306749E+02
   6.4000000000000000E+01   4.5372132688857959E-02   2.0601881165647063E+02
   6.5000000000000000E+01   4.6368105895015062E-02   2.0159358849038415E+02
   6.6000000000000000E+01   4.7222506390176708E-02   1.9794613995378069E+02
   6.7000000000000000E+01   4.7936277883999595E-02   1.9499872062445385E+02
   6.8000000000000000E+01   4.8507859121870653E-02   1.9270099790208482E+02
   6.9000000000000000E+01   4.8934100192920965E-02   1.9102247353125904E+02
   7.0000000000000000E+01   4.9252242298025564E-02   1.8978857454481718E+02
   7.1000000000000000E+01   4.9447576559088970E-02   1.8903884698389845E+02
   7.2000000000000000E+01   4.9556792415616543E-02   1.8862223326489135E+02
   7.3000000000000000E+01   4.9599261726020319E-02   1.8846072569613298E+02
   7.4000000000000000E+01   4.9516343124150430E-02   1.8877631644650256E+02
   7.5000000000000000E+01   4.9392054855225145E-02   1.8925134591539182E+02
   7.6000000000000000E+01   4.9208909056471212E-02   1.8995570188624166E+02
   7.7000000000000000E+01   4.8977623536564249E-02   1.9085272383417779E+02
   7.8000000000000000E+01   4.8702108202267877E-02   1.9193240711585753E+02
   7.9000000000000000E+01   4.8390390147790667E-02   1.9316878475932265E+02
   8.0000000000000000E+01   4.8036114265938248E-02   1.9459344290690092E+02
   8.1000000000000000E+01   4.7690069689304726E-02   1.9600543508902766E+02
   8.2000000000000000E+01   4.7282841566730946E-02   1.9769355117301791E+02
   8.3000000000000000E+01   4.6885128218314455E-02   1.9937052993334592E+02
   8.4000000000000000E+01   4.6437193275143868E-02   2.0129366569365001E+02
   8.5000000000000000E+01   4.5989995024344685E-02   2.0325100826669237E+02
   8.6000000000000000E+01   4.5549477493361544E-02   2.0521668684872498E+02
   8.7000000000000000E+01   4.5087254052135144E-02   2.0732051785787482E+02
   8.8000000000000000E+01   4.4606476499379474E-02   2.0955505999242638E+02
   8.9000000000000000E+01   4.4127901860823354E-02   2.1182772043773338E+02
   9.0000000000000000E+01   4.3660623491429768E-02   2.1409480926705191E+02
   9.1000000000000000E+01   4.3154401347138424E-02   2.1660624564539481E+02
   9.1998999999999995E+01   4.2641364366070356E-02   2.1921233051154476E+02
   9.2001000000000005E+01   4.5568401032642175E-02   2.0513146494173202E+02
   9.3000000000000000E+01   4.5068712667200021E-02   2.0740581005503466E+02
   9.4000000000000000E+01   4.4578812972741987E-02   2.0968510006297882E+02
   9.5000000000000000E+01   4.4056803129143521E-02   2.1216956735326207E+02
   9.6000000000000000E+01   4.3535297053759095E-02   2.1471113077132671E+02
   9.7000000000000000E+01   4.3029431783400962E-02   2.1723533106203183E+02
   9.8000000000000000E+01   4.2524962237456589E-02   2.1981237294656083E+02
   9.9000000000000000E+01   4.1998989445434065E-02   2.2256518507481471E+02
   1.0000000000000000E+02   4.1481565519847621E-02   2.2534137132326242E+02
   1.1000000000000000E+02   3.6404418080232752E-02   2.5676863830859673E+02
   1.2000000000000000E+02   3.1663821537190738E-02   2.9521114019352029E+02
   1.3000000000000000E+02   2.7498311285179430E-02   3.3993043288866198E+02
   1.4000000000000000E+02   2.3930896503141879E-02   3.9060437446006216E+02
   1.5000000000000000E+02   2.0926352425697226E-02   4.4668620066818841E+02
   1.6000000000000000E+02   1.8387750495781723E-02   5.0835543265733389E+02
   1.7000000000000000E+02   1.6248954108614745E-02   5.7526858629765161E+02
   1.8000000000000000E+02   1.4433441165559906E-02   6.4762884690191697E+02
   1.9000000000000000E+02   1.2866758748674071E-02   7.2648543751094201E+02
   2.0000000000000000E+02   1.1520952671095756E-02   8.1134895053684670E+02
   2.1000000000000000E+02   1.0349685723945921E-02   9.0316876359356638E+02
   2.2000000000000000E+02   9.3405222352275323E-03   1.0007484189293319E+03
   2.3000000000000000E+02   8.4493780713884685E-03   1.1062959640226120E+03
   2.4000000000000000E+02   7.6788742726028028E-03   1.2173025012571047E+03
   2.5000000000000000E+02   6.9934081325599366E-03   1.3366176664790999E+03
   2.6000000000000000E+02   6.3931236556859505E-03   1.4621198278504564E+03
   2.7000000000000000E+02   5.8604870592692624E-03   1.5950061427221638E+03
   2.8000000000000000E+02   5.3821607244486785E-03   1.7367584019586732E+03
   2.9000000000000000E+02   4.9570420769049703E-03   1.8857037551544313E+03
   3.0000000000000000E+02   4.5798205153248766E-03   2.0410216574208134E+03
   3.1000000000000000E+02   4.2347953943653385E-03   2.2073115672402205E+03
   3.2000000000000000E+02   3.9261466995944676E-03   2.3808363706439518E+03
   3.3000000000000000E+02   3.6490532063476635E-03   2.5616269016351630E+03
   3.4000000000000000E+02   3.3957331710561586E-03   2.7527230168002015E+03
   3.5000000000000000E+02   3.1646703977161921E-03   2.9537081857320513E+03
   3.6000000000000000E+02   2.9556040108875271E-03   3.1626404702540963E+03
   3.7000000000000000E+02   2.7663513809491154E-03   3.3790041725180836E+03
   3.8000000000000000E+02   2.5913601339595011E-03   3.6071840175281136E+03
   3.9000000000000000E+02   2.4313802617502416E-03   3.8445293835483253E+03
   4.0000000000000000E+02   2.2845564921434875E-03   4.0916094178559401E+03
   4.1000000000000000E+02   2.1508773475241126E-03   4.3459069712358069E+03
   4.2000000000000000E+02   2.0274256439925141E-03   4.6105330109520592E+03
   4.3000000000000000E+02   1.9121820620549720E-03   4.8884010808221346E+03
   4.4000000000000000E+02   1.8054334779082277E-03   5.1774341028107201E+03
   4.5000000000000000E+02   1.7075981727394628E-03   5.4740705442909975E+03
   4.6000000000000000E+02   1.6169660222380240E-03   5.7808962775485152E+03
   4.7000000000000000E+02   1.5329020717775922E-03   6.0979191241085673E+03
   4.8000000000000000E+02   1.4536628207325621E-03   6.4303170759830100E+03
   4.9000000000000000E+02   1.3800325327008227E-03   6.7734003636743764E+03
   5.0000000000000000E+02   1.3114782029390432E-03   7.1274633752435229E+03
   5.1000000000000000E+02   1.2478416782523098E-03   7.4909445819842085E+03
   5.2000000000000000E+02   1.1885480925203176E-03   7.8646484039672396E+03
   5.3000000000000000E+02   1.1328935840006216E-03   8.2510069709010677E+03
   5.3799900000000002E+02   1.0886893076812387E-03   8.5860243073270958E+03
   5.3800099999999998E+02   3.4706825005624865E-03   2.6932780101214357E+03
   5.4000000000000000E+02   3.4744835498964552E-03   2.6903315916279967E+03
   5.5000000000000000E+02   3.3858767453309930E-03   2.7607363061186793E+03
   5.6000000000000000E+02   3.2845219667667642E-03   2.8459279473413840E+03
   5.7000000000000000E+02   3.1890813145142582E-03   2.9310989394768631E+03
   5.8000000000000000E+02   3.0909972881313229E-03   3.0241090455725716E+03
   5.9000000000000000E+02   2.9885491961666993E-03   3.1277761366177037E+03
   6.0000000000000000E+02   2.8819572028118837E-03   3.2434599825972400E+03
   6.1000000000000000E+02   2.7733639756952312E-03   3.3704601851024527E+03
   6.2000000000000000E+02   2.6628842868574015E-03   3.5102962997726327E+03
   6.3000000000000000E+02   2.5586855763150809E-03   3.6532479587977145E+03
   6.4000000000000000E+02   2.4585222975397540E-03   3.8020858579286792E+03
   6.5000000000000000E+02   2.3643710766676207E-03   3.9534880760141696E+03
   6.6000000000000000E+02   2.2730647012855010E-03   4.1122951113498275E+03
   6.7000000000000000E+02   2.1885979700467422E-03   4.2710049935203888E+03
   6.8000000000000000E+02   2.1082594142646542E-03   4.4337583864832732E+03
   6.9000000000000000E+02   2.0341858656142552E-03   4.5952108000001226E+03
   7.0000000000000000E+02   1.9645954905402165E-03   4.7579834647324169E+03
   7.1000000000000000E+02   1.8960357902772745E-03   4.9300297530307962E+03
   7.2000000000000000E+02   1.8327621552109486E-03   5.1002323636491365E+03
   7.3000000000000000E+02   1.7714702013604490E-03   5.2766977687231456E+03
   7.4000000000000000E+02   1.7130453408765417E-03   5.4566640098943490E+03
   7.5000000000000000E+02   1.6583911346126309E-03   5.6364947109184986E+03
   7.6000000000000000E+02   1.6046989663361735E-03   5.8250881037334593E+03
   7.7000000000000000E+02   1.5546915042330680E-03   6.0124550969932561E+03
   7.8000000000000000E+02   1.5055680608838098E-03   6.2086285580413924E+03
   7.9000000000000000E+02   1.4579826733039998E-03   6.4112647084449954E+03
   8.0000000000000000E+02   1.4125581465657300E-03   6.6174358072298010E+03
   8.1000000000000000E+02   1.3688773857743379E-03   6.8285976202248239E+03
   8.2000000000000000E+02   1.3264436533554280E-03   7.0470485762680983E+03
   8.3000000000000000E+02   1.2868076523442761E-03   7.2641104067489359E+03
   8.4000000000000000E+02   1.2477334181127601E-03   7.4915945370900290E+03
   8.5000000000000000E+02   1.2107741547776551E-03   7.7202778255493786E+03
   8.6000000000000000E+02   1.1744041082576819E-03   7.9593666210398151E+03
   8.7000000000000000E+02   1.1401242475338772E-03   8.1986791168569325E+03
   8.8000000000000000E+02   1.1066398488097898E-03   8.4467524542258561E+03
   8.9000000000000000E+02   1.0750096253611984E-03   8.6952829429201629E+03
   9.0000000000000000E+02   1.0441288867481574E-03   8.9524511557095066E+03
   9.1000000000000000E+02   1.0147589556537061E-03   9.2115598554698845E+03
   9.2000000000000000E+02   9.8687558182548873E-04   9.4718250517329780E+03
   9.3000000000000000E+02   9.5970761706842475E-04   9.7399590173428496E+03
   9.4000000000000000E+02   9.3301709259989408E-04   1.0018586940171650E+04
   9.5000000000000000E+02   9.0809805642740721E-04   1.0293506073179728E+04
   9.6000000000000000E+02   8.8353819484868180E-04   1.0579636413431017E+04
   9.7000000000000000E+02   8.6032807611445550E-04   1.0865056155199401E+04
   9.8000000000000000E+02   8.3790670380199273E-04   1.1155791947318219E+04
   9.9000000000000000E+02   8.1626381948994358E-04   1.1451582975610969E+04
   1.0000000000000000E+03   7.9499968109472588E-04   1.1757882526451538E+04
   1.1000000000000000E+03   6.1880278093429195E-04   1.5105802926038878E+04
   1.2000000000000000E+03   4.9035795749909148E-04   1.9062631116566597E+04
   1.3000000000000000E+03   3.9538075014284896E-04   2.3641800607391779E+04
   1.3079990000000000E+03   3.8804653539420506E-04   2.4088638877763355E+04
   1.3080010000000000E+03   1.4148357346736157E-03   6.6067831266889598E+03
   1.4000000000000000E+03   1.2120196578735128E-03   7.7123442661634908E+03
   1.5000000000000000E+03   1.0122729884417022E-03   9.2341818517432021E+03
   1.6000000000000000E+03   8.5752829992985491E-04   1.0900529882970441E+04
   1.7000000000000000E+03   7.3394503441341391E-04   1.2735984877054143E+04
   1.8000000000000000E+03   6.3385176629644031E-04   1.4747159124435682E+04
   1.9000000000000000E+03   5.5065509926185540E-04   1.6975258871494003E+04
   2.0000000000000000E+03   4.8173009763343225E-04   1.9404045760892273E+04
   2.1000000000000000E+03   4.2375939415926459E-04   2.2058538377476252E+04
   2.2000000000000000E+03   3.7435898570876774E-04   2.4969382907106476E+04
   2.3000000000000000E+03   3.3227006726449483E-04   2.8132274856517186E+04
   2.4000000000000000E+03   2.9639448560573841E-04   3.1537404752233517E+04
   2.5000000000000000E+03   2.6546812922516419E-04   3.5211431542314705E+04
   2.6000000000000000E+03   2.3867183837592300E-04   3.9164708004449640E+04
   2.7000000000000000E+03   2.1558036261022721E-04   4.3359760349687684E+04
   2.8000000000000000E+03   1.9501471827651796E-04   4.7932345524936572E+04
   2.9000000000000000E+03   1.7698692445563088E-04   5.2814708700255229E+04
   3.0000000000000000E+03   1.6121568325723110E-04   5.7981411423624340E+04
   3.1000000000000000E+03   1.4721579508976518E-04   6.3495312124480632E+04
   3.2000000000000000E+03   1.3482768966120910E-04   6.9329326063261688E+04
   3.3000000000000000E+03   1.2380027014924881E-04   7.5504785632609870E+04
   3.4000000000000000E+03   1.1382010601422651E-04   8.2125322020960579E+04
   3.5000000000000000E+03   1.0497123500336633E-04   8.9048326987659588E+04
   3.6000000000000000E+03   9.6929555681735618E-05   9.6436146778289316E+04
   3.7000000000000000E+03   8.9780981900747109E-05   1.0411462050183301E+05
   3.8000000000000000E+03   8.3263148873160224E-05   1.1226470515927584E+05
   3.9000000000000000E+03   7.7346142057408128E-05   1.2085299421838362E+05
   4.0000000000000000E+03   7.1957217530700351E-05   1.2990375642151716E+05
   4.1000000000000000E+03   6.7091665456559321E-05   1.3932450171371247E+05
   4.2000000000000000E+03   6.2620062500396440E-05   1.4927345144088677E+05
   4.3000000000000000E+03   5.8582289856360474E-05   1.5956209430866642E+05
   4.4000000000000000E+03   5.4868548032086282E-05   1.7036195040940287E+05
   4.5000000000000000E+03   5.1453430693900341E-05   1.8166938011358576E+05
   4.6000000000000000E+03   4.8291237043955078E-05   1.9356540505206029E+05
   4.7000000000000000E+03   4.5380594466604810E-05   2.0598039687992580E+05
   4.8000000000000000E+03   4.2692339769196045E-05   2.1895058714075838E+05
   4.9000000000000000E+03   4.0237109664221058E-05   2.3231074341281666E+05
   5.0000000000000000E+03   3.7947838793597901E-05   2.4632530220549004E+05
   5.1000000000000000E+03   3.5838347948482917E-05   2.6082432349602529E+05
   5.2000000000000000E+03   3.3877735727131427E-05   2.7591905593006162E+05
   5.3000000000000000E+03   3.2065376783596631E-05   2.9151420617829874E+05
   5.4000000000000000E+03   3.0371234921903353E-05   3.0777519856912090E+05
   5.5000000000000000E+03   2.8784472667562826E-05   3.2474150097638991E+05
   5.6000000000000000E+03   2.7305693081317487E-05   3.4232835002726136E+05
   5.7000000000000000E+03   2.5922884812309308E-05   3.6058922170728538E+05
   5.8000000000000000E+03   2.4634365161352367E-05   3.7945012171627104E+05
   5.9000000000000000E+03   2.3442578022555127E-05   3.9874082320999732E+05
   6.0000000000000000E+03   2.2311932832785619E-05   4.1894679985513369E+05
   6.1000000000000000E+03   2.1263371516814318E-05   4.3960633672259090E+05
   6.2000000000000000E+03   2.0266179504231326E-05   4.6123705047251639E+05
   6.3000000000000000E+03   1.9349195042215625E-05   4.8309569666769262E+05
   6.4000000000000000E+03   1.8464498961658793E-05   5.0624243193861743E+05
   6.5000000000000000E+03   1.7638950809016565E-05   5.2993587657719536E+05
   6.6000000000000000E+03   1.6859757431672808E-05   5.5442748193505721E+05
   6.7000000000000000E+03   1.6123536793452622E-05   5.7974332670447475E+05
   6.8000000000000000E+03   1.5428297265140914E-05   6.0586808111341170E+05
   6.9000000000000000E+03   1.4774569651857851E-05   6.3267581250346638E+05
   7.0000000000000000E+03   1.4158962388377597E-05   6.6018346560134529E+05
   7.1000000000000000E+03   1.3579516172281790E-05   6.8835389569756249E+05
   7.2000000000000000E+03   1.3026773550006729E-05   7.1756162974625395E+05
   7.3000000000000000E+03   1.2500550589998850E-05   7.4776809161964140E+05
   7.4000000000000000E+03   1.2007548911260277E-05   7.7846968835683342E+05
   7.5000000000000000E+03   1.1538250073793281E-05   8.1013262835316267E+05
   7.6000000000000000E+03   1.1095437340053560E-05   8.4246457101195259E+05
   7.7000000000000000E+03   1.0670482219053933E-05   8.7601597256651369E+05
   7.8000000000000000E+03   1.0268694833904745E-05   9.1029220461542951E+05
   7.9000000000000000E+03   9.8822673840123342E-06   9.4588746647361061E+05
   8.0000000000000000E+03   9.5151186164457379E-06   9.8238532126359118E+05
   8.1000000000000000E+03   9.1681893018191264E-06   1.0195593209472143E+06
   8.2000000000000000E+03   8.8344269376845740E-06   1.0580780083204948E+06
   8.3000000000000000E+03   8.5196133709397946E-06   1.0971757111375940E+06
   8.4000000000000000E+03   8.2195445927168531E-06   1.1372300196729677E+06
   8.5000000000000000E+03   7.9359203381344457E-06   1.1778738269285110E+06
   8.6000000000000000E+03   7.6618474053698806E-06   1.2200077036677769E+06
   8.7000000000000000E+03   7.3983178894536581E-06   1.2634646143285020E+06
   8.8000000000000000E+03   7.1476461706958261E-06   1.3077749843300146E+06
   8.9000000000000000E+03   6.9091441147673943E-06   1.3529190741439499E+06
   9.0000000000000000E+03   6.6825704048540074E-06   1.3987900302686649E+06
   9.1000000000000000E+03   6.4641002212306788E-06   1.4460655836023812E+06
   9.2000000000000000E+03   6.2556069362316614E-06   1.4942615407529275E+06
   9.3000000000000000E+03   6.0550439311091527E-06   1.5437564062670574E+06
   9.4000000000000000E+03   5.8611917883454515E-06   1.5948143647960923E+06
   9.5000000000000000E+03   5.6774907225180143E-06   1.6464162278247674E+06
   9.6000000000000000E+03   5.5011105210922013E-06   1.6992047011304819E+06
   9.7000000000000000E+03   5.3273890415768044E-06   1.7546142746337780E+06
   9.8000000000000000E+03   5.1667140609420893E-06   1.8091794414444165E+06
   9.9000000000000000E+03   5.0074019729062995E-06   1.8667390613845447E+06
   1.0000000000000000E+04   4.8591598885049606E-06   1.9236890889289533E+06
   1.1000000000000000E+04   3.6361344899797430E-06   2.5707280312754046E+06
   1.2000000000000000E+04   2.7886335664661331E-06   3.3520047134495913E+06
   1.3000000000000000E+04   2.1800675505028207E-06   4.2877170740522556E+06
   1.4000000000000000E+04   1.7353198080504654E-06   5.3866225784511901E+06
   1.5000000000000000E+04   1.4024871772352855E-06   6.6649542402982377E+06
   1.6000000000000000E+04   1.1473702425152623E-06   8.1469019436887503E+06
   1.7000000000000000E+04   9.5038267141177762E-07   9.8355253521117419E+06
   1.8000000000000000E+04   7.9539008598570195E-07   1.1752111352122454E+07
   1.9000000000000000E+04   6.7178669240691344E-07   1.3914406112135762E+07
   2.0000000000000000E+04   5.7154890170369209E-07   1.6354703562573286E+07
   2.1000000000000000E+04   4.9047135740551657E-07   1.9058223722429927E+07
   2.2000000000000000E+04   4.2399457993077381E-07   2.2046302715483781E+07
   2.3000000000000000E+04   3.6839022168645063E-07   2.5373944009931419E+07
   2.4000000000000000E+04   3.2202127739307463E-07   2.9027624927616816E+07
   2.5000000000000000E+04   2.8286323948190042E-07   3.3046050366952479E+07
   2.6000000000000000E+04   2.4986828064610208E-07   3.7409761794124879E+07
   2.7000000000000000E+04   2.2173596234659237E-07   4.2156052450649641E+07
   2.8000000000000000E+04   1.9764536839321271E-07   4.7294368367294475E+07
   2.9000000000000000E+04   1.7679664531563481E-07   5.2871551053415745E+07
   3.0000000000000000E+04   1.5863729423012689E-07   5.8923804167500928E+07
   3.1000000000000000E+04   1.4284109271510012E-07   6.5439942254726760E+07
   3.2000000000000000E+04   1.2910922206786106E-07   7.2400040130092949E+07
   3.3000000000000000E+04   1.1695291230022894E-07   7.9925439008156493E+07
   3.4000000000000000E+04   1.0630853483492963E-07   8.7928150579749361E+07
   3.5000000000000000E+04   9.6969106747653881E-08   9.6396813092272609E+07
   3.6000000000000000E+04   8.8554934432547711E-08   1.0555609259694301E+08
   3.7000000000000000E+04   8.1157849112821267E-08   1.1517694173836242E+08
   3.8000000000000000E+04   7.4488110967882381E-08   1.2548999749649528E+08
   3.9000000000000000E+04   6.8536685744151448E-08   1.3638699854516804E+08
   4.0000000000000000E+04   6.3149619022775486E-08   1.4802168252997628E+08
   4.1000000000000000E+04   5.8326894635365564E-08   1.6026076679231456E+08
   4.2000000000000000E+04   5.3965623325616727E-08   1.7321235784635308E+08
   4.3000000000000000E+04   5.0050907716549880E-08   1.8676010656620649E+08
   4.4000000000000000E+04   4.6464350742137748E-08   2.0117601364439422E+08
   4.5000000000000000E+04   4.3201171405952143E-08   2.1637174536407009E+08
   4.6000000000000000E+04   4.0241937167123088E-08   2.3228287495351902E+08
   4.7000000000000000E+04   3.7543813968965595E-08   2.4897611272538930E+08
   4.8000000000000000E+04   3.5081638880435539E-08   2.6645029015708780E+08
   4.9000000000000000E+04   3.2826017855939850E-08   2.8475926930585021E+08
   5.0000000000000000E+04   3.0753021877448346E-08   3.0395428768360794E+08
   5.1000000000000000E+04   2.8861149921304668E-08   3.2387873956394553E+08
   5.2000000000000000E+04   2.7087719662487600E-08   3.4508304779243249E+08
   5.3000000000000000E+04   2.5467573535554064E-08   3.6703586408923507E+08
   5.4000000000000000E+04   2.3971521435865232E-08   3.8994241078469247E+08
   5.5000000000000000E+04   2.2580972091985981E-08   4.1395529035686058E+08
   5.6000000000000000E+04   2.1303446668300673E-08   4.3877936769674140E+08
   5.7000000000000000E+04   2.0127086251008327E-08   4.6442454423376513E+08
   5.8000000000000000E+04   1.9017210542510211E-08   4.9152912505139571E+08
   5.9000000000000000E+04   1.7982703213879086E-08   5.1980576822642517E+08
   6.0000000000000000E+04   1.7034247637870478E-08   5.4874820758721781E+08
   6.1000000000000000E+04   1.6147932467961971E-08   5.7886747281263375E+08
   6.2000000000000000E+04   1.5318085714748708E-08   6.1022721983323026E+08
   6.3000000000000000E+04   1.4542264384132802E-08   6.4278248641094577E+08
   6.4000000000000000E+04   1.3816645026430657E-08   6.7653998789118671E+08
   6.5000000000000000E+04   1.3138298699667244E-08   7.1147056955821598E+08
   6.6000000000000000E+04   1.2503425705853406E-08   7.4759614515102363E+08
   6.7000000000000000E+04   1.1907817651913954E-08   7.8498958685144031E+08
   6.8000000000000000E+04   1.1348484276580564E-08   8.2367941225140798E+08
   6.9000000000000000E+04   1.0829607957310761E-08   8.6314415957855439E+08
   7.0000000000000000E+04   1.0329632841165959E-08   9.0492208218923688E+08
   7.1000000000000000E+04   9.8671523041495355E-09   9.4733643210789561E+08
   7.2000000000000000E+04   9.4295030694200703E-09   9.9130492774240208E+08
   7.3000000000000000E+04   9.0156502630611617E-09   1.0368096128547449E+09
   7.4000000000000000E+04   8.6253658287417936E-09   1.0837236407677994E+09
   7.5000000000000000E+04   8.2592088116944529E-09   1.1317685594342654E+09
   7.6000000000000000E+04   7.9141330382162555E-09   1.1811164676838732E+09
   7.7000000000000000E+04   7.5832421554563507E-09   1.2326538790736666E+09
   7.8000000000000000E+04   7.2698657167419355E-09   1.2857889296843030E+09
   7.9000000000000000E+04   6.9755442531075126E-09   1.3400406505505331E+09
   8.0000000000000000E+04   6.7003700619252215E-09   1.3950741186662750E+09
   8.1000000000000000E+04   6.4347516614124683E-09   1.4526610117578936E+09
   8.2000000000000000E+04   6.1827417159692017E-09   1.5118718019118989E+09
   8.3000000000000000E+04   5.9466724409390380E-09   1.5718896494998736E+09
   8.4000000000000000E+04   5.7164919985628583E-09   1.6351834064017255E+09
   8.5000000000000000E+04   5.5030894215565353E-09   1.6985936703594944E+09
   8.6000000000000000E+04   5.2945246693952325E-09   1.7655055821934516E+09
   8.7000000000000000E+04   5.1015240570597380E-09   1.8322981043170183E+09
   8.8000000000000000E+04   4.9129179643491825E-09   1.9026397197569518E+09
   8.9000000000000000E+04   4.7372280241959358E-09   1.9732030654076028E+09
   9.0000000000000000E+04   4.5673520314195260E-09   2.0465934735433629E+09
   9.1000000000000000E+04   4.4059777315209301E-09   2.1215524517985909E+09
   9.2000000000000000E+04   4.2525050145071295E-09   2.1981191855129676E+09
   9.3000000000000000E+04   4.1041462465695854E-09   2.2775779168910608E+09
   9.4000000000000000E+04   3.9645421574683655E-09   2.3577786507502437E+09
   9.5000000000000000E+04   3.8305683507118173E-09   2.4402417612888217E+09
   9.6000000000000000E+04   3.7017220039731827E-09   2.5251795917805886E+09
   9.7000000000000000E+04   3.5791235148003620E-09   2.6116765236585059E+09
   9.8000000000000000E+04   3.4618586268358842E-09   2.7001428615303645E+09
   9.9000000000000000E+04   3.3493156985468968E-09   2.7908724349077182E+09
   1.0000000000000000E+05   3.2417757537444657E-09   2.8834544919034657E+09
   1.1000000000000000E+05   2.3784110563638522E-09   3.9301502714879026E+09
   1.2000000000000000E+05   1.7915147523857814E-09   5.2176588813628407E+09
   1.3000000000000000E+05   1.3833586024039451E-09   6.7571147803862925E+09
   1.4000000000000000E+05   1.0898431350621060E-09   8.5769342010357695E+09
   1.5000000000000000E+05   8.7205762752849701E-10   1.0718916461255039E+10
   1.6000000000000000E+05   7.0970930690960955E-10   1.3170903590910280E+10
   1.7000000000000000E+05   5.8469002540446917E-10   1.5987125575490915E+10
   1.8000000000000000E+05   4.8735964376138278E-10   1.9179907443167122E+10
   1.9000000000000000E+05   4.1051699771566383E-10   2.2770099437764534E+10
   2.0000000000000000E+05   3.4901244070013532E-10   2.6782749749913422E+10
   2.1000000000000000E+05   2.9914663556558738E-10   3.1247260532297703E+10
   2.2000000000000000E+05   2.5846586428146049E-10   3.6165367078025826E+10
   2.3000000000000000E+05   2.2499473010455513E-10   4.1545474663048462E+10
   2.4000000000000000E+05   1.9712211554637676E-10   4.7419909394585617E+10
   2.5000000000000000E+05   1.7368892083639628E-10   5.3817553899612137E+10
   2.6000000000000000E+05   1.5393893343777677E-10   6.0722213998296631E+10
   2.7000000000000000E+05   1.3719954675342447E-10   6.8130785269120514E+10
   2.8000000000000000E+05   1.2281024201353222E-10   7.6113463385637161E+10
   2.9000000000000000E+05   1.1036206286720603E-10   8.4698605807375000E+10
   3.0000000000000000E+05   9.9725381340558301E-11   9.3732535621566879E+10
   3.1000000000000000E+05   9.0328306521384559E-11   1.0348376072638170E+11
   3.2000000000000000E+05   8.2166346790837873E-11   1.1376327686410582E+11
   3.3000000000000000E+05   7.5007468209420954E-11   1.2462109549918355E+11
   3.4000000000000000E+05   6.8690087634661307E-11   1.3608241277248610E+11
   3.5000000000000000E+05   6.3102002890976322E-11   1.4813337819131143E+11
   3.6000000000000000E+05   5.8106754216936162E-11   1.6086792292648376E+11
   3.7000000000000000E+05   5.3689090575895559E-11   1.7410451096511801E+11
   3.8000000000000000E+05   4.9704655658985661E-11   1.8806111288668326E+11
   3.9000000000000000E+05   4.6165831156315995E-11   2.0247686708439951E+11
   4.0000000000000000E+05   4.2935294987399390E-11   2.1771162540333127E+11
   4.1000000000000000E+05   4.0060318116950716E-11   2.3333596182609970E+11
   4.2000000000000000E+05   3.7437924668763821E-11   2.4968031592513144E+11
   4.3000000000000000E+05   3.5065651841303188E-11   2.6657176946780606E+11
   4.4000000000000000E+05   3.2892898566074365E-11   2.8418027192408087E+11
   4.5000000000000000E+05   3.0915843483543083E-11   3.0235347982189221E+11
   4.6000000000000000E+05   2.9114760399378120E-11   3.2105752307952643E+11
   4.7000000000000000E+05   2.7471911003448301E-11   3.4025710325375305E+11
   4.8000000000000000E+05   2.5942597128248751E-11   3.6031523030127808E+11
   4.9000000000000000E+05   2.4525042008451323E-11   3.8114156361718250E+11
   5.0000000000000000E+05   2.3249527790156750E-11   4.0205172953386688E+11
   5.1000000000000000E+05   2.2058900728425872E-11   4.2375243326756940E+11
   5.2000000000000000E+05   2.0967244176219354E-11   4.4581504275511761E+11
   5.3000000000000000E+05   1.9943726126781666E-11   4.6869440542135236E+11
   5.4000000000000000E+05   1.8986641180412157E-11   4.9232050946018402E+11
   5.5000000000000000E+05   1.8104763274531979E-11   5.1630130243279102E+11
   5.6000000000000000E+05   1.7286296740354420E-11   5.4074698585132422E+11
   5.7000000000000000E+05   1.6525572871624077E-11   5.6563926294674841E+11
   5.8000000000000000E+05   1.5807594826877375E-11   5.9133049406003320E+11
   5.9000000000000000E+05   1.5126522539856657E-11   6.1795517338823877E+11
   6.0000000000000000E+05   1.4507417484387963E-11   6.4432645361846594E+11
   6.1000000000000000E+05   1.3921424017148661E-11   6.7144803917787341E+11
   6.2000000000000000E+05   1.3374673373784008E-11   6.9889653359314844E+11
   6.3000000000000000E+05   1.2848910677676068E-11   7.2749457859635999E+11
   6.4000000000000000E+05   1.2363007157203526E-11   7.5608731274022827E+11
   6.5000000000000000E+05   1.1899384670662632E-11   7.8554590153926794E+11
   6.6000000000000000E+05   1.1468904880161761E-11   8.1503098652836523E+11
   6.7000000000000000E+05   1.1067833814469552E-11   8.4456570414508154E+11
   6.8000000000000000E+05   1.0675908745034258E-11   8.7557069680143909E+11
   6.9000000000000000E+05   1.0316627785322722E-11   9.0606281949773926E+11
   7.0000000000000000E+05   9.9596123508701047E-12   9.3854183572331433E+11
   7.1000000000000000E+05   9.6414982873446996E-12   9.6950832539664929E+11
   7.2000000000000000E+05   9.3319076051059575E-12   1.0016722469223470E+12
   7.3000000000000000E+05   9.0385793649360991E-12   1.0341794303583358E+12
   7.4000000000000000E+05   8.7625083284672069E-12   1.0667622224689341E+12
   7.5000000000000000E+05   8.4938913486534924E-12   1.1004982846125117E+12
   7.6000000000000000E+05   8.2402524572538917E-12   1.1343721454370745E+12
   7.7000000000000000E+05   7.9957189422564234E-12   1.1690647115517942E+12
   7.8000000000000000E+05   7.7692544527684592E-12   1.2031415518315757E+12
   7.9000000000000000E+05   7.5505018149107073E-12   1.2379988890829460E+12
   8.0000000000000000E+05   7.3414648815966689E-12   1.2732490054280918E+12
   8.1000000000000000E+05   7.1450282958389335E-12   1.3082541414597273E+12
   8.2000000000000000E+05   6.9494019675072540E-12   1.3450816203442566E+12
   8.3000000000000000E+05   6.7680872290864464E-12   1.3811158961879907E+12
   8.4000000000000000E+05   6.5880927092395137E-12   1.4188496233164329E+12
   8.5000000000000000E+05   6.4222701133423481E-12   1.4554842281483372E+12
   8.6000000000000000E+05   6.2607202613127872E-12   1.4930411308487654E+12
   8.7000000000000000E+05   6.1077211111284703E-12   1.5304419911784683E+12
   8.8000000000000000E+05   5.9603410847353013E-12   1.5682848894029939E+12
   8.9000000000000000E+05   5.8187213211854227E-12   1.6064548107579578E+12
   9.0000000000000000E+05   5.6781118967751901E-12   1.6462361131324343E+12
   9.1000000000000000E+05   5.5472282100214262E-12   1.6850781155877698E+12
   9.2000000000000000E+05   5.4172352707959395E-12   1.7255135491844382E+12
   9.3000000000000000E+05   5.2958118292639727E-12   1.7650764717932524E+12
   9.4000000000000000E+05   5.1785239994132102E-12   1.8050534978571904E+12
   9.5000000000000000E+05   5.0685070307376600E-12   1.8442339730794070E+12
   9.6000000000000000E+05   4.9600288380391795E-12   1.8845682483115405E+12
   9.7000000000000000E+05   4.8524535247697368E-12   1.9263477354627090E+12
   9.8000000000000000E+05   4.7531818920596643E-12   1.9665800870136128E+12
   9.9000000000000000E+05   4.6546627833345619E-12   2.0082040942570156E+12
   1.0000000000000000E+06   4.5562395457524806E-12   2.0515850330109114E+12
   1.1000000000000000E+06   3.7649066278097124E-12   2.4828007127274414E+12
   1.2000000000000000E+06   3.1747987065646695E-12   2.9442852044603530E+12
   1.3000000000000000E+06   2.7281027161105186E-12   3.4263786343811343E+12
   1.4000000000000000E+06   2.3803420951775975E-12   3.9269619597181484E+12
   1.5000000000000000E+06   2.1051270068423203E-12   4.4403557735452002E+12
   1.6000000000000000E+06   1.8876336402747250E-12   4.9519740798419932E+12
   1.7000000000000000E+06   1.7070783836068784E-12   5.4757373467104092E+12
   1.8000000000000000E+06   1.5571004696678728E-12   6.0031533230941953E+12
   1.9000000000000000E+06   1.4283037125620842E-12   6.5444854456834678E+12
   2.0000000000000000E+06   1.3189278960722073E-12   7.0872053633222070E+12
   2.1000000000000000E+06   1.2221892351702014E-12   7.6481714859618223E+12
   2.2000000000000000E+06   1.1398804709422738E-12   8.2004324989892744E+12
   2.3000000000000000E+06   1.0667376959990082E-12   8.7627097963611426E+12
   2.4000000000000000E+06   1.0013745166449443E-12   9.3346821828426406E+12
   2.5000000000000000E+06   9.4500090655038635E-13   9.8915385097356250E+12
   2.6000000000000000E+06   8.9312083745998172E-13   1.0466123358472262E+13
   2.7000000000000000E+06   8.4586804672675311E-13   1.1050793200015295E+13
   2.8000000000000000E+06   8.0437265248094351E-13   1.1620873521802975E+13
   2.9000000000000000E+06   7.6659789170684700E-13   1.2193501912803047E+13
   3.0000000000000000E+06   7.3139494714885545E-13   1.2780390260169230E+13
   3.1000000000000000E+06   6.9931410746408760E-13   1.3366687099699691E+13
   3.2000000000000000E+06   6.6999561612074671E-13   1.3951603016449605E+13
   3.3000000000000000E+06   6.4296478998172779E-13   1.4538141130782398E+13
   3.4000000000000000E+06   6.1810578046820463E-13   1.5122836825434055E+13
   3.5000000000000000E+06   5.9452725183122330E-13   1.5722597795284633E+13
   3.6000000000000000E+06   5.7271909209391887E-13   1.6321287325524230E+13
   3.7000000000000000E+06   5.5266322624094241E-13   1.6913578495998979E+13
   3.8000000000000000E+06   5.3387133105364960E-13   1.7508924557589471E+13
   3.9000000000000000E+06   5.1627356819370813E-13   1.8105735863221637E+13
   4.0000000000000000E+06   5.0003021264587011E-13   1.8693896133628809E+13
   4.1000000000000000E+06   4.8426619099082985E-13   1.9302427121234297E+13
   4.2000000000000000E+06   4.6961975140923599E-13   1.9904428701791578E+13
   4.3000000000000000E+06   4.5567636138248389E-13   2.0513490826073691E+13
   4.4000000000000000E+06   4.4287175989913243E-13   2.1106590451843652E+13
   4.5000000000000000E+06   4.3056853391855020E-13   2.1709698044600891E+13
   4.6000000000000000E+06   4.1892744062614570E-13   2.2312963898729234E+13
   4.7000000000000000E+06   4.0808928625306483E-13   2.2905558106422895E+13
   4.8000000000000000E+06   3.9758010015250372E-13   2.3511017918886547E+13
   4.9000000000000000E+06   3.8741651009886178E-13   2.4127812354958500E+13
   5.0000000000000000E+06   3.7795465443356472E-13   2.4731836873095812E+13
   5.1000000000000000E+06   3.6864579965674736E-13   2.5356352541062066E+13
   5.2000000000000000E+06   3.6008732803556151E-13   2.5959016413804711E+13
   5.3000000000000000E+06   3.5193569662933529E-13   2.6560286292081316E+13
   5.4000000000000000E+06   3.4396868559919095E-13   2.7175476286729191E+13
   5.5000000000000000E+06   3.3652374999974212E-13   2.7776681018458238E+13
   5.6000000000000000E+06   3.2922705440764670E-13   2.8392298669671891E+13
   5.7000000000000000E+06   3.2232418941681242E-13   2.9000345508634840E+13
   5.8000000000000000E+06   3.1571866144162006E-13   2.9607096445284668E+13
   5.9000000000000000E+06   3.0932420699826639E-13   3.0219144339164543E+13
   6.0000000000000000E+06   3.0305040102502681E-13   3.0844746706361480E+13
   6.1000000000000000E+06   2.9719865511511387E-13   3.1452069846203215E+13
   6.2000000000000000E+06   2.9137516633108257E-13   3.2080677899148309E+13
   6.3000000000000000E+06   2.8598626344272977E-13   3.2685181261337434E+13
   6.4000000000000000E+06   2.8083267882328777E-13   3.3284989831116086E+13
   6.5000000000000000E+06   2.7573801477823682E-13   3.3899978812845195E+13
   6.6000000000000000E+06   2.7073741657305732E-13   3.4526121203331480E+13
   6.7000000000000000E+06   2.6613990064235084E-13   3.5122553350013359E+13
   6.8000000000000000E+06   2.6156427659784853E-13   3.5736962938749828E+13
   6.9000000000000000E+06   2.5709316373583962E-13   3.6358465246795469E+13
   7.0000000000000000E+06   2.5282976382790025E-13   3.6971568209987414E+13
   7.1000000000000000E+06   2.4867014734934484E-13   3.7590008123276445E+13
   7.2000000000000000E+06   2.4473880185040166E-13   3.8193832723721336E+13
   7.3000000000000000E+06   2.4084090721159891E-13   3.8811981598564773E+13
   7.4000000000000000E+06   2.3696905936686523E-13   3.9446132266604516E+13
   7.5000000000000000E+06   2.3336574254184194E-13   4.0055205862969516E+13
   7.6000000000000000E+06   2.2980973298367585E-13   4.0675008571295836E+13
   7.7000000000000000E+06   2.2627935707179682E-13   4.1309613832393570E+13
   7.8000000000000000E+06   2.2290520788896808E-13   4.1934923582110016E+13
   7.9000000000000000E+06   2.1972755199578357E-13   4.2541378056483312E+13
   8.0000000000000000E+06   2.1655110948466800E-13   4.3165388905754062E+13
   8.1000000000000000E+06   2.1359855286599646E-13   4.3762060807324352E+13
   8.2000000000000000E+06   2.1070661016073578E-13   4.4362693945612570E+13
   8.3000000000000000E+06   2.0783243626446694E-13   4.4976198262832781E+13
   8.4000000000000000E+06   2.0497016316517249E-13   4.5604261198473328E+13
   8.5000000000000000E+06   2.0220707733843839E-13   4.6227426764262492E+13
   8.6000000000000000E+06   1.9960453051659677E-13   4.6830163797815164E+13
   8.7000000000000000E+06   1.9700318985481267E-13   4.7448535558064555E+13
   8.8000000000000000E+06   1.9441044884305118E-13   4.8081329550473547E+13
   8.9000000000000000E+06   1.9194806888115296E-13   4.8698134413979711E+13
   9.0000000000000000E+06   1.8955097590175770E-13   4.9313979072958938E+13
   9.1000000000000000E+06   1.8715425691515514E-13   4.9945499573198812E+13
   9.2000000000000000E+06   1.8491187437515498E-13   5.0551176826609289E+13
   9.3000000000000000E+06   1.8269533066947072E-13   5.1164486933656688E+13
   9.4000000000000000E+06   1.8048777818700626E-13   5.1790281606730820E+13
   9.5000000000000000E+06   1.7828886393255897E-13   5.2429033719201281E+13
   9.6000000000000000E+06   1.7620183652826962E-13   5.3050030822910961E+13
   9.7000000000000000E+06   1.7419753215644156E-13   5.3660420691169734E+13
   9.8000000000000000E+06   1.7219394972318061E-13   5.4284792664929906E+13
   9.9000000000000000E+06   1.7019352829242193E-13   5.4922845496319797E+13
   1.0000000000000000E+07   1.6820222449412678E-13   5.5573063239746961E+13
   1.1000000000000000E+07   1.5142190980735151E-13   6.1731574187452250E+13
   1.2000000000000000E+07   1.3760765494128275E-13   6.7928727241713484E+13
   1.3000000000000000E+07   1.2593851486936742E-13   7.4222829041410734E+13
   1.4000000000000000E+07   1.1621304665248115E-13   8.0434281073713266E+13
   1.5000000000000000E+07   1.0790681040576222E-13   8.6625791492944219E+13
   1.6000000000000000E+07   1.0062854170153032E-13   9.2891268230870812E+13
   1.7000000000000000E+07   9.4278805146304287E-14   9.9147553306095797E+13
   1.8000000000000000E+07   8.8670879529543609E-14   1.0541806857530711E+14
   1.9000000000000000E+07   8.3736511689427836E-14   1.1163007235777167E+14
   2.0000000000000000E+07   7.9295245694657248E-14   1.1788238723507783E+14
   2.1000000000000000E+07   7.5339254303697558E-14   1.2407227739735484E+14
   2.2000000000000000E+07   7.1704002983431111E-14   1.3036249679168100E+14
   2.3000000000000000E+07   6.8414891908669053E-14   1.3662979795914538E+14
   2.4000000000000000E+07   6.5427896624413401E-14   1.4286739053430528E+14
   2.5000000000000000E+07   6.2671216721221114E-14   1.4915160974867525E+14
   2.6000000000000000E+07   6.0137941529416060E-14   1.5543453302780494E+14
   2.7000000000000000E+07   5.7826424287393809E-14   1.6164777563318894E+14
   2.8000000000000000E+07   5.5689823796886228E-14   1.6784956786666775E+14
   2.9000000000000000E+07   5.3679150558719376E-14   1.7413675070459659E+14
   3.0000000000000000E+07   5.1819402616980781E-14   1.8038634925936259E+14
   3.1000000000000000E+07   5.0088366365065536E-14   1.8662043778288819E+14
   3.2000000000000000E+07   4.8465399575868520E-14   1.9286981930780275E+14
   3.3000000000000000E+07   4.6944929485912502E-14   1.9911655979126088E+14
   3.4000000000000000E+07   4.5522683959337137E-14   2.0533747235175834E+14
   3.5000000000000000E+07   4.4177308805320639E-14   2.1159081690717256E+14
   3.6000000000000000E+07   4.2898983750818800E-14   2.1789590432197147E+14
   3.7000000000000000E+07   4.1689585318212986E-14   2.2421697859380150E+14
   3.8000000000000000E+07   4.0581431109550878E-14   2.3033965543611094E+14
   3.9000000000000000E+07   3.9479381242381278E-14   2.3676948738101372E+14
   4.0000000000000000E+07   3.8475309033816071E-14   2.4294835034756091E+14
   4.1000000000000000E+07   3.7500843784452174E-14   2.4926140095956172E+14
   4.2000000000000000E+07   3.6561833476108267E-14   2.5566313201952678E+14
   4.3000000000000000E+07   3.5692775752330589E-14   2.6188808972829378E+14
   4.4000000000000000E+07   3.4863279770260795E-14   2.6811914772435934E+14
   4.5000000000000000E+07   3.4066009366613279E-14   2.7439412577744850E+14
   4.6000000000000000E+07   3.3309270092813718E-14   2.8062797031673459E+14
   4.7000000000000000E+07   3.2601575817105794E-14   2.8671966383826312E+14
   4.8000000000000000E+07   3.1913392026712599E-14   2.9290251725839844E+14
   4.9000000000000000E+07   3.1227643298009977E-14   2.9933455975763325E+14
   5.0000000000000000E+07   3.0598097677188719E-14   3.0549326815983450E+14
   5.1000000000000000E+07   2.9986417046480008E-14   3.1172490012358750E+14
   5.2000000000000000E+07   2.9376255919083030E-14   3.1819959918057531E+14
   5.3000000000000000E+07   2.8824970000330942E-14   3.2428525888390875E+14
   5.4000000000000000E+07   2.8274107992154442E-14   3.3060328062239806E+14
   5.5000000000000000E+07   2.7747770385723703E-14   3.3687437689363112E+14
   5.6000000000000000E+07   2.7243674872724254E-14   3.4310763516843831E+14
   5.7000000000000000E+07   2.6748649553396947E-14   3.4945737504311262E+14
   5.8000000000000000E+07   2.6282500957455829E-14   3.5565537975283575E+14
   5.9000000000000000E+07   2.5820768583540863E-14   3.6201528349689331E+14
   6.0000000000000000E+07   2.5385785554913685E-14   3.6821838105651662E+14
   6.1000000000000000E+07   2.4958553466756654E-14   3.7452141893273456E+14
   6.2000000000000000E+07   2.4559236325688495E-14   3.8061089257490069E+14
   6.3000000000000000E+07   2.4160675875672274E-14   3.8688954344569331E+14
   6.4000000000000000E+07   2.3764671033200580E-14   3.9333651392940481E+14
   6.5000000000000000E+07   2.3393953383259567E-14   3.9956961124694688E+14
   6.6000000000000000E+07   2.3034377338073748E-14   4.0580705619628919E+14
   6.7000000000000000E+07   2.2675404946790778E-14   4.1223135290473231E+14
   6.8000000000000000E+07   2.2338464596877642E-14   4.1844920980758769E+14
   6.9000000000000000E+07   2.2002992713312670E-14   4.2482915759103131E+14
   7.0000000000000000E+07   2.1690540434599421E-14   4.3094882246306981E+14
   7.1000000000000000E+07   2.1380237759078526E-14   4.3720341018701062E+14
   7.2000000000000000E+07   2.1070064238197393E-14   4.4363950452188706E+14
   7.3000000000000000E+07   2.0777097235784109E-14   4.4989503359396756E+14
   7.4000000000000000E+07   2.0494805377664359E-14   4.5609180895493281E+14
   7.5000000000000000E+07   2.0212655864234342E-14   4.6245841821402362E+14
   7.6000000000000000E+07   1.9934967179981151E-14   4.6890033850996594E+14
   7.7000000000000000E+07   1.9679411031252410E-14   4.7498946203388188E+14
   7.8000000000000000E+07   1.9423964396305304E-14   4.8123609929269862E+14
   7.9000000000000000E+07   1.9169315507355833E-14   4.8762893256628306E+14
   8.0000000000000000E+07   1.8930449139389030E-14   4.9378188494369281E+14
   8.1000000000000000E+07   1.8695349291086597E-14   4.9999134615446025E+14
   8.2000000000000000E+07   1.8461835504680547E-14   5.0631546665597738E+14
   8.3000000000000000E+07   1.8237455724687806E-14   5.1254478694770000E+14
   8.4000000000000000E+07   1.8020484214820816E-14   5.1871596497892262E+14
   8.5000000000000000E+07   1.7803596187964986E-14   5.2503509741459012E+14
   8.6000000000000000E+07   1.7591306873839150E-14   5.3137114404952731E+14
   8.7000000000000000E+07   1.7389520819409033E-14   5.3753711536692531E+14
   8.8000000000000000E+07   1.7188837576567122E-14   5.4381297264809375E+14
   8.9000000000000000E+07   1.6990954042422006E-14   5.5014643883680144E+14
   9.0000000000000000E+07   1.6802158221782470E-14   5.5632810591915638E+14
   9.1000000000000000E+07   1.6614398028496043E-14   5.6261519934973962E+14
   9.2000000000000000E+07   1.6430781920974203E-14   5.6890249677928875E+14
   9.3000000000000000E+07   1.6258980891875849E-14   5.7491382276910788E+14
   9.4000000000000000E+07   1.6088007865204582E-14   5.8102363805373212E+14
   9.5000000000000000E+07   1.5917949355295650E-14   5.8723097116579612E+14
   9.6000000000000000E+07   1.5747890886349308E-14   5.9357236637833800E+14
   9.7000000000000000E+07   1.5577928857212404E-14   6.0004850096297825E+14
   9.8000000000000000E+07   1.5412952808265091E-14   6.0647125668649838E+14
   9.9000000000000000E+07   1.5260775028827971E-14   6.1251888198473188E+14
   1.0000000000000000E+08   1.5109345730861052E-14   6.1865768547381875E+14
   1.1000000000000000E+08   1.3716483511303499E-14   6.8148026796920012E+14
   1.2000000000000000E+08   1.2558509805220963E-14   7.4431704110245400E+14
   1.3000000000000000E+08   1.1585427584119489E-14   8.0683365296686612E+14
   1.4000000000000000E+08   1.0749036378934888E-14   8.6961403137463925E+14
   1.5000000000000000E+08   1.0023420639973485E-14   9.3256715393148950E+14
   1.6000000000000000E+08   9.3921206822465133E-15   9.9525050572948762E+14
   1.7000000000000000E+08   8.8356244098206278E-15   1.0579346094078695E+15
   1.8000000000000000E+08   8.3419502197646889E-15   1.1205428721848570E+15
   1.9000000000000000E+08   7.9048983718744438E-15   1.1824962724551385E+15
   2.0000000000000000E+08   7.5058394476497836E-15   1.2453654150309730E+15
   2.1000000000000000E+08   7.1449445716079049E-15   1.3082694715397420E+15
   2.2000000000000000E+08   6.8175306197280513E-15   1.3710995051242018E+15
   2.3000000000000000E+08   6.5187734264011008E-15   1.4339373755529988E+15
   2.4000000000000000E+08   6.2444824677470894E-15   1.4969235492546202E+15
   2.5000000000000000E+08   5.9962743355158124E-15   1.5588867913385970E+15
   2.6000000000000000E+08   5.7633711557117421E-15   1.6218828540331722E+15
   2.7000000000000000E+08   5.5475282528121211E-15   1.6849869767026128E+15
   2.8000000000000000E+08   5.3494100504658297E-15   1.7473913516994712E+15
   2.9000000000000000E+08   5.1628343357210066E-15   1.8105389890595458E+15
   3.0000000000000000E+08   4.9896769552719188E-15   1.8733703489565525E+15
   3.1000000000000000E+08   4.8289190688607395E-15   1.9357360779052215E+15
   3.2000000000000000E+08   4.6773580324553023E-15   1.9984599840374845E+15
   3.3000000000000000E+08   4.5344831170482053E-15   2.0614285283662358E+15
   3.4000000000000000E+08   4.4011122142039059E-15   2.1238978703407238E+15
   3.5000000000000000E+08   4.2753301491147923E-15   2.1863838657731795E+15
   3.6000000000000000E+08   4.1565173943194335E-15   2.2488809674303638E+15
   3.7000000000000000E+08   4.0450519809435141E-15   2.3108511096804005E+15
   3.8000000000000000E+08   3.9396789772341033E-15   2.3726585117452260E+15
   3.9000000000000000E+08   3.8356166871004546E-15   2.4370299801632425E+15
   4.0000000000000000E+08   3.7417593458794186E-15   2.4981598213076140E+15
   4.1000000000000000E+08   3.6483604146113865E-15   2.5621133321812710E+15
   4.2000000000000000E+08   3.5626447941268270E-15   2.6237566187591870E+15
   4.3000000000000000E+08   3.4782728612494656E-15   2.6874006818201170E+15
   4.4000000000000000E+08   3.4000190873838333E-15   2.7492530537735090E+15
   4.5000000000000000E+08   3.3229259805617661E-15   2.8130367373690205E+15
   4.6000000000000000E+08   3.2515761691289262E-15   2.8747636139129270E+15
   4.7000000000000000E+08   3.1817779220505818E-15   2.9378269281766745E+15
   4.8000000000000000E+08   3.1152483005346436E-15   3.0005675172903520E+15
   4.9000000000000000E+08   3.0529620030968761E-15   3.0617848664334030E+15
   5.0000000000000000E+08   2.9919730629570753E-15   3.1241968634703340E+15
   5.1000000000000000E+08   2.9316140910863305E-15   3.1885209200282005E+15
   5.2000000000000000E+08   2.8762182983456971E-15   3.2499316426206575E+15
   5.3000000000000000E+08   2.8209110848727253E-15   3.3136502986587280E+15
   5.4000000000000000E+08   2.7689450772374579E-15   3.3758390282714170E+15
   5.5000000000000000E+08   2.7180863424656146E-15   3.4390051238765880E+15
   5.6000000000000000E+08   2.6704121291692146E-15   3.5004008395461810E+15
   5.7000000000000000E+08   2.6232355204093336E-15   3.5633525034837980E+15
   5.8000000000000000E+08   2.5776686520574674E-15   3.6263438481191675E+15
   5.9000000000000000E+08   2.5344135321338580E-15   3.6882350651781965E+15
   6.0000000000000000E+08   2.4915595140718518E-15   3.7516715158057660E+15
   6.1000000000000000E+08   2.4506953083978127E-15   3.8142288953045455E+15
   6.2000000000000000E+08   2.4113628971417803E-15   3.8764438442500505E+15
   6.3000000000000000E+08   2.3721870312940247E-15   3.9404620021799750E+15
   6.4000000000000000E+08   2.3356842325908809E-15   4.0020447663464340E+15
   6.5000000000000000E+08   2.2996011643983925E-15   4.0648408965837610E+15
   6.6000000000000000E+08   2.2643641926295326E-15   4.1280960409567595E+15
   6.7000000000000000E+08   2.2310370561061449E-15   4.1897613637993745E+15
   6.8000000000000000E+08   2.1977112244667124E-15   4.2532944068420330E+15
   6.9000000000000000E+08   2.1659934794976318E-15   4.3155775616860265E+15
   7.0000000000000000E+08   2.1349406116665797E-15   4.3783479539420800E+15
   7.1000000000000000E+08   2.1045935856891287E-15   4.4414812068418765E+15
   7.2000000000000000E+08   2.0755661184951128E-15   4.5035967660021490E+15
   7.3000000000000000E+08   2.0467125211885949E-15   4.5670863700241630E+15
   7.4000000000000000E+08   2.0200733336960676E-15   4.6273136241917310E+15
   7.5000000000000000E+08   1.9937208027848824E-15   4.6884763633009030E+15
   7.6000000000000000E+08   1.9673804656149521E-15   4.7512481811475300E+15
   7.7000000000000000E+08   1.9410501830504709E-15   4.8156987081024740E+15
   7.8000000000000000E+08   1.9153764594600285E-15   4.8802483776549170E+15
   7.9000000000000000E+08   1.8919765781848282E-15   4.9406070702240270E+15
   8.0000000000000000E+08   1.8685767006036122E-15   5.0024774770330090E+15
   8.1000000000000000E+08   1.8451879001221081E-15   5.0658867090227710E+15
   8.2000000000000000E+08   1.8218051314022200E-15   5.1309070864695400E+15
   8.3000000000000000E+08   1.8001408675169612E-15   5.1926563234863890E+15
   8.4000000000000000E+08   1.7790478480901362E-15   5.2542222902622160E+15
   8.5000000000000000E+08   1.7579657032235300E-15   5.3172327774870480E+15
   8.6000000000000000E+08   1.7369106516999157E-15   5.3816889485534590E+15
   8.7000000000000000E+08   1.7171422906723551E-15   5.4436448916636720E+15
   8.8000000000000000E+08   1.6978588577780405E-15   5.5054710914611340E+15
   8.9000000000000000E+08   1.6785794424806268E-15   5.5687044785109160E+15
   9.0000000000000000E+08   1.6593996999847363E-15   5.6330689097775570E+15
   9.1000000000000000E+08   1.6415668266410898E-15   5.6942627660213750E+15
   9.2000000000000000E+08   1.6237482503467936E-15   5.7567500730989660E+15
   9.3000000000000000E+08   1.6059455120628184E-15   5.8205666311003610E+15
   9.4000000000000000E+08   1.5889245094047028E-15   5.8829181648033790E+15
   9.5000000000000000E+08   1.5723040095713239E-15   5.9451052735194300E+15
   9.6000000000000000E+08   1.5556841300704904E-15   6.0086187666224210E+15
   9.7000000000000000E+08   1.5398601145860335E-15   6.0703649444099990E+15
   9.8000000000000000E+08   1.5246116741383476E-15   6.1310778458790700E+15
   9.9000000000000000E+08   1.5093660573553724E-15   6.1930058737748600E+15
   1.0000000000000000E+09   1.4941964494697912E-15   6.2558794475754150E+15
   1.1000000000000000E+09   1.3574236454815901E-15   6.8862163186805910E+15
   1.2000000000000000E+09   1.2443370526309897E-15   7.5120425282797100E+15
   1.3000000000000000E+09   1.1484790990017086E-15   8.1390361104554300E+15
   1.4000000000000000E+09   1.0662670923114650E-15   8.7665772734433610E+15
   1.5000000000000000E+09   9.9568796289529326E-16   9.3879942383728600E+15
   1.6000000000000000E+09   9.3323317146393336E-16   1.0016267257426216E+16
   1.7000000000000000E+09   8.7799693908494573E-16   1.0646407114608238E+16
   1.8000000000000000E+09   8.2891872565446780E-16   1.1276754366355942E+16
   1.9000000000000000E+09   7.8530144891010336E-16   1.1903088771644772E+16
   2.0000000000000000E+09   7.4623367845860822E-16   1.2526254347279110E+16
   2.1000000000000000E+09   7.1044695629302417E-16   1.3157228384300146E+16
   2.2000000000000000E+09   6.7851476208953239E-16   1.3776432557033718E+16
   2.3000000000000000E+09   6.4892074642524029E-16   1.4404706445851188E+16
   2.4000000000000000E+09   6.2137683188500387E-16   1.5043227200025596E+16
   2.5000000000000000E+09   5.9654475476078548E-16   1.5669424270818668E+16
   2.6000000000000000E+09   5.7361206809477833E-16   1.6295879007437004E+16
   2.7000000000000000E+09   5.5240071030344268E-16   1.6921616291448074E+16
   2.8000000000000000E+09   5.3262199395671528E-16   1.7549994113907864E+16
   2.9000000000000000E+09   5.1421269954808923E-16   1.8178300277478936E+16
   3.0000000000000000E+09   4.9748526322547493E-16   1.8789527147544176E+16
   3.1000000000000000E+09   4.8108926148905762E-16   1.9429892968190544E+16
   3.2000000000000000E+09   4.6629720418292836E-16   2.0046255424708044E+16
   3.3000000000000000E+09   4.5201063129618624E-16   2.0679851781523996E+16
   3.4000000000000000E+09   4.3870573600081394E-16   2.1307022206021212E+16
   3.5000000000000000E+09   4.2621412146699125E-16   2.1931494964795892E+16
   3.6000000000000000E+09   4.1427789617784820E-16   2.2563387873499688E+16
   3.7000000000000000E+09   4.0303240689785786E-16   2.3192955948197984E+16
   3.8000000000000000E+09   3.9246906628770796E-16   2.3817196466704016E+16
   3.9000000000000000E+09   3.8256699370459136E-16   2.4433662633468424E+16
   4.0000000000000000E+09   3.7296495109834785E-16   2.5062711204767760E+16
   4.1000000000000000E+09   3.6382882795289954E-16   2.5692062147665580E+16
   4.2000000000000000E+09   3.5510624038535165E-16   2.6323144444700704E+16
   4.3000000000000000E+09   3.4685485008093823E-16   2.6949350302286360E+16
   4.4000000000000000E+09   3.3899649326246091E-16   2.7574069480539160E+16
   4.5000000000000000E+09   3.3149931334219292E-16   2.8197683924699944E+16
   4.6000000000000000E+09   3.2422198412123041E-16   2.8830595445937060E+16
   4.7000000000000000E+09   3.1739423994683087E-16   2.9450795516780944E+16
   4.8000000000000000E+09   3.1065030127587466E-16   3.0090145802167156E+16
   4.9000000000000000E+09   3.0441398733488621E-16   3.0706581326024980E+16
   5.0000000000000000E+09   2.9823557274875718E-16   3.1342716003743976E+16
   5.1000000000000000E+09   2.9245981132650290E-16   3.1961700366559540E+16
   5.2000000000000000E+09   2.8677021005990682E-16   3.2595829451481416E+16
   5.3000000000000000E+09   2.8141912457966952E-16   3.3215627661552016E+16
   5.4000000000000000E+09   2.7616352380248804E-16   3.3847746183755816E+16
   5.5000000000000000E+09   2.7117489706470727E-16   3.4470420972070048E+16
   5.6000000000000000E+09   2.6627667197659904E-16   3.5104512871858716E+16
   5.7000000000000000E+09   2.6164943710573923E-16   3.5725331429246124E+16
   5.8000000000000000E+09   2.5707298279219715E-16   3.6361319487369896E+16
   5.9000000000000000E+09   2.5287255245327329E-16   3.6965312242045288E+16
   6.0000000000000000E+09   2.4870943341387293E-16   3.7584070417317840E+16
   6.1000000000000000E+09   2.4457774128040249E-16   3.8218984319433728E+16
   6.2000000000000000E+09   2.4051435860635794E-16   3.8864676990769576E+16
   6.3000000000000000E+09   2.3680035098341073E-16   3.9474235659106232E+16
   6.4000000000000000E+09   2.3311717016575111E-16   4.0097916649519848E+16
   6.5000000000000000E+09   2.2943557468250217E-16   4.0741340447371816E+16
   6.6000000000000000E+09   2.2597710354867072E-16   4.1364867113030168E+16
   6.7000000000000000E+09   2.2264928939115051E-16   4.1983124601204104E+16
   6.8000000000000000E+09   2.1932309895084385E-16   4.2619828479503880E+16
   6.9000000000000000E+09   2.1612264792799800E-16   4.3250963971126152E+16
   7.0000000000000000E+09   2.1307951652808884E-16   4.3868659978144840E+16
   7.1000000000000000E+09   2.1003787274724752E-16   4.4503939868628856E+16
   7.2000000000000000E+09   2.0711312127599127E-16   4.5132403013820032E+16
   7.3000000000000000E+09   2.0430106430236673E-16   4.5753618028361568E+16
   7.4000000000000000E+09   2.0148986905564773E-16   4.6391974458510440E+16
   7.5000000000000000E+09   1.9883212881995294E-16   4.7012084587911896E+16
   7.6000000000000000E+09   1.9620947537563146E-16   4.7640476286799912E+16
   7.7000000000000000E+09   1.9366640175916397E-16   4.8266053243982032E+16
   7.8000000000000000E+09   1.9125909753061243E-16   4.8873559373467632E+16
   7.9000000000000000E+09   1.8885342297771940E-16   4.9496126209907384E+16
   8.0000000000000000E+09   1.8645724838385606E-16   5.0132204244667776E+16
   8.1000000000000000E+09   1.8407781681170801E-16   5.0780224476693640E+16
   8.2000000000000000E+09   1.8189130085607032E-16   5.1390653730465440E+16
   8.3000000000000000E+09   1.7970963893413370E-16   5.2014532522121576E+16
   8.4000000000000000E+09   1.7752947216038859E-16   5.2653301703241888E+16
   8.5000000000000000E+09   1.7542080319756337E-16   5.3286227679340952E+16
   8.6000000000000000E+09   1.7340546485506423E-16   5.3905526372488096E+16
   8.7000000000000000E+09   1.7139012674793742E-16   5.4539389381662352E+16
   8.8000000000000000E+09   1.6947702824772776E-16   5.5155043462378784E+16
   8.9000000000000000E+09   1.6759775456743888E-16   5.5773496983916456E+16
   9.0000000000000000E+09   1.6572791858771895E-16   5.6402765077452128E+16
   9.1000000000000000E+09   1.6387126109402596E-16   5.7041807065332904E+16
   9.2000000000000000E+09   1.6209057894706816E-16   5.7668452538075760E+16
   9.3000000000000000E+09   1.6038323493437911E-16   5.8282356399051080E+16
   9.4000000000000000E+09   1.5867603078997852E-16   5.8909419477794136E+16
   9.5000000000000000E+09   1.5698661870763864E-16   5.9543373415070520E+16
   9.6000000000000000E+09   1.5530547602072286E-16   6.0187915444983776E+16
   9.7000000000000000E+09   1.5374623922980973E-16   6.0798318747206416E+16
   9.8000000000000000E+09   1.5218700243889667E-16   6.1421229862459936E+16
   9.9000000000000000E+09   1.5064174171066186E-16   6.2051279763028920E+16
   1.0000000000000000E+10   1.4909735649612434E-16   6.2694021400179576E+16
   1.1000000000000000E+10   1.3557012798342119E-16   6.8949649881730040E+16
   1.2000000000000000E+10   1.2433989160742118E-16   7.5177103164856864E+16
   1.3000000000000000E+10   1.1470262393472109E-16   8.1493452705999344E+16
   1.4000000000000000E+10   1.0652734385895209E-16   8.7747544623423920E+16
   1.5000000000000000E+10   9.9403584570179885E-17   9.4035973645183680E+16
   1.6000000000000000E+10   9.3216686250198861E-17   1.0027724900871254E+17
   1.7000000000000000E+10   8.7711313411920751E-17   1.0657134747235256E+17
   1.8000000000000000E+10   8.2819938930056522E-17   1.1286548842752018E+17
   1.9000000000000000E+10   7.8495313409924849E-17   1.1908370643815195E+17
   2.0000000000000000E+10   7.4539180018761084E-17   1.2540402049667715E+17
   2.1000000000000000E+10   7.0995237672851124E-17   1.3166394205132370E+17
   2.2000000000000000E+10   6.7777118213454002E-17   1.3791546624097552E+17
   2.3000000000000000E+10   6.4824168212777551E-17   1.4419796067719888E+17
   2.4000000000000000E+10   6.2162163017552252E-17   1.5037303087794480E+17
   2.5000000000000000E+10   5.9648286004805310E-17   1.5671050226196240E+17
   2.6000000000000000E+10   5.7345949553478300E-17   1.6300214630086723E+17
   2.7000000000000000E+10   5.5233172305052849E-17   1.6923729832593904E+17
   2.8000000000000000E+10   5.3256844264113301E-17   1.7551758817179802E+17
   2.9000000000000000E+10   5.1413910754113183E-17   1.8180902253443946E+17
   3.0000000000000000E+10   4.9695249701277398E-17   1.8809670773498394E+17
   3.1000000000000000E+10   4.8103486991748902E-17   1.9432089944917264E+17
   3.2000000000000000E+10   4.6603381213246561E-17   2.0057585126937706E+17
   3.3000000000000000E+10   4.5189320857520363E-17   2.0685225361873565E+17
   3.4000000000000000E+10   4.3844425398966106E-17   2.1319729415586422E+17
   3.5000000000000000E+10   4.2592927430483200E-17   2.1946162010428826E+17
   3.6000000000000000E+10   4.1421395375011561E-17   2.2566870995652963E+17
   3.7000000000000000E+10   4.0298930771053768E-17   2.3195436404958982E+17
   3.8000000000000000E+10   3.9236646761226724E-17   2.3823424350613328E+17
   3.9000000000000000E+10   3.8232170822897022E-17   2.4449338496050170E+17
   4.0000000000000000E+10   3.7265502882265092E-17   2.5083554858793459E+17
   4.1000000000000000E+10   3.6366152609175381E-17   2.5703881736776835E+17
   4.2000000000000000E+10   3.5492919993269990E-17   2.6336274560252176E+17
   4.3000000000000000E+10   3.4672120348792980E-17   2.6959738155164867E+17
   4.4000000000000000E+10   3.3884414239639741E-17   2.7586467314353094E+17
   4.5000000000000000E+10   3.3122976777969366E-17   2.8220630414762138E+17
   4.6000000000000000E+10   3.2407842889632748E-17   2.8843366374960077E+17
   4.7000000000000000E+10   3.1727331893908114E-17   2.9462019971093178E+17
   4.8000000000000000E+10   3.1077011550708169E-17   3.0078544855015878E+17
   4.9000000000000000E+10   3.0431876082278641E-17   3.0716189937174291E+17
   5.0000000000000000E+10   2.9820316594881232E-17   3.1346122128303488E+17
   5.1000000000000000E+10   2.9243933632782532E-17   3.1963938149550560E+17
   5.2000000000000000E+10   2.8668966757869120E-17   3.2604986910846714E+17
   5.3000000000000000E+10   2.8132551107614696E-17   3.3226680449709062E+17
   5.4000000000000000E+10   2.7612658573001657E-17   3.3852274072652230E+17
   5.5000000000000000E+10   2.7100409569780400E-17   3.4492146086609741E+17
   5.6000000000000000E+10   2.6624712977345586E-17   3.5108407992348416E+17
   5.7000000000000000E+10   2.6149667823174353E-17   3.5746201145217882E+17
   5.8000000000000000E+10   2.5703572115991606E-17   3.6366590669561530E+17
   5.9000000000000000E+10   2.5263966345866365E-17   3.6999387708603571E+17
   6.0000000000000000E+10   2.4844684942121369E-17   3.7623793099628186E+17
   6.1000000000000000E+10   2.4434600819534662E-17   3.8255230473849990E+17
   6.2000000000000000E+10   2.4050431627814675E-17   3.8866299796747462E+17
   6.3000000000000000E+10   2.3674964040332224E-17   3.9482690841489664E+17
   6.4000000000000000E+10   2.3299496452849778E-17   4.0118947968658445E+17
   6.5000000000000000E+10   2.2930439285111918E-17   4.0764647997595482E+17
   6.6000000000000000E+10   2.2590801799735358E-17   4.1377517016628090E+17
   6.7000000000000000E+10   2.2251325841796827E-17   4.2008790511349581E+17
   6.8000000000000000E+10   2.1919911623833570E-17   4.2643934972414080E+17
   6.9000000000000000E+10   2.1603856612275543E-17   4.3267797165284211E+17
   7.0000000000000000E+10   2.1293724317024465E-17   4.3897970687095014E+17
   7.1000000000000000E+10   2.1000488794780642E-17   4.4510929960836947E+17
   7.2000000000000000E+10   2.0708053505198580E-17   4.5139505055516730E+17
   7.3000000000000000E+10   2.0417954352312018E-17   4.5780849038972218E+17
   7.4000000000000000E+10   2.0146635956796964E-17   4.6397388025094125E+17
   7.5000000000000000E+10   1.9880340671726021E-17   4.7018876654223181E+17
   7.6000000000000000E+10   1.9616028449631444E-17   4.7652423031910157E+17
   7.7000000000000000E+10   1.9356278153597071E-17   4.8291891574936525E+17
   7.8000000000000000E+10   1.9110843886701786E-17   4.8912088415847808E+17
   7.9000000000000000E+10   1.8866640263455048E-17   4.9545190496818285E+17
   8.0000000000000000E+10   1.8634863483424899E-17   5.0161423866574227E+17
   8.1000000000000000E+10   1.8411596555154354E-17   5.0769702838515507E+17
   8.2000000000000000E+10   1.8188452562639479E-17   5.1392568041102918E+17
   8.3000000000000000E+10   1.7965308580406014E-17   5.2030906215956410E+17
   8.4000000000000000E+10   1.7742307218711806E-17   5.2684877697416550E+17
   8.5000000000000000E+10   1.7538037495284525E-17   5.3298511087067181E+17
   8.6000000000000000E+10   1.7336295900541786E-17   5.3918743153121299E+17
   8.7000000000000000E+10   1.7134554313071301E-17   5.4553580373826010E+17
   8.8000000000000000E+10   1.6935764812855276E-17   5.5193922224184947E+17
   8.9000000000000000E+10   1.6748867127715525E-17   5.5809821569425658E+17
   9.0000000000000000E+10   1.6562520942111731E-17   5.6437742126026918E+17
   9.1000000000000000E+10   1.6380195767044146E-17   5.7065941041344518E+17
   9.2000000000000000E+10   1.6206737241557638E-17   5.7676710120956019E+17
   9.3000000000000000E+10   1.6033278716071129E-17   5.8300694601589146E+17
   9.4000000000000000E+10   1.5859982141133804E-17   5.8937726257805133E+17
   9.5000000000000000E+10   1.5689023764796487E-17   5.9579952194683123E+17
   9.6000000000000000E+10   1.5529056007349957E-17   6.0193696606245811E+17
   9.7000000000000000E+10   1.5372252131979176E-17   6.0807699344407846E+17
   9.8000000000000000E+10   1.5215448256608402E-17   6.1434357379634829E+17
   9.9000000000000000E+10   1.5058644381237621E-17   6.2074066046242483E+17
   1.0000000000000000E+11   1.4902049329500001E-17   6.2726358316194458E+17
