   1.0000000000000000E+00   0.0000000000000000E+00   1.0000000000000000E+30   0.0000000000000000E+00
   2.0000000000000000E+00   0.0000000000000000E+00   1.0000000000000000E+30   0.0000000000000000E+00
   3.0000000000000000E+00   0.0000000000000000E+00   1.0000000000000000E+30   0.0000000000000000E+00
   4.0000000000000000E+00   0.0000000000000000E+00   1.0000000000000000E+30   0.0000000000000000E+00
   5.0000000000000000E+00   0.0000000000000000E+00   1.0000000000000000E+30   0.0000000000000000E+00
   6.0000000000000000E+00   0.0000000000000000E+00   1.0000000000000000E+30   0.0000000000000000E+00
   7.0000000000000000E+00   0.0000000000000000E+00   1.0000000000000000E+30   0.0000000000000000E+00
   7.6489999999999991E+00   9.3706739011224383E-03   1.0875381447657637E+03   5.8848510563079574E-03
   7.6509999999999998E+00   9.3729333266354166E-03   1.0872759844211853E+03   5.8862699918890045E-03
   8.0000000000000000E+00   1.0286263632350346E-02   9.9073538010255004E+02   6.4598480366548959E-03
   8.1490000000000009E+00   1.9730208722552205E-02   5.1651583888127277E+02   1.2749770839586359E-02
   8.1509999999999998E+00   1.9738513795071241E-02   5.1629851241264021E+02   1.2755251328468080E-02
   9.0000000000000000E+00   3.2254136628576395E-02   3.1595839711929244E+02   2.1440606100357161E-02
   1.0000000000000000E+01   4.5333635099291295E-02   2.2479920896065479E+02   3.0991432185000761E-02
   1.1000000000000000E+01   5.7935487185433725E-02   1.7590195240808976E+02   4.0707455828664134E-02
   1.2000000000000000E+01   7.0016588875448746E-02   1.4555072552534918E+02   5.0534009615012497E-02
   1.3000000000000000E+01   9.1495082869875455E-02   1.1138265565730211E+02   6.9395936141613615E-02
   1.3459000000000000E+01   9.2187188167589501E-02   1.1054643830881614E+02   7.0004411354205681E-02
   1.3460999999999999E+01   9.2191526992401587E-02   1.1054123564383086E+02   7.0007872070862565E-02
   1.3619000000000000E+01   1.0210410948595691E-01   9.9809550868599402E+01   7.9337339016481781E-02
   1.3620999999999999E+01   1.0210980620602141E-01   9.9803982480095016E+01   7.9342847840520134E-02
   1.4000000000000000E+01   1.0266153455922679E-01   9.9267611315047660E+01   7.9858821618408724E-02
   1.5000000000000000E+01   1.1338227483848301E-01   8.9881468017369045E+01   9.0412266620264109E-02
   1.6000000000000000E+01   1.2374170396799508E-01   8.2356755910420290E+01   1.0110508397092298E-01
   1.7000000000000000E+01   1.4335190492215880E-01   7.1090546827162370E+01   1.2247105893457420E-01
   1.8000000000000000E+01   1.5316567970494091E-01   6.6535566774904026E+01   1.3392507139791415E-01
   1.9000000000000000E+01   1.6277063707789641E-01   6.2609359357330604E+01   1.4561036552050316E-01
   2.0000000000000000E+01   1.7221897144921047E-01   5.9174463904152979E+01   1.5756806452948982E-01
   2.1000000000000000E+01   1.9093168917593081E-01   5.3374928769636362E+01   1.8198352027622078E-01
   2.2000000000000000E+01   2.0025980290487047E-01   5.0888721359985951E+01   1.9505774743812757E-01
   2.3000000000000000E+01   2.0956775580646117E-01   4.8628498551290306E+01   2.0854837977522159E-01
   2.4000000000000000E+01   2.1890279164314710E-01   4.6554752605644502E+01   2.2251492560527014E-01
   2.5000000000000000E+01   2.3780797208808982E-01   4.2853758097969390E+01   2.5118593039952691E-01
   2.6000000000000000E+01   2.4747501815431747E-01   4.1179773965212519E+01   2.6688663777429900E-01
   2.7000000000000000E+01   2.5733026081986987E-01   3.9602669647800546E+01   2.8331790860256340E-01
   2.8000000000000000E+01   2.6742050162524411E-01   3.8108392018174442E+01   3.0056207830900500E-01
   2.8478999999999996E+01   2.7755260573001900E-01   3.6717238819745091E+01   3.1776128427914563E-01
   2.8480999999999998E+01   2.7755346861617175E-01   3.6717124669498283E+01   3.1776486043317331E-01
   2.9000000000000000E+01   2.8785289299934053E-01   3.5403379842546883E+01   3.3568999842063196E-01
   3.0000000000000000E+01   2.9872471429893355E-01   3.4114905201427590E+01   3.5552970877747447E-01
   3.1000000000000000E+01   3.0986370652917788E-01   3.2888541300244334E+01   3.7629868115145831E-01
   3.2000000000000000E+01   3.2228877343655371E-01   3.1620602855525362E+01   3.9985603266794428E-01
   3.3000000000000000E+01   3.3610509661595372E-01   3.0320769938446475E+01   4.2654785720802030E-01
   3.4000000000000000E+01   3.5143221311081629E-01   2.8998381279345509E+01   4.5678319326724193E-01
   3.5000000000000000E+01   3.6841943084738815E-01   2.7661313319419090E+01   4.9107389335171786E-01
   3.6000000000000000E+01   3.8726236355111809E-01   2.6315403377138310E+01   5.3007717671779453E-01
   3.7000000000000000E+01   3.8834638473968541E-01   2.6241947163903223E+01   5.3353102813923603E-01
   3.8000000000000000E+01   4.0954491764738676E-01   2.4883632711579526E+01   5.7868398514389574E-01
   3.9000000000000000E+01   4.3327010663967458E-01   2.3521044155734678E+01   6.3071105986986853E-01
   4.0000000000000000E+01   4.3464093233754514E-01   2.3446860503504727E+01   6.3500536186079848E-01
   4.1000000000000000E+01   4.6003429982259425E-01   2.2152620605814956E+01   6.9259824971686068E-01
   4.2000000000000000E+01   4.8626780347594040E-01   2.0957516078145787E+01   7.5406748325877582E-01
   4.3000000000000000E+01   4.8820414420227798E-01   2.0874393285381920E+01   7.5989133603203263E-01
   4.4000000000000000E+01   5.1581923505270288E-01   1.9756853985079509E+01   8.2672360643506138E-01
   4.5000000000000000E+01   5.1790766786850850E-01   1.9677185610271831E+01   8.3308643617354428E-01
   4.6000000000000000E+01   5.4686315138412900E-01   1.8635311748173162E+01   9.0538687292667097E-01
   4.7000000000000000E+01   5.7657612691954441E-01   1.7674969243139870E+01   9.8178977361255260E-01
   4.8000000000000000E+01   5.7910142978431667E-01   1.7597893539007892E+01   9.8953123423417511E-01
   4.9000000000000000E+01   6.0961240344080181E-01   1.6717122637451851E+01   1.0703654880292839E+00
   5.0000000000000000E+01   6.4030446882654002E-01   1.5915811626784716E+01   1.1539974608737711E+00
   5.1000000000000000E+01   6.4286417362605286E-01   1.5852439329679665E+01   1.1621849409450353E+00
   5.2000000000000000E+01   6.7354305578169493E-01   1.5130384349081163E+01   1.2482531069685132E+00
   5.3000000000000000E+01   6.7577609883714829E-01   1.5080387316402446E+01   1.2558077206685898E+00
   5.3999000000000002E+01   7.0607548477970838E-01   1.4433251867980069E+01   1.3433033075472915E+00
   5.4000999999999998E+01   7.0607953627269449E-01   1.4433169049804912E+01   1.3433176783164713E+00
   5.5000000000000000E+01   7.3846139747127426E-01   1.3800268158266295E+01   1.4392640583018399E+00
   5.6000000000000000E+01   7.4029214770354490E-01   1.3766139950619468E+01   1.4461001737328094E+00
   5.7000000000000000E+01   7.7479277719940420E-01   1.3153149602747090E+01   1.5513640623350893E+00
   5.8000000000000000E+01   7.7624830720131321E-01   1.3128486355576321E+01   1.5573871674237783E+00
   5.9000000000000000E+01   8.1284578682580078E-01   1.2537390824682545E+01   1.6726043353179436E+00
   6.0000000000000000E+01   8.1395857268127536E-01   1.2520250602019484E+01   1.6778846591161654E+00
   6.1000000000000000E+01   8.1476456240295125E-01   1.2507865191848632E+01   1.6823520696083238E+00
   6.2000000000000000E+01   8.5343880199059396E-01   1.1941061603786766E+01   1.8084044481207222E+00
   6.3000000000000000E+01   8.5395427234436949E-01   1.1933853649627276E+01   1.8122372094641968E+00
   6.4000000000000000E+01   8.9465872931015866E-01   1.1390896859062190E+01   1.9497056830639121E+00
   6.5000000000000000E+01   8.9490510918749944E-01   1.1387760786039339E+01   1.9529482985911977E+00
   6.6000000000000000E+01   8.9489969018649185E-01   1.1387829743809521E+01   1.9554862872096861E+00
   6.7000000000000000E+01   9.3747361849412003E-01   1.0870668900530321E+01   2.1049562704614413E+00
   6.8000000000000000E+01   9.3721776477340279E-01   1.0873636515090592E+01   2.1069152503395916E+00
   6.9000000000000000E+01   9.3673831118255002E-01   1.0879202001214679E+01   2.1082268407345035E+00
   7.0000000000000000E+01   9.7934445630402189E-01   1.0405904933685594E+01   2.2641817027096653E+00
   7.1000000000000000E+01   9.7860957365668533E-01   1.0413719203207837E+01   2.2648459009034458E+00
   7.2000000000000000E+01   9.7767617670769924E-01   1.0423661282153244E+01   2.2649145824893457E+00
   7.3000000000000000E+01   1.0174820670522107E+00   1.0015867246836423E+01   2.4172015802314077E+00
   7.4000000000000000E+01   1.0162789169655888E+00   1.0027724810094357E+01   2.4165167948282211E+00
   7.5000000000000000E+01   1.0149013864738041E+00   1.0041335488799925E+01   2.4152906981381950E+00
   7.6000000000000000E+01   1.0518419102783674E+00   9.6886853528536836E+00   2.5628744041179528E+00
   7.7000000000000000E+01   1.0501923111961045E+00   9.7039039431023593E+00   2.5608276746024594E+00
   7.8000000000000000E+01   1.0483916226806225E+00   9.7205711006870477E+00   2.5582960707182592E+00
   7.9000000000000000E+01   1.0824886699163601E+00   9.4143851966774648E+00   2.7004555436542694E+00
   8.0000000000000000E+01   1.0804251361915287E+00   9.4323659902569030E+00   2.6970791109018402E+00
   8.1000000000000000E+01   1.0782327965620682E+00   9.4515445478243887E+00   2.6932757486402945E+00
   8.2000000000000000E+01   1.1095838463232830E+00   9.1844932164436610E+00   2.8296064234050560E+00
   8.3000000000000000E+01   1.1071461896636210E+00   9.2047151539472214E+00   2.8249693884586451E+00
   8.4000000000000000E+01   1.1046003979432615E+00   9.2259294208176836E+00   2.8199620196231407E+00
   8.5000000000000000E+01   1.1344531251661287E+00   8.9831523961285740E+00   2.9550649833224956E+00
   8.6000000000000000E+01   1.1316831870327173E+00   9.0051398009653685E+00   2.9492543585399891E+00
   8.7000000000000000E+01   1.1288233810100621E+00   9.0279537800792742E+00   2.9431250141861827E+00
   8.8000000000000000E+01   1.1258813925945230E+00   9.0515443071203237E+00   2.9367024285992551E+00
   8.9000000000000000E+01   1.1559466308313640E+00   8.8161209504129552E+00   3.0780344045718220E+00
   9.0000000000000000E+01   1.1528079064225070E+00   8.8401244065519471E+00   3.0708559682799277E+00
   9.1000000000000000E+01   1.1496016614903166E+00   8.8647795588780980E+00   3.0634265488324965E+00
   9.1998999999999995E+01   1.1798164521630283E+00   8.6377548736059317E+00   3.2111918826354007E+00
   9.2001000000000005E+01   1.1798097375611873E+00   8.6378040332991688E+00   3.2111757759651596E+00
   9.3000000000000000E+01   1.1764265386245283E+00   8.6626448614011036E+00   3.2030196926971413E+00
   9.4000000000000000E+01   1.1729848311207161E+00   8.6880623169651798E+00   3.1946404679814040E+00
   9.5000000000000000E+01   1.1694933288277771E+00   8.7140003781350401E+00   3.1860648224898900E+00
   9.6000000000000000E+01   1.1659570358452762E+00   8.7404295324171866E+00   3.1773101947809530E+00
   9.7000000000000000E+01   1.1958770206049607E+00   8.5217502586313874E+00   3.3300724444586569E+00
   9.8000000000000000E+01   1.1921851161096511E+00   8.5481400261789080E+00   3.3206230409205935E+00
   9.9000000000000000E+01   1.1884576524205888E+00   8.5749503054443963E+00   3.3110219653582642E+00
   1.0000000000000000E+02   1.1846986355637976E+00   8.6021583917683682E+00   3.3012835679963493E+00
   1.0399900000000000E+02   1.2024639705337543E+00   8.4750691574634480E+00   3.4274163963037481E+00
   1.0400100000000000E+02   1.2024560606363039E+00   8.4751249074655615E+00   3.4273950200139458E+00
   1.1000000000000000E+02   1.2108765710089713E+00   8.4161883660363213E+00   3.5320278879072267E+00
   1.2000000000000000E+02   1.2310754111973057E+00   8.2780999579223504E+00   3.7603045067627852E+00
   1.3000000000000000E+02   1.2159598260094890E+00   8.3810049408261698E+00   3.7973039890487361E+00
   1.4000000000000000E+02   1.2182510844091681E+00   8.3652421410107838E+00   3.9542009178305957E+00
   1.5000000000000000E+02   1.2118127385828716E+00   8.4096865672077872E+00   4.0688159732709028E+00
   1.5399900000000000E+02   1.1951732065130696E+00   8.5267685504462616E+00   4.0113094467499488E+00
   1.5400100000000000E+02   1.1951649795604047E+00   8.5268272447039166E+00   4.0112809970958834E+00
   1.6000000000000000E+02   1.1872382848215370E+00   8.5837573130178679E+00   4.0524064876712034E+00
   1.7000000000000000E+02   1.1633149826592295E+00   8.7602802865446314E+00   4.0364364369893400E+00
   1.8000000000000000E+02   1.1400651075199195E+00   8.9389327349917149E+00   4.0210444696317715E+00
   1.9000000000000000E+02   1.1174788544800116E+00   9.1196046070811292E+00   4.0062289210570086E+00
   2.0000000000000000E+02   1.0955317639997446E+00   9.3023001655605420E+00   3.9919167572194740E+00
   2.1000000000000000E+02   1.0741947195965771E+00   9.4870744788793608E+00   3.9780071907669394E+00
   2.2000000000000000E+02   1.0433067567502021E+00   9.7679471964463378E+00   3.8575487741173760E+00
   2.3000000000000000E+02   1.0240000597744505E+00   9.9521139792475708E+00   3.8474454372132922E+00
   2.4000000000000000E+02   1.0051710741370945E+00   1.0138538177076233E+01   3.8374316630359053E+00
   2.5000000000000000E+02   9.7867782773207290E-01   1.0412992938899583E+01   3.7304818157628996E+00
   2.6000000000000000E+02   9.6149669472078780E-01   1.0599064318771314E+01   3.7234302080097921E+00
   2.7000000000000000E+02   9.3754898279422971E-01   1.0869795068476266E+01   3.6252298860611405E+00
   2.8000000000000000E+02   9.2177831419991962E-01   1.1055765960904775E+01   3.6205693006721495E+00
   2.9000000000000000E+02   9.0003566969462245E-01   1.1322846030190560E+01   3.5300266587178140E+00
   3.0000000000000000E+02   8.8547875031179879E-01   1.1508989127117019E+01   3.5272776423352381E+00
   3.1000000000000000E+02   8.6565401055734048E-01   1.1772561768725973E+01   3.4434557316555492E+00
   3.2000000000000000E+02   8.5214917490540276E-01   1.1959132989553101E+01   3.4422259026274107E+00
   3.3000000000000000E+02   8.3400078724232485E-01   1.2219371330965663E+01   3.3643285214368244E+00
   3.4000000000000000E+02   8.2141524584088144E-01   1.2406593816260598E+01   3.3642998137455535E+00
   3.5000000000000000E+02   8.0473934254491974E-01   1.2663684712373570E+01   3.2916489218150717E+00
   3.6000000000000000E+02   7.8878699436795641E-01   1.2919793787672084E+01   3.2222869971507286E+00
   3.7000000000000000E+02   7.7758810700968539E-01   1.3105865711889962E+01   3.2245883945428000E+00
   3.8000000000000000E+02   7.6285071490910406E-01   1.3359055855175992E+01   3.1595539158689503E+00
   3.9000000000000000E+02   7.4871227889528136E-01   1.3611323864847444E+01   3.0972778792923448E+00
   4.0000000000000000E+02   7.3865312797888760E-01   1.3796686054137902E+01   3.1012972000024517E+00
   4.1000000000000000E+02   7.2552884919469851E-01   1.4046257872368729E+01   3.0426329056175336E+00
   4.2000000000000000E+02   7.1290579458762759E-01   1.4294967704009908E+01   2.9863071890830688E+00
   4.3000000000000000E+02   7.0379637367303294E-01   1.4479991217411612E+01   2.9915914830122041E+00
   4.4000000000000000E+02   6.9202883370702017E-01   1.4726214881887625E+01   2.9383126120566696E+00
   4.5000000000000000E+02   6.8068492369608680E-01   1.4971633651433326E+01   2.8870359510885186E+00
   4.6000000000000000E+02   6.7237718205047359E-01   1.5156619798657367E+01   2.8932490209078852E+00
   4.7000000000000000E+02   6.6176189835755461E-01   1.5399746245477264E+01   2.8445676314698485E+00
   4.8000000000000000E+02   6.5150794633871545E-01   1.5642119742210221E+01   2.7976169442910912E+00
   4.9000000000000000E+02   6.4159666888741984E-01   1.5883756577638735E+01   2.7523039697791529E+00
   5.0000000000000000E+02   6.3424843180755819E-01   1.6067781642893792E+01   2.7595920165751622E+00
   5.1000000000000000E+02   6.2492838822342833E-01   1.6307412979914300E+01   2.7163173661658990E+00
   5.2000000000000000E+02   6.1590407045990525E-01   1.6546351612876830E+01   2.6744790592534105E+00
   5.3000000000000000E+02   6.0716118185152068E-01   1.6784612742459259E+01   2.6340047002975275E+00
   5.3799900000000002E+02   6.0036133071242082E-01   1.6974719703446780E+01   2.6025654737382111E+00
   5.3800099999999998E+02   6.0035965089049492E-01   1.6974767199154229E+01   2.6025577050994673E+00
   5.4000000000000000E+02   6.0056903959463537E-01   1.6968848937851057E+01   2.6413328226632049E+00
   5.5000000000000000E+02   5.9231461645739525E-01   1.7205324715070045E+01   2.6025220347894940E+00
   5.6000000000000000E+02   5.8430526905143321E-01   1.7441166200975339E+01   2.5649170963847117E+00
   5.7000000000000000E+02   5.7653005968102167E-01   1.7676381549420061E+01   2.5284636006157410E+00
   5.8000000000000000E+02   5.6897850944433237E-01   1.7910984581094656E+01   2.4931075042185444E+00
   5.9000000000000000E+02   5.6321205415990805E-01   1.8094366472380621E+01   2.5008761733612155E+00
   6.0000000000000000E+02   5.5605283407001493E-01   1.8327332737501113E+01   2.4668669428269996E+00
   6.1000000000000000E+02   5.4909035892204894E-01   1.8559723630256652E+01   2.4338368027846222E+00
   6.2000000000000000E+02   5.4231644429732473E-01   1.8791547659662090E+01   2.4017435038065860E+00
   6.3000000000000000E+02   5.3572333178481735E-01   1.9022814025439978E+01   2.3705474713695103E+00
   6.4000000000000000E+02   5.3062750540010806E-01   1.9205497653099201E+01   2.3786887421760698E+00
   6.5000000000000000E+02   5.2435315294837814E-01   1.9435308536487327E+01   2.3485673871552568E+00
   6.6000000000000000E+02   5.1823863482063426E-01   1.9664619009269384E+01   2.3192398284154532E+00
   6.7000000000000000E+02   5.1227840599526786E-01   1.9893411844741696E+01   2.2906881662172522E+00
   6.8000000000000000E+02   5.0646650110531621E-01   2.0121696671726205E+01   2.2628811820274191E+00
   6.9000000000000000E+02   5.0079729876476398E-01   2.0349481386517201E+01   2.2357897878854494E+00
   7.0000000000000000E+02   4.9637297200424707E-01   2.0530862646454615E+01   2.2443611500951861E+00
   7.1000000000000000E+02   4.9095777957100112E-01   2.0757315055760035E+01   2.2181257310217601E+00
   7.2000000000000000E+02   4.8567041167793823E-01   2.0983294564770759E+01   2.1925396102247263E+00
   7.3000000000000000E+02   4.8050628167838638E-01   2.1208807664355778E+01   2.1675785704400781E+00
   7.4000000000000000E+02   4.7546098010238119E-01   2.1433862579926608E+01   2.1432193462703348E+00
   7.5000000000000000E+02   4.7053032513358733E-01   2.1658466554176634E+01   2.1194398856670951E+00
   7.6000000000000000E+02   4.6664440293169279E-01   2.1838824693078781E+01   2.1282982569697930E+00
   7.7000000000000000E+02   4.6191920495010930E-01   2.2062224736320193E+01   2.1052010827546441E+00
   7.8000000000000000E+02   4.5729754146278767E-01   2.2285195929619800E+01   2.0826342903985253E+00
   7.9000000000000000E+02   4.5277597678102638E-01   2.2507742972768760E+01   2.0605800143602866E+00
   8.0000000000000000E+02   4.4835117331275415E-01   2.2729873180286731E+01   2.0390201697430448E+00
   8.1000000000000000E+02   4.4401999255385505E-01   2.2951591100699364E+01   2.0179386938761614E+00
   8.2000000000000000E+02   4.3977932602173259E-01   2.3172906743524479E+01   1.9973181162316376E+00
   8.3000000000000000E+02   5.0641014799633732E-01   2.0123935805696700E+01   2.3645330587972544E+00
   8.4000000000000000E+02   5.0183840051654360E-01   2.0307264846895077E+01   2.3448138049938239E+00
   8.5000000000000000E+02   4.9735569806156138E-01   2.0490295676415972E+01   2.3254553976004066E+00
   8.6000000000000000E+02   4.9295940548465472E-01   2.0673031483418754E+01   2.3064477795617555E+00
   8.7000000000000000E+02   4.8864699110975035E-01   2.0855475414853750E+01   2.2877812641960680E+00
   8.8000000000000000E+02   4.8441602172478737E-01   2.1037630574947165E+01   2.2694465185620607E+00
   8.9000000000000000E+02   4.8026415785967103E-01   2.1219500024837100E+01   2.2514345476864022E+00
   9.0000000000000000E+02   4.7618914932992468E-01   2.1401086782367884E+01   2.2337366796003675E+00
   9.1000000000000000E+02   4.7218883103022341E-01   2.1582393821973657E+01   2.2163445511456441E+00
   9.2000000000000000E+02   4.6826111896078870E-01   2.1763424074688185E+01   2.1992500945004316E+00
   9.3000000000000000E+02   4.6440400647247043E-01   2.1944180428244803E+01   2.1824455243879193E+00
   9.4000000000000000E+02   4.6061556071719267E-01   2.2124665727236849E+01   2.1659233259304833E+00
   9.5000000000000000E+02   4.5689391928976925E-01   2.2304882773387028E+01   2.1496762431079195E+00
   9.6000000000000000E+02   4.5323728705084626E-01   2.2484834325840424E+01   2.1336972677933521E+00
   9.7000000000000000E+02   4.4964393311873485E-01   2.2664523101528403E+01   2.1179796293294291E+00
   9.8000000000000000E+02   4.4611218802046476E-01   2.2843951775565841E+01   2.1025167846177939E+00
   9.9000000000000000E+02   4.4264044099179772E-01   2.3023122981708081E+01   2.0873024086906384E+00
   1.0000000000000000E+03   4.3922713741809688E-01   2.3202039312819046E+01   2.0723303857414725E+00
   1.1000000000000000E+03   4.0800211357652727E-01   2.4977726758075192E+01   1.9347277070604043E+00
   1.2000000000000000E+03   3.8124863441636819E-01   2.6730496557010429E+01   1.8159032137900701E+00
   1.3000000000000000E+03   3.5805066026040316E-01   2.8462355863888003E+01   1.7121637999547064E+00
   1.3079990000000000E+03   3.5632699224948328E-01   2.8600037413097311E+01   1.7044291222531911E+00
   1.3080010000000000E+03   3.5632656354406134E-01   2.8600071822519347E+01   1.7044271980470980E+00
   1.4000000000000000E+03   3.3772845081530511E-01   3.0175027555510365E+01   1.6207341287849670E+00
   1.5000000000000000E+03   3.1976672637075454E-01   3.1869999187519316E+01   1.5394874171823167E+00
   1.6000000000000000E+03   3.0376756074244837E-01   3.3548563529046952E+01   1.4667656792067809E+00
   1.7000000000000000E+03   2.8941861575514172E-01   3.5211851466574529E+01   1.4012566608096042E+00
   1.8000000000000000E+03   2.7647118668862575E-01   3.6860858564292926E+01   1.3419076747526497E+00
   1.8439990000000000E+03   2.7116531695985507E-01   3.7582111989419317E+01   1.3175199961431707E+00
   1.8440010000000000E+03   2.7116508082480995E-01   3.7582144716545109E+01   1.3175189099148026E+00
   1.9000000000000000E+03   2.6472469371002211E-01   3.8496466524557704E+01   1.2878640447359913E+00
   2.0000000000000000E+03   2.5401551160663993E-01   4.0119460599764672E+01   1.2384243268854280E+00
   2.1000000000000000E+03   2.4420878286293862E-01   4.1730543800102815E+01   1.1930071994119971E+00
   2.2000000000000000E+03   2.3519232242653465E-01   4.3330348561079994E+01   1.1511266151542414E+00
   2.3000000000000000E+03   2.2687201488488029E-01   4.4919446388320615E+01   1.1123729025244182E+00
   2.4000000000000000E+03   2.1916829350403771E-01   4.6498355883050714E+01   1.0763982133826906E+00
   2.5000000000000000E+03   2.1201341494424095E-01   4.8067549462904786E+01   1.0429051914349925E+00
   2.6000000000000000E+03   2.0534932696218691E-01   4.9627459025021423E+01   1.0116380568858914E+00
   2.7000000000000000E+03   1.9912598344242938E-01   5.1178480745974746E+01   9.8237552509126025E-01
   2.8000000000000000E+03   1.9330000067345185E-01   5.2720979172926114E+01   9.5492513226139708E-01
   2.9000000000000000E+03   1.8783357664582465E-01   5.4255290729237103E+01   9.2911865142552497E-01
   3.0000000000000000E+03   1.8269361503203035E-01   5.5781726733279370E+01   9.0480836101511719E-01
   3.1000000000000000E+03   1.7785100986990085E-01   5.7300576010709264E+01   8.8186398596239679E-01
   3.2000000000000000E+03   1.7328005747314548E-01   5.8812107164790319E+01   8.6017017352361036E-01
   3.3000000000000000E+03   1.6895796984716144E-01   6.0316570558052724E+01   8.3962439745839990E-01
   3.4000000000000000E+03   1.6486446967753665E-01   6.1814200049073463E+01   8.2013520777144455E-01
   3.5000000000000000E+03   1.6098145132052913E-01   6.3305214520277197E+01   8.0162076106926339E-01
   3.6000000000000000E+03   1.5729269553860847E-01   6.4789819226730856E+01   7.8400758020709438E-01
   3.7000000000000000E+03   1.5378362826373473E-01   6.6268206991152724E+01   7.6722950238286991E-01
   3.8000000000000000E+03   1.5044111563368201E-01   6.7740559266033642E+01   7.5122678296984036E-01
   3.9000000000000000E+03   1.4725328907283469E-01   6.9207047080564593E+01   7.3594532872686880E-01
   4.0000000000000000E+03   1.4420939538523511E-01   7.0667831887152204E+01   7.2133603902053911E-01
   4.1000000000000000E+03   1.4129966776915676E-01   7.2123066320869057E+01   7.0735423764073280E-01
   4.2000000000000000E+03   1.3851521441431680E-01   7.3572894881779348E+01   6.9395918094541742E-01
   4.3000000000000000E+03   1.3584792193645634E-01   7.5017454550379810E+01   6.8111363057975227E-01
   4.4000000000000000E+03   1.3329037138753880E-01   7.6456875343243297E+01   6.6878348105409569E-01
   4.5000000000000000E+03   1.3083576496322097E-01   7.7891280816804368E+01   6.5693743409659300E-01
   4.6000000000000000E+03   1.2847786184778059E-01   7.9320788523907893E+01   6.4554671304403077E-01
   4.7000000000000000E+03   1.2621092188762106E-01   8.0745510429800618E+01   6.3458481161326330E-01
   4.8000000000000000E+03   1.2402965599918057E-01   8.2165553290730614E+01   6.2402727230419675E-01
   4.9000000000000000E+03   1.2192918238565818E-01   8.3581019000012262E+01   6.1385149041510256E-01
   5.0000000000000000E+03   1.1990498778177849E-01   8.4992004904572781E+01   6.0403654026846176E-01
   5.1000000000000000E+03   1.1795289306332953E-01   8.6398604094942172E+01   5.9456302075332512E-01
   5.2000000000000000E+03   1.1606902265578707E-01   8.7800905671910968E+01   5.8541291771158277E-01
   5.3000000000000000E+03   1.1424977726089068E-01   8.9198994991127833E+01   5.7656948105826777E-01
   5.4000000000000000E+03   1.1249180948540882E-01   9.0592953889265289E+01   5.6801711481438677E-01
   5.5000000000000000E+03   1.1079200201890846E-01   9.1982860891821446E+01   5.5974127849567668E-01
   5.6000000000000000E+03   1.0914744805179827E-01   9.3368791405872500E+01   5.5172839850089206E-01
   5.7000000000000000E+03   1.0755543367045359E-01   9.4750817897833500E+01   5.4396578833559328E-01
   5.8000000000000000E+03   1.0601342199850265E-01   9.6129010058515007E+01   5.3644157665342307E-01
   5.9000000000000000E+03   1.0451903888535066E-01   9.7503434956097919E+01   5.2914464223223912E-01
   6.0000000000000000E+03   1.0307005996755871E-01   9.8874157178517834E+01   5.2206455511445804E-01
   6.1000000000000000E+03   1.0166439895203722E-01   1.0024123896546624E+02   5.1519152323786499E-01
   6.2000000000000000E+03   1.0030009698725711E-01   1.0160474033167081E+02   5.0851634396572176E-01
   6.3000000000000000E+03   9.8975313006102891E-02   1.0296471918207801E+02   5.0203035999535195E-01
   6.4000000000000000E+03   9.7688314939206392E-02   1.0432123141824815E+02   4.9572541919344509E-01
   6.5000000000000000E+03   9.6437471705775449E-02   1.0567433103932505E+02   4.8959383794751793E-01
   6.6000000000000000E+03   9.5221245904908977E-02   1.0702407023542504E+02   4.8362836768383177E-01
   6.7000000000000000E+03   9.4038187135338513E-02   1.0837049947554767E+02   4.7782216423221791E-01
   6.8000000000000000E+03   9.2886925882179019E-02   1.0971366758932500E+02   4.7216875976118872E-01
   6.9000000000000000E+03   9.1766167913586286E-02   1.1105362184490708E+02   4.6666203702958725E-01
   7.0000000000000000E+03   9.0674689139980752E-02   1.1239040802113105E+02   4.6129620573852431E-01
   7.1000000000000000E+03   8.9611330890805641E-02   1.1372407047552598E+02   4.5606578078300608E-01
   7.2000000000000000E+03   8.8574995569404624E-02   1.1505465220877525E+02   4.5096556222685547E-01
   7.3000000000000000E+03   8.7564642652032149E-02   1.1638219492459895E+02   4.4599061684397323E-01
   7.4000000000000000E+03   8.6579284998149070E-02   1.1770673908717916E+02   4.4113626108333276E-01
   7.5000000000000000E+03   8.5617985445323119E-02   1.1902832397451999E+02   4.3639804533069726E-01
   7.6000000000000000E+03   8.4679853662800800E-02   1.2034698772877627E+02   4.3177173935497265E-01
   7.7000000000000000E+03   8.3764043240006622E-02   1.2166276740524319E+02   4.2725331883024387E-01
   7.8000000000000000E+03   8.2869748992289660E-02   1.2297569901629413E+02   4.2283895285018863E-01
   7.9000000000000000E+03   8.1996204462281300E-02   1.2428581757488003E+02   4.1852499234234941E-01
   8.0000000000000000E+03   8.1142679602280735E-02   1.2559315713484540E+02   4.1430795931144210E-01
   8.1000000000000000E+03   8.0308478621645987E-02   1.2689775082957219E+02   4.1018453684122014E-01
   8.2000000000000000E+03   7.9492937986198622E-02   1.2819963090810643E+02   4.0615155979444395E-01
   8.3000000000000000E+03   7.8695424556594437E-02   1.2949882876993368E+02   4.0220600615315988E-01
   8.4000000000000000E+03   7.7915333854899127E-02   1.3079537499781725E+02   3.9834498894872816E-01
   8.5000000000000000E+03   7.7152088449569556E-02   1.3208929938809084E+02   3.9456574873611944E-01
   8.6000000000000000E+03   7.6405136447633665E-02   1.3338063098174445E+02   3.9086564656624662E-01
   8.7000000000000000E+03   7.5673950088706837E-02   1.3466939809122638E+02   3.8724215742426710E-01
   8.8000000000000000E+03   7.4958024430001380E-02   1.3595562832833679E+02   3.8369286409124653E-01
   8.9000000000000000E+03   7.4256876117983900E-02   1.3723934862866605E+02   3.8021545140378826E-01
   9.0000000000000000E+03   7.3570042237837793E-02   1.3852058527690153E+02   3.7680770087633297E-01
   9.1000000000000000E+03   7.2897079237165360E-02   1.3979936392891807E+02   3.7346748566375637E-01
   9.2000000000000000E+03   7.2237561915875534E-02   1.4107570963565433E+02   3.7019276583544697E-01
   9.3000000000000000E+03   7.1591082480949142E-02   1.4234964686200325E+02   3.6698158394403230E-01
   9.4000000000000000E+03   7.0957249657586791E-02   1.4362119950828779E+02   3.6383206086068604E-01
   9.5000000000000000E+03   7.0335687855151707E-02   1.4489039092954894E+02   3.6074239186285545E-01
   9.6000000000000000E+03   6.9726036383853759E-02   1.4615724395301419E+02   3.5771084295691585E-01
   9.7000000000000000E+03   6.9127948717043947E-02   1.4742178089712374E+02   3.5473574741521030E-01
   9.8000000000000000E+03   6.8541091798590734E-02   1.4868402358658071E+02   3.5181550251972493E-01
   9.9000000000000000E+03   6.7965145389285248E-02   1.4994399336984674E+02   3.4894856648993638E-01
   1.0000000000000000E+04   6.7399801451887453E-02   1.5120171113421392E+02   3.4613345558997094E-01
   1.1000000000000000E+04   6.2269385315744372E-02   1.6365932083570681E+02   3.2054277281224552E-01
   1.2000000000000000E+04   5.7932251291921831E-02   1.7591177767767334E+02   2.9884519681295352E-01
   1.3000000000000000E+04   5.4214702958594777E-02   1.8797419802179442E+02   2.8019855218474066E-01
   1.4000000000000000E+04   5.0990711973902342E-02   1.9985924720657979E+02   2.6398955659476131E-01
   1.5000000000000000E+04   4.8166538662311520E-02   2.1157769673006834E+02   2.4976056747919018E-01
   1.6000000000000000E+04   4.5670964189567231E-02   2.2313882552012362E+02   2.3716287149156282E-01
   1.7000000000000000E+04   4.3448877428298602E-02   2.3455071598683469E+02   2.2592590676456503E-01
   1.8000000000000000E+04   4.1456942204548937E-02   2.4582047704698869E+02   2.1583640214842365E-01
   1.9000000000000000E+04   3.9660596223347021E-02   2.5695441521457860E+02   2.0672388558076524E-01
   2.0000000000000000E+04   3.8031926352464274E-02   2.6795816796619704E+02   1.9845039661356445E-01
   2.1000000000000000E+04   3.6548134871511782E-02   2.7883680919584276E+02   1.9090304187232485E-01
   2.2000000000000000E+04   3.5190412973225428E-02   2.8959493363676745E+02   1.8398851468749905E-01
   2.3000000000000000E+04   3.3943100401620088E-02   3.0023672525640137E+02   1.7762899805282753E-01
   2.4000000000000000E+04   3.2793049678938306E-02   3.1076601320727167E+02   1.7175905884642065E-01
   2.5000000000000000E+04   3.1729138936256722E-02   3.2118631804364838E+02   1.6632326354745178E-01
   2.6000000000000000E+04   3.0741894245028278E-02   3.3150089023157017E+02   1.6127432663334401E-01
   2.7000000000000000E+04   2.9823193705185342E-02   3.4171274245050955E+02   1.5657165740417114E-01
   2.8000000000000000E+04   2.8966033303787699E-02   3.5182467695012463E+02   1.5218020836642249E-01
   2.9000000000000000E+04   2.8164339974825998E-02   3.6183930881180248E+02   1.4806955441475184E-01
   3.0000000000000000E+04   2.7412821090699716E-02   3.7175908586399100E+02   1.4421315042122718E-01
   3.1000000000000000E+04   2.6706842340786921E-02   3.8158630584597142E+02   1.4058772805262390E-01
   3.2000000000000000E+04   2.6042327923992137E-02   3.9132313130282722E+02   1.3717280217898883E-01
   3.3000000000000000E+04   2.5415678433598800E-02   4.0097160247980997E+02   1.3395026427274595E-01
   3.4000000000000000E+04   2.4823702863125737E-02   4.1053364865923299E+02   1.3090404535469832E-01
   3.5000000000000000E+04   2.4263561978353960E-02   4.2001109807056497E+02   1.2801983495923266E-01
   3.6000000000000000E+04   2.3732720887309648E-02   4.2940568668976198E+02   1.2528484551202135E-01
   3.7000000000000000E+04   2.3228909116086875E-02   4.3871906591489653E+02   1.2268761377170219E-01
   3.8000000000000000E+04   2.2750086823999396E-02   4.4795280951987672E+02   1.2021783266249392E-01
   3.9000000000000000E+04   2.2294416091918852E-02   4.5710841977716643E+02   1.1786620821180060E-01
   4.0000000000000000E+04   2.1860236413830149E-02   4.6618733286819435E+02   1.1562433731396383E-01
   4.1000000000000000E+04   2.1446043675986615E-02   4.7519092395781138E+02   1.1348460282152806E-01
   4.2000000000000000E+04   2.1050472079220020E-02   4.8412051146784836E+02   1.1144008321669917E-01
   4.3000000000000000E+04   2.0672278509829223E-02   4.9297736119344916E+02   1.0948447447975582E-01
   4.4000000000000000E+04   2.0310329000493472E-02   5.0176268978134482E+02   1.0761202233012930E-01
   4.5000000000000000E+04   1.9963586939532867E-02   5.1047766819153185E+02   1.0581746320244048E-01
   4.6000000000000000E+04   1.9631102795892860E-02   5.1912342447535707E+02   1.0409597273139373E-01
   4.7000000000000000E+04   1.9312005110229541E-02   5.2770104665276415E+02   1.0244312059233779E-01
   4.8000000000000000E+04   1.9005492593966118E-02   5.3621158511130068E+02   1.0085483084209418E-01
   4.9000000000000000E+04   1.8710827169657430E-02   5.4465605487275957E+02   9.9327346968453412E-02
   5.0000000000000000E+04   1.8427327825813668E-02   5.5303543769139355E+02   9.7857201011808434E-02
   5.1000000000000000E+04   1.8154365176913819E-02   5.6135068399919055E+02   9.6441186215769956E-02
   5.2000000000000000E+04   1.7891356641613659E-02   5.6960271452687971E+02   9.5076332752384599E-02
   5.3000000000000000E+04   1.7637762142864204E-02   5.7779242213869327E+02   9.3759886094958667E-02
   5.4000000000000000E+04   1.7393080286390143E-02   5.8592067315448173E+02   9.2489287750004784E-02
   5.5000000000000000E+04   1.7156844939361142E-02   5.9398830878581873E+02   9.1262158020274153E-02
   5.6000000000000000E+04   1.6928622166904998E-02   6.0199614647639316E+02   9.0076280555954472E-02
   5.7000000000000000E+04   1.6708007488052172E-02   6.0994498098706117E+02   8.8929588505064064E-02
   5.8000000000000000E+04   1.6494623403163329E-02   6.1783558560526092E+02   8.7820152031358220E-02
   5.9000000000000000E+04   1.6288117170327913E-02   6.2566871315222079E+02   8.6746167087820888E-02
   6.0000000000000000E+04   1.6088158801301669E-02   6.3344509682531987E+02   8.5705945275283357E-02
   6.1000000000000000E+04   1.5894439242303559E-02   6.4116545127984614E+02   8.4697904659490855E-02
   6.2000000000000000E+04   1.5706668732686391E-02   6.4883047341692077E+02   8.3720561464287024E-02
   6.3000000000000000E+04   1.5524575318691038E-02   6.5644084301372789E+02   8.2772522538193560E-02
   6.4000000000000000E+04   1.5347903494971228E-02   6.6399722365799005E+02   8.1852478489386662E-02
   6.5000000000000000E+04   1.5176412976348847E-02   6.7150026330420849E+02   8.0959197457582927E-02
   6.6000000000000000E+04   1.5009877572390471E-02   6.7895059506528969E+02   8.0091519416560758E-02
   6.7000000000000000E+04   1.4848084168206981E-02   6.8634883761318918E+02   7.9248350995730771E-02
   6.8000000000000000E+04   1.4690831786015433E-02   6.9369559587039112E+02   7.8428660723784474E-02
   6.9000000000000000E+04   1.4537930725272692E-02   7.0099146172953738E+02   7.7631474682313767E-02
   7.0000000000000000E+04   1.4389201787219143E-02   7.0823701413955666E+02   7.6855872539140530E-02
   7.1000000000000000E+04   1.4244475548395811E-02   7.1543281990324647E+02   7.6100983878980274E-02
   7.2000000000000000E+04   1.4103591700455094E-02   7.2257943409570032E+02   7.5365984848555306E-02
   7.3000000000000000E+04   1.3966398443513299E-02   7.2967740042994819E+02   7.4650095068002409E-02
   7.4000000000000000E+04   1.3832751926441478E-02   7.3672725165782094E+02   7.3952574785024941E-02
   7.5000000000000000E+04   1.3702515729673423E-02   7.4372951001710271E+02   7.3272722249375491E-02
   7.6000000000000000E+04   1.3575560391237074E-02   7.5068468747778923E+02   7.2609871292638697E-02
   7.7000000000000000E+04   1.3451762963241477E-02   7.5759328628371372E+02   7.1963389082439197E-02
   7.8000000000000000E+04   1.3331006608157212E-02   7.6445579911391155E+02   7.1332674058572340E-02
   7.9000000000000000E+04   1.3213180221347237E-02   7.7127270943955762E+02   7.0717154010277547E-02
   8.0000000000000000E+04   1.3098178081937764E-02   7.7804449182782764E+02   7.0116284300897183E-02
   8.1000000000000000E+04   1.2985899529830180E-02   7.8477161217994797E+02   6.9529546217606764E-02
   8.2000000000000000E+04   1.2876248663362011E-02   7.9145452810560892E+02   6.8956445435022495E-02
   8.3000000000000000E+04   1.2769134058701339E-02   7.9809368926526179E+02   6.8396510588206186E-02
   8.4000000000000000E+04   1.2664468517429138E-02   8.0468953715717430E+02   6.7849291963833047E-02
   8.5000000000000000E+04   1.2562168814129629E-02   8.1124250600494258E+02   6.7314360242145127E-02
   8.6000000000000000E+04   1.2462155481100858E-02   8.1775302234725677E+02   6.6791305367617182E-02
   8.7000000000000000E+04   1.2364352589025228E-02   8.2422150583745884E+02   6.6279735458367114E-02
   8.8000000000000000E+04   1.2268687560176482E-02   8.3064836883702196E+02   6.5779275820776570E-02
   8.9000000000000000E+04   1.2175090975670204E-02   8.3703401724032483E+02   6.5289567995376649E-02
   9.0000000000000000E+04   1.2083496411852430E-02   8.4337885015098516E+02   6.4810268898834802E-02
   9.1000000000000000E+04   1.1993840276110126E-02   8.4968326032575931E+02   6.4341049994175156E-02
   9.2000000000000000E+04   1.1906061654160952E-02   8.5594763454547547E+02   6.3881596515833139E-02
   9.3000000000000000E+04   1.1820102182212387E-02   8.6217235287251970E+02   6.3431606784395592E-02
   9.4000000000000000E+04   1.1735905894640294E-02   8.6835779028236755E+02   6.2990791482504818E-02
   9.5000000000000000E+04   1.1653419118589955E-02   8.7450431550811231E+02   6.2558873061563380E-02
   9.6000000000000000E+04   1.1572590352653662E-02   8.8061229155102774E+02   6.2135585141783502E-02
   9.7000000000000000E+04   1.1493370149765248E-02   8.8668207643515314E+02   6.1720671930110944E-02
   9.8000000000000000E+04   1.1415711025853925E-02   8.9271402250385427E+02   6.1313887721103834E-02
   9.9000000000000000E+04   1.1339567359190410E-02   8.9870847686020034E+02   6.0914996396019890E-02
   1.0000000000000000E+05   1.1264895294798082E-02   9.0466578187705443E+02   6.0523770945648724E-02
   1.1000000000000000E+05   1.0590574235083810E-02   9.6226749215086431E+02   5.6988911491397051E-02
   1.2000000000000000E+05   1.0025571925680375E-02   1.0164971520006384E+03   5.4024514877287197E-02
   1.3000000000000000E+05   9.5454194318598268E-03   1.0676288645438865E+03   5.1503546861034429E-02
   1.4000000000000000E+05   9.1324680186168471E-03   1.1159048450930272E+03   4.9334233067932151E-02
   1.5000000000000000E+05   8.7736612593918885E-03   1.1615407762321113E+03   4.7448581163235408E-02
   1.6000000000000000E+05   8.4591285482803428E-03   1.2047299259571341E+03   4.5795122252310187E-02
   1.7000000000000000E+05   8.1812667004231600E-03   1.2456463873869984E+03   4.4334163702117506E-02
   1.8000000000000000E+05   7.9341225540888686E-03   1.2844476802768468E+03   4.3034593327615993E-02
   1.9000000000000000E+05   7.7129672683858190E-03   1.3212768776295402E+03   4.1871672967651860E-02
   2.0000000000000000E+05   7.5139962031698614E-03   1.3562643677318451E+03   4.0825481111230986E-02
   2.1000000000000000E+05   7.3341131551826347E-03   1.3895293260413134E+03   3.9879791953022485E-02
   2.2000000000000000E+05   7.1707723962033129E-03   1.4211809755706981E+03   3.9021254074105498E-02
   2.3000000000000000E+05   7.0218613329737743E-03   1.4513196467973771E+03   3.8238779514666914E-02
   2.4000000000000000E+05   6.8856119271890016E-03   1.4800377101403160E+03   3.7523082425990090E-02
   2.5000000000000000E+05   6.7605331066040572E-03   1.5074203689168487E+03   3.6866326554419654E-02
   2.6000000000000000E+05   6.6453584648950093E-03   1.5335463637464838E+03   3.6261852381389459E-02
   2.7000000000000000E+05   6.5390054305447774E-03   1.5584885832986117E+03   3.5703963891133131E-02
   2.8000000000000000E+05   6.4405430382115294E-03   1.5823146044004359E+03   3.5187760123696718E-02
   2.9000000000000000E+05   6.3491662577551122E-03   1.6050871714351510E+03   3.4709000937372281E-02
   3.0000000000000000E+05   6.2641753654371158E-03   1.6268646254478749E+03   3.4263999127427530E-02
   3.1000000000000000E+05   6.1849592660493842E-03   1.6477012816514623E+03   3.3849533053799445E-02
   3.2000000000000000E+05   6.1109818965197089E-03   1.6676477663001353E+03   3.3462775415823917E-02
   3.3000000000000000E+05   6.0417710248064178E-03   1.6867513296663180E+03   3.3101234572526846E-02
   3.4000000000000000E+05   5.9769090530181080E-03   1.7050561116511576E+03   3.2762706285765615E-02
   3.5000000000000000E+05   5.9160253023347953E-03   1.7226034015793898E+03   3.2445233305612713E-02
   3.6000000000000000E+05   5.8587896585500163E-03   1.7394318457498277E+03   3.2147071875485780E-02
   3.7000000000000000E+05   5.8049071114778935E-03   1.7555776714292851E+03   3.1866663267418313E-02
   3.8000000000000000E+05   5.7541133060512607E-03   1.7710748411774273E+03   3.1602610104800963E-02
   3.9000000000000000E+05   5.7061705422218221E-03   1.7859552626801762E+03   3.1353655731795854E-02
   4.0000000000000000E+05   5.6608646166124918E-03   1.8002489018594506E+03   3.1118667256392733E-02
   4.1000000000000000E+05   5.6180019331263853E-03   1.8139839449931349E+03   3.0896620538309560E-02
   4.2000000000000000E+05   5.5774071250555054E-03   1.8271869134047192E+03   3.0686587569158888E-02
   4.3000000000000000E+05   5.5389209126176240E-03   1.8398827985459602E+03   3.0487725375311855E-02
   4.4000000000000000E+05   5.5023983449464537E-03   1.8520951539234352E+03   3.0299266570145509E-02
   4.5000000000000000E+05   5.4677072566884479E-03   1.8638461847359183E+03   3.0120511213722955E-02
   4.6000000000000000E+05   5.4347268081082409E-03   1.8751568697855123E+03   2.9950819359285178E-02
   4.7000000000000000E+05   5.4033463736891411E-03   1.8860470169477151E+03   2.9789604940878227E-02
   4.8000000000000000E+05   5.3734644717826465E-03   1.8965353475670800E+03   2.9636330234449226E-02
   4.9000000000000000E+05   5.3449878392181757E-03   1.9066395689166459E+03   2.9490500976275799E-02
   5.0000000000000000E+05   5.3178306195600421E-03   1.9163764396984091E+03   2.9351662056445044E-02
   5.1000000000000000E+05   5.2919136218078488E-03   1.9257618392777492E+03   2.9219393713240154E-02
   5.2000000000000000E+05   5.2671637431111517E-03   1.9348108026754012E+03   2.9093308300477801E-02
   5.3000000000000000E+05   5.2435133660040474E-03   1.9435375860208674E+03   2.8973047205014025E-02
   5.4000000000000000E+05   5.2208998727796014E-03   1.9519557083951504E+03   2.8858278266720119E-02
   5.5000000000000000E+05   5.1992651338409563E-03   1.9600780201226407E+03   2.8748693198985101E-02
   5.6000000000000000E+05   5.1785552179744801E-03   1.9679167027628437E+03   2.8644005808511900E-02
   5.7000000000000000E+05   5.1587199205670358E-03   1.9754833498523192E+03   2.8543949772668734E-02
   5.8000000000000000E+05   5.1397125526419628E-03   1.9827889605213823E+03   2.8448277247783465E-02
   5.9000000000000000E+05   5.1214895455819094E-03   1.9898440129440405E+03   2.8356757014497417E-02
   6.0000000000000000E+05   5.1040102082994671E-03   1.9966584888604762E+03   2.8269173221806432E-02
   6.1000000000000000E+05   5.0872365989514823E-03   2.0032418605676983E+03   2.8185324319904288E-02
   6.2000000000000000E+05   5.0711332233908434E-03   2.0096031519395594E+03   2.8105021805718833E-02
   6.3000000000000000E+05   5.0556667570124357E-03   2.0157509977287039E+03   2.8028088887383520E-02
   6.4000000000000000E+05   5.0408060685325695E-03   2.0216935885014818E+03   2.7954360160090105E-02
   6.5000000000000000E+05   5.0265218358799910E-03   2.0274387821986911E+03   2.7883680117295636E-02
   6.6000000000000000E+05   5.0127866716630359E-03   2.0329940165298749E+03   2.7815903052876852E-02
   6.7000000000000000E+05   4.9995747200872387E-03   2.0383664371864479E+03   2.7750891800932157E-02
   6.8000000000000000E+05   4.9868617188887797E-03   2.0435628425450921E+03   2.7688517399257668E-02
   6.9000000000000000E+05   4.9746247796826504E-03   2.0485897451509454E+03   2.7628658324655046E-02
   7.0000000000000000E+05   4.9628423164139865E-03   2.0534533760877921E+03   2.7571200009122068E-02
   7.1000000000000000E+05   4.9514940812182421E-03   2.0581596468604321E+03   2.7516034717867430E-02
   7.2000000000000000E+05   4.9405608145161595E-03   2.0627142731831109E+03   2.7463060320040814E-02
   7.3000000000000000E+05   4.9300244614806782E-03   2.0671226662779914E+03   2.7412180726780009E-02
   7.4000000000000000E+05   4.9198678511964116E-03   2.0713900490545539E+03   2.7363304848533863E-02
   7.5000000000000000E+05   4.9100748325589631E-03   2.0755213835143272E+03   2.7316346709876253E-02
   7.6000000000000000E+05   4.9006299995070623E-03   2.0795214718631546E+03   2.7271224688035944E-02
   7.7000000000000000E+05   4.8915188579247201E-03   2.0833948729690242E+03   2.7227861656345522E-02
   7.8000000000000000E+05   4.8827276426952606E-03   2.0871459674548332E+03   2.7186184446689722E-02
   7.9000000000000000E+05   4.8742432615514570E-03   2.0907789707623051E+03   2.7146123638791354E-02
   8.0000000000000000E+05   4.8660533809855985E-03   2.0942978861377637E+03   2.7107613496798334E-02
   8.1000000000000000E+05   4.8581461672818523E-03   2.0977066063315947E+03   2.7070591310961841E-02
   8.2000000000000000E+05   4.8505104693318422E-03   2.1010088266102566E+03   2.7034997763104487E-02
   8.3000000000000000E+05   4.8431356250340247E-03   2.1042081202423610E+03   2.7000776269330160E-02
   8.4000000000000000E+05   4.8360115582890386E-03   2.1073078893213360E+03   2.6967873174044924E-02
   8.5000000000000000E+05   4.8291285939374030E-03   2.1103114384706228E+03   2.6936237184762121E-02
   8.6000000000000000E+05   4.8224775556506942E-03   2.1132219262877620E+03   2.6905819592276094E-02
   8.7000000000000000E+05   4.8160497526876789E-03   2.1160423652069653E+03   2.6876574066730739E-02
   8.8000000000000000E+05   4.8098368279983162E-03   2.1187756828484294E+03   2.6848456324588696E-02
   8.9000000000000000E+05   4.8038307978866737E-03   2.1214247000778878E+03   2.6821424023343570E-02
   9.0000000000000000E+05   4.7980241002559100E-03   2.1239921052268382E+03   2.6795436954438978E-02
   9.1000000000000000E+05   4.7924095571621732E-03   2.1264804662617862E+03   2.6770456776030422E-02
   9.2000000000000000E+05   4.7869801240814453E-03   2.1288923382749917E+03   2.6746446467361705E-02
   9.3000000000000000E+05   4.7817293150368761E-03   2.1312300714272164E+03   2.6723371246246935E-02
   9.4000000000000000E+05   4.7766507287244405E-03   2.1334960181091278E+03   2.6701197268657554E-02
   9.5000000000000000E+05   4.7717384142601758E-03   2.1356923672044363E+03   2.6679892784194234E-02
   9.6000000000000000E+05   4.7669864670699591E-03   2.1378213217155535E+03   2.6659426702209933E-02
   9.7000000000000000E+05   4.7623893866172691E-03   2.1398849363870081E+03   2.6639769794471121E-02
   9.8000000000000000E+05   4.7579419348414854E-03   2.1418851783383898E+03   2.6620893943119169E-02
   9.9000000000000000E+05   4.7536389362929574E-03   2.1438240148669988E+03   2.6602772040980546E-02
   1.0000000000000000E+06   4.7494756393011636E-03   2.1457032488603631E+03   2.6585378532558383E-02
   1.1000000000000000E+06   4.7145823965288967E-03   2.1615838800770007E+03   2.6446506874724229E-02
   1.2000000000000000E+06   4.6895246050152068E-03   2.1731339886207106E+03   2.6358559710265031E-02
   1.3000000000000000E+06   4.6717080500549299E-03   2.1814216985395378E+03   2.6307795134331090E-02
   1.4000000000000000E+06   4.6593192332043615E-03   2.1872219522985997E+03   2.6284625025694088E-02
   1.5000000000000000E+06   4.6510594525466086E-03   2.1911062229169675E+03   2.6282198683419897E-02
   1.6000000000000000E+06   4.6459791885011840E-03   2.1935021437147921E+03   2.6295522177511785E-02
   1.7000000000000000E+06   4.6433722793000369E-03   2.1947336325072538E+03   2.6320893019663592E-02
   1.8000000000000000E+06   4.6427049265677072E-03   2.1950491084010605E+03   2.6355524740553835E-02
   1.9000000000000000E+06   4.6435687695610397E-03   2.1946407634649972E+03   2.6397294170747015E-02
   2.0000000000000000E+06   4.6456472537936642E-03   2.1936588709591870E+03   2.6444564938518714E-02
   2.1000000000000000E+06   4.6486927519806950E-03   2.1922217391737786E+03   2.6496064735908348E-02
   2.2000000000000000E+06   4.6525099639892200E-03   2.1904231024781252E+03   2.6550796233768239E-02
   2.3000000000000000E+06   4.6569427715923766E-03   2.1883381027993605E+03   2.6607969424016224E-02
   2.4000000000000000E+06   4.6618668761972855E-03   2.1860266670558585E+03   2.6666959480090624E-02
   2.5000000000000000E+06   4.6671811640776727E-03   2.1835375468322095E+03   2.6727264718581979E-02
   2.6000000000000000E+06   4.6728042849333642E-03   2.1809099393464076E+03   2.6788484305689149E-02
   2.7000000000000000E+06   4.6786690371914850E-03   2.1781761498028718E+03   2.6850293883466211E-02
   2.8000000000000000E+06   4.6847215375164092E-03   2.1753620205640582E+03   2.6912433755752078E-02
   2.9000000000000000E+06   4.6909169249262648E-03   2.1724889766176889E+03   2.6974693590915273E-02
   3.0000000000000000E+06   4.6972176359469046E-03   2.1695748631364568E+03   2.7036900545498534E-02
   3.1000000000000000E+06   4.7035936792802343E-03   2.1666338558374637E+03   2.7098918804844864E-02
   3.2000000000000000E+06   4.7100193676508023E-03   2.1636780051532069E+03   2.7160634998799889E-02
   3.3000000000000000E+06   4.7164741734607735E-03   2.1607168691764309E+03   2.7221961601966372E-02
   3.4000000000000000E+06   4.7229400582306392E-03   2.1577587655113098E+03   2.7282824045344860E-02
   3.5000000000000000E+06   4.7294026636482940E-03   2.1548102444231881E+03   2.7343166035875114E-02
   3.6000000000000000E+06   4.7358501464623420E-03   2.1518766418832447E+03   2.7402941690557452E-02
   3.7000000000000000E+06   4.7422727276137076E-03   2.1489623003524957E+03   2.7462117127320145E-02
   3.8000000000000000E+06   4.7486620632812906E-03   2.1460708666621299E+03   2.7520663855608127E-02
   3.9000000000000000E+06   4.7550114060932189E-03   2.1432052290290280E+03   2.7578562225342589E-02
   4.0000000000000000E+06   4.7613142065620010E-03   2.1403681562511797E+03   2.7635794656554056E-02
   4.1000000000000000E+06   4.7675677284671151E-03   2.1375606787464126E+03   2.7692355780017101E-02
   4.2000000000000000E+06   4.7737673417476032E-03   2.1347846637831540E+03   2.7748237526240230E-02
   4.3000000000000000E+06   4.7799094665219814E-03   2.1320414917914622E+03   2.7803435354445887E-02
   4.4000000000000000E+06   4.7859924385606836E-03   2.1293316779030347E+03   2.7857950621317393E-02
   4.5000000000000000E+06   4.7920141349584687E-03   2.1266559368610838E+03   2.7911783916392544E-02
   4.6000000000000000E+06   4.7979749039285501E-03   2.1240138837090130E+03   2.7964944676769958E-02
   4.7000000000000000E+06   4.8038696506388957E-03   2.1214075424124590E+03   2.8017427329337919E-02
   4.8000000000000000E+06   4.8097021520178912E-03   2.1188350104706751E+03   2.8069249520668277E-02
   4.9000000000000000E+06   4.8154691746494322E-03   2.1162974862929245E+03   2.8120411395389781E-02
   5.0000000000000000E+06   4.8211713428746436E-03   2.1137944671253381E+03   2.8170923702442386E-02
   5.1000000000000000E+06   4.8268110307596642E-03   2.1113246913309881E+03   2.8220801690146010E-02
   5.2000000000000000E+06   4.8323823704675460E-03   2.1088905074880599E+03   2.8270038568513747E-02
   5.3000000000000000E+06   4.8378930998839607E-03   2.1064883202723295E+03   2.8318664260587996E-02
   5.4000000000000000E+06   4.8433380267790919E-03   2.1041201859719949E+03   2.8366674184865694E-02
   5.5000000000000000E+06   4.8487204571346330E-03   2.1017844604005159E+03   2.8414084230786882E-02
   5.6000000000000000E+06   4.8540380113203689E-03   2.0994819747733222E+03   2.8460900197407966E-02
   5.7000000000000000E+06   4.8592980179261057E-03   2.0972093648170708E+03   2.8507146700013621E-02
   5.8000000000000000E+06   4.8644938514247546E-03   2.0949693063435243E+03   2.8552815967362064E-02
   5.9000000000000000E+06   4.8696303840016974E-03   2.0927595127367895E+03   2.8597931094623500E-02
   6.0000000000000000E+06   4.8747057134937025E-03   2.0905806234460442E+03   2.8642494086031093E-02
   6.1000000000000000E+06   4.8797238426459329E-03   2.0884307469551004E+03   2.8686522611833493E-02
   6.2000000000000000E+06   4.8846832527179628E-03   2.0863103669948596E+03   2.8730022697417836E-02
   6.3000000000000000E+06   4.8895867274175026E-03   2.0842181308468466E+03   2.8773007899859687E-02
   6.4000000000000000E+06   4.8944328619405621E-03   2.0821544798126229E+03   2.8815482385400822E-02
   6.5000000000000000E+06   4.8992245207975741E-03   2.0801180403899125E+03   2.8857462783867808E-02
   6.6000000000000000E+06   4.9039625387972659E-03   2.0781083111885005E+03   2.8898955764335394E-02
   6.7000000000000000E+06   4.9086446470511013E-03   2.0761261086100299E+03   2.8939965755294800E-02
   6.8000000000000000E+06   4.9132770270133557E-03   2.0741686767510564E+03   2.8980512338776038E-02
   6.9000000000000000E+06   4.9178579424782711E-03   2.0722366178182228E+03   2.9020601913116784E-02
   7.0000000000000000E+06   4.9223848087908617E-03   2.0703308874656987E+03   2.9060231426406642E-02
   7.1000000000000000E+06   4.9268635099189995E-03   2.0684488801272278E+03   2.9099422405695012E-02
   7.2000000000000000E+06   4.9312970312755423E-03   2.0665892249032977E+03   2.9138191981236509E-02
   7.3000000000000000E+06   4.9356762271995230E-03   2.0647556364153893E+03   2.9176519843095324E-02
   7.4000000000000000E+06   4.9400132316286703E-03   2.0629429177200409E+03   2.9214442708412405E-02
   7.5000000000000000E+06   4.9442994449651039E-03   2.0611545524430881E+03   2.9251947242549182E-02
   7.6000000000000000E+06   4.9485437294278910E-03   2.0593867341271025E+03   2.9289059802713471E-02
   7.7000000000000000E+06   4.9527428080816836E-03   2.0576407264682625E+03   2.9325778010830306E-02
   7.8000000000000000E+06   4.9568965714776201E-03   2.0559164716631954E+03   2.9362109551171123E-02
   7.9000000000000000E+06   4.9610055880467590E-03   2.0542136324510839E+03   2.9398056954370623E-02
   8.0000000000000000E+06   4.9650775687303745E-03   2.0525289219675979E+03   2.9433647443132597E-02
   8.1000000000000000E+06   4.9691016155154226E-03   2.0508667558360235E+03   2.9468858305437079E-02
   8.2000000000000000E+06   4.9730887235196293E-03   2.0492225005829282E+03   2.9503722137075097E-02
   8.3000000000000000E+06   4.9770331060688990E-03   2.0475984572425268E+03   2.9538226746240636E-02
   8.4000000000000000E+06   4.9809388423531237E-03   2.0459928604176926E+03   2.9572393193033838E-02
   8.5000000000000000E+06   4.9848053635405277E-03   2.0444058626981939E+03   2.9606215439960493E-02
   8.6000000000000000E+06   4.9886400260126893E-03   2.0428343709892961E+03   2.9639726547929457E-02
   8.7000000000000000E+06   4.9924285011885257E-03   2.0412841780719621E+03   2.9672887487815311E-02
   8.8000000000000000E+06   4.9961824661896182E-03   2.0397504251688961E+03   2.9705734571934938E-02
   8.9000000000000000E+06   4.9999044989963376E-03   2.0382319925665290E+03   2.9738278994217576E-02
   9.0000000000000000E+06   5.0035855575865243E-03   2.0367324975946374E+03   2.9770502177438918E-02
   9.1000000000000000E+06   5.0072313955490137E-03   2.0352495230578968E+03   2.9802419970561250E-02
   9.2000000000000000E+06   5.0108450641417404E-03   2.0337817631919079E+03   2.9834045315787826E-02
   9.3000000000000000E+06   5.0144277199618012E-03   2.0323286880899125E+03   2.9865384308521328E-02
   9.4000000000000000E+06   5.0179759580572490E-03   2.0308916174196208E+03   2.9896435246319162E-02
   9.5000000000000000E+06   5.0214867251018175E-03   2.0294717217289910E+03   2.9927191812890139E-02
   9.6000000000000000E+06   5.0249709917238863E-03   2.0280645055297134E+03   2.9957680515918780E-02
   9.7000000000000000E+06   5.0284209783151039E-03   2.0266730557325754E+03   2.9987891017315908E-02
   9.8000000000000000E+06   5.0318399133862830E-03   2.0252960120055632E+03   3.0017836282863471E-02
   9.9000000000000000E+06   5.0352277618998563E-03   2.0239333336108066E+03   3.0047516717320814E-02
   1.0000000000000000E+07   5.0385864920391831E-03   2.0225841762829873E+03   3.0076934873671166E-02
   1.1000000000000000E+07   5.0706363930877575E-03   2.0098000565617135E+03   3.0357797529321339E-02
   1.2000000000000000E+07   5.1001487758100374E-03   1.9981702020080904E+03   3.0616838172167250E-02
   1.3000000000000000E+07   5.1274879229653309E-03   1.9875161994995035E+03   3.0857143186725035E-02
   1.4000000000000000E+07   5.1529487574514194E-03   1.9776958377268970E+03   3.1081195270765156E-02
   1.5000000000000000E+07   5.1767583745087956E-03   1.9685997630898976E+03   3.1291009566111222E-02
   1.6000000000000000E+07   5.1991102464219270E-03   1.9601364130805205E+03   3.1488232519126316E-02
   1.7000000000000000E+07   5.2201806088579611E-03   1.9522246591121632E+03   3.1674325956419433E-02
   1.8000000000000000E+07   5.2401010406279104E-03   1.9448032071554283E+03   3.1850427434060850E-02
   1.9000000000000000E+07   5.2589641905262142E-03   1.9378274771275721E+03   3.2017498436260478E-02
   2.0000000000000000E+07   5.2769088199748054E-03   1.9312377108081839E+03   3.2176497990071370E-02
   2.1000000000000000E+07   5.2940102028752167E-03   1.9249991819239162E+03   3.2328127724922044E-02
   2.2000000000000000E+07   5.3103427452565371E-03   1.9190786355051632E+03   3.2473059810525048E-02
   2.3000000000000000E+07   5.3259484746200425E-03   1.9134554827548702E+03   3.2611766993004061E-02
   2.4000000000000000E+07   5.3409112530914639E-03   1.9080948599797182E+03   3.2744824193306259E-02
   2.5000000000000000E+07   5.3552922060456356E-03   1.9029709150374629E+03   3.2872712851674271E-02
   2.6000000000000000E+07   5.3691204868282112E-03   1.8980697741152640E+03   3.2995778423800026E-02
   2.7000000000000000E+07   5.3824274388750322E-03   1.8933771844329117E+03   3.3114339734469769E-02
   2.8000000000000000E+07   5.3952592321646949E-03   1.8888740783531957E+03   3.3228723759639783E-02
   2.9000000000000000E+07   5.4076413635232587E-03   1.8845490343301733E+03   3.3339219337865565E-02
   3.0000000000000000E+07   5.4196127462636870E-03   1.8803862539177487E+03   3.3446081893134028E-02
   3.1000000000000000E+07   5.4312071099257625E-03   1.8763720667192445E+03   3.3549583967675572E-02
   3.2000000000000000E+07   5.4424415497506462E-03   1.8724988071022231E+03   3.3649906999620387E-02
   3.3000000000000000E+07   5.4533294257196928E-03   1.8687602589287415E+03   3.3747207663672146E-02
   3.4000000000000000E+07   5.4638870373036278E-03   1.8651493414953163E+03   3.3841645224418418E-02
   3.5000000000000000E+07   5.4741441665604870E-03   1.8616545343990897E+03   3.3933423912442549E-02
   3.6000000000000000E+07   5.4841276424134992E-03   1.8582655208124834E+03   3.4022729273485049E-02
   3.7000000000000000E+07   5.4938193819122081E-03   1.8549873232426028E+03   3.4109564224432599E-02
   3.8000000000000000E+07   5.5032747491793122E-03   1.8518002051690055E+03   3.4194214270684385E-02
   3.9000000000000000E+07   5.5124745797756163E-03   1.8487097150562240E+03   3.4276667263472782E-02
   4.0000000000000000E+07   5.5214714693756651E-03   1.8456973591469070E+03   3.4357188090775440E-02
   4.1000000000000000E+07   5.5302284813412783E-03   1.8427747323669316E+03   3.4435686037967414E-02
   4.2000000000000000E+07   5.5387762467834917E-03   1.8399308539589065E+03   3.4512331801893441E-02
   4.3000000000000000E+07   5.5471244965561908E-03   1.8371618152717667E+03   3.4587210596752217E-02
   4.4000000000000000E+07   5.5552823015336305E-03   1.8344639851728627E+03   3.4660401903041441E-02
   4.5000000000000000E+07   5.5632581284138114E-03   1.8318339854809672E+03   3.4731979962432734E-02
   4.6000000000000000E+07   5.5710598942212732E-03   1.8292686675658435E+03   3.4802014233792977E-02
   4.7000000000000000E+07   5.5786950116253316E-03   1.8267650926237961E+03   3.4870569791693937E-02
   4.8000000000000000E+07   5.5861704308786102E-03   1.8243205136204178E+03   3.4937707688118429E-02
   4.9000000000000000E+07   5.5934926767912197E-03   1.8219323593497288E+03   3.5003485273293569E-02
   5.0000000000000000E+07   5.6006678846126610E-03   1.8195982192821025E+03   3.5067956496087314E-02
   5.1000000000000000E+07   5.6077018279181391E-03   1.8173158313973795E+03   3.5131172158803445E-02
   5.2000000000000000E+07   5.6145999484679930E-03   1.8150830697051495E+03   3.5193180164175525E-02
   5.3000000000000000E+07   5.6213673796284272E-03   1.8128979341509043E+03   3.5254025726112657E-02
   5.4000000000000000E+07   5.6280089700718782E-03   1.8107585406889471E+03   3.5313751570544685E-02
   5.5000000000000000E+07   5.6345293043271460E-03   1.8086631126055745E+03   3.5372398113179590E-02
   5.6000000000000000E+07   5.6409327211572532E-03   1.8066099727459527E+03   3.5430003622749180E-02
   5.7000000000000000E+07   5.6472233304208580E-03   1.8045975364094868E+03   3.5486604368520448E-02
   5.8000000000000000E+07   5.6534050305859698E-03   1.8026243042019182E+03   3.5542234762510221E-02
   5.9000000000000000E+07   5.6594815209919797E-03   1.8006888567144595E+03   3.5596927477451246E-02
   6.0000000000000000E+07   5.6654563167277136E-03   1.7987898484967602E+03   3.5650713567629964E-02
   6.1000000000000000E+07   5.6713327588363387E-03   1.7969260036370483E+03   3.5703622568079386E-02
   6.2000000000000000E+07   5.6771140275746913E-03   1.7950961104766325E+03   3.5755682597454097E-02
   6.3000000000000000E+07   5.6828031513299860E-03   1.7932990178001494E+03   3.5806920444369700E-02
   6.4000000000000000E+07   5.6884030165753512E-03   1.7915336307811451E+03   3.5857361650630692E-02
   6.5000000000000000E+07   5.6939163760719403E-03   1.7897989075600183E+03   3.5907030585542808E-02
   6.6000000000000000E+07   5.6993458578121995E-03   1.7880938556593669E+03   3.5955950519504766E-02
   6.7000000000000000E+07   5.7046939720205130E-03   1.7864175290760036E+03   3.6004143688251139E-02
   6.8000000000000000E+07   5.7099631174033442E-03   1.7847690256651060E+03   3.6051631349974557E-02
   6.9000000000000000E+07   5.7151555891563994E-03   1.7831474840278008E+03   3.6098433847296420E-02
   7.0000000000000000E+07   5.7202735836809895E-03   1.7815520814782049E+03   3.6144570655120098E-02
   7.1000000000000000E+07   5.7253192037482288E-03   1.7799820319118414E+03   3.6190060428340873E-02
   7.2000000000000000E+07   5.7302944658675420E-03   1.7784365830297324E+03   3.6234921053213069E-02
   7.3000000000000000E+07   5.7352013018864998E-03   1.7769150153944045E+03   3.6279169680050669E-02
   7.4000000000000000E+07   5.7400415663860938E-03   1.7754166397174449E+03   3.6322822771517702E-02
   7.5000000000000000E+07   5.7448170393208159E-03   1.7739407956561295E+03   3.6365896133779350E-02
   7.6000000000000000E+07   5.7495294307162012E-03   1.7724868499998618E+03   3.6408404954213401E-02
   7.7000000000000000E+07   5.7541803829346729E-03   1.7710541956340608E+03   3.6450363827837999E-02
   7.8000000000000000E+07   5.7587714754248334E-03   1.7696422497612402E+03   3.6491786793414534E-02
   7.9000000000000000E+07   5.7633042281845402E-03   1.7682504525432357E+03   3.6532687360588581E-02
   8.0000000000000000E+07   5.7677801035167699E-03   1.7668782662879180E+03   3.6573078533044888E-02
   8.1000000000000000E+07   5.7722005098870214E-03   1.7655251740087463E+03   3.6612972835676626E-02
   8.2000000000000000E+07   5.7765668031103667E-03   1.7641906788205717E+03   3.6652382335597894E-02
   8.3000000000000000E+07   5.7808802915912238E-03   1.7628743021119592E+03   3.6691318670022968E-02
   8.4000000000000000E+07   5.7851422355148421E-03   1.7615755835819521E+03   3.6729793058495289E-02
   8.5000000000000000E+07   5.7893538511044141E-03   1.7602940797421743E+03   3.6767816327855141E-02
   8.6000000000000000E+07   5.7935163121236076E-03   1.7590293632738853E+03   3.6805398928567205E-02
   8.7000000000000000E+07   5.7976307510128489E-03   1.7577810225067008E+03   3.6842550951445431E-02
   8.8000000000000000E+07   5.8016982631785658E-03   1.7565486599519143E+03   3.6879282148338029E-02
   8.9000000000000000E+07   5.8057199055095328E-03   1.7553318925979529E+03   3.6915601939479667E-02
   9.0000000000000000E+07   5.8096966998360091E-03   1.7541303507150931E+03   3.6951519433491703E-02
   9.1000000000000000E+07   5.8136296355628661E-03   1.7529436769229253E+03   3.6987043443978393E-02
   9.2000000000000000E+07   5.8175196673126801E-03   1.7517715267715164E+03   3.7022182490001596E-02
   9.3000000000000000E+07   5.8213677218111326E-03   1.7506135665418958E+03   3.7056944826834519E-02
   9.4000000000000000E+07   5.8251746931261535E-03   1.7494694745648128E+03   3.7091338437170655E-02
   9.5000000000000000E+07   5.8289414494142270E-03   1.7483389390805746E+03   3.7125371060708061E-02
   9.6000000000000000E+07   5.8326688305961197E-03   1.7472216588353954E+03   3.7159050193192919E-02
   9.7000000000000000E+07   5.8363576509080596E-03   1.7461173422170382E+03   3.7192383098680899E-02
   9.8000000000000000E+07   5.8400086990272630E-03   1.7450257071242222E+03   3.7225376819593939E-02
   9.9000000000000000E+07   5.8436227407384078E-03   1.7439464800809360E+03   3.7258038188612119E-02
   1.0000000000000000E+08   5.8472005173873711E-03   1.7428793966151095E+03   3.7290373828628237E-02
   1.1000000000000000E+08   5.8811322514802974E-03   1.7328236934421197E+03   3.7597142050917957E-02
   1.2000000000000000E+08   5.9121132271421194E-03   1.7237432569534719E+03   3.7877376682653577E-02
   1.3000000000000000E+08   5.9406156193700177E-03   1.7154729345562969E+03   3.8135303403936054E-02
   1.4000000000000000E+08   5.9670066585205761E-03   1.7078856942583577E+03   3.8374212679380772E-02
   1.5000000000000000E+08   5.9915775851226601E-03   1.7008818069778908E+03   3.8596716816464184E-02
   1.6000000000000000E+08   6.0145632649026143E-03   1.6943815969315715E+03   3.8804924375008862E-02
   1.7000000000000000E+08   6.0361558581589619E-03   1.6883204392174059E+03   3.9000561887745033E-02
   1.8000000000000000E+08   6.0565145790836758E-03   1.6826452205409380E+03   3.9185060893604289E-02
   1.9000000000000000E+08   6.0757728234643264E-03   1.6773117767462713E+03   3.9359621538275019E-02
   2.0000000000000000E+08   6.0940434628481777E-03   1.6722830041761301E+03   3.9525259891900269E-02
   2.1000000000000000E+08   6.1114228508081280E-03   1.6675274413852874E+03   3.9682843769181513E-02
   2.2000000000000000E+08   6.1279938960586734E-03   1.6630181887397366E+03   3.9833120237074582E-02
   2.3000000000000000E+08   6.1438284501414116E-03   1.6587320743627035E+03   3.9976737017955219E-02
   2.4000000000000000E+08   6.1589891958892685E-03   1.6546489992925260E+03   4.0114259372069638E-02
   2.5000000000000000E+08   6.1735311388289704E-03   1.6507514225585871E+03   4.0246183513728558E-02
   2.6000000000000000E+08   6.1875028095983902E-03   1.6470239486312441E+03   4.0372947414247108E-02
   2.7000000000000000E+08   6.2009472498197327E-03   1.6434529917873301E+03   4.0494939589818778E-02
   2.8000000000000000E+08   6.2139028030105455E-03   1.6400265071243605E+03   4.0612506263411667E-02
   2.9000000000000000E+08   6.2264037777138752E-03   1.6367337669471599E+03   4.0725957299856064E-02
   3.0000000000000000E+08   6.2384809925650755E-03   1.6335651774489800E+03   4.0835571113913505E-02
   3.1000000000000000E+08   6.2501622340053707E-03   1.6305121256189939E+03   4.0941598793257324E-02
   3.2000000000000000E+08   6.2614726471866382E-03   1.6275668495031423E+03   4.1044267568587173E-02
   3.3000000000000000E+08   6.2724350455779102E-03   1.6247223344012666E+03   4.1143783712960409E-02
   3.4000000000000000E+08   6.2830702110064042E-03   1.6219722153955206E+03   4.1240335091110435E-02
   3.5000000000000000E+08   6.2933971134433546E-03   1.6193107038903822E+03   4.1334093249132890E-02
   3.6000000000000000E+08   6.3034331154147036E-03   1.6167325206815005E+03   4.1425215251500364E-02
   3.7000000000000000E+08   6.3131941637419612E-03   1.6142328344913856E+03   4.1513845306671210E-02
   3.8000000000000000E+08   6.3226949169109189E-03   1.6118072188450080E+03   4.1600116069838752E-02
   3.9000000000000000E+08   6.3319488984642288E-03   1.6094516037713770E+03   4.1684149900332201E-02
   4.0000000000000000E+08   6.3409686041798179E-03   1.6071622406258268E+03   4.1766059872347661E-02
   4.1000000000000000E+08   6.3497656010567021E-03   1.6049356700561857E+03   4.1845950697020115E-02
   4.2000000000000000E+08   6.3583506217192208E-03   1.6027686920599770E+03   4.1923919520761965E-02
   4.3000000000000000E+08   6.3667336462849451E-03   1.6006583400230968E+03   4.2000056670494383E-02
   4.4000000000000000E+08   6.3749239541469292E-03   1.5986018630076944E+03   4.2074446210997818E-02
   4.5000000000000000E+08   6.3829302126715967E-03   1.5965966993341442E+03   4.2147166584698761E-02
   4.6000000000000000E+08   6.3907605112564561E-03   1.5946404644144711E+03   4.2218291053857909E-02
   4.7000000000000000E+08   6.3984224162975866E-03   1.5927309337492297E+03   4.2287888159080973E-02
   4.8000000000000000E+08   6.4059230196859811E-03   1.5908660279422495E+03   4.2356022124998047E-02
   4.9000000000000000E+08   6.4132689714079217E-03   1.5890438020088852E+03   4.2422753200143597E-02
   5.0000000000000000E+08   6.4204665200063319E-03   1.5872624330142301E+03   4.2488137988783155E-02
   5.1000000000000000E+08   6.4275215444191749E-03   1.5855202101158525E+03   4.2552229747835339E-02
   5.2000000000000000E+08   6.4344395776059701E-03   1.5838155268563978E+03   4.2615078623211719E-02
   5.3000000000000000E+08   6.4412258410185153E-03   1.5821468709782448E+03   4.2676731905935773E-02
   5.4000000000000000E+08   6.4478852581441011E-03   1.5805128195728671E+03   4.2737234230778492E-02
   5.5000000000000000E+08   6.4544224798860029E-03   1.5789120314621316E+03   4.2796627772023643E-02
   5.6000000000000000E+08   6.4608419188915550E-03   1.5773432375482198E+03   4.2854952466839659E-02
   5.7000000000000000E+08   6.4671477413919170E-03   1.5758052416842215E+03   4.2912246092492980E-02
   5.8000000000000000E+08   6.4733438977444243E-03   1.5742969121697060E+03   4.2968544470914249E-02
   5.9000000000000000E+08   6.4794341344430566E-03   1.5728171778858014E+03   4.3023881578164357E-02
   6.0000000000000000E+08   6.4854220132151922E-03   1.5713650227950882E+03   4.3078289695669077E-02
   6.1000000000000000E+08   6.4913109205456745E-03   1.5699394828517907E+03   4.3131799506494164E-02
   6.2000000000000000E+08   6.4971040771018909E-03   1.5685396430000637E+03   4.3184440197046543E-02
   6.3000000000000000E+08   6.5028045404575529E-03   1.5671646358471967E+03   4.3236239537316694E-02
   6.4000000000000000E+08   6.5084152317470348E-03   1.5658136346190263E+03   4.3287223996560077E-02
   6.5000000000000000E+08   6.5139389353998725E-03   1.5644858526764901E+03   4.3337418822102770E-02
   6.6000000000000000E+08   6.5193783098498352E-03   1.5631805404258544E+03   4.3386848104178380E-02
   6.7000000000000000E+08   6.5247358917490221E-03   1.5618969838332973E+03   4.3435534848902418E-02
   6.8000000000000000E+08   6.5300140997240023E-03   1.5606345030805353E+03   4.3483501017258251E-02
   6.9000000000000000E+08   6.5352152546649441E-03   1.5593924473041925E+03   4.3530767641325074E-02
   7.0000000000000000E+08   6.5403415724538255E-03   1.5581701959654961E+03   4.3577354826571379E-02
   7.1000000000000000E+08   6.5453951746141442E-03   1.5569671559566948E+03   4.3623281824643104E-02
   7.2000000000000000E+08   6.5503781016221906E-03   1.5557827581140516E+03   4.3668567103113426E-02
   7.3000000000000000E+08   6.5552922955516915E-03   1.5546164610458441E+03   4.3713228331134453E-02
   7.4000000000000000E+08   6.5601396296987797E-03   1.5534677438107508E+03   4.3757282478134020E-02
   7.5000000000000000E+08   6.5649219029752385E-03   1.5523361070012254E+03   4.3800745837116344E-02
   7.6000000000000000E+08   6.5696408285715402E-03   1.5512210751782477E+03   4.3843634022164346E-02
   7.7000000000000000E+08   6.5742980717202288E-03   1.5501221877159417E+03   4.3885962074168255E-02
   7.8000000000000000E+08   6.5788952249286334E-03   1.5490390044541568E+03   4.3927744445939144E-02
   7.9000000000000000E+08   6.5834338108854704E-03   1.5479711048026736E+03   4.3968994998706407E-02
   8.0000000000000000E+08   6.5879153121169050E-03   1.5469180805782064E+03   4.4009727130048908E-02
   8.1000000000000000E+08   6.5923411411486941E-03   1.5458795428562901E+03   4.4049953689656210E-02
   8.2000000000000000E+08   6.5967126631450625E-03   1.5448551164835776E+03   4.4089687072145445E-02
   8.3000000000000000E+08   6.6010312036968314E-03   1.5438444381120826E+03   4.4128939254190418E-02
   8.4000000000000000E+08   6.6052980201979439E-03   1.5428471627577312E+03   4.4167721713562189E-02
   8.5000000000000000E+08   6.6095143378339886E-03   1.5418629552396660E+03   4.4206045564066244E-02
   8.6000000000000000E+08   6.6136813471696296E-03   1.5408914906359905E+03   4.4243921546012151E-02
   8.7000000000000000E+08   6.6178001862153392E-03   1.5399324583506018E+03   4.4281360010802524E-02
   8.8000000000000000E+08   6.6218719478314562E-03   1.5389855602642717E+03   4.4318370924554915E-02
   8.9000000000000000E+08   6.6258977009870075E-03   1.5380505056867376E+03   4.4354963951090801E-02
   9.0000000000000000E+08   6.6298784751907857E-03   1.5371270148867088E+03   4.4391148429770176E-02
   9.1000000000000000E+08   6.6338152649552473E-03   1.5362148179597230E+03   4.4426933386309778E-02
   9.2000000000000000E+08   6.6377090313179963E-03   1.5353136543871856E+03   4.4462327538352206E-02
   9.3000000000000000E+08   6.6415607003149366E-03   1.5344232733050849E+03   4.4497339327838455E-02
   9.4000000000000000E+08   6.6453711743661922E-03   1.5335434307931835E+03   4.4531976925751025E-02
   9.5000000000000000E+08   6.6491413215967977E-03   1.5326738922709928E+03   4.4566248236277639E-02
   9.6000000000000000E+08   6.6528719995353749E-03   1.5318144269637801E+03   4.4600160963276410E-02
   9.7000000000000000E+08   6.6565640085430641E-03   1.5309648185689384E+03   4.4633722485289525E-02
   9.8000000000000000E+08   6.6602181608902437E-03   1.5301248492841373E+03   4.4666940055164028E-02
   9.9000000000000000E+08   6.6638352073395092E-03   1.5292943166432731E+03   4.4699820597077285E-02
   1.0000000000000000E+09   6.6674159053398113E-03   1.5284730177803817E+03   4.4732370914796003E-02
   1.1000000000000000E+09   6.7013726958489363E-03   1.5207280317276334E+03   4.5041065708541862E-02
   1.2000000000000000E+09   6.7323728678636945E-03   1.5137256223993782E+03   4.5322898202658911E-02
   1.3000000000000000E+09   6.7608902926905683E-03   1.5073407300588003E+03   4.5582171469161874E-02
   1.4000000000000000E+09   6.7872933183980031E-03   1.5014770736380992E+03   4.5822230839506171E-02
   1.5000000000000000E+09   6.8118739647761908E-03   1.4960589937994382E+03   4.6045728655140339E-02
   1.6000000000000000E+09   6.8348676454830061E-03   1.4910259917566382E+03   4.6254803356185314E-02
   1.7000000000000000E+09   6.8564668904399027E-03   1.4863289610340141E+03   4.6451204117061523E-02
   1.8000000000000000E+09   6.8768312087096554E-03   1.4819275041569408E+03   4.6636380105459486E-02
   1.9000000000000000E+09   6.8960942103419055E-03   1.4777880056146150E+03   4.6811545304307214E-02
   2.0000000000000000E+09   6.9143689263952797E-03   1.4738822035844985E+03   4.6977726790885070E-02
   2.1000000000000000E+09   6.9317518376186835E-03   1.4701861157702142E+03   4.7135801296709058E-02
   2.2000000000000000E+09   6.9483259421646284E-03   1.4666792252490161E+03   4.7286523128722370E-02
   2.3000000000000000E+09   6.9641631772736027E-03   1.4633438433619981E+03   4.7430546007082533E-02
   2.4000000000000000E+09   6.9793262855386753E-03   1.4601646194343389E+03   4.7568440157896755E-02
   2.5000000000000000E+09   6.9938702998712495E-03   1.4571281526080436E+03   4.7700705905451453E-02
   2.6000000000000000E+09   7.0078438266088583E-03   1.4542226627449163E+03   4.7827784857152049E-02
   2.7000000000000000E+09   7.0212899192756461E-03   1.4514377595567244E+03   4.7950068418930784E-02
   2.8000000000000000E+09   7.0342469620109328E-03   1.4487642194919881E+03   4.8067905459779410E-02
   2.9000000000000000E+09   7.0467492714347798E-03   1.4461938288257968E+03   4.8181607961613436E-02
   3.0000000000000000E+09   7.0588276949663659E-03   1.4437192335632178E+03   4.8291456302831000E-02
   3.1000000000000000E+09   7.0705100312151992E-03   1.4413338308891630E+03   4.8397703216010390E-02
   3.2000000000000000E+09   7.0818214451237541E-03   1.4390316655962472E+03   4.8500577376955449E-02
   3.3000000000000000E+09   7.0927847317633144E-03   1.4368073605834804E+03   4.8600286270089853E-02
   3.4000000000000000E+09   7.1034207553095302E-03   1.4346560144299926E+03   4.8697019070991145E-02
   3.5000000000000000E+09   7.1137484067592379E-03   1.4325731986737899E+03   4.8790948055935222E-02
   3.6000000000000000E+09   7.1237851162588815E-03   1.4305548445548191E+03   4.8882231377080157E-02
   3.7000000000000000E+09   7.1335467956959459E-03   1.4285972464329268E+03   4.8971013885699639E-02
   3.8000000000000000E+09   7.1430481667722886E-03   1.4266969886942011E+03   4.9057429097268124E-02
   3.9000000000000000E+09   7.1523026898135614E-03   1.4248509538257958E+03   4.9141599821056169E-02
   4.0000000000000000E+09   7.1613228899470556E-03   1.4230562517907917E+03   4.9223639763351999E-02
   4.1000000000000000E+09   7.1701203964869478E-03   1.4213102076535276E+03   4.9303654290045663E-02
   4.2000000000000000E+09   7.1787058362054222E-03   1.4196103785495798E+03   4.9381740739501225E-02
   4.3000000000000000E+09   7.1870892548835195E-03   1.4179544664353582E+03   4.9457989983514132E-02
   4.4000000000000000E+09   7.1952799531981382E-03   1.4163403475499247E+03   4.9532486545803459E-02
   4.5000000000000000E+09   7.2032865773832694E-03   1.4147660516005349E+03   4.9605309181107664E-02
   4.6000000000000000E+09   7.2111172322075661E-03   1.4132297370114811E+03   4.9676531445653850E-02
   4.7000000000000000E+09   7.2187794372578565E-03   1.4117296972717625E+03   4.9746222050682957E-02
   4.8000000000000000E+09   7.2262803487078975E-03   1.4102643155069211E+03   4.9814445668977685E-02
   4.9000000000000000E+09   7.2336265744522886E-03   1.4088320989120580E+03   4.9881262665920544E-02
   5.0000000000000000E+09   7.2408243839863816E-03   1.4074316361227777E+03   4.9946729941403971E-02
   5.1000000000000000E+09   7.2478796531325572E-03   1.4060616066144378E+03   5.0010900888036176E-02
   5.2000000000000000E+09   7.2547979246242724E-03   1.4047207676235105E+03   5.0073825924528532E-02
   5.3000000000000000E+09   7.2615844089736360E-03   1.4034079528205973E+03   5.0135552468336710E-02
   5.4000000000000000E+09   7.2682440226462027E-03   1.4021220638546142E+03   5.0196125296722127E-02
   5.5000000000000000E+09   7.2747814446023316E-03   1.4008620585011590E+03   5.0255586779336676E-02
   5.6000000000000000E+09   7.2812010836848691E-03   1.3996269561167255E+03   5.0313977011216003E-02
   5.7000000000000000E+09   7.2875070841526756E-03   1.3984158357516806E+03   5.0371333816275579E-02
   5.8000000000000000E+09   7.2937034121653621E-03   1.3972278188106573E+03   5.0427693196269281E-02
   5.9000000000000000E+09   7.2997938142728485E-03   1.3960620763980860E+03   5.0483089225875348E-02
   6.0000000000000000E+09   7.3057818238487166E-03   1.3949178274616218E+03   5.0537554237814052E-02
   6.1000000000000000E+09   7.3116708946580509E-03   1.3937943127441958E+03   5.0591119146497651E-02
   6.2000000000000000E+09   7.3174641685164318E-03   1.3926908386485220E+03   5.0643813058640241E-02
   6.3000000000000000E+09   7.3231647747465049E-03   1.3916067196486676E+03   5.0695663984710516E-02
   6.4000000000000000E+09   7.3287756275260364E-03   1.3905413165270836E+03   5.0746698516135919E-02
   6.5000000000000000E+09   7.3342994259105281E-03   1.3894940358760284E+03   5.0796941652026119E-02
   6.6000000000000000E+09   7.3397388978668565E-03   1.3884642834629242E+03   5.0846417823698559E-02
   6.7000000000000000E+09   7.3450965979408155E-03   1.3874515023381280E+03   5.0895150111711307E-02
   6.8000000000000000E+09   7.3503749214761964E-03   1.3864551697704392E+03   5.0943160472779296E-02
   6.9000000000000000E+09   7.3555761710494532E-03   1.3854747843876473E+03   5.0990469975460924E-02
   7.0000000000000000E+09   7.3607026025125600E-03   1.3845098572727275E+03   5.1037098861888286E-02
   7.1000000000000000E+09   7.3657563284025684E-03   1.3835599299334681E+03   5.1083066411325706E-02
   7.2000000000000000E+09   7.3707393007172353E-03   1.3826245772442380E+03   5.1128390932024176E-02
   7.3000000000000000E+09   7.3756535727400787E-03   1.3817033580992445E+03   5.1173090362371401E-02
   7.4000000000000000E+09   7.3805010415031892E-03   1.3807958636309684E+03   5.1217181903847948E-02
   7.5000000000000000E+09   7.3852833256520083E-03   1.3799017397524083E+03   5.1260681277715540E-02
   7.6000000000000000E+09   7.3900023518013837E-03   1.3790205773273553E+03   5.1303604814950651E-02
   7.7000000000000000E+09   7.3946596526439402E-03   1.3781520432773273E+03   5.1345967153784887E-02
   7.8000000000000000E+09   7.3992568708053713E-03   1.3772957862621713E+03   5.1387782966505452E-02
   7.9000000000000000E+09   7.4037955474720680E-03   1.3764514760420732E+03   5.1429066200637863E-02
   8.0000000000000000E+09   7.4082771135712761E-03   1.3756188049395123E+03   5.1469830113781215E-02
   8.1000000000000000E+09   7.4127029641758270E-03   1.3747974738611058E+03   5.1510087572334613E-02
   8.2000000000000000E+09   7.4170745753513569E-03   1.3739871705616360E+03   5.1549851254979538E-02
   8.3000000000000000E+09   7.4213931881283272E-03   1.3731876281577013E+03   5.1589132985691656E-02
   8.4000000000000000E+09   7.4256600493107765E-03   1.3723985803225057E+03   5.1627944236457966E-02
   8.5000000000000000E+09   7.4298764390595840E-03   1.3716197561586303E+03   5.1666296242874825E-02
   8.6000000000000000E+09   7.4340435142129964E-03   1.3708509090843709E+03   5.1704199721302253E-02
   8.7000000000000000E+09   7.4381623856270762E-03   1.3700918024220448E+03   5.1741664982995234E-02
   8.8000000000000000E+09   7.4422342016274325E-03   1.3693421939614780E+03   5.1778702123035106E-02
   8.9000000000000000E+09   7.4462599849787299E-03   1.3686018659286401E+03   5.1815320750170674E-02
   9.0000000000000000E+09   7.4502407766440463E-03   1.3678705984348292E+03   5.1851530187636788E-02
   9.1000000000000000E+09   7.4541776297397718E-03   1.3671481705739052E+03   5.1887339690024611E-02
   9.2000000000000000E+09   7.4580714441419864E-03   1.3664343907078348E+03   5.1922757849043155E-02
   9.3000000000000000E+09   7.4619231676087226E-03   1.3657290594828644E+03   5.1957793123198967E-02
   9.4000000000000000E+09   7.4657336757870587E-03   1.3650319917897818E+03   5.1992453638984963E-02
   9.5000000000000000E+09   7.4695038667875538E-03   1.3643429993985044E+03   5.2026747420976550E-02
   9.6000000000000000E+09   7.4732345994635262E-03   1.3636619022187831E+03   5.2060682187161762E-02
   9.7000000000000000E+09   7.4769266594783617E-03   1.3629885344284819E+03   5.2094265270019979E-02
   9.8000000000000000E+09   7.4805807704431413E-03   1.3623227423594753E+03   5.2127503726246305E-02
   9.9000000000000000E+09   7.4841978634709264E-03   1.3616643353821514E+03   5.2160404965685594E-02
   1.0000000000000000E+10   7.4877785920745808E-03   1.3610131742434610E+03   5.2192975541810599E-02
   1.1000000000000000E+10   7.5217357334162937E-03   1.3548688322506416E+03   5.2501852753790761E-02
   1.2000000000000000E+10   7.5527360814538333E-03   1.3493077475136652E+03   5.2783836833211480E-02
   1.3000000000000000E+10   7.5812537203624464E-03   1.3442321923958041E+03   5.3043238537704013E-02
   1.4000000000000000E+10   7.6076568047904912E-03   1.3395669088561506E+03   5.3283407639463605E-02
   1.5000000000000000E+10   7.6322375980048202E-03   1.3352526279181516E+03   5.3507000763076976E-02
   1.6000000000000000E+10   7.6552313500691032E-03   1.3312419760559769E+03   5.3716158699112886E-02
   1.7000000000000000E+10   7.6768306879858601E-03   1.3274964270842113E+03   5.3912633059711654E-02
   1.8000000000000000E+10   7.6971950800293343E-03   1.3239842830633856E+03   5.4097874299156301E-02
   1.9000000000000000E+10   7.7164581020095985E-03   1.3206791477268080E+03   5.4273097810494143E-02
   2.0000000000000000E+10   7.7347329179862168E-03   1.3175587855055421E+03   5.4439332014482276E-02
   2.1000000000000000E+10   7.7521158662552424E-03   1.3146043590489485E+03   5.4597454070913855E-02
   2.2000000000000000E+10   7.7686899330734116E-03   1.3117997239465003E+03   5.4748218879257723E-02
   2.3000000000000000E+10   7.7845271572872582E-03   1.3091309341880428E+03   5.4892281092031849E-02
   2.4000000000000000E+10   7.7996904317200171E-03   1.3065858701502730E+03   5.5030211737689613E-02
   2.5000000000000000E+10   7.8142343743056678E-03   1.3041540375524216E+03   5.5162510527795638E-02
   2.6000000000000000E+10   7.8282078532353975E-03   1.3018261012857154E+03   5.5289620009135822E-02
   2.7000000000000000E+10   7.8416540587935325E-03   1.2995938399250904E+03   5.5411932189073289E-02
   2.8000000000000000E+10   7.8546112271790682E-03   1.2974499965533846E+03   5.5529795977600112E-02
   2.9000000000000000E+10   7.8671135056968232E-03   1.2953881118217068E+03   5.5643522918534548E-02
   3.0000000000000000E+10   7.8791918480313420E-03   1.2934023572706794E+03   5.5753393875307360E-02
   3.1000000000000000E+10   7.8908742157544794E-03   1.2914874868091224E+03   5.5859662211813939E-02
   3.2000000000000000E+10   7.9021855615364709E-03   1.2896388259009909E+03   5.5962556308103692E-02
   3.3000000000000000E+10   7.9131489811956300E-03   1.2878520717667398E+03   5.6062284452896551E-02
   3.4000000000000000E+10   7.9237849894159343E-03   1.2861234022937363E+03   5.6159034911058683E-02
   3.5000000000000000E+10   7.9341126851392510E-03   1.2844492779538582E+03   5.6252980682442173E-02
   3.6000000000000000E+10   7.9441494495830576E-03   1.2828264843590678E+03   5.6344279995957730E-02
   3.7000000000000000E+10   7.9539111692251419E-03   1.2812520900487307E+03   5.6433077574608088E-02
   3.8000000000000000E+10   7.9634123479012144E-03   1.2797234231274640E+03   5.6519506332954564E-02
   3.9000000000000000E+10   7.9726670735476967E-03   1.2782379115570991E+03   5.6603691146693599E-02
   4.0000000000000000E+10   7.9816871718685015E-03   1.2767933759105179E+03   5.6685743478893012E-02
   4.1000000000000000E+10   7.9904847169930508E-03   1.2753876229759794E+03   5.6765770171693382E-02
   4.2000000000000000E+10   7.9990699609329956E-03   1.2740187746080176E+03   5.6843867644000463E-02
   4.3000000000000000E+10   8.0074535433968686E-03   1.2726849121760267E+03   5.6920128483896791E-02
   4.4000000000000000E+10   8.0156444493779903E-03   1.2713844000930544E+03   5.6994636171565929E-02
   4.5000000000000000E+10   8.0236508492190148E-03   1.2701157491945951E+03   5.7067468191104656E-02
   4.6000000000000000E+10   8.0314816723801308E-03   1.2688773660130341E+03   5.7138700547250336E-02
   4.7000000000000000E+10   8.0391436684896459E-03   1.2676680166292244E+03   5.7208399769255347E-02
   4.8000000000000000E+10   8.0466447311207546E-03   1.2664862995898959E+03   5.7276632668523071E-02
   4.9000000000000000E+10   8.0539908838756693E-03   1.2653311205050250E+03   5.7343457828510240E-02
   5.0000000000000000E+10   8.0611887912510529E-03   1.2642012950611065E+03   5.7408933483291950E-02
   5.1000000000000000E+10   8.0682439716838437E-03   1.2630958292036876E+03   5.7473112013121240E-02
   5.2000000000000000E+10   8.0751622157970420E-03   1.2620136954890609E+03   5.7536044509737629E-02
   5.3000000000000000E+10   8.0819486277348904E-03   1.2609539826396863E+03   5.7597778033750553E-02
   5.4000000000000000E+10   8.0886084142551499E-03   1.2599157713793350E+03   5.7658358293810094E-02
   5.5000000000000000E+10   8.0951458382309254E-03   1.2588982969896367E+03   5.7717826537624466E-02
   5.6000000000000000E+10   8.1015654095489362E-03   1.2579007629340426E+03   5.7776222873130646E-02
   5.7000000000000000E+10   8.1078714350231937E-03   1.2569224106847846E+03   5.7833586224919666E-02
   5.8000000000000000E+10   8.1140676589646875E-03   1.2559625748711062E+03   5.7889951120038953E-02
   5.9000000000000000E+10   8.1201583092539616E-03   1.2550205207228221E+03   5.7945353784314424E-02
   6.0000000000000000E+10   8.1261463661540505E-03   1.2540957116004847E+03   5.7999824456403545E-02
   6.1000000000000000E+10   8.1320351738283295E-03   1.2531875590540569E+03   5.8053394147027537E-02
   6.2000000000000000E+10   8.1378284539556922E-03   1.2522954209827269E+03   5.8106093245142598E-02
   6.3000000000000000E+10   8.1435291230591029E-03   1.2514187836296996E+03   5.8157949553184290E-02
   6.4000000000000000E+10   8.1491399987583066E-03   1.2505571521883862E+03   5.8208989131249209E-02
   6.5000000000000000E+10   8.1546640289228874E-03   1.2497100154569748E+03   5.8259237657498693E-02
   6.6000000000000000E+10   8.1601032989520230E-03   1.2488769977875711E+03   5.8308717711678532E-02
   6.7000000000000000E+10   8.1654609751293065E-03   1.2480575610699400E+03   5.8357454482885950E-02
   6.8000000000000000E+10   8.1707391234947420E-03   1.2472513386613714E+03   5.8405468724869111E-02
   6.9000000000000000E+10   8.1759404214428195E-03   1.2464578732623941E+03   5.8452782544519973E-02
   7.0000000000000000E+10   8.1810669843160721E-03   1.2456767960913612E+03   5.8499416074907079E-02
   7.1000000000000000E+10   8.1861202789152848E-03   1.2449078394169439E+03   5.8545386361377801E-02
   7.2000000000000000E+10   8.1911036748242520E-03   1.2441504483643730E+03   5.8590715892062946E-02
   7.3000000000000000E+10   8.1960180572488890E-03   1.2434044481659430E+03   5.8635419538735474E-02
   7.4000000000000000E+10   8.2008650167833541E-03   1.2426695584887075E+03   5.8679513183596370E-02
   7.5000000000000000E+10   8.2056476786773556E-03   1.2419452685146616E+03   5.8723017297512496E-02
   7.6000000000000000E+10   8.2103668070370468E-03   1.2412314271875227E+03   5.8765944581045018E-02
   7.7000000000000000E+10   8.2150237935938158E-03   1.2405277897769095E+03   5.8808309629196420E-02
   7.8000000000000000E+10   8.2196210762056215E-03   1.2398339552577108E+03   5.8850128770386936E-02
   7.9000000000000000E+10   8.2241599749145536E-03   1.2391496931864508E+03   5.8891415888625134E-02
   8.0000000000000000E+10   8.2286412826713447E-03   1.2384748538124709E+03   5.8932182133865689E-02
   8.1000000000000000E+10   8.2330673444512489E-03   1.2378090550297698E+03   5.8972443371011180E-02
   8.2000000000000000E+10   8.2374391110256410E-03   1.2371521260765694E+03   5.9012210463234224E-02
   8.3000000000000000E+10   8.2417578857230181E-03   1.2365038443176304E+03   5.9051495802397498E-02
   8.4000000000000000E+10   8.2460242453987441E-03   1.2358640972124456E+03   5.9090308172699578E-02
   8.5000000000000000E+10   8.2502406414097663E-03   1.2352324923082811E+03   5.9128663155557162E-02
   8.6000000000000000E+10   8.2544082694816327E-03   1.2346088268143826E+03   5.9166570981181693E-02
   8.7000000000000000E+10   8.2585267416139703E-03   1.2339931356376560E+03   5.9204037617156584E-02
   8.8000000000000000E+10   8.2625985258148391E-03   1.2333850274574061E+03   5.9241077320327025E-02
   8.9000000000000000E+10   8.2666243339035612E-03   1.2327843746129695E+03   5.9277698486589182E-02
   9.0000000000000000E+10   8.2706051439323941E-03   1.2321910104858659E+03   5.9313910486864296E-02
   9.1000000000000000E+10   8.2745420833844410E-03   1.2316047470585058E+03   5.9349722745011740E-02
   9.2000000000000000E+10   8.2784358396210556E-03   1.2310254626673711E+03   5.9385143051724702E-02
   9.3000000000000000E+10   8.2822878379659546E-03   1.2304529266558859E+03   5.9420181307327360E-02
   9.4000000000000000E+10   8.2860984234195151E-03   1.2298870697490509E+03   5.9454844561771567E-02
   9.5000000000000000E+10   8.2898682119268933E-03   1.2293277829157280E+03   5.9489139234793667E-02
   9.6000000000000000E+10   8.2935987538720612E-03   1.2287748192392073E+03   5.9523075880801891E-02
   9.7000000000000000E+10   8.2972908394228651E-03   1.2282280453773403E+03   5.9556660963854979E-02
   9.8000000000000000E+10   8.3009451966063151E-03   1.2276873377983561E+03   5.9589902082187785E-02
   9.9000000000000000E+10   8.3045624691068173E-03   1.2271525860082702E+03   5.9622805960419578E-02
   1.0000000000000000E+11   8.3081433026916344E-03   1.2266236797251722E+03   5.9655378856351637E-02
