   1.0000000000000000E+03   0.0000000000000000E+00   1.0000000000000000E+30   0.0000000000000000E+00
   2.0000000000000000E+03   0.0000000000000000E+00   1.0000000000000000E+30   0.0000000000000000E+00
   3.0000000000000000E+03   0.0000000000000000E+00   1.0000000000000000E+30   0.0000000000000000E+00
   4.0000000000000000E+03   0.0000000000000000E+00   1.0000000000000000E+30   0.0000000000000000E+00
   5.0000000000000000E+03   0.0000000000000000E+00   1.0000000000000000E+30   0.0000000000000000E+00
   6.0000000000000000E+03   0.0000000000000000E+00   1.0000000000000000E+30   0.0000000000000000E+00
   7.0000000000000000E+03   0.0000000000000000E+00   1.0000000000000000E+30   0.0000000000000000E+00
   8.0000000000000000E+03   0.0000000000000000E+00   1.0000000000000000E+30   0.0000000000000000E+00
   8.1190000000000018E+03   0.0000000000000000E+00   1.0000000000000000E+30   0.0000000000000000E+00
   8.1210000000000000E+03   0.0000000000000000E+00   1.0000000000000000E+30   0.0000000000000000E+00
   8.4990000000000000E+03   0.0000000000000000E+00   1.0000000000000000E+30   0.0000000000000000E+00
   8.5010000000000000E+03   0.0000000000000000E+00   1.0000000000000000E+30   0.0000000000000000E+00
   9.0000000000000000E+03   0.0000000000000000E+00   1.0000000000000000E+30   0.0000000000000000E+00
   1.0000000000000000E+04   0.0000000000000000E+00   1.0000000000000000E+30   0.0000000000000000E+00
   1.1000000000000000E+04   0.0000000000000000E+00   1.0000000000000000E+30   0.0000000000000000E+00
   1.2000000000000000E+04   0.0000000000000000E+00   1.0000000000000000E+30   0.0000000000000000E+00
   1.3000000000000000E+04   0.0000000000000000E+00   1.0000000000000000E+30   0.0000000000000000E+00
   1.4000000000000000E+04   0.0000000000000000E+00   1.0000000000000000E+30   0.0000000000000000E+00
   1.5000000000000000E+04   0.0000000000000000E+00   1.0000000000000000E+30   0.0000000000000000E+00
   1.6000000000000000E+04   0.0000000000000000E+00   1.0000000000000000E+30   0.0000000000000000E+00
   1.7000000000000000E+04   0.0000000000000000E+00   1.0000000000000000E+30   0.0000000000000000E+00
   1.8000000000000000E+04   0.0000000000000000E+00   1.0000000000000000E+30   0.0000000000000000E+00
   1.9000000000000000E+04   0.0000000000000000E+00   1.0000000000000000E+30   0.0000000000000000E+00
   2.0000000000000000E+04   0.0000000000000000E+00   1.0000000000000000E+30   0.0000000000000000E+00
   2.1000000000000000E+04   0.0000000000000000E+00   1.0000000000000000E+30   0.0000000000000000E+00
   2.2000000000000000E+04   0.0000000000000000E+00   1.0000000000000000E+30   0.0000000000000000E+00
   2.3000000000000000E+04   0.0000000000000000E+00   1.0000000000000000E+30   0.0000000000000000E+00
   2.4000000000000000E+04   0.0000000000000000E+00   1.0000000000000000E+30   0.0000000000000000E+00
   2.5000000000000000E+04   0.0000000000000000E+00   1.0000000000000000E+30   0.0000000000000000E+00
   2.6000000000000000E+04   0.0000000000000000E+00   1.0000000000000000E+30   0.0000000000000000E+00
   2.7000000000000000E+04   0.0000000000000000E+00   1.0000000000000000E+30   0.0000000000000000E+00
   2.8000000000000000E+04   0.0000000000000000E+00   1.0000000000000000E+30   0.0000000000000000E+00
   2.9000000000000000E+04   0.0000000000000000E+00   1.0000000000000000E+30   0.0000000000000000E+00
   3.0000000000000000E+04   0.0000000000000000E+00   1.0000000000000000E+30   0.0000000000000000E+00
   3.1000000000000000E+04   0.0000000000000000E+00   1.0000000000000000E+30   0.0000000000000000E+00
   3.2000000000000000E+04   0.0000000000000000E+00   1.0000000000000000E+30   0.0000000000000000E+00
   3.3000000000000000E+04   0.0000000000000000E+00   1.0000000000000000E+30   0.0000000000000000E+00
   3.4000000000000000E+04   0.0000000000000000E+00   1.0000000000000000E+30   0.0000000000000000E+00
   3.5000000000000000E+04   0.0000000000000000E+00   1.0000000000000000E+30   0.0000000000000000E+00
   3.6000000000000000E+04   0.0000000000000000E+00   1.0000000000000000E+30   0.0000000000000000E+00
   3.7000000000000000E+04   0.0000000000000000E+00   1.0000000000000000E+30   0.0000000000000000E+00
   3.8000000000000000E+04   0.0000000000000000E+00   1.0000000000000000E+30   0.0000000000000000E+00
   3.9000000000000000E+04   0.0000000000000000E+00   1.0000000000000000E+30   0.0000000000000000E+00
   4.0000000000000000E+04   0.0000000000000000E+00   1.0000000000000000E+30   0.0000000000000000E+00
   4.1000000000000000E+04   0.0000000000000000E+00   1.0000000000000000E+30   0.0000000000000000E+00
   4.2000000000000000E+04   0.0000000000000000E+00   1.0000000000000000E+30   0.0000000000000000E+00
   4.3000000000000000E+04   0.0000000000000000E+00   1.0000000000000000E+30   0.0000000000000000E+00
   4.4000000000000000E+04   0.0000000000000000E+00   1.0000000000000000E+30   0.0000000000000000E+00
   4.5000000000000000E+04   0.0000000000000000E+00   1.0000000000000000E+30   0.0000000000000000E+00
   4.6000000000000000E+04   0.0000000000000000E+00   1.0000000000000000E+30   0.0000000000000000E+00
   4.7000000000000000E+04   0.0000000000000000E+00   1.0000000000000000E+30   0.0000000000000000E+00
   4.8000000000000000E+04   0.0000000000000000E+00   1.0000000000000000E+30   0.0000000000000000E+00
   4.8999000000000000E+04   0.0000000000000000E+00   1.0000000000000000E+30   0.0000000000000000E+00
   4.9001000000000000E+04   0.0000000000000000E+00   1.0000000000000000E+30   0.0000000000000000E+00
   5.0000000000000000E+04   0.0000000000000000E+00   1.0000000000000000E+30   0.0000000000000000E+00
   5.1000000000000000E+04   0.0000000000000000E+00   1.0000000000000000E+30   0.0000000000000000E+00
   5.2000000000000000E+04   0.0000000000000000E+00   1.0000000000000000E+30   0.0000000000000000E+00
   5.2999000000000000E+04   0.0000000000000000E+00   1.0000000000000000E+30   0.0000000000000000E+00
   5.3001000000000000E+04   0.0000000000000000E+00   1.0000000000000000E+30   0.0000000000000000E+00
   5.4000000000000000E+04   0.0000000000000000E+00   1.0000000000000000E+30   0.0000000000000000E+00
   5.5000000000000000E+04   0.0000000000000000E+00   1.0000000000000000E+30   0.0000000000000000E+00
   5.6000000000000000E+04   0.0000000000000000E+00   1.0000000000000000E+30   0.0000000000000000E+00
   5.7000000000000000E+04   0.0000000000000000E+00   1.0000000000000000E+30   0.0000000000000000E+00
   5.8000000000000000E+04   0.0000000000000000E+00   1.0000000000000000E+30   0.0000000000000000E+00
   5.9000000000000000E+04   0.0000000000000000E+00   1.0000000000000000E+30   0.0000000000000000E+00
   6.0000000000000000E+04   0.0000000000000000E+00   1.0000000000000000E+30   0.0000000000000000E+00
   6.1000000000000000E+04   0.0000000000000000E+00   1.0000000000000000E+30   0.0000000000000000E+00
   6.2000000000000000E+04   0.0000000000000000E+00   1.0000000000000000E+30   0.0000000000000000E+00
   6.3000000000000000E+04   0.0000000000000000E+00   1.0000000000000000E+30   0.0000000000000000E+00
   6.4000000000000000E+04   0.0000000000000000E+00   1.0000000000000000E+30   0.0000000000000000E+00
   6.5000000000000000E+04   0.0000000000000000E+00   1.0000000000000000E+30   0.0000000000000000E+00
   6.6000000000000000E+04   0.0000000000000000E+00   1.0000000000000000E+30   0.0000000000000000E+00
   6.7000000000000000E+04   0.0000000000000000E+00   1.0000000000000000E+30   0.0000000000000000E+00
   6.8000000000000000E+04   0.0000000000000000E+00   1.0000000000000000E+30   0.0000000000000000E+00
   6.9000000000000000E+04   0.0000000000000000E+00   1.0000000000000000E+30   0.0000000000000000E+00
   7.0000000000000000E+04   0.0000000000000000E+00   1.0000000000000000E+30   0.0000000000000000E+00
   7.1000000000000000E+04   0.0000000000000000E+00   1.0000000000000000E+30   0.0000000000000000E+00
   7.2000000000000000E+04   0.0000000000000000E+00   1.0000000000000000E+30   0.0000000000000000E+00
   7.3000000000000000E+04   0.0000000000000000E+00   1.0000000000000000E+30   0.0000000000000000E+00
   7.4000000000000000E+04   0.0000000000000000E+00   1.0000000000000000E+30   0.0000000000000000E+00
   7.5000000000000000E+04   0.0000000000000000E+00   1.0000000000000000E+30   0.0000000000000000E+00
   7.6000000000000000E+04   0.0000000000000000E+00   1.0000000000000000E+30   0.0000000000000000E+00
   7.7000000000000000E+04   0.0000000000000000E+00   1.0000000000000000E+30   0.0000000000000000E+00
   7.8000000000000000E+04   0.0000000000000000E+00   1.0000000000000000E+30   0.0000000000000000E+00
   7.9000000000000000E+04   0.0000000000000000E+00   1.0000000000000000E+30   0.0000000000000000E+00
   8.0000000000000000E+04   0.0000000000000000E+00   1.0000000000000000E+30   0.0000000000000000E+00
   8.0999000000000000E+04   0.0000000000000000E+00   1.0000000000000000E+30   0.0000000000000000E+00
   8.1001000000000000E+04   0.0000000000000000E+00   1.0000000000000000E+30   0.0000000000000000E+00
   8.2000000000000000E+04   0.0000000000000000E+00   1.0000000000000000E+30   0.0000000000000000E+00
   8.3000000000000000E+04   0.0000000000000000E+00   1.0000000000000000E+30   0.0000000000000000E+00
   8.4000000000000000E+04   0.0000000000000000E+00   1.0000000000000000E+30   0.0000000000000000E+00
   8.5000000000000000E+04   0.0000000000000000E+00   1.0000000000000000E+30   0.0000000000000000E+00
   8.6000000000000000E+04   0.0000000000000000E+00   1.0000000000000000E+30   0.0000000000000000E+00
   8.7000000000000000E+04   0.0000000000000000E+00   1.0000000000000000E+30   0.0000000000000000E+00
   8.8000000000000000E+04   0.0000000000000000E+00   1.0000000000000000E+30   0.0000000000000000E+00
   8.9000000000000000E+04   0.0000000000000000E+00   1.0000000000000000E+30   0.0000000000000000E+00
   9.0000000000000000E+04   0.0000000000000000E+00   1.0000000000000000E+30   0.0000000000000000E+00
   9.1000000000000000E+04   0.0000000000000000E+00   1.0000000000000000E+30   0.0000000000000000E+00
   9.2000000000000000E+04   0.0000000000000000E+00   1.0000000000000000E+30   0.0000000000000000E+00
   9.3000000000000000E+04   0.0000000000000000E+00   1.0000000000000000E+30   0.0000000000000000E+00
   9.4000000000000000E+04   0.0000000000000000E+00   1.0000000000000000E+30   0.0000000000000000E+00
   9.5000000000000000E+04   0.0000000000000000E+00   1.0000000000000000E+30   0.0000000000000000E+00
   9.6000000000000000E+04   0.0000000000000000E+00   1.0000000000000000E+30   0.0000000000000000E+00
   9.7000000000000000E+04   0.0000000000000000E+00   1.0000000000000000E+30   0.0000000000000000E+00
   9.8000000000000000E+04   0.0000000000000000E+00   1.0000000000000000E+30   0.0000000000000000E+00
   9.9000000000000000E+04   0.0000000000000000E+00   1.0000000000000000E+30   0.0000000000000000E+00
   1.0000000000000000E+05   0.0000000000000000E+00   1.0000000000000000E+30   0.0000000000000000E+00
   1.1000000000000000E+05   0.0000000000000000E+00   1.0000000000000000E+30   0.0000000000000000E+00
   1.2000000000000000E+05   0.0000000000000000E+00   1.0000000000000000E+30   0.0000000000000000E+00
   1.3000000000000000E+05   0.0000000000000000E+00   1.0000000000000000E+30   0.0000000000000000E+00
   1.4000000000000000E+05   0.0000000000000000E+00   1.0000000000000000E+30   0.0000000000000000E+00
   1.5000000000000000E+05   0.0000000000000000E+00   1.0000000000000000E+30   0.0000000000000000E+00
   1.6000000000000000E+05   0.0000000000000000E+00   1.0000000000000000E+30   0.0000000000000000E+00
   1.7000000000000000E+05   0.0000000000000000E+00   1.0000000000000000E+30   0.0000000000000000E+00
   1.8000000000000000E+05   0.0000000000000000E+00   1.0000000000000000E+30   0.0000000000000000E+00
   1.9000000000000000E+05   0.0000000000000000E+00   1.0000000000000000E+30   0.0000000000000000E+00
   2.0000000000000000E+05   0.0000000000000000E+00   1.0000000000000000E+30   0.0000000000000000E+00
   2.1000000000000000E+05   0.0000000000000000E+00   1.0000000000000000E+30   0.0000000000000000E+00
   2.2000000000000000E+05   0.0000000000000000E+00   1.0000000000000000E+30   0.0000000000000000E+00
   2.3000000000000000E+05   0.0000000000000000E+00   1.0000000000000000E+30   0.0000000000000000E+00
   2.4000000000000000E+05   0.0000000000000000E+00   1.0000000000000000E+30   0.0000000000000000E+00
   2.5000000000000000E+05   0.0000000000000000E+00   1.0000000000000000E+30   0.0000000000000000E+00
   2.6000000000000000E+05   0.0000000000000000E+00   1.0000000000000000E+30   0.0000000000000000E+00
   2.7000000000000000E+05   0.0000000000000000E+00   1.0000000000000000E+30   0.0000000000000000E+00
   2.8000000000000000E+05   0.0000000000000000E+00   1.0000000000000000E+30   0.0000000000000000E+00
   2.8599900000000000E+05   0.0000000000000000E+00   1.0000000000000000E+30   0.0000000000000000E+00
   2.8600100000000000E+05   0.0000000000000000E+00   1.0000000000000000E+30   0.0000000000000000E+00
   2.8999900000000000E+05   0.0000000000000000E+00   1.0000000000000000E+30   0.0000000000000000E+00
   2.9000100000000000E+05   0.0000000000000000E+00   1.0000000000000000E+30   0.0000000000000000E+00
   3.0000000000000000E+05   0.0000000000000000E+00   1.0000000000000000E+30   0.0000000000000000E+00
   3.1000000000000000E+05   0.0000000000000000E+00   1.0000000000000000E+30   0.0000000000000000E+00
   3.2000000000000000E+05   0.0000000000000000E+00   1.0000000000000000E+30   0.0000000000000000E+00
   3.3000000000000000E+05   0.0000000000000000E+00   1.0000000000000000E+30   0.0000000000000000E+00
   3.4000000000000000E+05   0.0000000000000000E+00   1.0000000000000000E+30   0.0000000000000000E+00
   3.5000000000000000E+05   0.0000000000000000E+00   1.0000000000000000E+30   0.0000000000000000E+00
   3.6000000000000000E+05   0.0000000000000000E+00   1.0000000000000000E+30   0.0000000000000000E+00
   3.7000000000000000E+05   0.0000000000000000E+00   1.0000000000000000E+30   0.0000000000000000E+00
   3.8000000000000000E+05   0.0000000000000000E+00   1.0000000000000000E+30   0.0000000000000000E+00
   3.9000000000000000E+05   0.0000000000000000E+00   1.0000000000000000E+30   0.0000000000000000E+00
   4.0000000000000000E+05   0.0000000000000000E+00   1.0000000000000000E+30   0.0000000000000000E+00
   4.1000000000000000E+05   0.0000000000000000E+00   1.0000000000000000E+30   0.0000000000000000E+00
   4.2000000000000000E+05   0.0000000000000000E+00   1.0000000000000000E+30   0.0000000000000000E+00
   4.3000000000000000E+05   0.0000000000000000E+00   1.0000000000000000E+30   0.0000000000000000E+00
   4.4000000000000000E+05   0.0000000000000000E+00   1.0000000000000000E+30   0.0000000000000000E+00
   4.5000000000000000E+05   8.7261989648339776E-04   1.1459743286050846E+03   7.1118028975258638E-02
   4.6000000000000000E+05   2.3473410736252667E-03   4.2601393177838708E+02   1.9341689305756202E-01
   4.6599900000000000E+05   3.2748157026036449E-03   3.0536069532247245E+02   2.7163768283195422E-01
   4.6600100000000000E+05   3.2748427565840186E-03   3.0535817269073948E+02   2.7163992739813103E-01
   4.7000000000000000E+05   3.8781828574936911E-03   2.5785272039654643E+02   3.2304063889918933E-01
   4.8000000000000000E+05   5.3854008548296127E-03   1.8568719895812453E+02   4.5315666713547759E-01
   4.8799900000000000E+05   6.5824488246141889E-03   1.5191914538866351E+02   5.5815308506724581E-01
   4.8800100000000000E+05   6.5825004170474329E-03   1.5191795467421301E+02   5.5815746350504714E-01
   4.9000000000000000E+05   6.8675157483787759E-03   1.4561306251624856E+02   5.8335342765213438E-01
   5.0000000000000000E+05   8.4776261918813808E-03   1.1795754818225562E+02   7.2731082343771636E-01
   5.1000000000000000E+05   1.0059196374518343E-02   9.9411519843987776E+01   8.7102357718361711E-01
   5.2000000000000000E+05   1.1687797516657888E-02   8.5559319330674796E+01   1.0213668183211964E+00
   5.3000000000000000E+05   1.3285255560986279E-02   7.5271416150745196E+01   1.1709028172572671E+00
   5.4000000000000000E+05   1.4926767408344163E-02   6.6993741688571731E+01   1.3267419800718838E+00
   5.5000000000000000E+05   1.6610812420511819E-02   6.0201751406520778E+01   1.4888442745860737E+00
   5.6000000000000000E+05   1.8335726988768092E-02   5.4538333855678026E+01   1.6571527383453128E+00
   5.7000000000000000E+05   2.0024615707143010E-02   4.9938536380665155E+01   1.8237764185263570E+00
   5.8000000000000000E+05   2.1751841739028790E-02   4.5973118598308162E+01   1.9962760202048342E+00
   5.9000000000000000E+05   2.3515994032938987E-02   4.2524249606429329E+01   2.1745995414246129E+00
   5.9199900000000000E+05   2.3887979952964693E-02   4.1862057903974922E+01   2.2125635272895465E+00
   5.9200100000000000E+05   2.3888128839472205E-02   4.1861796992137059E+01   2.2125774299446936E+00
   6.0000000000000000E+05   2.5315640496767398E-02   3.9501271955876135E+01   2.3586885322077076E+00
   6.1000000000000000E+05   2.7075361768178183E-02   3.6933947866037585E+01   2.5402399348749558E+00
   6.2000000000000000E+05   2.8868539338663117E-02   3.4639785140106419E+01   2.7272412892335498E+00
   6.3000000000000000E+05   3.0693916090885568E-02   3.2579746326241704E+01   2.9196369690149195E+00
   6.4000000000000000E+05   3.2550281162809246E-02   3.0721700835646342E+01   3.1173719637072117E+00
   6.5000000000000000E+05   3.4363556948166785E-02   2.9100596352943839E+01   3.3117462680323846E+00
   6.6000000000000000E+05   3.6278681716056790E-02   2.7564397400840626E+01   3.5198911165136031E+00
   6.7000000000000000E+05   3.8149111946586496E-02   2.6212929973314310E+01   3.7243742916593314E+00
   6.8000000000000000E+05   4.0046625571749449E-02   2.4970892945982488E+01   3.9337799913765070E+00
   6.9000000000000000E+05   4.1970173990679663E-02   2.3826443993824537E+01   4.1480521230272061E+00
   7.0000000000000000E+05   4.3918722515660834E-02   2.2769332592572869E+01   4.3671328947295809E+00
   7.1000000000000000E+05   4.5820493983609011E-02   2.1824295485721343E+01   4.5817918821510046E+00
   7.2000000000000000E+05   4.7745964945884754E-02   2.0944178238588318E+01   4.8009727254393644E+00
   7.3000000000000000E+05   4.9764441857848882E-02   2.0094669259156564E+01   5.0339739604881792E+00
   7.4000000000000000E+05   5.1734325232270929E-02   1.9329526296328659E+01   5.2621294869530759E+00
   7.5000000000000000E+05   5.3655727119491806E-02   1.8637339454425636E+01   5.4851354926002172E+00
   7.6000000000000000E+05   5.5667189965397303E-02   1.7963902985252169E+01   5.7218847394460886E+00
   7.7000000000000000E+05   5.7698005071978739E-02   1.7331621756289351E+01   5.9628898650372584E+00
   7.8000000000000000E+05   5.9678876239923039E-02   1.6756347689587287E+01   6.1983482042910190E+00
   7.9000000000000000E+05   6.1746366349849348E-02   1.6195284987849977E+01   6.4476273112541040E+00
   8.0000000000000000E+05   6.3763085749780929E-02   1.5683055301372956E+01   6.6911044648018771E+00
   8.1000000000000000E+05   6.5796782172019286E-02   1.5198311634535523E+01   6.9384772208371084E+00
   8.2000000000000000E+05   6.7846847714532185E-02   1.4739078287137712E+01   7.1897029416691502E+00
   8.3000000000000000E+05   6.9912732891920806E-02   1.4303546130086431E+01   7.4447459683619952E+00
   8.4000000000000000E+05   7.1926967298792541E-02   1.3902991291790325E+01   7.6933399887850440E+00
   8.5000000000000000E+05   7.4022263089974269E-02   1.3509449161051688E+01   7.9557519667940051E+00
   8.6000000000000000E+05   7.6065286375101640E-02   1.3146601395394589E+01   8.2114776010268891E+00
   8.7000000000000000E+05   7.8187506053349148E-02   1.2789767195255941E+01   8.4810704097514709E+00
   8.8000000000000000E+05   8.0256928369451960E-02   1.2459983459579151E+01   8.7437491740461351E+00
   8.9000000000000000E+05   8.2338807167228911E-02   1.2144941545837733E+01   9.0097988252798125E+00
   9.0000000000000000E+05   8.4432597907105764E-02   1.1843766800829910E+01   9.2791776320028028E+00
   9.1000000000000000E+05   8.6537747812930194E-02   1.1555650860728587E+01   9.5518403314078331E+00
   9.2000000000000000E+05   8.8653715202446776E-02   1.1279843125766725E+01   9.8277421821770989E+00
   9.3000000000000000E+05   9.0779981211664237E-02   1.1015644491800259E+01   1.0106839328511818E+01
   9.4000000000000000E+05   9.2852770684479308E-02   1.0769737861652780E+01   1.0378238072922985E+01
   9.5000000000000000E+05   9.4998473800434538E-02   1.0526484900175586E+01   1.0663537292370224E+01
   9.6000000000000000E+05   9.7152958335264647E-02   1.0293047346526549E+01   1.0951898085071447E+01
   9.7000000000000000E+05   9.9253553361808439E-02   1.0075206036752212E+01   1.1232262877035756E+01
   9.8000000000000000E+05   1.0136264475759731E-01   9.8655673635138488E+00   1.1515488763014901E+01
   9.9000000000000000E+05   1.0347983061566567E-01   9.6637189493873361E+00   1.1801542260207132E+01
   1.0000000000000000E+06   1.0566605893497050E-01   9.4637768274808547E+00   1.2101581344437269E+01
   1.1000000000000000E+06   1.2707085838257334E-01   7.8696249693166589E+00   1.5100308092239379E+01
   1.2000000000000000E+06   1.4847317953718212E-01   6.7352231771231814E+00   1.8249266288904899E+01
   1.3000000000000000E+06   1.6975655977299761E-01   5.8907885582579151E+00   2.1532344022938414E+01
   1.4000000000000000E+06   1.9074314382462865E-01   5.2426523960379470E+00   2.4915698463006947E+01
   1.5000000000000000E+06   2.1134013597713641E-01   4.7317088889740466E+00   2.8381526549780002E+01
   1.6000000000000000E+06   2.3148774817245371E-01   4.3198830516724378E+00   3.1917311934113311E+01
   1.7000000000000000E+06   2.5105549513701070E-01   3.9831830785231830E+00   3.5486627186195854E+01
   1.8000000000000000E+06   2.7002960152627015E-01   3.7032976916151692E+00   3.9082717670321713E+01
   1.9000000000000000E+06   2.8840075738773130E-01   3.4673972740493944E+00   4.2700875474591655E+01
   2.0000000000000000E+06   3.0608751917531457E-01   3.2670394490251677E+00   4.6309968986606350E+01
   2.1000000000000000E+06   3.2314328300013895E-01   3.0946024646273407E+00   4.9923645292731265E+01
   2.2000000000000000E+06   3.3951004878321794E-01   2.9454209193039662E+00   5.3514386335723678E+01
   2.3000000000000000E+06   3.5518317297278501E-01   2.8154486926570210E+00   5.7071074907848747E+01
   2.4000000000000000E+06   3.7015413833816263E-01   2.7015772523564974E+00   6.0581700287355183E+01
   2.5000000000000000E+06   3.8445638489885764E-01   2.6010752826047590E+00   6.4050903498275403E+01
   2.6000000000000000E+06   3.9809460028897858E-01   2.5119657470211751E+00   6.7470384074310275E+01
   2.7000000000000000E+06   4.1107674935524030E-01   2.4326357585741971E+00   7.0832661510067837E+01
   2.8000000000000000E+06   4.2339149095709139E-01   2.3618802487963677E+00   7.4118005567100909E+01
   2.8439990000000000E+06   4.2862501034068567E-01   2.3330416468352286E+00   7.5549956081495822E+01
   2.8440010000000000E+06   4.2862522842815620E-01   2.3330404597675583E+00   7.5550012052763677E+01
   2.9000000000000000E+06   4.3510328982094598E-01   2.2983048471353107E+00   7.7348297084309010E+01
   2.9729990000000000E+06   4.4324790424507399E-01   2.2560738368366771E+00   7.9651531195030543E+01
   2.9730010000000000E+06   4.4324810792090635E-01   2.2560728001538162E+00   7.9651585605490666E+01
   3.0000000000000000E+06   4.4617170482505469E-01   2.2412895958790195E+00   8.0489153417185477E+01
   3.1000000000000000E+06   4.5667082268956949E-01   2.1897610933636740E+00   8.3566497691905809E+01
   3.2000000000000000E+06   4.6656639871544692E-01   2.1433176558646432E+00   8.6547272532408044E+01
   3.2299990000000000E+06   4.6944358743741588E-01   2.1301814036032938E+00   8.7435623862407283E+01
   3.2300010000000000E+06   4.6944378516420049E-01   2.1301805063842170E+00   8.7435681023719496E+01
   3.3000000000000000E+06   4.7593824966180287E-01   2.1011129084720350E+00   8.9460997578246165E+01
   3.4000000000000000E+06   4.8476982116956213E-01   2.0628346822155446E+00   9.2287527955495548E+01
   3.5000000000000000E+06   4.9310776601778317E-01   2.0279542706774905E+00   9.5040866249313098E+01
   3.6000000000000000E+06   5.0094976262365143E-01   1.9962081522159945E+00   9.7705425166827709E+01
   3.7000000000000000E+06   5.0831732737850144E-01   1.9672750585883212E+00   1.0028072492177910E+02
   3.8000000000000000E+06   5.1526177045240451E-01   1.9407610992020448E+00   1.0278450186758144E+02
   3.9000000000000000E+06   5.2176808110877337E-01   1.9165603190501213E+00   1.0519760646332362E+02
   4.0000000000000000E+06   5.2786037159643573E-01   1.8944403744036475E+00   1.0752181102772063E+02
   4.1000000000000000E+06   5.3357895973630864E-01   1.8741368671924281E+00   1.0977286963313108E+02
   4.2000000000000000E+06   5.3894339147890657E-01   1.8554824417754061E+00   1.1195243712413128E+02
   4.3000000000000000E+06   5.4395690840220501E-01   1.8383809168585725E+00   1.1404881843288609E+02
   4.4000000000000000E+06   5.4862709346872185E-01   1.8227317095797273E+00   1.1605932574170694E+02
   4.5000000000000000E+06   4.4544599893528780E-01   2.2449410307651574E+00   9.0496894118264308E+01
   4.6000000000000000E+06   4.4854254868114940E-01   2.2294428988739243E+00   9.1092306313534138E+01
   4.7000000000000000E+06   4.5137010897138946E-01   2.2154767897211070E+00   9.1635295925868803E+01
   4.8000000000000000E+06   4.5394963531266036E-01   2.2028875500940637E+00   9.2129930662162849E+01
   4.9000000000000000E+06   4.5630004051472750E-01   2.1915404584929554E+00   9.2579889893785136E+01
   5.0000000000000000E+06   4.5843842548400404E-01   2.1813180231221532E+00   9.2988496797594706E+01
   5.1000000000000000E+06   4.6038030876535618E-01   2.1721172277802046E+00   9.3358771459649006E+01
   5.2000000000000000E+06   4.6213980051929687E-01   2.1638473874708928E+00   9.3693458497909702E+01
   5.3000000000000000E+06   4.6372976747318645E-01   2.1564283126547870E+00   9.3995063328631687E+01
   5.4000000000000000E+06   4.6516196622340178E-01   2.1497888318748171E+00   9.4265875939701047E+01
   5.5000000000000000E+06   4.6644716174766626E-01   2.1438655479288129E+00   9.4507993818759601E+01
   5.6000000000000000E+06   4.6759522922827862E-01   2.1386018023545810E+00   9.4723340599267445E+01
   5.7000000000000000E+06   4.6861524900562807E-01   2.1339467764267956E+00   9.4913687844264601E+01
   5.8000000000000000E+06   4.6951557949253947E-01   2.1298547773022087E+00   9.5080664534747342E+01
   5.9000000000000000E+06   4.7030393262120856E-01   2.1262845803277997E+00   9.5225775899140686E+01
   6.0000000000000000E+06   4.7098743170142210E-01   2.1231989065770662E+00   9.5350411766114689E+01
   6.1000000000000000E+06   4.7157266731343273E-01   2.1205639540074235E+00   9.5455858336139116E+01
   6.2000000000000000E+06   4.7206574668959972E-01   2.1183489948435854E+00   9.5543308471760014E+01
   6.3000000000000000E+06   4.7247233473506339E-01   2.1165260407484925E+00   9.5613867793763987E+01
   6.4000000000000000E+06   4.7279769637814528E-01   2.1150695269043709E+00   9.5668566076542604E+01
   6.5000000000000000E+06   4.7304672389500330E-01   2.1139560840124507E+00   9.5708356185658246E+01
   6.6000000000000000E+06   4.7322398175382113E-01   2.1131642489754809E+00   9.5734135090774473E+01
   6.7000000000000000E+06   4.7333371413782988E-01   2.1126743566565604E+00   9.5746726918239247E+01
   6.8000000000000000E+06   4.7337989257863028E-01   2.1124682642364161E+00   9.5746912743036745E+01
   6.9000000000000000E+06   4.7336622017926389E-01   2.1125292793839408E+00   9.5735414298834186E+01
   7.0000000000000000E+06   4.7329616090441384E-01   2.1128419847926012E+00   9.5712907690901815E+01
   7.1000000000000000E+06   4.7317296265222236E-01   2.1133920974580085E+00   9.5680032496078340E+01
   7.2000000000000000E+06   4.7299965963115020E-01   2.1141664262080231E+00   9.5637377699629866E+01
   7.3000000000000000E+06   4.7277910516831240E-01   2.1151526983071589E+00   9.5585505591028479E+01
   7.4000000000000000E+06   4.7251396955992009E-01   2.1163395463870804E+00   9.5524934806338365E+01
   7.5000000000000000E+06   4.7220676818474644E-01   2.1177163636264518E+00   9.5456161782306950E+01
   7.6000000000000000E+06   4.7185985811648140E-01   2.1192733028651576E+00   9.5379644096471779E+01
   7.7000000000000000E+06   4.7147546218231956E-01   2.1210011553332975E+00   9.5295819509822309E+01
   7.8000000000000000E+06   4.7105567048650138E-01   2.1228913324983658E+00   9.5205097332813480E+01
   7.9000000000000000E+06   4.7060244926188766E-01   2.1249358169904160E+00   9.5107859763084434E+01
   8.0000000000000000E+06   4.7011765723116955E-01   2.1271270811006215E+00   9.5004474403107338E+01
   8.1000000000000000E+06   4.6960304166500288E-01   2.1294580981725466E+00   9.4895280158460665E+01
   8.2000000000000000E+06   4.6906025667994633E-01   2.1319222546759695E+00   9.4780604009106185E+01
   8.3000000000000000E+06   4.6849085921578698E-01   2.1345133641965037E+00   9.4660747761677072E+01
   8.4000000000000000E+06   4.6789632557034566E-01   2.1372255889828646E+00   9.4536004061802302E+01
   8.5000000000000000E+06   4.6727804632257031E-01   2.1400534603966443E+00   9.4406642430742849E+01
   8.6000000000000000E+06   4.6663733936790913E-01   2.1429918174884284E+00   9.4272921582167825E+01
   8.7000000000000000E+06   4.6597545319984013E-01   2.1460357903684169E+00   9.4135088434188162E+01
   8.8000000000000000E+06   4.6529356534997940E-01   2.1491808064180535E+00   9.3993370049550720E+01
   8.9000000000000000E+06   4.6459279641364570E-01   2.1524225251001519E+00   9.3847989361539049E+01
   9.0000000000000000E+06   4.6387420385415223E-01   2.1557568661748916E+00   9.3699150865394657E+01
   9.1000000000000000E+06   4.6313879386273044E-01   2.1591799548029003E+00   9.3547054060120715E+01
   9.2000000000000000E+06   4.6238751741706158E-01   2.1626881399958426E+00   9.3391882937358645E+01
   9.3000000000000000E+06   4.6162128022812376E-01   2.1662779486808335E+00   9.3233817413547456E+01
   9.4000000000000000E+06   4.6084093886065491E-01   2.1699461043376864E+00   9.3073023247996204E+01
   9.5000000000000000E+06   4.6004730861919990E-01   2.1736894907643971E+00   9.2909660922935288E+01
   9.6000000000000000E+06   4.5924116411384575E-01   2.1775051501091056E+00   9.2743883141501271E+01
   9.7000000000000000E+06   4.5842323912515659E-01   2.1813902844637090E+00   9.2575831177452116E+01
   9.8000000000000000E+06   4.5759423501375196E-01   2.1853422169314425E+00   9.2405645755744402E+01
   9.9000000000000000E+06   4.5675481476601598E-01   2.1893584209118298E+00   9.2233454073736212E+01
   1.0000000000000000E+07   4.5590561183615413E-01   2.1934364790389673E+00   9.2059381921806164E+01
   1.1000000000000000E+07   4.4699464585208315E-01   2.2371632619754336E+00   9.0238525178378353E+01
   1.2000000000000000E+07   4.3761600310795556E-01   2.2851083893138844E+00   8.8329544909895262E+01
   1.3000000000000000E+07   4.2806468241943757E-01   2.3360955506723022E+00   8.6390147365357862E+01
   1.4000000000000000E+07   4.1852652841068022E-01   2.3893348022583352E+00   8.4456617714369841E+01
   1.5000000000000000E+07   4.0911897002630476E-01   2.4442767831951278E+00   8.2551813977740622E+01
   1.6000000000000000E+07   3.9991550409954030E-01   2.5005282109570248E+00   8.0689975615365285E+01
   1.7000000000000000E+07   3.9096089311167787E-01   2.5578005821527281E+00   7.8879707092915794E+01
   1.8000000000000000E+07   3.8228085597807421E-01   2.6158777881813555E+00   7.7125884332977890E+01
   1.9000000000000000E+07   3.7388838340934133E-01   2.6745949977942423E+00   7.5430895408354857E+01
   2.0000000000000000E+07   3.6578792905943136E-01   2.7338244938025968E+00   7.3795461319461666E+01
   2.1000000000000000E+07   3.5797823456496997E-01   2.7934659245840510E+00   7.2219192903893656E+01
   2.2000000000000000E+07   3.5045425443054218E-01   2.8534394642316827E+00   7.0700965505949114E+01
   2.2122999000000000E+07   3.4954819762202421E-01   2.8608358069158943E+00   7.0518159262874846E+01
   2.2123001000000000E+07   3.4954818295880297E-01   2.8608359269252963E+00   7.0518156437464285E+01
   2.3000000000000000E+07   3.4320848260492454E-01   2.9136808985899219E+00   6.9239183640080356E+01
   2.4000000000000000E+07   3.3623186929708304E-01   2.9741380616018711E+00   6.7831956308161878E+01
   2.5000000000000000E+07   3.2951445972391347E-01   3.0347681884365829E+00   6.6477223496192110E+01
   2.6000000000000000E+07   3.2304583810731402E-01   3.0955359334108050E+00   6.5172842457448809E+01
   2.7000000000000000E+07   3.1681543580239141E-01   3.1564118631635556E+00   6.3916647979578350E+01
   2.8000000000000000E+07   3.1081274326465086E-01   3.2173713004698783E+00   6.2706492980628909E+01
   2.9000000000000000E+07   3.0502745410370963E-01   3.2783934250718274E+00   6.1540276586005305E+01
   3.0000000000000000E+07   2.9944956027796293E-01   3.3394605724975985E+00   6.0415960832244281E+01
   3.1000000000000000E+07   2.9406941371002449E-01   3.4005576689661394E+00   5.9331586024494143E+01
   3.2000000000000000E+07   2.8887776164050177E-01   3.4616717961296897E+00   5.8285273011034541E+01
   3.3000000000000000E+07   2.8386576576966710E-01   3.5227918283440176E+00   5.7275229185152561E+01
   3.4000000000000000E+07   2.7902500829906141E-01   3.5839081453523032E+00   5.6299748505971870E+01
   3.5000000000000000E+07   2.7434748923176427E-01   3.6450123994217294E+00   5.5357209414341874E+01
   3.6000000000000000E+07   2.6982561841894348E-01   3.7060973152199170E+00   5.4446076207975651E+01
   3.7000000000000000E+07   2.6545220246294782E-01   3.7671565378689280E+00   5.3564892801592201E+01
   3.8000000000000000E+07   2.6122042992146383E-01   3.8281844965213905E+00   5.2712281560472107E+01
   3.9000000000000000E+07   2.5712385446990904E-01   3.8891762962313141E+00   5.1886938838875182E+01
   4.0000000000000000E+07   2.5315637747690323E-01   3.9501276245400354E+00   5.1087631862332913E+01
   4.1000000000000000E+07   2.4931223018812854E-01   4.0110346742532847E+00   5.0313194823992070E+01
   4.2000000000000000E+07   2.4558595607779193E-01   4.0718940772135994E+00   4.9562525481415314E+01
   4.3000000000000000E+07   2.4197239344064264E-01   4.1327028500270071E+00   4.8834580900554982E+01
   4.4000000000000000E+07   2.3846665875972331E-01   4.1934583442442177E+00   4.8128375050696221E+01
   4.5000000000000000E+07   2.3506413051555747E-01   4.2541582069826527E+00   4.7442974889311117E+01
   4.6000000000000000E+07   2.3176043379108244E-01   4.3148003463845672E+00   4.6777497028487794E+01
   4.7000000000000000E+07   2.2855142574802292E-01   4.3753829000502336E+00   4.6131105390074737E+01
   4.8000000000000000E+07   2.2543318174532695E-01   4.4359042100985180E+00   4.5503007870826472E+01
   4.9000000000000000E+07   2.2240198232428282E-01   4.4963628001386553E+00   4.4892453862149132E+01
   5.0000000000000000E+07   2.1945430095125487E-01   4.5567573552460008E+00   4.4298731888569677E+01
   5.1000000000000000E+07   2.1658679246623766E-01   4.6170867051179210E+00   4.3721167097980043E+01
   5.2000000000000000E+07   2.1379628224592909E-01   4.6773498093372075E+00   4.3159118916751233E+01
   5.3000000000000000E+07   2.1107975615251559E-01   4.7375457420817302E+00   4.2611979873016971E+01
   5.4000000000000000E+07   2.0843435083130374E-01   4.7976736848397401E+00   4.2079171781872340E+01
   5.5000000000000000E+07   2.0585734503254430E-01   4.8577329113124854E+00   4.1560146008298105E+01
   5.6000000000000000E+07   2.0334615120482882E-01   4.9177227799738823E+00   4.1054381048582009E+01
   5.7000000000000000E+07   2.0089830767394806E-01   4.9776427267021592E+00   4.0561380644322810E+01
   5.8000000000000000E+07   1.9851147131882532E-01   5.0374922585401629E+00   4.0080671913564004E+01
   5.9000000000000000E+07   1.9618341084258620E-01   5.0972709451074891E+00   3.9611804885581677E+01
   6.0000000000000000E+07   1.9391200043135151E-01   5.1569784117307318E+00   3.9154351663103029E+01
   6.1000000000000000E+07   1.9169521358615163E-01   5.2166143394633080E+00   3.8707903089476069E+01
   6.2000000000000000E+07   1.8953111772161274E-01   5.2761784556603573E+00   3.8272069609779997E+01
   6.3000000000000000E+07   1.8741786891888690E-01   5.3356705300751921E+00   3.7846480097065957E+01
   6.4000000000000000E+07   1.8535370688104133E-01   5.3950903751916490E+00   3.7430779217674086E+01
   6.5000000000000000E+07   1.8333695047965415E-01   5.4544378390922095E+00   3.7024628033196002E+01
   6.6000000000000000E+07   1.8136599345717949E-01   5.5137128021527371E+00   3.6627703219552210E+01
   6.7000000000000000E+07   1.7943930031451466E-01   5.5729151765930691E+00   3.6239695328436945E+01
   6.8000000000000000E+07   1.7755540252738619E-01   5.6320449041011855E+00   3.5860307985069738E+01
   6.9000000000000000E+07   1.7571289507384896E-01   5.6911019511670906E+00   3.5489258109966599E+01
   7.0000000000000000E+07   1.7391043308968762E-01   5.7500863072676527E+00   3.5126275132251862E+01
   7.1000000000000000E+07   1.7214672863282229E-01   5.8089979864382713E+00   3.4771099018932546E+01
   7.2000000000000000E+07   1.7042054786515159E-01   5.8678370215736466E+00   3.4423481220230869E+01
   7.3000000000000000E+07   1.6873070826338293E-01   5.9266034635440157E+00   3.4083183832979742E+01
   7.4000000000000000E+07   1.6707607593107945E-01   5.9852973828072793E+00   3.3749977913611538E+01
   7.5000000000000000E+07   1.6545556325705035E-01   6.0439188644651898E+00   3.3423644360688186E+01
   7.6000000000000000E+07   1.6386812659554575E-01   6.1024680075105104E+00   3.3103973264719585E+01
   7.7000000000000000E+07   1.6231276402786632E-01   6.1609449262309237E+00   3.2790762521604549E+01
   7.8000000000000000E+07   1.6078851336904443E-01   6.2193497473590282E+00   3.2483818109818024E+01
   7.9000000000000000E+07   1.5929445025870653E-01   6.2776826083766428E+00   3.2182953967558440E+01
   8.0000000000000000E+07   1.5782968631672739E-01   6.3359436576033819E+00   3.1887991265756590E+01
   8.1000000000000000E+07   1.5639336739902790E-01   6.3941330545595498E+00   3.1598757637672001E+01
   8.2000000000000000E+07   1.5498467203068039E-01   6.4522509671281725E+00   3.1315087610918368E+01
   8.3000000000000000E+07   1.5360280986802993E-01   6.5102975711132149E+00   3.1036822203682455E+01
   8.4000000000000000E+07   1.5224702020605493E-01   6.5682730515616994E+00   3.0763807921776969E+01
   8.5000000000000000E+07   1.5091657065695782E-01   6.6261776002918760E+00   3.0495897163143102E+01
   8.6000000000000000E+07   1.4961075586645975E-01   6.6840114148783840E+00   3.0232948108350502E+01
   8.7000000000000000E+07   1.4832889624939638E-01   6.7417746999116472E+00   2.9974823847171091E+01
   8.8000000000000000E+07   1.4707033682828230E-01   6.7994676667368292E+00   2.9721392070691170E+01
   8.9000000000000000E+07   1.4583444620464525E-01   6.8570905298788540E+00   2.9472525946345666E+01
   9.0000000000000000E+07   1.4462061544594967E-01   6.9146435099616825E+00   2.9228102735162846E+01
   9.1000000000000000E+07   1.4342825712622478E-01   6.9721268321621244E+00   2.8988004004745626E+01
   9.2000000000000000E+07   1.4225680439961946E-01   7.0295407254535176E+00   2.8752115568976954E+01
   9.3000000000000000E+07   1.4110571011813086E-01   7.0868854220202735E+00   2.8520327395936260E+01
   9.4000000000000000E+07   1.3997444595685696E-01   7.1441611585890543E+00   2.8292532871769161E+01
   9.5000000000000000E+07   1.3886250164796618E-01   7.2013681745063574E+00   2.8068629198213838E+01
   9.6000000000000000E+07   1.3776938422622781E-01   7.2585067111712140E+00   2.7848517326565901E+01
   9.7000000000000000E+07   1.3669461726167370E-01   7.3155770141680572E+00   2.7632101015763382E+01
   9.8000000000000000E+07   1.3563774022389816E-01   7.3725793304230320E+00   2.7419287561932830E+01
   9.9000000000000000E+07   1.3459830781476989E-01   7.4295139087199367E+00   2.7209987413094201E+01
   1.0000000000000000E+08   1.3357588933336664E-01   7.4863810002738633E+00   2.7004113786283209E+01
   1.1000000000000000E+08   1.2420205771699987E-01   8.0513963969787543E+00   2.5116628534739402E+01
   1.2000000000000000E+08   1.1614473244037868E-01   8.6099470805818648E+00   2.3494268859138860E+01
   1.3000000000000000E+08   1.0914298584985227E-01   9.1622928602640350E+00   2.2084482990663798E+01
   1.4000000000000000E+08   1.0300052857465324E-01   9.7086880411027714E+00   2.0847739965746943E+01
   1.5000000000000000E+08   9.7566904052458187E-02   1.0249377180835177E+01   1.9753739284383872E+01
   1.6000000000000000E+08   9.2724872067251232E-02   1.0784592932894240E+01   1.8778871014565219E+01
   1.7000000000000000E+08   8.8381733816433466E-02   1.1314555132817080E+01   1.7904467170581917E+01
   1.8000000000000000E+08   8.4463235980785770E-02   1.1839470609763122E+01   1.7115574989337080E+01
   1.9000000000000000E+08   8.0909202985782372E-02   1.2359533441155309E+01   1.6400076330702653E+01
   2.0000000000000000E+08   7.7670352633880890E-02   1.2874925452105984E+01   1.5748047133972911E+01
   2.1000000000000000E+08   7.4705937681310244E-02   1.3385816857903890E+01   1.5151281787425791E+01
   2.2000000000000000E+08   7.1981974164184920E-02   1.3892366965638967E+01   1.4602936942449803E+01
   2.3000000000000000E+08   6.9469893099293759E-02   1.4394724900046901E+01   1.4097259550414664E+01
   2.4000000000000000E+08   6.7145502198029811E-02   1.4893030318706028E+01   1.3629377764976242E+01
   2.5000000000000000E+08   6.4988177584183460E-02   1.5387414098581768E+01   1.3195138698822024E+01
   2.6000000000000000E+08   6.2980228202734120E-02   1.5877998993287036E+01   1.2790979767630610E+01
   2.7000000000000000E+08   6.1106391428861977E-02   1.6364900243932205E+01   1.2413827582177234E+01
   2.8000000000000000E+08   5.9353429314025048E-02   1.6848226152346399E+01   1.2061016210762180E+01
   2.9000000000000000E+08   5.7709802841040332E-02   1.7328078606583802E+01   1.1730222154302062E+01
   3.0000000000000000E+08   5.6165407125208962E-02   1.7804553571039030E+01   1.1419410528301334E+01
   3.1000000000000000E+08   5.4711354691823019E-02   1.8277741533412566E+01   1.1126791656883135E+01
   3.2000000000000000E+08   5.3339796930917199E-02   1.8747727916833760E+01   1.0850785014055758E+01
   3.3000000000000000E+08   5.2043776113650894E-02   1.9214593457174292E+01   1.0589989462382814E+01
   3.4000000000000000E+08   5.0817102037466075E-02   1.9678414547581387E+01   1.0343158572429264E+01
   3.5000000000000000E+08   4.9654248634972357E-02   2.0139263557311843E+01   1.0109179497302284E+01
   3.6000000000000000E+08   4.8550266890583373E-02   2.0597209120470488E+01   9.8870556250451607E+00
   3.7000000000000000E+08   4.7500711128118107E-02   2.1052316402228531E+01   9.6758916871172520E+00
   3.8000000000000000E+08   4.6501576339710145E-02   2.1504647341299858E+01   9.4748812711639729E+00
   3.9000000000000000E+08   4.5549244662796605E-02   2.1954260875302136E+01   9.2832958021467604E+00
   4.0000000000000000E+08   4.4640439496147814E-02   2.2401213144111043E+01   9.1004754426383982E+00
   4.1000000000000000E+08   4.3772186000688156E-02   2.2845557678665600E+01   8.9258211381732480E+00
   4.2000000000000000E+08   4.2941776976927248E-02   2.3287345573456435E+01   8.7587877638618306E+00
   4.3000000000000000E+08   4.2146743279845883E-02   2.3726625646024456E+01   8.5988780850935171E+00
   4.4000000000000000E+08   4.1384828084114561E-02   2.4163444583302429E+01   8.4456376384079661E+00
   4.5000000000000000E+08   4.0653964426437893E-02   2.4597847076131274E+01   8.2986502463402214E+00
   4.6000000000000000E+08   3.9952255544908798E-02   2.5029875944699505E+01   8.1575338720473010E+00
   4.7000000000000000E+08   3.9277957621984709E-02   2.5459572252307712E+01   8.0219373745459475E+00
   4.8000000000000000E+08   3.8629464589796339E-02   2.5886975411617332E+01   7.8915373746493964E+00
   4.9000000000000000E+08   3.8005294715601240E-02   2.6312123283956495E+01   7.7660354771215925E+00
   5.0000000000000000E+08   3.7404078733074032E-02   2.6735052268932485E+01   7.6451559513808904E+00
   5.1000000000000000E+08   3.6824549308733336E-02   2.7155797389836337E+01   7.5286435953943576E+00
   5.2000000000000000E+08   3.6265531676881492E-02   2.7574392370965267E+01   7.4162618288463209E+00
   5.3000000000000000E+08   3.5725935290056000E-02   2.7990869710787990E+01   7.3077910901732439E+00
   5.4000000000000000E+08   3.5204746360839437E-02   2.8405260749509793E+01   7.2030271691757823E+00
   5.5000000000000000E+08   3.4701021185378975E-02   2.8817595731774688E+01   7.1017800329093834E+00
   5.6000000000000000E+08   3.4213880155175534E-02   2.9227903864295563E+01   7.0038726099055717E+00
   5.7000000000000000E+08   3.3742502372153781E-02   2.9636213371811355E+01   6.9091395717463060E+00
   5.8000000000000000E+08   3.3286120801449423E-02   3.0042551547684578E+01   6.8174264423136046E+00
   5.9000000000000000E+08   3.2844017898925389E-02   3.0446944800645685E+01   6.7285887376025437E+00
   6.0000000000000000E+08   3.2415521657610212E-02   3.0849418700168584E+01   6.6424911503011330E+00
   6.1000000000000000E+08   3.2000002030418313E-02   3.1249998017169748E+01   6.5590068020081418E+00
   6.2000000000000000E+08   3.1596867684353588E-02   3.1648706763904602E+01   6.4780165933878795E+00
   6.3000000000000000E+08   3.1205563054008990E-02   3.2045568229909883E+01   6.3994086388128339E+00
   6.4000000000000000E+08   3.0825565660842703E-02   3.2440605016059337E+01   6.3230777811256402E+00
   6.5000000000000000E+08   3.0456383670972361E-02   3.2833839066490647E+01   6.2489249500227562E+00
   6.6000000000000000E+08   3.0097553665291613E-02   3.3225291700474529E+01   6.1768568239063146E+00
   6.7000000000000000E+08   2.9748638605195974E-02   3.3614983639128198E+01   6.1067853949198199E+00
   6.8000000000000000E+08   2.9409225969861095E-02   3.4002935032183821E+01   6.0386276031943931E+00
   6.9000000000000000E+08   2.9078926049263817E-02   3.4389165483823525E+01   5.9723049884962904E+00
   7.0000000000000000E+08   2.8757370378440606E-02   3.4773694077039110E+01   5.9077433038895304E+00
   7.1000000000000000E+08   2.8444210301424053E-02   3.5156539394237825E+01   5.8448723603791128E+00
   7.2000000000000000E+08   2.8139115648897355E-02   3.5537719538786767E+01   5.7836257002807567E+00
   7.3000000000000000E+08   2.7841773519650906E-02   3.5917252156878355E+01   5.7239402925980940E+00
   7.4000000000000000E+08   2.7551887160381580E-02   3.6295154454536124E+01   5.6657563771615669E+00
   7.5000000000000000E+08   2.7269174931010828E-02   3.6671443214909608E+01   5.6090172529986271E+00
   7.6000000000000000E+08   2.6993369346594184E-02   3.7046134817777848E+01   5.5536690474148012E+00
   7.7000000000000000E+08   2.6724216195008130E-02   3.7419245253179483E+01   5.4996605692553269E+00
   7.8000000000000000E+08   2.6461473718234690E-02   3.7790790136941496E+01   5.4469431554656600E+00
   7.9000000000000000E+08   2.6204911853316980E-02   3.8160784726067362E+01   5.3954704335105932E+00
   8.0000000000000000E+08   2.5954311529754602E-02   3.8529243931343657E+01   5.3451983420141014E+00
   8.1000000000000000E+08   2.5709464016166462E-02   3.8896182330801857E+01   5.2960848126493509E+00
   8.2000000000000000E+08   2.5470170313451387E-02   3.9261614182135133E+01   5.2480897823299983E+00
   8.3000000000000000E+08   2.5236240590538112E-02   3.9625553434251721E+01   5.2011750058445934E+00
   8.4000000000000000E+08   2.5007493659644293E-02   3.9988013737408025E+01   5.1553040405338608E+00
   8.5000000000000000E+08   2.4783756484848332E-02   4.0349008456863871E+01   5.1104420337832028E+00
   8.6000000000000000E+08   2.4564863728239197E-02   4.0708550678847175E+01   5.0665556694141847E+00
   8.7000000000000000E+08   2.4350657322367252E-02   4.1066653222599129E+01   5.0236131229577063E+00
   8.8000000000000000E+08   2.4140986072138947E-02   4.1423328649946811E+01   4.9815839585019033E+00
   8.9000000000000000E+08   2.3935705283799683E-02   4.1778589272521941E+01   4.9404390347688416E+00
   9.0000000000000000E+08   2.3734676415791758E-02   4.2132447162189024E+01   4.9001504661934634E+00
   9.1000000000000000E+08   2.3537766755370712E-02   4.2484914154900693E+01   4.8606915027271427E+00
   9.2000000000000000E+08   2.3344849110110102E-02   4.2836001864193832E+01   4.8220365369150757E+00
   9.3000000000000000E+08   2.3155801524765051E-02   4.3185721683203390E+01   4.7841610259049023E+00
   9.4000000000000000E+08   2.2970507011398755E-02   4.3534084794200048E+01   4.7470413981293049E+00
   9.5000000000000000E+08   2.2788853297171497E-02   4.3881102175690337E+01   4.7106550527377173E+00
   9.6000000000000000E+08   2.2610732588447549E-02   4.4226784607188179E+01   4.6749802866738168E+00
   9.7000000000000000E+08   2.2436041347735216E-02   4.4571142676243291E+01   4.6399962430575501E+00
   9.8000000000000000E+08   2.2264680084718550E-02   4.4914186783503531E+01   4.6056828917901411E+00
   9.9000000000000000E+08   2.2096553158247486E-02   4.5255927150192313E+01   4.5720209537365681E+00
   1.0000000000000000E+09   2.1931568591936828E-02   4.5596373821052254E+01   4.5389919471982045E+00
   1.1000000000000000E+09   2.0436615380469734E-02   4.8931781578453098E+01   4.2399000402642120E+00
   1.2000000000000000E+09   1.9176285500682479E-02   5.2147742583641154E+01   3.9880678758810855E+00
   1.3000000000000000E+09   1.8098873651795779E-02   5.5252057074876575E+01   3.7730837769344188E+00
   1.4000000000000000E+09   1.7166928899454814E-02   5.8251537351666791E+01   3.5874063346807961E+00
   1.5000000000000000E+09   1.6352638906494802E-02   6.1152209482399122E+01   3.4254350917713983E+00
   1.6000000000000000E+09   1.5634903562178625E-02   6.3959460704256273E+01   3.2829212269057959E+00
   1.7000000000000000E+09   1.4997416709593687E-02   6.6678149935002523E+01   3.1565812131475268E+00
   1.8000000000000000E+09   1.4427372034971702E-02   6.9312692399975361E+01   3.0438363126206451E+00
   1.9000000000000000E+09   1.3914567895952723E-02   7.1867125697152716E+01   2.9426322619541949E+00
   2.0000000000000000E+09   1.3450774326365714E-02   7.4345162273657124E+01   2.8513118389002385E+00
   2.1000000000000000E+09   1.3029276617197282E-02   7.6750231757310672E+01   2.7685229165279273E+00
   2.2000000000000000E+09   1.2644540457037974E-02   7.9085515475843039E+01   2.6931511177442800E+00
   2.3000000000000000E+09   1.2291962361144387E-02   8.1353975111497149E+01   2.6242694219086946E+00
   2.4000000000000000E+09   1.1967681053001727E-02   8.3558376561947284E+01   2.5611003119336737E+00
   2.5000000000000000E+09   1.1668433040430189E-02   8.5701310238922389E+01   2.5029866519599886E+00
   2.6000000000000000E+09   1.1391440775076141E-02   8.7785208187883157E+01   2.4493691194833498E+00
   2.7000000000000000E+09   1.1134325067481533E-02   8.9812358983532860E+01   2.3997686328465946E+00
   2.8000000000000000E+09   1.0895035853301259E-02   9.1784920533051249E+01   2.3537723976603235E+00
   2.9000000000000000E+09   1.0671796958935735E-02   9.3704931217106576E+01   2.3110227311379541E+00
   3.0000000000000000E+09   1.0463061642929098E-02   9.5574319843159557E+01   2.2712081879323054E+00
   3.1000000000000000E+09   1.0267476582054073E-02   9.7394914126012438E+01   2.2340562467896694E+00
   3.2000000000000000E+09   1.0083852417479456E-02   9.9168448584847354E+01   2.1993274205844751E+00
   3.3000000000000000E+09   9.9111395713610984E-03   1.0089657125700936E+02   2.1668103519220310E+00
   3.4000000000000000E+09   9.7484082147698114E-03   1.0258084991608172E+02   2.1363178131468383E+00
   3.5000000000000000E+09   9.5948315984021853E-03   1.0422277762191563E+02   2.1076833178522443E+00
   3.6000000000000000E+09   9.4496721004217691E-03   1.0582377773249581E+02   2.0807583383771600E+00
   3.7000000000000000E+09   9.3122694954020889E-03   1.0738520835267363E+02   2.0554099253940374E+00
   3.8000000000000000E+09   9.1820310123679246E-03   1.0890836664056457E+02   2.0315187174357456E+00
   3.9000000000000000E+09   9.0584229190207831E-03   1.1039449239008377E+02   2.0089772381033506E+00
   4.0000000000000000E+09   8.9409633228263886E-03   1.1184477151885726E+02   1.9876884487676110E+00
   4.1000000000000000E+09   8.8292159899011746E-03   1.1326033943940170E+02   1.9675645084759454E+00
   4.2000000000000000E+09   8.7227850704993757E-03   1.1464228361902659E+02   1.9485256926937617E+00
   4.3000000000000000E+09   8.6213104872621925E-03   1.1599164668497666E+02   1.9304995294958658E+00
   4.4000000000000000E+09   8.5244640074147084E-03   1.1730942838519641E+02   1.9134198905949500E+00
   4.5000000000000000E+09   8.4319457481559640E-03   1.1859658848240296E+02   1.8972263857787353E+00
   4.6000000000000000E+09   8.3434811942879640E-03   1.1985404853367571E+02   1.8818637695537286E+00
   4.7000000000000000E+09   8.2588185719945466E-03   1.2108269376336416E+02   1.8672813149424061E+00
   4.8000000000000000E+09   8.1777265091258714E-03   1.2228337532247598E+02   1.8534324374714803E+00
   4.9000000000000000E+09   8.0999920219785877E-03   1.2345691172122042E+02   1.8402742509152765E+00
   5.0000000000000000E+09   8.0254187241391006E-03   1.2460409037501925E+02   1.8277672093147022E+00
   5.1000000000000000E+09   7.9538252103341384E-03   1.2572566954334548E+02   1.8158747805217546E+00
   5.2000000000000000E+09   7.8850436864855572E-03   1.2682237914723720E+02   1.8045631787754846E+00
   5.3000000000000000E+09   7.8189186880601776E-03   1.2789492254562550E+02   1.7938010993595626E+00
   5.4000000000000000E+09   7.7553059695312206E-03   1.2894397770104308E+02   1.7835594966159691E+00
   5.5000000000000000E+09   7.6940715185047680E-03   1.2997019817075156E+02   1.7738113593169282E+00
   5.6000000000000000E+09   7.6350906567408628E-03   1.3097421431625318E+02   1.7645316367761332E+00
   5.7000000000000000E+09   7.5782472335455238E-03   1.3195663445413152E+02   1.7556968976277956E+00
   5.8000000000000000E+09   7.5234329147314044E-03   1.3291804570250511E+02   1.7472853322295228E+00
   5.9000000000000000E+09   7.4705465321969113E-03   1.3385901495829700E+02   1.7392765704058075E+00
   6.0000000000000000E+09   7.4194935082580018E-03   1.3478008962296227E+02   1.7316515652761721E+00
   6.1000000000000000E+09   7.3701853037158307E-03   1.3568179886818172E+02   1.7243925003540543E+00
   6.2000000000000000E+09   7.3225389758148698E-03   1.3656465377689815E+02   1.7174826577997919E+00
   6.3000000000000000E+09   7.2764767184061814E-03   1.3742914857000150E+02   1.7109063761012526E+00
   6.4000000000000000E+09   7.2319254747026324E-03   1.3827576120605957E+02   1.7046489434522629E+00
   6.5000000000000000E+09   7.1888165822394275E-03   1.3910495400182887E+02   1.6986965356492001E+00
   6.6000000000000000E+09   7.1470854530052306E-03   1.3991717415097042E+02   1.6930361408130699E+00
   6.7000000000000000E+09   7.1066712517930206E-03   1.4071285480494106E+02   1.6876555142596796E+00
   6.8000000000000000E+09   7.0675166760911790E-03   1.4149241463878209E+02   1.6825431160746360E+00
   6.9000000000000000E+09   7.0295676427778063E-03   1.4225625967585680E+02   1.6776880518947805E+00
   7.0000000000000000E+09   6.9927731066260299E-03   1.4300478290257212E+02   1.6730800431521422E+00
   7.1000000000000000E+09   6.9570848337792562E-03   1.4373836511876715E+02   1.6687093842633074E+00
   7.2000000000000000E+09   6.9224572230024949E-03   1.4445737514666325E+02   1.6645668796439415E+00
   7.3000000000000000E+09   6.8888471000630516E-03   1.4516217089371128E+02   1.6606438483746200E+00
   7.4000000000000000E+09   6.8562136131700467E-03   1.4585309857894566E+02   1.6569320538351591E+00
   7.5000000000000000E+09   6.8245180115672670E-03   1.4653049465252238E+02   1.6534237053189549E+00
   7.6000000000000000E+09   6.7937235514609617E-03   1.4719468527460972E+02   1.6501113860965306E+00
   7.7000000000000000E+09   6.7637953751313318E-03   1.4784598654133342E+02   1.6469880941596302E+00
   7.8000000000000000E+09   6.7347003738965306E-03   1.4848470525518346E+02   1.6440471484776871E+00
   7.9000000000000000E+09   6.7064070617906891E-03   1.4911113965888441E+02   1.6412822200490076E+00
   8.0000000000000000E+09   6.6788855289978098E-03   1.4972557856520916E+02   1.6386872770231309E+00
   8.1000000000000000E+09   6.6521073006082154E-03   1.5032830271823309E+02   1.6362565916645031E+00
   8.2000000000000000E+09   6.6260452675270653E-03   1.5091958470323195E+02   1.6339847000348653E+00
   8.3000000000000000E+09   6.6006736046316768E-03   1.5149968925872997E+02   1.6318664019689082E+00
   8.4000000000000000E+09   6.5759677000336728E-03   1.5206887345186922E+02   1.6298967351013296E+00
   8.5000000000000000E+09   6.5519040592767275E-03   1.5262738754303300E+02   1.6280710006077708E+00
   8.6000000000000000E+09   6.5284602979563773E-03   1.5317547390355318E+02   1.6263846558398114E+00
   8.7000000000000000E+09   6.5056150146894877E-03   1.5371336879634430E+02   1.6248333991476631E+00
   8.8000000000000000E+09   6.4833477809606186E-03   1.5424130152891985E+02   1.6234131268794201E+00
   8.9000000000000000E+09   6.4616390615544108E-03   1.5475949530357090E+02   1.6221198922741331E+00
   9.0000000000000000E+09   6.4404701810954253E-03   1.5526816705638646E+02   1.6209499483342480E+00
   9.1000000000000000E+09   6.4198232806219205E-03   1.5576752759199394E+02   1.6198996868406617E+00
   9.2000000000000000E+09   6.3996812477129577E-03   1.5625778242586196E+02   1.6189656685403422E+00
   9.3000000000000000E+09   6.3800277203014512E-03   1.5673913090032013E+02   1.6181445955161955E+00
   9.4000000000000000E+09   6.3608469878889190E-03   1.5721176785167205E+02   1.6174333183998963E+00
   9.5000000000000000E+09   6.3421240320715314E-03   1.5767588191954195E+02   1.6168287724676964E+00
   9.6000000000000000E+09   6.3238444218628523E-03   1.5813165746816779E+02   1.6163281167372134E+00
   9.7000000000000000E+09   6.3059943341218418E-03   1.5857927346825912E+02   1.6159284878914630E+00
   9.8000000000000000E+09   6.2885604787451038E-03   1.5901890478431915E+02   1.6156273042502149E+00
   9.9000000000000000E+09   6.2715301161516803E-03   1.5945072119236150E+02   1.6154219201099802E+00
   1.0000000000000000E+10   6.2548910184577868E-03   1.5987488783562551E+02   1.6153098877275704E+00
   1.1000000000000000E+10   6.1076405356169676E-03   1.6372934755548519E+02   1.6188458544909865E+00
   1.2000000000000000E+10   5.9889992507934607E-03   1.6697280432411372E+02   1.6296008371993194E+00
   1.3000000000000000E+10   5.8922173099533728E-03   1.6971539700525972E+02   1.6462157985963546E+00
   1.4000000000000000E+10   5.8124661128692891E-03   1.7204401377685730E+02   1.6677187194954870E+00
   1.5000000000000000E+10   5.7462041837373573E-03   1.7402792661460833E+02   1.6933967369699350E+00
   1.6000000000000000E+10   5.6907784312956950E-03   1.7572288432468753E+02   1.7227159519320392E+00
   1.7000000000000000E+10   5.6441645835521382E-03   1.7717413891758861E+02   1.7552689745508021E+00
   1.8000000000000000E+10   5.6047932944180917E-03   1.7841871189003831E+02   1.7907401585415588E+00
   1.9000000000000000E+10   5.5714308443062972E-03   1.7948710626498152E+02   1.8288813954910343E+00
   2.0000000000000000E+10   5.5430952334994824E-03   1.8040462194416915E+02   1.8694952476892666E+00
   2.1000000000000000E+10   5.5189961648342374E-03   1.8119237088290947E+02   1.9124229281431007E+00
   2.2000000000000000E+10   5.4984912685169234E-03   1.8186807092443095E+02   1.9575353893656322E+00
   2.3000000000000000E+10   5.4810538397441827E-03   1.8244666614088089E+02   2.0047268362844659E+00
   2.4000000000000000E+10   5.4662484047170055E-03   1.8294082631463789E+02   2.0539098542302270E+00
   2.5000000000000000E+10   5.4537122296871412E-03   1.8336134322535870E+02   2.1050117215109987E+00
   2.6000000000000000E+10   5.4431413615943927E-03   1.8371744064113051E+02   2.1579714156544987E+00
   2.7000000000000000E+10   5.4342791524753867E-03   1.8401704659292056E+02   2.2127375630947070E+00
   2.8000000000000000E+10   5.4269080093476019E-03   1.8426698928331672E+02   2.2692665924591506E+00
   2.9000000000000000E+10   5.4208425215191876E-03   1.8447316925925949E+02   2.3275212181579130E+00
   3.0000000000000000E+10   5.4159234262717657E-03   1.8464071983535854E+02   2.3874697974330799E+00
   3.1000000000000000E+10   5.4120138806757001E-03   1.8477410111061064E+02   2.4490847389225570E+00
   3.2000000000000000E+10   5.4089956554639988E-03   1.8487720525155743E+02   2.5123426015920898E+00
   3.3000000000000000E+10   5.4067659768168999E-03   1.8495344616130870E+02   2.5772226644199052E+00
   3.4000000000000000E+10   5.4052355722213029E-03   1.8500581272335671E+02   2.6437072019211105E+00
   3.5000000000000000E+10   5.4043260656782390E-03   1.8503694777981551E+02   2.7117805554831178E+00
   3.6000000000000000E+10   5.4039690211456102E-03   1.8504917331817086E+02   2.7814290269313369E+00
   3.7000000000000000E+10   5.4041043962844296E-03   1.8504453775681057E+02   2.8526406040194443E+00
   3.8000000000000000E+10   5.4046789225990219E-03   1.8502486721618544E+02   2.9254047016251987E+00
   3.9000000000000000E+10   5.4056457644981078E-03   1.8499177407582980E+02   2.9997119091524942E+00
   4.0000000000000000E+10   5.4069631442269922E-03   1.8494670174841102E+02   3.0755539286300251E+00
   4.1000000000000000E+10   5.4085943794997581E-03   1.8489092171346937E+02   3.1529233331974349E+00
   4.2000000000000000E+10   5.4105064841093236E-03   1.8482558018126466E+02   3.2318135859669086E+00
   4.3000000000000000E+10   5.4126701071161255E-03   1.8475169929260679E+02   3.3122188423281171E+00
   4.4000000000000000E+10   5.4150589222733761E-03   1.8467019737989764E+02   3.3941337084604837E+00
   4.5000000000000000E+10   5.4176497478325729E-03   1.8458188449706773E+02   3.4775535846916794E+00
   4.6000000000000000E+10   5.4204212393585182E-03   1.8448750675295221E+02   3.5624741822367771E+00
   4.7000000000000000E+10   5.4233547367637264E-03   1.8438771729631119E+02   3.6488916931606408E+00
   4.8000000000000000E+10   5.4264331267462633E-03   1.8428311501179576E+02   3.7368026082396715E+00
   4.9000000000000000E+10   5.4296408746064683E-03   1.8417424339735518E+02   3.8262038492684614E+00
   5.0000000000000000E+10   5.4329646446336245E-03   1.8406156958664246E+02   3.9170926386965084E+00
   5.1000000000000000E+10   5.4363913424972325E-03   1.8394555082575150E+02   4.0094663010308249E+00
   5.2000000000000000E+10   5.4399101821148675E-03   1.8382656450611310E+02   4.1033225533057118E+00
   5.3000000000000000E+10   5.4435107520230354E-03   1.8370497378522830E+02   4.1986592608467159E+00
   5.4000000000000000E+10   5.4471837164108226E-03   1.8358110393583445E+02   4.2954745137381725E+00
   5.5000000000000000E+10   5.4509205553610173E-03   1.8345525124494677E+02   4.3937664459588710E+00
   5.6000000000000000E+10   5.4547139727804169E-03   1.8332766942320035E+02   4.4935335682637110E+00
   5.7000000000000000E+10   5.4585568144123646E-03   1.8319860615166175E+02   4.5947740724981756E+00
   5.8000000000000000E+10   5.4624426940094763E-03   1.8306828208864783E+02   4.6974868580739644E+00
   5.9000000000000000E+10   5.4663661168685524E-03   1.8293688688617465E+02   4.8016707268026044E+00
   6.0000000000000000E+10   5.4703215827095102E-03   1.8280460935985582E+02   4.9073241584426892E+00
   6.1000000000000000E+10   5.4743044479324552E-03   1.8267160869682391E+02   5.0144460721162529E+00
   6.2000000000000000E+10   5.4783102805897417E-03   1.8253803614284328E+02   5.1230358237596265E+00
   6.3000000000000000E+10   5.4823355658873514E-03   1.8240401157168930E+02   5.2330922909683784E+00
   6.4000000000000000E+10   5.4863756881295333E-03   1.8226969074750502E+02   5.3446144657253765E+00
   6.5000000000000000E+10   5.4904282987351940E-03   1.8213515332316894E+02   5.4576017972711881E+00
   6.6000000000000000E+10   5.4944901403135502E-03   1.8200050859367525E+02   5.5720531976250474E+00
   6.7000000000000000E+10   5.4985580437303004E-03   1.8186586229461457E+02   5.6879679360374649E+00
   6.8000000000000000E+10   5.5026299234406679E-03   1.8173128375217411E+02   5.8053455722970462E+00
   6.9000000000000000E+10   5.5067035081890715E-03   1.8159684800768565E+02   5.9241850413662585E+00
   7.0000000000000000E+10   5.5107758908030059E-03   1.8146265059860465E+02   6.0444862389031275E+00
   7.1000000000000000E+10   5.5148463865514977E-03   1.8132871342320610E+02   6.1662483765275278E+00
   7.2000000000000000E+10   5.5189128352003047E-03   1.8119510669236831E+02   6.2894708359388130E+00
   7.3000000000000000E+10   5.5229730679654749E-03   1.8106190048259191E+02   6.4141533335131600E+00
   7.4000000000000000E+10   5.5270258855566190E-03   1.8092913272095007E+02   6.5402948837282660E+00
   7.5000000000000000E+10   5.5310706573215409E-03   1.8079682252409646E+02   6.6678953818796893E+00
   7.6000000000000000E+10   5.5351048507565875E-03   1.8066505097248722E+02   6.7969541985876107E+00
   7.7000000000000000E+10   5.5391287436343155E-03   1.8053380708098209E+02   6.9274707309633188E+00
   7.8000000000000000E+10   5.5431405198835167E-03   1.8040314807336222E+02   7.0594448845275632E+00
   7.9000000000000000E+10   5.5471393271125987E-03   1.8027309952579125E+02   7.1928762120301482E+00
   8.0000000000000000E+10   5.5511247929932433E-03   1.8014367129022628E+02   7.3277639235926655E+00
   8.1000000000000000E+10   5.5550953447665533E-03   1.8001491206484846E+02   7.4641080457018658E+00
   8.2000000000000000E+10   5.5590515385856507E-03   1.7988680138310482E+02   7.6019079659777686E+00
   8.3000000000000000E+10   5.5629915005124446E-03   1.7975939742275060E+02   7.7411631880405647E+00
   8.4000000000000000E+10   5.5669148413236245E-03   1.7963271012822497E+02   7.8818734387640825E+00
   8.5000000000000000E+10   5.5708218901276340E-03   1.7950672624665245E+02   8.0240383271153739E+00
   8.6000000000000000E+10   5.5747115683145391E-03   1.7938147790170615E+02   8.1676575811740211E+00
   8.7000000000000000E+10   5.5785833381145006E-03   1.7925697966501815E+02   8.3127308750081124E+00
   8.8000000000000000E+10   5.5824377774852732E-03   1.7913321023176209E+02   8.4592579707980686E+00
   8.9000000000000000E+10   5.5862731190485680E-03   1.7901022357645058E+02   8.6072377414048251E+00
   9.0000000000000000E+10   5.5900908816612326E-03   1.7888796822258919E+02   8.7566705714970681E+00
   9.1000000000000000E+10   5.5938890962238886E-03   1.7876650444769140E+02   8.9075560356907673E+00
   9.2000000000000000E+10   5.5976682388715823E-03   1.7864581417236460E+02   9.0598936300415893E+00
   9.3000000000000000E+10   5.6014289723002207E-03   1.7852587347713012E+02   9.2136833035001153E+00
   9.4000000000000000E+10   5.6051692738222610E-03   1.7840674405147502E+02   9.3689245101437688E+00
   9.5000000000000000E+10   5.6088906978156118E-03   1.7828837356189723E+02   9.5256163491700878E+00
   9.6000000000000000E+10   5.6125921684407271E-03   1.7817079345670987E+02   9.6837592219515312E+00
   9.7000000000000000E+10   5.6162745017247495E-03   1.7805397504927896E+02   9.8433524936725458E+00
   9.8000000000000000E+10   5.6199369903804737E-03   1.7793793804302055E+02   1.0004396039221682E+01
   9.9000000000000000E+10   5.6235787955090056E-03   1.7782270620954060E+02   1.0166889624849613E+01
   1.0000000000000000E+11   5.6272010541369884E-03   1.7770824080735898E+02   1.0330831783644390E+01
   1.1000000000000000E+11   5.6623369058753231E-03   1.7660552818084449E+02   1.2049899767495303E+01
   1.2000000000000000E+11   5.6955340557120013E-03   1.7557616023682780E+02   1.3913515711415274E+01
   1.3000000000000000E+11   5.7268967907448277E-03   1.7461463625747345E+02   1.5921298133020812E+01
   1.4000000000000000E+11   5.7565568319308483E-03   1.7371495308673656E+02   1.8072835347846105E+01
   1.5000000000000000E+11   5.7846453727675448E-03   1.7287144423886622E+02   2.0367680656440783E+01
   1.6000000000000000E+11   5.8112915927029263E-03   1.7207878559314966E+02   2.2805354153813671E+01
   1.7000000000000000E+11   5.8366164742973395E-03   1.7133214155901661E+02   2.5385342593301360E+01
   1.8000000000000000E+11   5.8607281482445078E-03   1.7062726246729852E+02   2.8107099567951142E+01
   1.9000000000000000E+11   5.8837306005355989E-03   1.6996019496694319E+02   3.0970046908277940E+01
   2.0000000000000000E+11   5.9057098765214347E-03   1.6932765423773535E+02   3.3973574165338292E+01
   2.1000000000000000E+11   5.9267467569391139E-03   1.6872662879161942E+02   3.7117040810976341E+01
   2.2000000000000000E+11   5.9469134964564418E-03   1.6815445534828532E+02   4.0399778148478212E+01
   2.3000000000000000E+11   5.9662760791677691E-03   1.6760873729790416E+02   4.3821085996394928E+01
   2.4000000000000000E+11   5.9848953041117753E-03   1.6708730047674763E+02   4.7380239231326449E+01
   2.5000000000000000E+11   6.0028190256202762E-03   1.6658839717338793E+02   5.1076482938530667E+01
   2.6000000000000000E+11   6.0200927675723975E-03   1.6611039706672994E+02   5.4909036784831343E+01
   2.7000000000000000E+11   6.0367694443483073E-03   1.6565151431055756E+02   5.8877096016947384E+01
   2.8000000000000000E+11   6.0528805045023488E-03   1.6521059671608657E+02   6.2979826599136260E+01
   2.9000000000000000E+11   6.0684639346993878E-03   1.6478634639023144E+02   6.7216370937036658E+01
   3.0000000000000000E+11   6.0835526185989003E-03   1.6437763634077183E+02   7.1585860045183651E+01
   3.1000000000000000E+11   6.0981739341761480E-03   1.6398351552350371E+02   7.6087379340337279E+01
   3.2000000000000000E+11   6.1123520157767182E-03   1.6360314285219167E+02   8.0720006867642567E+01
   3.3000000000000000E+11   6.1261250917231643E-03   1.6323532168010610E+02   8.5482802329950459E+01
   3.4000000000000000E+11   6.1395056967373310E-03   1.6287956219853697E+02   9.0374792779679169E+01
   3.5000000000000000E+11   6.1525093491184143E-03   1.6253530766975413E+02   9.5394991952683696E+01
   3.6000000000000000E+11   6.1651726473961116E-03   1.6220145926040769E+02   1.0054239626365288E+02
   3.7000000000000000E+11   6.1775041082866534E-03   1.6187767461920032E+02   1.0581597279799851E+02
   3.8000000000000000E+11   6.1895059124453446E-03   1.6156378459697132E+02   1.1121467759731532E+02
   3.9000000000000000E+11   6.2012253943764866E-03   1.6125845077439681E+02   1.1673745051489756E+02
   4.0000000000000000E+11   6.2126410945961700E-03   1.6096213909247263E+02   1.2238320254192789E+02
   4.1000000000000000E+11   6.2237984041710812E-03   1.6067358469223836E+02   1.2815085496046032E+02
   4.2000000000000000E+11   6.2346867557399018E-03   1.6039298190552398E+02   1.3403928419775107E+02
   4.3000000000000000E+11   6.2453345304120614E-03   1.6011952524407386E+02   1.4004736906070960E+02
   4.4000000000000000E+11   6.2557406680166698E-03   1.5985317375968555E+02   1.4617396812403584E+02
   4.5000000000000000E+11   6.2659257180057793E-03   1.5959333784095105E+02   1.5241792109409377E+02
   4.6000000000000000E+11   6.2758826929869300E-03   1.5934013570990797E+02   1.5877806064886829E+02
   4.7000000000000000E+11   6.2856393429950317E-03   1.5909280590755500E+02   1.6525320782009612E+02
   4.8000000000000000E+11   6.2951980635595857E-03   1.5885123707045932E+02   1.7184217703873668E+02
   4.9000000000000000E+11   6.3045506246591724E-03   1.5861558730112674E+02   1.7854375428971781E+02
   5.0000000000000000E+11   6.3137253214743151E-03   1.5838509740022877E+02   1.8535673282875848E+02
   5.1000000000000000E+11   6.3227447518907015E-03   1.5815916018133871E+02   1.9227988556335617E+02
   5.2000000000000000E+11   6.3315589705395890E-03   1.5793898543043625E+02   1.9931197703587949E+02
   5.3000000000000000E+11   6.3402316233753097E-03   1.5772294442890342E+02   2.0645177236282535E+02
   5.4000000000000000E+11   6.3487313088600311E-03   1.5751178485131996E+02   2.1369800920466255E+02
   5.5000000000000000E+11   6.3570817565340313E-03   1.5730488269592649E+02   2.2104945973625610E+02
   5.6000000000000000E+11   6.3653034763440815E-03   1.5710170044780821E+02   2.2850482720236130E+02
   5.7000000000000000E+11   6.3733572251433081E-03   1.5690317750508871E+02   2.3606283720934402E+02
   5.8000000000000000E+11   6.3812687576447289E-03   1.5670864807284681E+02   2.4372224649413582E+02
   5.9000000000000000E+11   6.3890721591606412E-03   1.5651724931079417E+02   2.5148176910597263E+02
   6.0000000000000000E+11   6.3967498583291328E-03   1.5632938947861342E+02   2.5934009725448749E+02
   6.1000000000000000E+11   6.4042911590405103E-03   1.5614530557193154E+02   2.6729594543375993E+02
   6.2000000000000000E+11   6.4117142468966149E-03   1.5596453015416557E+02   2.7534803467777004E+02
   6.3000000000000000E+11   6.4190060784049098E-03   1.5578735832082199E+02   2.8349506677823098E+02
   6.4000000000000000E+11   6.4262004663278817E-03   1.5561294815495063E+02   2.9173574074796898E+02
   6.5000000000000000E+11   6.4332506852982640E-03   1.5544241145231189E+02   3.0006876331951418E+02
   6.6000000000000000E+11   6.4402127871251106E-03   1.5527437261065978E+02   3.0849281045376557E+02
   6.7000000000000000E+11   6.4470919942491408E-03   1.5510869100239432E+02   3.1700661246256198E+02
   6.8000000000000000E+11   6.4538666381772974E-03   1.5494587292594264E+02   3.2560885231898425E+02
   6.9000000000000000E+11   6.4605371743566764E-03   1.5478589055554465E+02   3.3429823103125580E+02
   7.0000000000000000E+11   6.4671161049222100E-03   1.5462842846425573E+02   3.4307345119661801E+02
   7.1000000000000000E+11   6.4736019775787530E-03   1.5447350693840752E+02   3.5193320578950937E+02
   7.2000000000000000E+11   6.4800055676010153E-03   1.5432085506219920E+02   3.6087621165865278E+02
   7.3000000000000000E+11   6.4862942878162622E-03   1.5417123485722533E+02   3.6990115648442412E+02
   7.4000000000000000E+11   6.4925035885059143E-03   1.5402378856907569E+02   3.7900673802194723E+02
   7.5000000000000000E+11   6.4986534310963809E-03   1.5387803190349408E+02   3.8819169832607110E+02
   7.6000000000000000E+11   6.5047420115919722E-03   1.5373399870708477E+02   3.9745474918621352E+02
   7.7000000000000000E+11   6.5106886041380197E-03   1.5359358445809048E+02   4.0679455574810044E+02
   7.8000000000000000E+11   6.5166102813783884E-03   1.5345401317883949E+02   4.1620990153564742E+02
   7.9000000000000000E+11   6.5224053519487429E-03   1.5331767132523026E+02   4.2569950710152852E+02
   8.0000000000000000E+11   6.5281659923091470E-03   1.5318237942756102E+02   4.3526205025171271E+02
   8.1000000000000000E+11   6.5338735116626037E-03   1.5304857037943194E+02   4.4489631907927748E+02
   8.2000000000000000E+11   6.5394587406942513E-03   1.5291785446662772E+02   4.5460103430928035E+02
   8.3000000000000000E+11   6.5450563528932802E-03   1.5278707257546290E+02   4.6437497333093830E+02
   8.4000000000000000E+11   6.5504858683915722E-03   1.5266043162162310E+02   4.7421681743883818E+02
   8.5000000000000000E+11   6.5559145743709609E-03   1.5253401926701432E+02   4.8412540374208851E+02
   8.6000000000000000E+11   6.5613386992719631E-03   1.5240792250382665E+02   4.9409947350138361E+02
   8.7000000000000000E+11   6.5665773714242356E-03   1.5228633478860669E+02   5.0413779991284230E+02
   8.8000000000000000E+11   6.5718111252142108E-03   1.5216505479947199E+02   5.1423915364637264E+02
   8.9000000000000000E+11   6.5770375357505203E-03   1.5204413758692164E+02   5.2440233738115228E+02
   9.0000000000000000E+11   6.5821285311245424E-03   1.5192653793850366E+02   5.3462614019131536E+02
   9.1000000000000000E+11   6.5872126254075802E-03   1.5180927910887434E+02   5.4490937180909873E+02
   9.2000000000000000E+11   6.5921984414449254E-03   1.5169446261099097E+02   5.5525083998529465E+02
   9.3000000000000000E+11   6.5971031655763183E-03   1.5158168288439080E+02   5.6564936670140969E+02
   9.4000000000000000E+11   6.6020443597613436E-03   1.5146823400564807E+02   5.7610380405979777E+02
   9.5000000000000000E+11   6.6069140188689500E-03   1.5135659358424525E+02   5.8661298721553317E+02
   9.6000000000000000E+11   6.6116995460634015E-03   1.5124704216110351E+02   5.9717577276257498E+02
   9.7000000000000000E+11   6.6164555581796408E-03   1.5113832341301574E+02   6.0779096327411514E+02
   9.8000000000000000E+11   6.6211303349711604E-03   1.5103161384971526E+02   6.1845748892503855E+02
   9.9000000000000000E+11   6.6258256251257508E-03   1.5092458760277461E+02   6.2917422260508715E+02
   1.0000000000000000E+12   6.6304054002099145E-03   1.5082034048300287E+02   6.3994003778912031E+02
   1.1000000000000000E+12   6.6741370822696721E-03   1.4983210378710567E+02   7.5006046548490258E+02
   1.2000000000000000E+12   6.7139993686733132E-03   1.4894252219710890E+02   8.6394419188395705E+02
   1.3000000000000000E+12   6.7508750197520220E-03   1.4812894581430615E+02   9.8065718576287202E+02
   1.4000000000000000E+12   6.7848145148779798E-03   1.4738796437355288E+02   1.0993766300463958E+03
   1.5000000000000000E+12   6.8163875283616115E-03   1.4670527399435582E+02   1.2193881284810832E+03
   1.6000000000000000E+12   6.8462261853214339E-03   1.4606587234059512E+02   1.3400793788913431E+03
   1.7000000000000000E+12   6.8740016027085795E-03   1.4547567163876826E+02   1.4609314027244377E+03
   1.8000000000000000E+12   6.9002333183076393E-03   1.4492263578201172E+02   1.5815096667818748E+03
   1.9000000000000000E+12   6.9251448277236650E-03   1.4440131215691932E+02   1.7014540249366255E+03
   2.0000000000000000E+12   6.9487922019502123E-03   1.4390990130908580E+02   1.8204694791556194E+03
   2.1000000000000000E+12   6.9712136537687323E-03   1.4344704518694340E+02   1.9383172840886953E+03
   2.2000000000000000E+12   6.9922689130350333E-03   1.4301509459051175E+02   2.0548069124692292E+03
   2.3000000000000000E+12   7.0129272600441645E-03   1.4259380753846611E+02   2.1697890114063289E+03
   2.4000000000000000E+12   7.0324909811606100E-03   1.4219712512663114E+02   2.2831485560572883E+03
   2.5000000000000000E+12   7.0512567780882584E-03   1.4181869012450301E+02   2.3947998721512972E+03
   2.6000000000000000E+12   7.0692871637753436E-03   1.4145697816948652E+02   2.5046814135806221E+03
   2.7000000000000000E+12   7.0866375854413523E-03   1.4111064492057281E+02   2.6127519003676407E+03
   2.8000000000000000E+12   7.1033574481527383E-03   1.4077849908286044E+02   2.7189866808096385E+03
   2.9000000000000000E+12   7.1194909641058828E-03   1.4045948018498362E+02   2.8233748091614175E+03
   3.0000000000000000E+12   7.1350778534071133E-03   1.4015264031386627E+02   2.9259164670270889E+03
   3.1000000000000000E+12   7.1501539340402369E-03   1.3985712884295125E+02   3.0266209631666770E+03
   3.2000000000000000E+12   7.1647516156082740E-03   1.3957217970006374E+02   3.1255049538382082E+03
   3.3000000000000000E+12   7.1789003196202029E-03   1.3929710059728268E+02   3.2225908108857766E+03
   3.4000000000000000E+12   7.1926268337410794E-03   1.3903126397562227E+02   3.3179055433449253E+03
   3.5000000000000000E+12   7.2059556197409972E-03   1.3877409919934297E+02   3.4114796654922889E+03
   3.6000000000000000E+12   7.2189090725536375E-03   1.3852508598591578E+02   3.5033464885853682E+03
   3.7000000000000000E+12   7.2315077481920360E-03   1.3828374867606442E+02   3.5935411873387329E+03
   3.8000000000000000E+12   7.2437705583696501E-03   1.3804965134415707E+02   3.6821004463625409E+03
   3.9000000000000000E+12   7.2557149444182007E-03   1.3782239347334021E+02   3.7690617608045591E+03
   4.0000000000000000E+12   7.2673570213709991E-03   1.3760160634179886E+02   3.8544633266358164E+03
   4.1000000000000000E+12   7.2787117126312450E-03   1.3738694970768410E+02   3.9383433377906663E+03
   4.2000000000000000E+12   7.2897928620679203E-03   1.3717810902466806E+02   4.0207401240012427E+03
   4.3000000000000000E+12   7.3006133383312164E-03   1.3697479289165881E+02   4.1016916262228933E+03
   4.4000000000000000E+12   7.3111851230978093E-03   1.3677673088057330E+02   4.1812353947414058E+03
   4.5000000000000000E+12   7.3215193884595261E-03   1.3658367163190749E+02   4.2594084596987013E+03
   4.6000000000000000E+12   7.3316265718955395E-03   1.3639538105136432E+02   4.3362471282821944E+03
   4.7000000000000000E+12   7.3415164385016007E-03   1.3621164079339712E+02   4.4117869406148729E+03
   4.8000000000000000E+12   7.3511981340161651E-03   1.3603224695750001E+02   4.4860626677407199E+03
   4.9000000000000000E+12   7.3606802424877492E-03   1.3585700873510871E+02   4.5591082332804999E+03
   5.0000000000000000E+12   7.3699708248959241E-03   1.3568574744176436E+02   4.6309566499502007E+03
   5.1000000000000000E+12   7.3790774650847931E-03   1.3551829544162524E+02   4.7016400573536403E+03
   5.2000000000000000E+12   7.3880073041660745E-03   1.3535449530973031E+02   4.7711896791033605E+03
   5.3000000000000000E+12   7.3967670767886634E-03   1.3519419898161161E+02   4.8396358296980379E+03
   5.4000000000000000E+12   7.4053631379081700E-03   1.3503726709646207E+02   4.9070078340699392E+03
   5.5000000000000000E+12   7.4138014950742206E-03   1.3488356825636711E+02   4.9733342871186105E+03
   5.6000000000000000E+12   7.4220878302152836E-03   1.3473297849279081E+02   5.0386427321399779E+03
   5.7000000000000000E+12   7.4302275222343853E-03   1.3458538073128676E+02   5.1029599347372823E+03
   5.8000000000000000E+12   7.4382256720572715E-03   1.3444066422408224E+02   5.1663118195507705E+03
   5.9000000000000000E+12   7.4460871189303774E-03   1.3429872415240411E+02   5.2287234213004904E+03
   6.0000000000000000E+12   7.4538164544014941E-03   1.3415946127966407E+02   5.2902189961815229E+03
   6.1000000000000000E+12   7.4614180458333563E-03   1.3402278144144802E+02   5.3508219995465033E+03
   6.2000000000000000E+12   7.4688960494003250E-03   1.3388859523360080E+02   5.4105551758808870E+03
   6.3000000000000000E+12   7.4762544165666621E-03   1.3375681782365459E+02   5.4694404646445964E+03
   6.4000000000000000E+12   7.4834969146104439E-03   1.3362736851640105E+02   5.5274990937988832E+03
   6.5000000000000000E+12   7.4906271370263795E-03   1.3350017050734940E+02   5.5847516840936269E+03
   6.6000000000000000E+12   7.4976485122670794E-03   1.3337515067075717E+02   5.6412180317761695E+03
   6.7000000000000000E+12   7.5045643126119849E-03   1.3325223934978143E+02   5.6969174408750741E+03
   6.8000000000000000E+12   7.5113776652220186E-03   1.3313137011204222E+02   5.7518685163223709E+03
   6.9000000000000000E+12   7.5180915612198069E-03   1.3301247954444312E+02   5.8060892331019822E+03
   7.0000000000000000E+12   7.5247088639239079E-03   1.3289550706663891E+02   5.8595970601595891E+03
   7.1000000000000000E+12   7.5312323108602799E-03   1.3278039485755443E+02   5.9124088427189399E+03
   7.2000000000000000E+12   7.5376645273425693E-03   1.3266708758031629E+02   5.9645409421911254E+03
   7.3000000000000000E+12   7.5440080310814599E-03   1.3255553226878612E+02   6.0160091282300518E+03
   7.4000000000000000E+12   7.5502652354216765E-03   1.3244567824035533E+02   6.0668287349350085E+03
   7.5000000000000000E+12   7.5564384570914580E-03   1.3233747693154763E+02   6.1170145879750098E+03
   7.6000000000000000E+12   7.5625299189014577E-03   1.3223088182443334E+02   6.1665810300965559E+03
   7.7000000000000000E+12   7.5685417585474339E-03   1.3212584826801850E+02   6.2155419763801638E+03
   7.8000000000000000E+12   7.5744760329347098E-03   1.3202233338014179E+02   6.2639109377317209E+03
   7.9000000000000000E+12   7.5803347156107228E-03   1.3192029607091479E+02   6.3117009804739100E+03
   8.0000000000000000E+12   7.5861197091915489E-03   1.3181969680604604E+02   6.3589247081697213E+03
   8.1000000000000000E+12   7.5918328454281786E-03   1.3172049758737808E+02   6.4055944583215132E+03
   8.2000000000000000E+12   7.5974758842444800E-03   1.3162266195194954E+02   6.4517221343162328E+03
   8.3000000000000000E+12   7.6030505272349416E-03   1.3152615472143623E+02   6.4973192848826429E+03
   8.4000000000000000E+12   7.6085584121758087E-03   1.3143094208223755E+02   6.5423971140289495E+03
   8.5000000000000000E+12   7.6140011188575961E-03   1.3133699147000388E+02   6.5869664918296839E+03
   8.6000000000000000E+12   7.6193801709575305E-03   1.3124427152377274E+02   6.6310379883308478E+03
   8.7000000000000000E+12   7.6246970417458695E-03   1.3115275197491971E+02   6.6746218211063524E+03
   8.8000000000000000E+12   7.6299531514516794E-03   1.3106240368064900E+02   6.7177279349019573E+03
   8.9000000000000000E+12   7.6351498723213991E-03   1.3097319852556595E+02   6.7603660870464646E+03
   9.0000000000000000E+12   7.6402885334790355E-03   1.3088510932775549E+02   6.8025455588626346E+03
   9.1000000000000000E+12   7.6453704158726326E-03   1.3079810991549732E+02   6.8442755277274555E+03
   9.2000000000000000E+12   7.6503967624851543E-03   1.3071217494282743E+02   6.8855647921466589E+03
   9.3000000000000000E+12   7.6553687710289239E-03   1.3062728000568868E+02   6.9264220535739723E+03
   9.4000000000000000E+12   7.6602876064631124E-03   1.3054340141958684E+02   6.9668556390648400E+03
   9.5000000000000000E+12   7.6651543923224059E-03   1.3046051635980393E+02   7.0068736604342566E+03
   9.6000000000000000E+12   7.6699702210335542E-03   1.3037860267797060E+02   7.0464841157216133E+03
   9.7000000000000000E+12   7.6747361446541530E-03   1.3029763905258832E+02   7.0856946553088710E+03
   9.8000000000000000E+12   7.6794531918630031E-03   1.3021760469346702E+02   7.1245128326839058E+03
   9.9000000000000000E+12   7.6841223501586320E-03   1.3013847963773716E+02   7.1629458532014605E+03
   1.0000000000000000E+13   7.6887445837136616E-03   1.3006024444071213E+02   7.2010009155539665E+03
   1.1000000000000000E+13   7.7325786700337597E-03   1.2932296490888908E+02   7.5621976068820077E+03
   1.2000000000000000E+13   7.7725962315811229E-03   1.2865713980315397E+02   7.8921879651973832E+03
   1.3000000000000000E+13   7.8094089459300482E-03   1.2805066387529368E+02   8.1956927511068279E+03
   1.4000000000000000E+13   7.8434922840054776E-03   1.2749422881937546E+02   8.4764571203843843E+03
   1.5000000000000000E+13   7.8752231838626150E-03   1.2698052825336225E+02   8.7374976067148564E+03
   1.6000000000000000E+13   7.9049055086890443E-03   1.2650372593332125E+02   8.9812769882218654E+03
   1.7000000000000000E+13   7.9327878082472263E-03   1.2605908845316175E+02   9.2098304066490418E+03
   1.8000000000000000E+13   7.9590759726171512E-03   1.2564272579385546E+02   9.4248578075834594E+03
   1.9000000000000000E+13   7.9839424691906108E-03   1.2525140353389563E+02   9.6277931964181425E+03
   2.0000000000000000E+13   8.0075332036369760E-03   1.2488240442709696E+02   9.8198566953734753E+03
   2.1000000000000000E+13   8.0299727214873298E-03   1.2453342429471890E+02   1.0002095038176907E+04
   2.2000000000000000E+13   8.0513681677237808E-03   1.2420249318728054E+02   1.0175412346005216E+04
   2.3000000000000000E+13   8.0718123962333320E-03   1.2388791400387909E+02   1.0340594997132954E+04
   2.4000000000000000E+13   8.0913863976280250E-03   1.2358821478271615E+02   1.0498331021687984E+04
   2.5000000000000000E+13   8.1101612477371861E-03   1.2330211070452020E+02   1.0649225746684489E+04
   2.6000000000000000E+13   8.1281996367167739E-03   1.2302847428633414E+02   1.0793814461274062E+04
   2.7000000000000000E+13   8.1455571778685995E-03   1.2276631029206824E+02   1.0932572816545462E+04
   2.8000000000000000E+13   8.1622833963850942E-03   1.2251473655556721E+02   1.1065925152449870E+04
   2.9000000000000000E+13   8.1784226097565815E-03   1.2227296725985205E+02   1.1194251798113575E+04
   3.0000000000000000E+13   8.1940146318692300E-03   1.2204029952676309E+02   1.1317894850094446E+04
   3.1000000000000000E+13   8.2090953498472809E-03   1.2181610243065380E+02   1.1437163096718536E+04
   3.2000000000000000E+13   8.2236972408554123E-03   1.2159980732656231E+02   1.1552336066875378E+04
   3.3000000000000000E+13   8.2378497642708881E-03   1.2139090037028707E+02   1.1663667882924939E+04
   3.4000000000000000E+13   8.2515797684588176E-03   1.2118891509992328E+02   1.1771389945420002E+04
   3.5000000000000000E+13   8.2649117475439848E-03   1.2099342746123840E+02   1.1875713627888363E+04
   3.6000000000000000E+13   8.2778681256773200E-03   1.2080405061033480E+02   1.1976832643951187E+04
   3.7000000000000000E+13   8.2904694927706749E-03   1.2062043058864212E+02   1.2074924876515819E+04
   3.8000000000000000E+13   8.3027347854614502E-03   1.2044224292832475E+02   1.2170153969151508E+04
   3.9000000000000000E+13   8.3146814640635246E-03   1.2026918942379825E+02   1.2262670882233198E+04
   4.0000000000000000E+13   8.3263256638391476E-03   1.2010099536977692E+02   1.2352615096765867E+04
   4.1000000000000000E+13   8.3376823272190460E-03   1.1993740715395433E+02   1.2440115810597439E+04
   4.2000000000000000E+13   8.3487653039816742E-03   1.1977819037781340E+02   1.2525292946728863E+04
   4.3000000000000000E+13   8.3595874828454719E-03   1.1962312758279981E+02   1.2608257867593715E+04
   4.4000000000000000E+13   8.3701608565043186E-03   1.1947201698315226E+02   1.2689114421400227E+04
   4.5000000000000000E+13   8.3804966115163249E-03   1.1932467088236973E+02   1.2767959294216515E+04
   4.6000000000000000E+13   8.3906051861004707E-03   1.1918091458486914E+02   1.2844882895261935E+04
   4.7000000000000000E+13   8.4004963454818327E-03   1.1904058508850439E+02   1.2919969610464055E+04
   4.8000000000000000E+13   8.4101792668037686E-03   1.1890352967232806E+02   1.2993298805112116E+04
   4.9000000000000000E+13   8.4196625206995092E-03   1.1876960597191724E+02   1.3064944622744604E+04
   5.0000000000000000E+13   8.4289541835880760E-03   1.1863868022287856E+02   1.3134976857830654E+04
   5.1000000000000000E+13   8.4380618387673717E-03   1.1851062709752311E+02   1.3203461078936334E+04
   5.2000000000000000E+13   8.4469926429672978E-03   1.1838532863321113E+02   1.3270459149144268E+04
   5.3000000000000000E+13   8.4557533156524693E-03   1.1826267426095524E+02   1.3336029163192456E+04
   5.4000000000000000E+13   8.4643502353778204E-03   1.1814255934500135E+02   1.3400226094942585E+04
   5.5000000000000000E+13   8.4727894033599857E-03   1.1802488559475327E+02   1.3463101864460436E+04
   5.6000000000000000E+13   8.4810765053323321E-03   1.1790956010964732E+02   1.3524705461736014E+04
   5.7000000000000000E+13   8.4892169291340639E-03   1.1779649505340234E+02   1.3585083464117806E+04
   5.8000000000000000E+13   8.4972157718212985E-03   1.1768560748053825E+02   1.3644279793367023E+04
   5.9000000000000000E+13   8.5050778757122854E-03   1.1757681876795890E+02   1.3702336218764456E+04
   6.0000000000000000E+13   8.5128078324418904E-03   1.1747005449706613E+02   1.3759292300005836E+04
   6.1000000000000000E+13   8.5204100148784153E-03   1.1736524395584149E+02   1.3815185788843479E+04
   6.2000000000000000E+13   8.5278885884190834E-03   1.1726231993204101E+02   1.3870052421849505E+04
   6.3000000000000000E+13   8.5352474910762744E-03   1.1716121893893701E+02   1.3923926137495539E+04
   6.4000000000000000E+13   8.5424905139789009E-03   1.1706188006455538E+02   1.3976839523511379E+04
   6.5000000000000000E+13   8.5496212252509102E-03   1.1696424597695001E+02   1.4028823385378535E+04
   6.6000000000000000E+13   8.5566430689041628E-03   1.1686826153051967E+02   1.4079907277016207E+04
   6.7000000000000000E+13   8.5635593264686456E-03   1.1677387425917094E+02   1.4130119299948854E+04
   6.8000000000000000E+13   8.5703731019075441E-03   1.1668103454882565E+02   1.4179486240967790E+04
   6.9000000000000000E+13   8.5770874054685899E-03   1.1658969446462898E+02   1.4228033838317018E+04
   7.0000000000000000E+13   8.5837050991714181E-03   1.1649980846808563E+02   1.4275786675789654E+04
   7.1000000000000000E+13   8.5902289315687962E-03   1.1641133291861810E+02   1.4322768316164031E+04
   7.2000000000000000E+13   8.5966615013531467E-03   1.1632422654336180E+02   1.4369001060463959E+04
   7.3000000000000000E+13   8.6030053658982704E-03   1.1623844894528746E+02   1.4414506522990150E+04
   7.4000000000000000E+13   8.6092629080081785E-03   1.1615396238739771E+02   1.4459305462651540E+04
   7.5000000000000000E+13   8.6154364491637728E-03   1.1607073024107348E+02   1.4503417576143052E+04
   7.6000000000000000E+13   8.6215282126424833E-03   1.1598871746816472E+02   1.4546862002753356E+04
   7.7000000000000000E+13   8.6275403483486359E-03   1.1590789027041831E+02   1.4589656969130798E+04
   7.8000000000000000E+13   8.6334749149477256E-03   1.1582821631515159E+02   1.4631819936343667E+04
   7.9000000000000000E+13   8.6393338803162842E-03   1.1574966471412613E+02   1.4673367831472582E+04
   8.0000000000000000E+13   8.6451191325582852E-03   1.1567220586167650E+02   1.4714316966906657E+04
   8.1000000000000000E+13   8.6508325215054645E-03   1.1559581086722677E+02   1.4754682822525427E+04
   8.2000000000000000E+13   8.6564758173386658E-03   1.1552045209865078E+02   1.4794480377997214E+04
   8.3000000000000000E+13   8.6620506864235128E-03   1.1544610349225418E+02   1.4833724180106205E+04
   8.4000000000000000E+13   8.6675588047027685E-03   1.1537273902975183E+02   1.4872428166129286E+04
   8.5000000000000000E+13   8.6730017298988667E-03   1.1530033443353884E+02   1.4910605782916989E+04
   8.6000000000000000E+13   8.6783809979545205E-03   1.1522886587206743E+02   1.4948269885729089E+04
   8.7000000000000000E+13   8.6836980734395445E-03   1.1515831061177235E+02   1.4985433068408598E+04
   8.8000000000000000E+13   8.6889543695115624E-03   1.1508864674314245E+02   1.5022107332143603E+04
   8.9000000000000000E+13   8.6941512908166041E-03   1.1501985260554105E+02   1.5058304327096730E+04
   9.0000000000000000E+13   8.6992901420418559E-03   1.1495190799157378E+02   1.5094035255649149E+04
   9.1000000000000000E+13   8.7043722128374700E-03   1.1488479301530444E+02   1.5129311127761230E+04
   9.2000000000000000E+13   8.7093987281712110E-03   1.1481848876265411E+02   1.5164142231009702E+04
   9.3000000000000000E+13   8.7143709161987461E-03   1.1475297638997048E+02   1.5198538870976798E+04
   9.4000000000000000E+13   8.7192899149719522E-03   1.1468823834873220E+02   1.5232510839132350E+04
   9.5000000000000000E+13   8.7241568523654060E-03   1.1462425732623862E+02   1.5266067523528816E+04
   9.6000000000000000E+13   8.7289728411465515E-03   1.1456101630723485E+02   1.5299218260261030E+04
   9.7000000000000000E+13   8.7337389054428088E-03   1.1449849953458154E+02   1.5331971883767927E+04
   9.8000000000000000E+13   8.7384560875068684E-03   1.1443669110263916E+02   1.5364336957142401E+04
   9.9000000000000000E+13   8.7431253982919160E-03   1.1437557560313195E+02   1.5396321966085083E+04
   1.0000000000000000E+14   8.7477477769084665E-03   1.1431513865085503E+02   1.5427935002110571E+04
