   1.0000000000000000E+03   0.0000000000000000E+00   1.0000000000000000E+30   0.0000000000000000E+00
   2.0000000000000000E+03   0.0000000000000000E+00   1.0000000000000000E+30   0.0000000000000000E+00
   3.0000000000000000E+03   0.0000000000000000E+00   1.0000000000000000E+30   0.0000000000000000E+00
   4.0000000000000000E+03   0.0000000000000000E+00   1.0000000000000000E+30   0.0000000000000000E+00
   5.0000000000000000E+03   0.0000000000000000E+00   1.0000000000000000E+30   0.0000000000000000E+00
   6.0000000000000000E+03   0.0000000000000000E+00   1.0000000000000000E+30   0.0000000000000000E+00
   7.0000000000000000E+03   0.0000000000000000E+00   1.0000000000000000E+30   0.0000000000000000E+00
   8.0000000000000000E+03   0.0000000000000000E+00   1.0000000000000000E+30   0.0000000000000000E+00
   8.1190000000000018E+03   0.0000000000000000E+00   1.0000000000000000E+30   0.0000000000000000E+00
   8.1210000000000000E+03   0.0000000000000000E+00   1.0000000000000000E+30   0.0000000000000000E+00
   8.4990000000000000E+03   0.0000000000000000E+00   1.0000000000000000E+30   0.0000000000000000E+00
   8.5010000000000000E+03   0.0000000000000000E+00   1.0000000000000000E+30   0.0000000000000000E+00
   9.0000000000000000E+03   0.0000000000000000E+00   1.0000000000000000E+30   0.0000000000000000E+00
   1.0000000000000000E+04   0.0000000000000000E+00   1.0000000000000000E+30   0.0000000000000000E+00
   1.1000000000000000E+04   0.0000000000000000E+00   1.0000000000000000E+30   0.0000000000000000E+00
   1.2000000000000000E+04   0.0000000000000000E+00   1.0000000000000000E+30   0.0000000000000000E+00
   1.3000000000000000E+04   0.0000000000000000E+00   1.0000000000000000E+30   0.0000000000000000E+00
   1.4000000000000000E+04   0.0000000000000000E+00   1.0000000000000000E+30   0.0000000000000000E+00
   1.5000000000000000E+04   0.0000000000000000E+00   1.0000000000000000E+30   0.0000000000000000E+00
   1.6000000000000000E+04   0.0000000000000000E+00   1.0000000000000000E+30   0.0000000000000000E+00
   1.7000000000000000E+04   0.0000000000000000E+00   1.0000000000000000E+30   0.0000000000000000E+00
   1.8000000000000000E+04   0.0000000000000000E+00   1.0000000000000000E+30   0.0000000000000000E+00
   1.9000000000000000E+04   0.0000000000000000E+00   1.0000000000000000E+30   0.0000000000000000E+00
   2.0000000000000000E+04   0.0000000000000000E+00   1.0000000000000000E+30   0.0000000000000000E+00
   2.1000000000000000E+04   0.0000000000000000E+00   1.0000000000000000E+30   0.0000000000000000E+00
   2.2000000000000000E+04   0.0000000000000000E+00   1.0000000000000000E+30   0.0000000000000000E+00
   2.3000000000000000E+04   0.0000000000000000E+00   1.0000000000000000E+30   0.0000000000000000E+00
   2.4000000000000000E+04   0.0000000000000000E+00   1.0000000000000000E+30   0.0000000000000000E+00
   2.5000000000000000E+04   0.0000000000000000E+00   1.0000000000000000E+30   0.0000000000000000E+00
   2.6000000000000000E+04   0.0000000000000000E+00   1.0000000000000000E+30   0.0000000000000000E+00
   2.7000000000000000E+04   0.0000000000000000E+00   1.0000000000000000E+30   0.0000000000000000E+00
   2.8000000000000000E+04   0.0000000000000000E+00   1.0000000000000000E+30   0.0000000000000000E+00
   2.9000000000000000E+04   0.0000000000000000E+00   1.0000000000000000E+30   0.0000000000000000E+00
   3.0000000000000000E+04   0.0000000000000000E+00   1.0000000000000000E+30   0.0000000000000000E+00
   3.1000000000000000E+04   0.0000000000000000E+00   1.0000000000000000E+30   0.0000000000000000E+00
   3.2000000000000000E+04   0.0000000000000000E+00   1.0000000000000000E+30   0.0000000000000000E+00
   3.3000000000000000E+04   0.0000000000000000E+00   1.0000000000000000E+30   0.0000000000000000E+00
   3.4000000000000000E+04   0.0000000000000000E+00   1.0000000000000000E+30   0.0000000000000000E+00
   3.5000000000000000E+04   0.0000000000000000E+00   1.0000000000000000E+30   0.0000000000000000E+00
   3.6000000000000000E+04   0.0000000000000000E+00   1.0000000000000000E+30   0.0000000000000000E+00
   3.7000000000000000E+04   0.0000000000000000E+00   1.0000000000000000E+30   0.0000000000000000E+00
   3.8000000000000000E+04   0.0000000000000000E+00   1.0000000000000000E+30   0.0000000000000000E+00
   3.9000000000000000E+04   0.0000000000000000E+00   1.0000000000000000E+30   0.0000000000000000E+00
   4.0000000000000000E+04   0.0000000000000000E+00   1.0000000000000000E+30   0.0000000000000000E+00
   4.1000000000000000E+04   0.0000000000000000E+00   1.0000000000000000E+30   0.0000000000000000E+00
   4.2000000000000000E+04   0.0000000000000000E+00   1.0000000000000000E+30   0.0000000000000000E+00
   4.3000000000000000E+04   0.0000000000000000E+00   1.0000000000000000E+30   0.0000000000000000E+00
   4.4000000000000000E+04   0.0000000000000000E+00   1.0000000000000000E+30   0.0000000000000000E+00
   4.5000000000000000E+04   0.0000000000000000E+00   1.0000000000000000E+30   0.0000000000000000E+00
   4.6000000000000000E+04   0.0000000000000000E+00   1.0000000000000000E+30   0.0000000000000000E+00
   4.7000000000000000E+04   0.0000000000000000E+00   1.0000000000000000E+30   0.0000000000000000E+00
   4.8000000000000000E+04   0.0000000000000000E+00   1.0000000000000000E+30   0.0000000000000000E+00
   4.8999000000000000E+04   0.0000000000000000E+00   1.0000000000000000E+30   0.0000000000000000E+00
   4.9001000000000000E+04   0.0000000000000000E+00   1.0000000000000000E+30   0.0000000000000000E+00
   5.0000000000000000E+04   0.0000000000000000E+00   1.0000000000000000E+30   0.0000000000000000E+00
   5.1000000000000000E+04   0.0000000000000000E+00   1.0000000000000000E+30   0.0000000000000000E+00
   5.2000000000000000E+04   0.0000000000000000E+00   1.0000000000000000E+30   0.0000000000000000E+00
   5.2999000000000000E+04   0.0000000000000000E+00   1.0000000000000000E+30   0.0000000000000000E+00
   5.3001000000000000E+04   0.0000000000000000E+00   1.0000000000000000E+30   0.0000000000000000E+00
   5.4000000000000000E+04   0.0000000000000000E+00   1.0000000000000000E+30   0.0000000000000000E+00
   5.5000000000000000E+04   0.0000000000000000E+00   1.0000000000000000E+30   0.0000000000000000E+00
   5.6000000000000000E+04   0.0000000000000000E+00   1.0000000000000000E+30   0.0000000000000000E+00
   5.7000000000000000E+04   0.0000000000000000E+00   1.0000000000000000E+30   0.0000000000000000E+00
   5.8000000000000000E+04   0.0000000000000000E+00   1.0000000000000000E+30   0.0000000000000000E+00
   5.9000000000000000E+04   0.0000000000000000E+00   1.0000000000000000E+30   0.0000000000000000E+00
   6.0000000000000000E+04   0.0000000000000000E+00   1.0000000000000000E+30   0.0000000000000000E+00
   6.1000000000000000E+04   0.0000000000000000E+00   1.0000000000000000E+30   0.0000000000000000E+00
   6.2000000000000000E+04   0.0000000000000000E+00   1.0000000000000000E+30   0.0000000000000000E+00
   6.3000000000000000E+04   0.0000000000000000E+00   1.0000000000000000E+30   0.0000000000000000E+00
   6.4000000000000000E+04   0.0000000000000000E+00   1.0000000000000000E+30   0.0000000000000000E+00
   6.5000000000000000E+04   0.0000000000000000E+00   1.0000000000000000E+30   0.0000000000000000E+00
   6.6000000000000000E+04   0.0000000000000000E+00   1.0000000000000000E+30   0.0000000000000000E+00
   6.7000000000000000E+04   0.0000000000000000E+00   1.0000000000000000E+30   0.0000000000000000E+00
   6.8000000000000000E+04   0.0000000000000000E+00   1.0000000000000000E+30   0.0000000000000000E+00
   6.9000000000000000E+04   0.0000000000000000E+00   1.0000000000000000E+30   0.0000000000000000E+00
   7.0000000000000000E+04   0.0000000000000000E+00   1.0000000000000000E+30   0.0000000000000000E+00
   7.1000000000000000E+04   0.0000000000000000E+00   1.0000000000000000E+30   0.0000000000000000E+00
   7.2000000000000000E+04   0.0000000000000000E+00   1.0000000000000000E+30   0.0000000000000000E+00
   7.3000000000000000E+04   0.0000000000000000E+00   1.0000000000000000E+30   0.0000000000000000E+00
   7.4000000000000000E+04   0.0000000000000000E+00   1.0000000000000000E+30   0.0000000000000000E+00
   7.5000000000000000E+04   0.0000000000000000E+00   1.0000000000000000E+30   0.0000000000000000E+00
   7.6000000000000000E+04   0.0000000000000000E+00   1.0000000000000000E+30   0.0000000000000000E+00
   7.7000000000000000E+04   0.0000000000000000E+00   1.0000000000000000E+30   0.0000000000000000E+00
   7.8000000000000000E+04   0.0000000000000000E+00   1.0000000000000000E+30   0.0000000000000000E+00
   7.9000000000000000E+04   0.0000000000000000E+00   1.0000000000000000E+30   0.0000000000000000E+00
   8.0000000000000000E+04   0.0000000000000000E+00   1.0000000000000000E+30   0.0000000000000000E+00
   8.0999000000000000E+04   0.0000000000000000E+00   1.0000000000000000E+30   0.0000000000000000E+00
   8.1001000000000000E+04   0.0000000000000000E+00   1.0000000000000000E+30   0.0000000000000000E+00
   8.2000000000000000E+04   0.0000000000000000E+00   1.0000000000000000E+30   0.0000000000000000E+00
   8.3000000000000000E+04   0.0000000000000000E+00   1.0000000000000000E+30   0.0000000000000000E+00
   8.4000000000000000E+04   0.0000000000000000E+00   1.0000000000000000E+30   0.0000000000000000E+00
   8.5000000000000000E+04   0.0000000000000000E+00   1.0000000000000000E+30   0.0000000000000000E+00
   8.6000000000000000E+04   0.0000000000000000E+00   1.0000000000000000E+30   0.0000000000000000E+00
   8.7000000000000000E+04   0.0000000000000000E+00   1.0000000000000000E+30   0.0000000000000000E+00
   8.8000000000000000E+04   0.0000000000000000E+00   1.0000000000000000E+30   0.0000000000000000E+00
   8.9000000000000000E+04   0.0000000000000000E+00   1.0000000000000000E+30   0.0000000000000000E+00
   9.0000000000000000E+04   0.0000000000000000E+00   1.0000000000000000E+30   0.0000000000000000E+00
   9.1000000000000000E+04   0.0000000000000000E+00   1.0000000000000000E+30   0.0000000000000000E+00
   9.2000000000000000E+04   0.0000000000000000E+00   1.0000000000000000E+30   0.0000000000000000E+00
   9.3000000000000000E+04   0.0000000000000000E+00   1.0000000000000000E+30   0.0000000000000000E+00
   9.4000000000000000E+04   0.0000000000000000E+00   1.0000000000000000E+30   0.0000000000000000E+00
   9.5000000000000000E+04   0.0000000000000000E+00   1.0000000000000000E+30   0.0000000000000000E+00
   9.6000000000000000E+04   0.0000000000000000E+00   1.0000000000000000E+30   0.0000000000000000E+00
   9.7000000000000000E+04   0.0000000000000000E+00   1.0000000000000000E+30   0.0000000000000000E+00
   9.8000000000000000E+04   0.0000000000000000E+00   1.0000000000000000E+30   0.0000000000000000E+00
   9.9000000000000000E+04   0.0000000000000000E+00   1.0000000000000000E+30   0.0000000000000000E+00
   1.0000000000000000E+05   0.0000000000000000E+00   1.0000000000000000E+30   0.0000000000000000E+00
   1.1000000000000000E+05   0.0000000000000000E+00   1.0000000000000000E+30   0.0000000000000000E+00
   1.2000000000000000E+05   0.0000000000000000E+00   1.0000000000000000E+30   0.0000000000000000E+00
   1.3000000000000000E+05   0.0000000000000000E+00   1.0000000000000000E+30   0.0000000000000000E+00
   1.4000000000000000E+05   0.0000000000000000E+00   1.0000000000000000E+30   0.0000000000000000E+00
   1.5000000000000000E+05   0.0000000000000000E+00   1.0000000000000000E+30   0.0000000000000000E+00
   1.6000000000000000E+05   0.0000000000000000E+00   1.0000000000000000E+30   0.0000000000000000E+00
   1.7000000000000000E+05   0.0000000000000000E+00   1.0000000000000000E+30   0.0000000000000000E+00
   1.8000000000000000E+05   0.0000000000000000E+00   1.0000000000000000E+30   0.0000000000000000E+00
   1.9000000000000000E+05   0.0000000000000000E+00   1.0000000000000000E+30   0.0000000000000000E+00
   2.0000000000000000E+05   0.0000000000000000E+00   1.0000000000000000E+30   0.0000000000000000E+00
   2.1000000000000000E+05   0.0000000000000000E+00   1.0000000000000000E+30   0.0000000000000000E+00
   2.2000000000000000E+05   0.0000000000000000E+00   1.0000000000000000E+30   0.0000000000000000E+00
   2.3000000000000000E+05   0.0000000000000000E+00   1.0000000000000000E+30   0.0000000000000000E+00
   2.4000000000000000E+05   0.0000000000000000E+00   1.0000000000000000E+30   0.0000000000000000E+00
   2.5000000000000000E+05   0.0000000000000000E+00   1.0000000000000000E+30   0.0000000000000000E+00
   2.6000000000000000E+05   0.0000000000000000E+00   1.0000000000000000E+30   0.0000000000000000E+00
   2.7000000000000000E+05   0.0000000000000000E+00   1.0000000000000000E+30   0.0000000000000000E+00
   2.8000000000000000E+05   0.0000000000000000E+00   1.0000000000000000E+30   0.0000000000000000E+00
   2.8599900000000000E+05   0.0000000000000000E+00   1.0000000000000000E+30   0.0000000000000000E+00
   2.8600100000000000E+05   0.0000000000000000E+00   1.0000000000000000E+30   0.0000000000000000E+00
   2.8999900000000000E+05   0.0000000000000000E+00   1.0000000000000000E+30   0.0000000000000000E+00
   2.9000100000000000E+05   0.0000000000000000E+00   1.0000000000000000E+30   0.0000000000000000E+00
   3.0000000000000000E+05   0.0000000000000000E+00   1.0000000000000000E+30   0.0000000000000000E+00
   3.1000000000000000E+05   0.0000000000000000E+00   1.0000000000000000E+30   0.0000000000000000E+00
   3.2000000000000000E+05   0.0000000000000000E+00   1.0000000000000000E+30   0.0000000000000000E+00
   3.3000000000000000E+05   0.0000000000000000E+00   1.0000000000000000E+30   0.0000000000000000E+00
   3.4000000000000000E+05   0.0000000000000000E+00   1.0000000000000000E+30   0.0000000000000000E+00
   3.5000000000000000E+05   0.0000000000000000E+00   1.0000000000000000E+30   0.0000000000000000E+00
   3.6000000000000000E+05   0.0000000000000000E+00   1.0000000000000000E+30   0.0000000000000000E+00
   3.7000000000000000E+05   0.0000000000000000E+00   1.0000000000000000E+30   0.0000000000000000E+00
   3.8000000000000000E+05   0.0000000000000000E+00   1.0000000000000000E+30   0.0000000000000000E+00
   3.9000000000000000E+05   0.0000000000000000E+00   1.0000000000000000E+30   0.0000000000000000E+00
   4.0000000000000000E+05   0.0000000000000000E+00   1.0000000000000000E+30   0.0000000000000000E+00
   4.1000000000000000E+05   0.0000000000000000E+00   1.0000000000000000E+30   0.0000000000000000E+00
   4.2000000000000000E+05   0.0000000000000000E+00   1.0000000000000000E+30   0.0000000000000000E+00
   4.3000000000000000E+05   0.0000000000000000E+00   1.0000000000000000E+30   0.0000000000000000E+00
   4.4000000000000000E+05   0.0000000000000000E+00   1.0000000000000000E+30   0.0000000000000000E+00
   4.5000000000000000E+05   0.0000000000000000E+00   1.0000000000000000E+30   0.0000000000000000E+00
   4.6000000000000000E+05   0.0000000000000000E+00   1.0000000000000000E+30   0.0000000000000000E+00
   4.6599900000000000E+05   0.0000000000000000E+00   1.0000000000000000E+30   0.0000000000000000E+00
   4.6600100000000000E+05   0.0000000000000000E+00   1.0000000000000000E+30   0.0000000000000000E+00
   4.7000000000000000E+05   0.0000000000000000E+00   1.0000000000000000E+30   0.0000000000000000E+00
   4.8000000000000000E+05   0.0000000000000000E+00   1.0000000000000000E+30   0.0000000000000000E+00
   4.8799900000000000E+05   0.0000000000000000E+00   1.0000000000000000E+30   0.0000000000000000E+00
   4.8800100000000000E+05   0.0000000000000000E+00   1.0000000000000000E+30   0.0000000000000000E+00
   4.9000000000000000E+05   0.0000000000000000E+00   1.0000000000000000E+30   0.0000000000000000E+00
   5.0000000000000000E+05   0.0000000000000000E+00   1.0000000000000000E+30   0.0000000000000000E+00
   5.1000000000000000E+05   0.0000000000000000E+00   1.0000000000000000E+30   0.0000000000000000E+00
   5.2000000000000000E+05   0.0000000000000000E+00   1.0000000000000000E+30   0.0000000000000000E+00
   5.3000000000000000E+05   0.0000000000000000E+00   1.0000000000000000E+30   0.0000000000000000E+00
   5.4000000000000000E+05   0.0000000000000000E+00   1.0000000000000000E+30   0.0000000000000000E+00
   5.5000000000000000E+05   0.0000000000000000E+00   1.0000000000000000E+30   0.0000000000000000E+00
   5.6000000000000000E+05   0.0000000000000000E+00   1.0000000000000000E+30   0.0000000000000000E+00
   5.7000000000000000E+05   0.0000000000000000E+00   1.0000000000000000E+30   0.0000000000000000E+00
   5.8000000000000000E+05   0.0000000000000000E+00   1.0000000000000000E+30   0.0000000000000000E+00
   5.9000000000000000E+05   0.0000000000000000E+00   1.0000000000000000E+30   0.0000000000000000E+00
   5.9199900000000000E+05   0.0000000000000000E+00   1.0000000000000000E+30   0.0000000000000000E+00
   5.9200100000000000E+05   0.0000000000000000E+00   1.0000000000000000E+30   0.0000000000000000E+00
   6.0000000000000000E+05   0.0000000000000000E+00   1.0000000000000000E+30   0.0000000000000000E+00
   6.1000000000000000E+05   0.0000000000000000E+00   1.0000000000000000E+30   0.0000000000000000E+00
   6.2000000000000000E+05   0.0000000000000000E+00   1.0000000000000000E+30   0.0000000000000000E+00
   6.3000000000000000E+05   0.0000000000000000E+00   1.0000000000000000E+30   0.0000000000000000E+00
   6.4000000000000000E+05   0.0000000000000000E+00   1.0000000000000000E+30   0.0000000000000000E+00
   6.5000000000000000E+05   0.0000000000000000E+00   1.0000000000000000E+30   0.0000000000000000E+00
   6.6000000000000000E+05   0.0000000000000000E+00   1.0000000000000000E+30   0.0000000000000000E+00
   6.7000000000000000E+05   0.0000000000000000E+00   1.0000000000000000E+30   0.0000000000000000E+00
   6.8000000000000000E+05   0.0000000000000000E+00   1.0000000000000000E+30   0.0000000000000000E+00
   6.9000000000000000E+05   0.0000000000000000E+00   1.0000000000000000E+30   0.0000000000000000E+00
   7.0000000000000000E+05   0.0000000000000000E+00   1.0000000000000000E+30   0.0000000000000000E+00
   7.1000000000000000E+05   0.0000000000000000E+00   1.0000000000000000E+30   0.0000000000000000E+00
   7.2000000000000000E+05   0.0000000000000000E+00   1.0000000000000000E+30   0.0000000000000000E+00
   7.3000000000000000E+05   0.0000000000000000E+00   1.0000000000000000E+30   0.0000000000000000E+00
   7.4000000000000000E+05   0.0000000000000000E+00   1.0000000000000000E+30   0.0000000000000000E+00
   7.5000000000000000E+05   0.0000000000000000E+00   1.0000000000000000E+30   0.0000000000000000E+00
   7.6000000000000000E+05   0.0000000000000000E+00   1.0000000000000000E+30   0.0000000000000000E+00
   7.7000000000000000E+05   0.0000000000000000E+00   1.0000000000000000E+30   0.0000000000000000E+00
   7.8000000000000000E+05   0.0000000000000000E+00   1.0000000000000000E+30   0.0000000000000000E+00
   7.9000000000000000E+05   0.0000000000000000E+00   1.0000000000000000E+30   0.0000000000000000E+00
   8.0000000000000000E+05   0.0000000000000000E+00   1.0000000000000000E+30   0.0000000000000000E+00
   8.1000000000000000E+05   0.0000000000000000E+00   1.0000000000000000E+30   0.0000000000000000E+00
   8.2000000000000000E+05   0.0000000000000000E+00   1.0000000000000000E+30   0.0000000000000000E+00
   8.3000000000000000E+05   0.0000000000000000E+00   1.0000000000000000E+30   0.0000000000000000E+00
   8.4000000000000000E+05   0.0000000000000000E+00   1.0000000000000000E+30   0.0000000000000000E+00
   8.5000000000000000E+05   0.0000000000000000E+00   1.0000000000000000E+30   0.0000000000000000E+00
   8.6000000000000000E+05   0.0000000000000000E+00   1.0000000000000000E+30   0.0000000000000000E+00
   8.7000000000000000E+05   0.0000000000000000E+00   1.0000000000000000E+30   0.0000000000000000E+00
   8.8000000000000000E+05   0.0000000000000000E+00   1.0000000000000000E+30   0.0000000000000000E+00
   8.9000000000000000E+05   0.0000000000000000E+00   1.0000000000000000E+30   0.0000000000000000E+00
   9.0000000000000000E+05   0.0000000000000000E+00   1.0000000000000000E+30   0.0000000000000000E+00
   9.1000000000000000E+05   0.0000000000000000E+00   1.0000000000000000E+30   0.0000000000000000E+00
   9.2000000000000000E+05   0.0000000000000000E+00   1.0000000000000000E+30   0.0000000000000000E+00
   9.3000000000000000E+05   0.0000000000000000E+00   1.0000000000000000E+30   0.0000000000000000E+00
   9.4000000000000000E+05   0.0000000000000000E+00   1.0000000000000000E+30   0.0000000000000000E+00
   9.5000000000000000E+05   0.0000000000000000E+00   1.0000000000000000E+30   0.0000000000000000E+00
   9.6000000000000000E+05   0.0000000000000000E+00   1.0000000000000000E+30   0.0000000000000000E+00
   9.7000000000000000E+05   0.0000000000000000E+00   1.0000000000000000E+30   0.0000000000000000E+00
   9.8000000000000000E+05   0.0000000000000000E+00   1.0000000000000000E+30   0.0000000000000000E+00
   9.9000000000000000E+05   0.0000000000000000E+00   1.0000000000000000E+30   0.0000000000000000E+00
   1.0000000000000000E+06   0.0000000000000000E+00   1.0000000000000000E+30   0.0000000000000000E+00
   1.1000000000000000E+06   0.0000000000000000E+00   1.0000000000000000E+30   0.0000000000000000E+00
   1.2000000000000000E+06   0.0000000000000000E+00   1.0000000000000000E+30   0.0000000000000000E+00
   1.3000000000000000E+06   0.0000000000000000E+00   1.0000000000000000E+30   0.0000000000000000E+00
   1.4000000000000000E+06   0.0000000000000000E+00   1.0000000000000000E+30   0.0000000000000000E+00
   1.5000000000000000E+06   0.0000000000000000E+00   1.0000000000000000E+30   0.0000000000000000E+00
   1.6000000000000000E+06   0.0000000000000000E+00   1.0000000000000000E+30   0.0000000000000000E+00
   1.7000000000000000E+06   0.0000000000000000E+00   1.0000000000000000E+30   0.0000000000000000E+00
   1.8000000000000000E+06   0.0000000000000000E+00   1.0000000000000000E+30   0.0000000000000000E+00
   1.9000000000000000E+06   5.2221065923784152E-03   1.9149360173143245E+02   1.5144109117897402E+00
   2.0000000000000000E+06   5.7594350591235136E-03   1.7362814056144299E+02   1.6702361671458190E+00
   2.1000000000000000E+06   1.0762157755836855E-02   9.2918169635420028E+01   3.2941485826021597E+00
   2.2000000000000000E+06   1.1767474680887235E-02   8.4980000137514878E+01   3.6032128580650506E+00
   2.3000000000000000E+06   1.6624840609549947E-02   6.0150952630821720E+01   5.3278201592312406E+00
   2.4000000000000000E+06   1.8042680406803856E-02   5.5424137514673390E+01   5.7870045187732790E+00
   2.5000000000000000E+06   2.2810001919385588E-02   4.3840417179015134E+01   7.6065527436956186E+00
   2.6000000000000000E+06   2.4595271573686257E-02   4.0658221520508441E+01   8.2126338619794694E+00
   2.7000000000000000E+06   2.9314052873871385E-02   3.4113331387599914E+01   1.0123466785733182E+01
   2.8000000000000000E+06   3.1429946289731274E-02   3.1816789974175620E+01   1.0873498665861275E+01
   2.8439990000000000E+06   3.2371126787897754E-02   3.0891726647397999E+01   1.1207699358330570E+01
   2.8440010000000000E+06   3.2371169685190826E-02   3.0891685710618006E+01   1.1207714598490751E+01
   2.9000000000000000E+06   3.6131662578631471E-02   2.7676556477957575E+01   1.2873493435097174E+01
   2.9729990000000000E+06   3.7891671103101064E-02   2.6391023960887274E+01   1.3522572176339789E+01
   2.9730010000000000E+06   3.7891719566521556E-02   2.6390990206829500E+01   1.3522590068618813E+01
   3.0000000000000000E+06   3.8547520946547204E-02   2.5942005489449578E+01   1.3764813803177496E+01
   3.1000000000000000E+06   4.3256362220044690E-02   2.3117986549886233E+01   1.5853076354545793E+01
   3.2000000000000000E+06   4.5946616303492935E-02   2.1764388336992262E+01   1.6883454650478093E+01
   3.2299990000000000E+06   4.6761027242127912E-02   2.1385330027546548E+01   1.7196120783251349E+01
   3.2300010000000000E+06   4.6761081619654893E-02   2.1385305158973789E+01   1.7196141670214068E+01
   3.3000000000000000E+06   5.0681167473370717E-02   1.9731195034633480E+01   1.9059894946413014E+01
   3.4000000000000000E+06   5.3624222727905825E-02   1.8648288947218703E+01   2.0227533638680335E+01
   3.5000000000000000E+06   5.6605813365135323E-02   1.7666030051533905E+01   2.1415461870109361E+01
   3.6000000000000000E+06   6.1576376315367984E-02   1.6239994293890010E+01   2.3796284749546381E+01
   3.7000000000000000E+06   6.4794037752359812E-02   1.5433518803411507E+01   2.5122568395346789E+01
   3.8000000000000000E+06   6.9798779715411305E-02   1.4326898035714571E+01   2.7589926091168824E+01
   3.9000000000000000E+06   7.3236239146145049E-02   1.3654442276923465E+01   2.9053467178171417E+01
   4.0000000000000000E+06   7.8286498532913196E-02   1.2773594664980200E+01   3.1609331898845571E+01
   4.1000000000000000E+06   8.1930088976263013E-02   1.2205528060511721E+01   3.3209610876780800E+01
   4.2000000000000000E+06   8.7034720242896366E-02   1.1489667539680735E+01   3.5856165870049466E+01
   4.3000000000000000E+06   9.0872245949117095E-02   1.1004460047789939E+01   3.7592844414260220E+01
   4.4000000000000000E+06   9.6037907353171983E-02   1.0412555079137423E+01   4.0332338617006471E+01
   4.5000000000000000E+06   1.0005863892469762E-01   9.9941395440385978E+00   4.2205327798315487E+01
   4.6000000000000000E+06   1.0531647834743038E-01   9.4951902654880129E+00   4.5060766429750991E+01
   4.7000000000000000E+06   1.0951251238931251E-01   9.1313766635637119E+00   4.7071760425774798E+01
   4.8000000000000000E+06   1.1374885470597017E-01   8.7912973065522628E+00   4.9115622121356836E+01
   4.9000000000000000E+06   1.1929756911552683E-01   8.3824004748295238E+00   5.2255443172836088E+01
   5.0000000000000000E+06   1.2370783351438505E-01   8.0835624680446578E+00   5.4446158921268875E+01
   5.1000000000000000E+06   1.2938284531651509E-01   7.7289999114925561E+00   5.7748989965497465E+01
   5.2000000000000000E+06   1.3396371286819173E-01   7.4647080062935434E+00   6.0092300729679110E+01
   5.3000000000000000E+06   1.3858297592304364E-01   7.2158935348257289E+00   6.2472430828834362E+01
   5.4000000000000000E+06   1.4448148083733731E-01   6.9213022610547430E+00   6.6040831627798653E+01
   5.5000000000000000E+06   1.4926595721403965E-01   6.6994512256137009E+00   6.8580438677587040E+01
   5.6000000000000000E+06   1.5408637608407058E-01   6.4898664334502447E+00   7.1158422900902792E+01
   5.7000000000000000E+06   1.6016695944385842E-01   6.2434849451613603E+00   7.4976028147706046E+01
   5.8000000000000000E+06   1.6514423296840061E-01   6.0553128742397222E+00   7.7718430613723868E+01
   5.9000000000000000E+06   1.7015424265912046E-01   5.8770206629719848E+00   8.0500412405611229E+01
   6.0000000000000000E+06   1.7519375630825776E-01   5.7079659747718141E+00   8.3320277477516143E+01
   6.1000000000000000E+06   1.8152699894571050E-01   5.5088224110346875E+00   8.7492271842246325E+01
   6.2000000000000000E+06   1.8671072313939144E-01   5.3558787796747831E+00   9.0481273221313501E+01
   6.3000000000000000E+06   1.9191961192849577E-01   5.2105149127363495E+00   9.3508618507761980E+01
   6.4000000000000000E+06   1.9715015515406764E-01   5.0722759980509604E+00   9.6572312197424424E+01
   6.5000000000000000E+06   2.0366726568171703E-01   4.9099691924119009E+00   1.0106860509155752E+02
   6.6000000000000000E+06   2.0902327289573056E-01   4.7841562623452054E+00   1.0430134532973946E+02
   6.7000000000000000E+06   2.1439533447003528E-01   4.6642806032692095E+00   1.0756986059936558E+02
   6.8000000000000000E+06   2.1977909131381726E-01   4.5500233621956525E+00   1.1087156105226600E+02
   6.9000000000000000E+06   2.2639962918365464E-01   4.4169683652123100E+00   1.1564526014120183E+02
   7.0000000000000000E+06   2.3188367321053835E-01   4.3125071556549477E+00   1.1910982228919941E+02
   7.1000000000000000E+06   2.3737225021678890E-01   4.2127923507769482E+00   1.2260554494273181E+02
   7.2000000000000000E+06   2.4286081151987998E-01   4.1175848575229788E+00   1.2612937532611834E+02
   7.3000000000000000E+06   2.4834464149837215E-01   4.0266622785438875E+00   1.2967796608467478E+02
   7.4000000000000000E+06   2.5505284229543179E-01   3.9207561499812034E+00   1.3479069736447090E+02
   7.5000000000000000E+06   2.6060096783624376E-01   3.8372842906261941E+00   1.3848844453914975E+02
   7.6000000000000000E+06   2.6613574509745752E-01   3.7574809788658996E+00   1.4220741751580158E+02
   7.7000000000000000E+06   2.7165192537609878E-01   3.6811813448975648E+00   1.4594336224800338E+02
   7.8000000000000000E+06   2.7714437938220449E-01   3.6082276040710153E+00   1.4969232763157302E+02
   7.9000000000000000E+06   2.8380127202558492E-01   3.5235923816079633E+00   1.5504411865480671E+02
   8.0000000000000000E+06   2.8931568561920606E-01   3.4564320211666248E+00   1.5891938067161200E+02
   8.1000000000000000E+06   2.9479692261580859E-01   3.3921656682394921E+00   1.6280247141371760E+02
   8.2000000000000000E+06   3.0023989237825122E-01   3.3306699921813530E+00   1.6668899828893100E+02
   8.3000000000000000E+06   3.0563988772166123E-01   3.2718242617294631E+00   1.7057472968509134E+02
   8.4000000000000000E+06   3.1210113325187988E-01   3.2040896153778284E+00   1.7604111862839008E+02
   8.5000000000000000E+06   3.1747788764543833E-01   3.1498256694866500E+00   1.8002220733563522E+02
   8.6000000000000000E+06   3.2280241163809198E-01   3.0978702882837945E+00   1.8399634950130479E+02
   8.7000000000000000E+06   3.2807006397834326E-01   3.0481293778331837E+00   1.8795898424210131E+02
   8.8000000000000000E+06   3.3327670420438504E-01   3.0005097487604200E+00   1.9190579399143985E+02
   8.9000000000000000E+06   3.3841803689172845E-01   2.9549252433017763E+00   1.9583235706562303E+02
   9.0000000000000000E+06   3.4349007705746304E-01   2.9112922520690705E+00   1.9973425211014089E+02
   9.1000000000000000E+06   3.4962043810956733E-01   2.8602446853710846E+00   2.0534203539828070E+02
   9.2000000000000000E+06   3.5462028603768819E-01   2.8199176397193546E+00   2.0930116109376391E+02
   9.3000000000000000E+06   3.5954480299822683E-01   2.7812945470524069E+00   2.1323071687230319E+02
   9.4000000000000000E+06   3.6439071327755429E-01   2.7443070406635361E+00   2.1712661971960205E+02
   9.5000000000000000E+06   3.6915507716903878E-01   2.7088886537028256E+00   2.2098513993850256E+02
   9.6000000000000000E+06   3.7383498316298913E-01   2.6749770488012565E+00   2.2480220868084874E+02
   9.7000000000000000E+06   3.7945911668585047E-01   2.6353300158759603E+00   2.3027254055220166E+02
   9.8000000000000000E+06   3.8403276900491568E-01   2.6039444565919321E+00   2.3411169023395297E+02
   9.9000000000000000E+06   3.8851936188460356E-01   2.5738742984371936E+00   2.3790636677927392E+02
   1.0000000000000000E+07   3.9291710140810332E-01   2.5450661129695908E+00   2.4165364521709392E+02
   1.1000000000000000E+07   4.3314181016501152E-01   2.3087127045505857E+00   2.7842273014197025E+02
   1.2000000000000000E+07   4.6490549728997965E-01   2.1509747805289150E+00   3.1032255202669148E+02
   1.3000000000000000E+07   4.8903352915749393E-01   2.0448495662921076E+00   3.3710413615447550E+02
   1.4000000000000000E+07   5.0676626076086539E-01   1.9732963250130096E+00   3.5912816252359499E+02
   1.5000000000000000E+07   5.1933586927440367E-01   1.9255361687171004E+00   3.7697631130393523E+02
   1.6000000000000000E+07   5.2780426868251917E-01   1.8946417437967191E+00   3.9124661258792025E+02
   1.7000000000000000E+07   5.3303717221271363E-01   1.8760417699367138E+00   4.0247914762081911E+02
   1.8000000000000000E+07   5.3515310559541085E-01   1.8686241181155085E+00   4.0938506486244228E+02
   1.9000000000000000E+07   5.3604010485356202E-01   1.8655320580410395E+00   4.1639101624530912E+02
   2.0000000000000000E+07   5.3531088016082695E-01   1.8680733701873642E+00   4.2149349544331045E+02
   2.1000000000000000E+07   5.3291035087704952E-01   1.8764882279997510E+00   4.2350861625361966E+02
   2.2000000000000000E+07   5.3012135355910028E-01   1.8863605347836940E+00   4.2626942645480329E+02
   2.2122999000000000E+07   5.2966882211637645E-01   1.8879721785479846E+00   4.2633026259129559E+02
   2.2123001000000000E+07   5.2966881459770987E-01   1.8879722053478130E+00   4.2633026323909053E+02
   2.3000000000000000E+07   5.2610067809422545E-01   1.9007768695954781E+00   4.2613932219491426E+02
   2.4000000000000000E+07   5.2205874161713617E-01   1.9154932582919439E+00   4.2728139975832488E+02
   2.5000000000000000E+07   5.1711019071265329E-01   1.9338238115591075E+00   4.2580041533162307E+02
   2.6000000000000000E+07   5.1230575327806438E-01   1.9519593399085444E+00   4.2574195185637598E+02
   2.7000000000000000E+07   5.0685867511964799E-01   1.9729365385014714E+00   4.2344060136527662E+02
   2.8000000000000000E+07   5.0111196151443371E-01   1.9955620236600495E+00   4.2012321899478906E+02
   2.9000000000000000E+07   4.9591859918933578E-01   2.0164599626524837E+00   4.1963275217153785E+02
   3.0000000000000000E+07   4.9010245737624186E-01   2.0403896878083190E+00   4.1623908096394877E+02
   3.1000000000000000E+07   4.8466625824635651E-01   2.0632754663348130E+00   4.1478153560748007E+02
   3.2000000000000000E+07   4.7888692672229766E-01   2.0881756093122403E+00   4.1141091008365350E+02
   3.3000000000000000E+07   4.7301227269125318E-01   2.1141100511206501E+00   4.0728673198854841E+02
   3.4000000000000000E+07   4.6764324122597417E-01   2.1383822363783098E+00   4.0571573997543635E+02
   3.5000000000000000E+07   4.6197639834484222E-01   2.1646127455488542E+00   4.0209738890774241E+02
   3.6000000000000000E+07   4.5625373741670328E-01   2.1917628678769274E+00   3.9772575557277906E+02
   3.7000000000000000E+07   4.5103234730903841E-01   2.2171358794246747E+00   3.9597203694184793E+02
   3.8000000000000000E+07   4.4558956415338608E-01   2.2442177296050145E+00   3.9234713712897002E+02
   3.9000000000000000E+07   4.4013243804257540E-01   2.2720433977721655E+00   3.8808392140174305E+02
   4.0000000000000000E+07   4.3467988007412472E-01   2.3005435628386413E+00   3.8328105617746746E+02
   4.1000000000000000E+07   4.2990603499880647E-01   2.3260897000498639E+00   3.8243742948165277E+02
   4.2000000000000000E+07   4.2476866875175112E-01   2.3542226005949445E+00   3.7853229062566840E+02
   4.3000000000000000E+07   4.1964938448818134E-01   2.3829416578785980E+00   3.7411953386263917E+02
   4.4000000000000000E+07   4.1457385711367578E-01   2.4121154357444228E+00   3.6937520538181531E+02
   4.5000000000000000E+07   4.1018723907002846E-01   2.4379110434229694E+00   3.6902526808520855E+02
   4.6000000000000000E+07   4.0540708413190496E-01   2.4666564525908381E+00   3.6511548560993583E+02
   4.7000000000000000E+07   4.0067257405043399E-01   2.4958034683804606E+00   3.6087838325113552E+02
   4.8000000000000000E+07   3.9599450727175367E-01   2.5252875523188609E+00   3.5640333688303230E+02
   4.9000000000000000E+07   3.9192040238108328E-01   2.5515385111991478E+00   3.5609132563353171E+02
   5.0000000000000000E+07   3.8751556302958862E-01   2.5805415198863781E+00   3.5243142538120571E+02
   5.1000000000000000E+07   3.8316340354873718E-01   2.6098525870120142E+00   3.4851803311170448E+02
   5.2000000000000000E+07   3.7886859682790264E-01   2.6394375474044378E+00   3.4440412981350187E+02
   5.3000000000000000E+07   3.7504036911740951E-01   2.6663796282872734E+00   3.4369778670812644E+02
   5.4000000000000000E+07   3.7100759024581875E-01   2.6953626456467630E+00   3.4049732135313155E+02
   5.5000000000000000E+07   3.6701320427495593E-01   2.7246976085656809E+00   3.3695512930476878E+02
   5.6000000000000000E+07   3.6307869535599691E-01   2.7542238440057876E+00   3.3327732291802897E+02
   5.7000000000000000E+07   3.5920221204774494E-01   2.7839472209794764E+00   3.2946364045200323E+02
   5.8000000000000000E+07   3.5575093603396490E-01   2.8109553586797205E+00   3.2906306822796836E+02
   5.9000000000000000E+07   3.5209938452362133E-01   2.8401072082331718E+00   3.2605502737586625E+02
   6.0000000000000000E+07   3.4848958303991401E-01   2.8695262316792576E+00   3.2279023543305476E+02
   6.1000000000000000E+07   3.4493824772746329E-01   2.8990696351832317E+00   3.1944522511090952E+02
   6.2000000000000000E+07   3.4143960111371624E-01   2.9287756802028091E+00   3.1598255051136249E+02
   6.3000000000000000E+07   3.3800191028145810E-01   2.9585631606853600E+00   3.1249844590641715E+02
   6.4000000000000000E+07   3.3498183009686655E-01   2.9852365416680380E+00   3.1277511136294669E+02
   6.5000000000000000E+07   3.3171784896308981E-01   3.0146101668206282E+00   3.0983586891020178E+02
   6.6000000000000000E+07   3.2850811012481079E-01   3.0440648774852712E+00   3.0684840060970913E+02
   6.7000000000000000E+07   3.2534729645139249E-01   3.0736385730176248E+00   3.0377380591910696E+02
   6.8000000000000000E+07   3.2223599374056261E-01   3.1033156426501387E+00   3.0063299277494082E+02
   6.9000000000000000E+07   3.1917939482484148E-01   3.1330343255672184E+00   2.9749767181426591E+02
   7.0000000000000000E+07   3.1648322013977592E-01   3.1597251808748239E+00   2.9792331645992664E+02
   7.1000000000000000E+07   3.1357098838466380E-01   3.1890705359938472E+00   2.9524544289106484E+02
   7.2000000000000000E+07   3.1070819336749356E-01   3.2184539106029919E+00   2.9255515383665460E+02
   7.3000000000000000E+07   3.0788984368514050E-01   3.2479148647158267E+00   2.8981064007681385E+02
   7.4000000000000000E+07   3.0511347677475859E-01   3.2774691258171527E+00   2.8699792677305351E+02
   7.5000000000000000E+07   3.0238372394176616E-01   3.3070563023841282E+00   2.8418507109098113E+02
   7.6000000000000000E+07   2.9970172749828672E-01   3.3366507705756110E+00   2.8140030781575979E+02
   7.7000000000000000E+07   2.9733918144673355E-01   3.3631625510449048E+00   2.8210810659612969E+02
   7.8000000000000000E+07   2.9477271265521715E-01   3.3924442700015343E+00   2.7967277310350499E+02
   7.9000000000000000E+07   2.9225115527735873E-01   3.4217144464354909E+00   2.7727114656345083E+02
   8.0000000000000000E+07   2.8976572919244653E-01   3.4510637361668639E+00   2.7480380810484320E+02
   8.1000000000000000E+07   2.8731700931495041E-01   3.4804761555339132E+00   2.7229276230317487E+02
   8.2000000000000000E+07   2.8490826239603306E-01   3.5099017192065953E+00   2.6979052379816767E+02
   8.3000000000000000E+07   2.8253980743749785E-01   3.5393242781239440E+00   2.6731481335204415E+02
   8.4000000000000000E+07   2.8043732220917961E-01   3.5658591806624624E+00   2.6802443601574481E+02
   8.5000000000000000E+07   2.7816413162800341E-01   3.5949998087364041E+00   2.6584384091269038E+02
   8.6000000000000000E+07   2.7592935116517014E-01   3.6241160854301593E+00   2.6370113825065533E+02
   8.7000000000000000E+07   3.2566629279042586E-01   3.0706278854702482E+00   2.5968450661051838E+02
   8.8000000000000000E+07   3.2323025729064614E-01   3.0937697738513630E+00   2.5774868418870028E+02
   8.9000000000000000E+07   3.2083283673777468E-01   3.1168879412967541E+00   2.5584363613032767E+02
   9.0000000000000000E+07   3.1847314993110365E-01   3.1399821310409792E+00   2.5396865452858984E+02
   9.1000000000000000E+07   3.1615034050335666E-01   3.1630521049189979E+00   2.5212305567124488E+02
   9.2000000000000000E+07   3.1386357553056138E-01   3.1860976486665580E+00   2.5030616850900338E+02
   9.3000000000000000E+07   3.1161204574713364E-01   3.2091185615188906E+00   2.4851734905835926E+02
   9.4000000000000000E+07   3.0939496414575746E-01   3.2321146621148475E+00   2.4675596822390352E+02
   9.5000000000000000E+07   3.0721156528762772E-01   3.2550857877493877E+00   2.4502141074378162E+02
   9.6000000000000000E+07   3.0506110521746044E-01   3.2780317873927518E+00   2.4331308432160978E+02
   9.7000000000000000E+07   3.0294286032887396E-01   3.3009525258803025E+00   2.4163041075910539E+02
   9.8000000000000000E+07   3.0085612666542616E-01   3.3238478839823418E+00   2.3997282395968480E+02
   9.9000000000000000E+07   2.9880021993991518E-01   3.3467177507469277E+00   2.3833978039567074E+02
   1.0000000000000000E+08   2.9677447432013654E-01   3.3695620295203699E+00   2.3673074771681286E+02
   1.1000000000000000E+08   2.7804165557767740E-01   3.5965833893570203E+00   2.2185379571120544E+02
   1.2000000000000000E+08   2.6171124298366616E-01   3.8210051222843795E+00   2.0888801099913570E+02
   1.3000000000000000E+08   2.4735045019387078E-01   4.0428468968470046E+00   1.9748834443809895E+02
   1.4000000000000000E+08   2.3462274488640461E-01   4.2621613709453534E+00   1.8738672644736926E+02
   1.5000000000000000E+08   2.2326319198791800E-01   4.4790186465403377E+00   1.7837226051937654E+02
   1.6000000000000000E+08   2.1306073856379557E-01   4.6934972944373596E+00   1.7027702899877883E+02
   1.7000000000000000E+08   2.0384537689598264E-01   4.9056790751270061E+00   1.6296582288368526E+02
   1.8000000000000000E+08   1.9547874071950910E-01   5.1156458053660794E+00   1.5632863569632829E+02
   1.9000000000000000E+08   1.8784713493101160E-01   5.3234775199912328E+00   1.5027509869710090E+02
   2.0000000000000000E+08   1.8085630843388195E-01   5.5292514187614499E+00   1.4473031446699750E+02
   2.1000000000000000E+08   1.7442748921428880E-01   5.7330413027471465E+00   1.3963169774490362E+02
   2.2000000000000000E+08   1.6849434406460531E-01   5.9349173145929042E+00   1.3492655567183144E+02
   2.3000000000000000E+08   1.6300062311352673E-01   6.1349458725904373E+00   1.3057021030015181E+02
   2.4000000000000000E+08   1.5789831730169171E-01   6.3331897203776357E+00   1.2652453237162094E+02
   2.5000000000000000E+08   1.5314620397233936E-01   6.5297080440897908E+00   1.2275678791128769E+02
   2.6000000000000000E+08   1.4870868879513702E-01   6.7245566355414033E+00   1.1923871485470178E+02
   2.7000000000000000E+08   1.4455487638608100E-01   6.9177880746767313E+00   1.1594578386657005E+02
   2.8000000000000000E+08   1.4065781878296121E-01   7.1094519213540988E+00   1.1285659987695230E+02
   2.9000000000000000E+08   1.3699390351469040E-01   7.2995949041832082E+00   1.0995241808688499E+02
   3.0000000000000000E+08   1.3354235192376884E-01   7.4882611066400795E+00   1.0721674557718143E+02
   3.1000000000000000E+08   1.3028480527552172E-01   7.6754921487984378E+00   1.0463500952915984E+02
   3.2000000000000000E+08   1.2720498140787595E-01   7.8613273547327038E+00   1.0219428641875507E+02
   3.3000000000000000E+08   1.2428838819301985E-01   8.0458039124861784E+00   9.9883073582869343E+01
   3.4000000000000000E+08   1.2152208323436679E-01   8.2289570206873908E+00   9.7691100175659017E+01
   3.5000000000000000E+08   1.1889447123097495E-01   8.4108200292788329E+00   9.5609163834886715E+01
   3.6000000000000000E+08   1.1639513240626523E-01   8.5914245667044131E+00   9.3628995318972997E+01
   3.7000000000000000E+08   1.1401467652807531E-01   8.7708006587534122E+00   9.1743142327147638E+01
   3.8000000000000000E+08   1.1174461822220061E-01   8.9489768358376960E+00   8.9944872445979058E+01
   3.9000000000000000E+08   1.0957726994768836E-01   9.1259802373009933E+00   8.8228085335859888E+01
   4.0000000000000000E+08   1.0750564988681166E-01   9.3018367039579744E+00   8.6587240288375796E+01
   4.1000000000000000E+08   1.0552340234638927E-01   9.4765708626169740E+00   8.5017294338218704E+01
   4.2000000000000000E+08   1.0362472870268559E-01   9.6502062057903721E+00   8.3513647133689815E+01
   4.3000000000000000E+08   1.0180432729828104E-01   9.8227651666520579E+00   8.2072091792369889E+01
   4.4000000000000000E+08   1.0005734100942891E-01   9.9942691851641854E+00   8.0688774542164410E+01
   4.5000000000000000E+08   9.8379311322614904E-02   1.0164738770336619E+01   7.9360158402165808E+01
   4.6000000000000000E+08   9.6766137983745545E-02   1.0334193560230510E+01   7.8082989310826136E+01
   4.7000000000000000E+08   9.5214043517938829E-02   1.0502652371985388E+01   7.6854270676162727E+01
   4.8000000000000000E+08   9.3719541858993172E-02   1.0670133252513780E+01   7.5671237382805160E+01
   4.9000000000000000E+08   9.2279410576576237E-02   1.0836653525979882E+01   7.4531332399902013E+01
   5.0000000000000000E+08   9.0890666264314787E-02   1.1002229833940794E+01   7.3432189046729079E+01
   5.1000000000000000E+08   8.9550542618147530E-02   1.1166878175871028E+01   7.2371612643062107E+01
   5.2000000000000000E+08   8.8256470905142492E-02   1.1330613945291264E+01   7.1347565320996665E+01
   5.3000000000000000E+08   8.7006062514451074E-02   1.1493451963004388E+01   7.0358152703317543E+01
   5.4000000000000000E+08   8.5797093309790740E-02   1.1655406511142086E+01   6.9401609639055934E+01
   5.5000000000000000E+08   8.4627489630872313E-02   1.1816491359507346E+01   6.8476291352060443E+01
   5.6000000000000000E+08   8.3495315673542445E-02   1.1976719794795326E+01   6.7580662066427251E+01
   5.7000000000000000E+08   8.2398762147618043E-02   1.2136104644490802E+01   6.6713287187133901E+01
   5.8000000000000000E+08   8.1336136011892865E-02   1.2294658303583311E+01   6.5872823077420705E+01
   5.9000000000000000E+08   8.0305851235186035E-02   1.2452392753690777E+01   6.5058011986757080E+01
   6.0000000000000000E+08   7.9306420394910496E-02   1.2609319586238385E+01   6.4267673694316628E+01
   6.1000000000000000E+08   7.8336447085534555E-02   1.2765450019811507E+01   6.3500700969025679E+01
   6.2000000000000000E+08   7.7394618994228989E-02   1.2920794920827328E+01   6.2756052406603601E+01
   6.3000000000000000E+08   7.6479701628575453E-02   1.3075364818452243E+01   6.2032748930856933E+01
   6.4000000000000000E+08   7.5590532578879807E-02   1.3229169922258265E+01   6.1329868163447976E+01
   6.5000000000000000E+08   7.4726016305259088E-02   1.3382220134885230E+01   6.0646541892674797E+01
   6.6000000000000000E+08   7.3885119340252867E-02   1.3534525069856613E+01   5.9981949781381431E+01
   6.7000000000000000E+08   7.3066865935893163E-02   1.3686094061805967E+01   5.9335317989116774E+01
   6.8000000000000000E+08   7.2270334052621080E-02   1.3836936180091346E+01   5.8705915275775851E+01
   6.9000000000000000E+08   7.1494651685945834E-02   1.3987060240431616E+01   5.8093050167910569E+01
   7.0000000000000000E+08   7.0738993484842874E-02   1.4136474817305233E+01   5.7496067421182481E+01
   7.1000000000000000E+08   7.0002577661566812E-02   1.4285188251703845E+01   5.6914347383859059E+01
   7.2000000000000000E+08   6.9284663118999779E-02   1.4433208663834471E+01   5.6347301869036826E+01
   7.3000000000000000E+08   6.8584546828358392E-02   1.4580543959889802E+01   5.5794373711637590E+01
   7.4000000000000000E+08   6.7901561386030859E-02   1.4727201843192468E+01   5.5255033402577745E+01
   7.5000000000000000E+08   6.7235072772816137E-02   1.4873189821314671E+01   5.4728778033051668E+01
   7.6000000000000000E+08   6.6584478274182957E-02   1.5018515214344390E+01   5.4215129454973344E+01
   7.7000000000000000E+08   6.5949204559511504E-02   1.5163185161659019E+01   5.3713633179620253E+01
   7.8000000000000000E+08   6.5328705893757930E-02   1.5307206630210455E+01   5.3223856262784167E+01
   7.9000000000000000E+08   6.4722462485829718E-02   1.5450586420733595E+01   5.2745386219372392E+01
   8.0000000000000000E+08   6.4129978954350617E-02   1.5593331173737422E+01   5.2277830172031535E+01
   8.1000000000000000E+08   6.3550782901986069E-02   1.5735447375090457E+01   5.1820813911802787E+01
   8.2000000000000000E+08   6.2984423577768955E-02   1.5876941364165493E+01   5.1373979380981794E+01
   8.3000000000000000E+08   6.2430470653651218E-02   1.6017819336133989E+01   5.0936985733771230E+01
   8.4000000000000000E+08   6.1888513060469795E-02   1.6158087350118169E+01   5.0509506509588505E+01
   8.5000000000000000E+08   6.1358157923725974E-02   1.6297751331503388E+01   5.0091230428461131E+01
   8.6000000000000000E+08   6.0839029553233261E-02   1.6436817078500813E+01   4.9681859505563786E+01
   8.7000000000000000E+08   6.0330768507410371E-02   1.6575290266311974E+01   4.9281108476459657E+01
   8.8000000000000000E+08   5.9833030720354431E-02   1.6713176450542274E+01   4.8888704585485613E+01
   8.9000000000000000E+08   5.9345486678482495E-02   1.6850481072262912E+01   4.8504386445093019E+01
   9.0000000000000000E+08   5.8867820657106627E-02   1.6987209460747692E+01   4.8127904019768664E+01
   9.1000000000000000E+08   5.8399729992350602E-02   1.7123366839726547E+01   4.7759016630946086E+01
   9.2000000000000000E+08   5.7940924417210361E-02   1.7258958327958041E+01   4.7397494142928728E+01
   9.3000000000000000E+08   5.7491125426727498E-02   1.7393988943119599E+01   4.7043116163354007E+01
   9.4000000000000000E+08   5.7050065677073290E-02   1.7528463607043140E+01   4.6695670388835268E+01
   9.5000000000000000E+08   5.6617488432668971E-02   1.7662387147201468E+01   4.6354953196497057E+01
   9.6000000000000000E+08   5.6193147040845985E-02   1.7795764299748413E+01   4.6020769101216608E+01
   9.7000000000000000E+08   5.5776804435295355E-02   1.7928599713166857E+01   4.5692929905513438E+01
   9.8000000000000000E+08   5.5368232673838537E-02   1.8060897950107403E+01   4.5371254885509693E+01
   9.9000000000000000E+08   5.4967212499327359E-02   1.8192663490298646E+01   4.5055570246160642E+01
   1.0000000000000000E+09   5.4573532925818936E-02   1.8323900733333254E+01   4.4745708626136384E+01
   1.1000000000000000E+09   5.0999249185034075E-02   1.9608131805466932E+01   4.1934665408383673E+01
   1.2000000000000000E+09   4.7975764563023854E-02   2.0843857499891218E+01   3.9560584336958918E+01
   1.3000000000000000E+09   4.5383472837625054E-02   2.2034453017243596E+01   3.7528612313856385E+01
   1.4000000000000000E+09   4.3135342982666129E-02   2.3182845686467559E+01   3.5769731423462460E+01
   1.5000000000000000E+09   4.1166479735865527E-02   2.4291608279752150E+01   3.4232478383894822E+01
   1.6000000000000000E+09   3.9427470507040763E-02   2.5363027025064291E+01   3.2877668985752770E+01
   1.7000000000000000E+09   3.7880004015119255E-02   2.6399152428834608E+01   3.1674922038960567E+01
   1.8000000000000000E+09   3.6493902243883415E-02   2.7401838074677418E+01   3.0600307274568419E+01
   1.9000000000000000E+09   3.5245059643456228E-02   2.8372770825645777E+01   2.9634708799906068E+01
   2.0000000000000000E+09   3.4113980937082247E-02   2.9313494717732869E+01   2.8762667341084832E+01
   2.1000000000000000E+09   3.3084723512809576E-02   3.0225430163042628E+01   2.7971541013644458E+01
   2.2000000000000000E+09   3.2144119228442694E-02   3.1109889584877820E+01   2.7250887916302869E+01
   2.3000000000000000E+09   3.1281192914134871E-02   3.1968090307327614E+01   2.6592004657051547E+01
   2.4000000000000000E+09   3.0486721770709053E-02   3.2801165291598430E+01   2.5987578333247356E+01
   2.5000000000000000E+09   2.9752897267064492E-02   3.3610172180003737E+01   2.5431416961054381E+01
   2.6000000000000000E+09   2.9073062692553171E-02   3.4396100974120692E+01   2.4918241800871549E+01
   2.7000000000000000E+09   2.8441507271724023E-02   3.5159880608514023E+01   2.4443524559045482E+01
   2.8000000000000000E+09   2.7853303070167847E-02   3.5902384628523485E+01   2.4003357846277890E+01
   2.9000000000000000E+09   2.7304174640738588E-02   3.6624436122232105E+01   2.3594351048341149E+01
   3.0000000000000000E+09   2.6790393971169803E-02   3.7326812031063803E+01   2.3213548241127981E+01
   3.1000000000000000E+09   2.6308695162438986E-02   3.8010246947849531E+01   2.2858359619043274E+01
   3.2000000000000000E+09   2.5856204641115443E-02   3.8675436471826281E+01   2.2526506637199290E+01
   3.3000000000000000E+09   2.5430383691988762E-02   3.9323040191290012E+01   2.2215976253100752E+01
   3.4000000000000000E+09   2.5028980837177604E-02   3.9953684351166942E+01   2.1924983047315237E+01
   3.5000000000000000E+09   2.4649992147471895E-02   4.0567964241828783E+01   2.1651938046098859E+01
   3.6000000000000000E+09   2.4291627977825227E-02   4.1166446353980753E+01   2.1395422137742500E+01
   3.7000000000000000E+09   2.3952284947646261E-02   4.1749670321046679E+01   2.1154163952383620E+01
   3.8000000000000000E+09   2.3630522216580106E-02   4.2318150688111359E+01   2.0927020994490064E+01
   3.9000000000000000E+09   2.3325041310363122E-02   4.2872378517748153E+01   2.0712963583283237E+01
   4.0000000000000000E+09   2.3034668890147679E-02   4.3412822852761614E+01   2.0511061309419915E+01
   4.1000000000000000E+09   2.2758341969871448E-02   4.3939932062003756E+01   2.0320471335393432E+01
   4.2000000000000000E+09   2.2495095191459358E-02   4.4454135067615404E+01   2.0140427984243235E+01
   4.3000000000000000E+09   2.2244049821775989E-02   4.4955842484269311E+01   1.9970234884582350E+01
   4.4000000000000000E+09   2.2004404216276204E-02   4.5445447655443488E+01   1.9809255993150430E+01
   4.5000000000000000E+09   2.1775425513463714E-02   4.5923327623687612E+01   1.9656910265983836E+01
   4.6000000000000000E+09   2.1556442387113066E-02   4.6389844021656515E+01   1.9512665560688259E+01
   4.7000000000000000E+09   2.1346838696624685E-02   4.6845343903690896E+01   1.9376033055455256E+01
   4.8000000000000000E+09   2.1146047914229620E-02   4.7290160509240081E+01   1.9246563534359634E+01
   4.9000000000000000E+09   2.0953548208717001E-02   4.7724613990865024E+01   1.9123843459471473E+01
   5.0000000000000000E+09   2.0768858114474830E-02   4.8149012068364577E+01   1.9007490829875465E+01
   5.1000000000000000E+09   2.0591532684239786E-02   4.8563650668188181E+01   1.8897152733552371E+01
   5.2000000000000000E+09   2.0421160087007000E-02   4.8968814491408452E+01   1.8792503000659845E+01
   5.3000000000000000E+09   2.0257358569160881E-02   4.9364777573832669E+01   1.8693238529308388E+01
   5.4000000000000000E+09   2.0099773753169802E-02   4.9751803790443006E+01   1.8599078515835316E+01
   5.5000000000000000E+09   1.9948076220828337E-02   5.0130147335003294E+01   1.8509761398230442E+01
   5.6000000000000000E+09   1.9801959348124350E-02   5.0500053172501872E+01   1.8425044792479646E+01
   5.7000000000000000E+09   1.9661137357578566E-02   5.0861757476840012E+01   1.8344701413209691E+01
   5.8000000000000000E+09   1.9525343582124620E-02   5.1215488003780713E+01   1.8268519956282738E+01
   5.9000000000000000E+09   1.9394328878420596E-02   5.1561464501752667E+01   1.8196302886061364E+01
   6.0000000000000000E+09   1.9267860220331643E-02   5.1899899032108920E+01   1.8127865551189306E+01
   6.1000000000000000E+09   1.9145719400972018E-02   5.2230996342150021E+01   1.8063034563434378E+01
   6.2000000000000000E+09   1.9027701882499738E-02   5.2554954149230483E+01   1.8001648394457010E+01
   6.3000000000000000E+09   1.8913615733298899E-02   5.2871963462777877E+01   1.7943554230942922E+01
   6.4000000000000000E+09   1.8803280671889376E-02   5.3182208862891954E+01   1.7888609319590355E+01
   6.5000000000000000E+09   1.8696527198119883E-02   5.3485868760726852E+01   1.7836679280035174E+01
   6.6000000000000000E+09   1.8593195790651048E-02   5.3783115676263463E+01   1.7787637615665226E+01
   6.7000000000000000E+09   1.8493136191278070E-02   5.4074116453629472E+01   1.7741364995358278E+01
   6.8000000000000000E+09   1.8396206735486753E-02   5.4359032510271511E+01   1.7697749503827492E+01
   6.9000000000000000E+09   1.8302273746765199E-02   5.4638020053477959E+01   1.7656684793726392E+01
   7.0000000000000000E+09   1.8211210984627493E-02   5.4911230277004833E+01   1.7618070878895779E+01
   7.1000000000000000E+09   1.8122899131470839E-02   5.5178809568248205E+01   1.7581813021808838E+01
   7.2000000000000000E+09   1.8037225325658279E-02   5.5440899691898963E+01   1.7547821942034169E+01
   7.3000000000000000E+09   1.7954082724884201E-02   5.5697637987041745E+01   1.7516012704913088E+01
   7.4000000000000000E+09   1.7873370121793890E-02   5.5949157499997739E+01   1.7486305253904565E+01
   7.5000000000000000E+09   1.7794991565687306E-02   5.6195587185791211E+01   1.7458623353527475E+01
   7.6000000000000000E+09   1.7718856035054849E-02   5.6437052032118089E+01   1.7432894887742250E+01
   7.7000000000000000E+09   1.7644877112261960E-02   5.6673673250184891E+01   1.7409051281195548E+01
   7.8000000000000000E+09   1.7572972715272448E-02   5.6905568352183970E+01   1.7387027547089076E+01
   7.9000000000000000E+09   1.7503064811470157E-02   5.7132851347535286E+01   1.7366761666477462E+01
   8.0000000000000000E+09   1.7435079181542343E-02   5.7355632835820487E+01   1.7348194947640557E+01
   8.1000000000000000E+09   1.7368945182642499E-02   5.7574020154047197E+01   1.7331271281195260E+01
   8.2000000000000000E+09   1.7304595545198108E-02   5.7788117462097659E+01   1.7315937266890927E+01
   8.3000000000000000E+09   1.7241966161874820E-02   5.7998025898646375E+01   1.7302142228122090E+01
   8.4000000000000000E+09   1.7180995920034303E-02   5.8203843633646798E+01   1.7289837478894263E+01
   8.5000000000000000E+09   1.7121626510633842E-02   5.8405666037565041E+01   1.7278977154412889E+01
   8.6000000000000000E+09   1.7063802282911961E-02   5.8603585731969048E+01   1.7269516801197256E+01
   8.7000000000000000E+09   1.7007470092898345E-02   5.8797692692551678E+01   1.7261414358071978E+01
   8.8000000000000000E+09   1.6952579159964783E-02   5.8988074355175435E+01   1.7254629549303697E+01
   8.9000000000000000E+09   1.6899080939049800E-02   5.9174815695996550E+01   1.7249123923288295E+01
   9.0000000000000000E+09   1.6846929002005691E-02   5.9357999305448871E+01   1.7244860564631161E+01
   9.1000000000000000E+09   1.6796078916721930E-02   5.9537705494132616E+01   1.7241804496033410E+01
   9.2000000000000000E+09   1.6746488154118694E-02   5.9714012322879555E+01   1.7239921798467059E+01
   9.3000000000000000E+09   1.6698115969026948E-02   5.9886995745800498E+01   1.7239180147937013E+01
   9.4000000000000000E+09   1.6650923329354306E-02   6.0056729601119272E+01   1.7239548739449546E+01
   9.5000000000000000E+09   1.6604872809753424E-02   6.0223285746134529E+01   1.7240997436979896E+01
   9.6000000000000000E+09   1.6559928517024283E-02   6.0386734095618792E+01   1.7243498604710492E+01
   9.7000000000000000E+09   1.6516056016422545E-02   6.0547142671692441E+01   1.7247024100872334E+01
   9.8000000000000000E+09   1.6473222250757858E-02   6.0704577694506291E+01   1.7251548494660963E+01
   9.9000000000000000E+09   1.6431395478307711E-02   6.0859103617837782E+01   1.7257045992577194E+01
   1.0000000000000000E+10   1.6390545203186887E-02   6.1010783204793320E+01   1.7263492388233541E+01
   1.1000000000000000E+10   1.6029823187114618E-02   6.2383719915503391E+01   1.7375462341821486E+01
   1.2000000000000000E+10   1.5740533261973527E-02   6.3530249157176364E+01   1.7561560013955024E+01
   1.3000000000000000E+10   1.5505826218452432E-02   6.4491887495164107E+01   1.7808426705104036E+01
   1.4000000000000000E+10   1.5313635754584240E-02   6.5301278940283225E+01   1.8106498247310579E+01
   1.5000000000000000E+10   1.5155104829352877E-02   6.5984367067073606E+01   1.8448754939126701E+01
   1.6000000000000000E+10   1.5023593968406943E-02   6.6561969266667901E+01   1.8829935758212958E+01
   1.7000000000000000E+10   1.4914035063352602E-02   6.7050935293644471E+01   1.9246025477623281E+01
   1.8000000000000000E+10   1.4822498004938060E-02   6.7465011610516243E+01   1.9693911908175256E+01
   1.9000000000000000E+10   1.4745892662777307E-02   6.7815494312139919E+01   2.0171148625357560E+01
   2.0000000000000000E+10   1.4681759438409481E-02   6.8111727630127490E+01   2.0675788947799873E+01
   2.1000000000000000E+10   1.4628119101211475E-02   6.8361488792990613E+01   2.1206267580147312E+01
   2.2000000000000000E+10   1.4583363370381994E-02   6.8571287336290666E+01   2.1761312679091919E+01
   2.3000000000000000E+10   1.4546173794278625E-02   6.8746600593575010E+01   2.2339882481698019E+01
   2.4000000000000000E+10   1.4515460904373650E-02   6.8892059755311692E+01   2.2941116544899501E+01
   2.5000000000000000E+10   1.4490317837986211E-02   6.9011598722735471E+01   2.3564298692107787E+01
   2.6000000000000000E+10   1.4469984811234323E-02   6.9108572886932961E+01   2.4208829204069918E+01
   2.7000000000000000E+10   1.4453821344709804E-02   6.9185855847457731E+01   2.4874204605893212E+01
   2.8000000000000000E+10   1.4441284488285465E-02   6.9245917896789848E+01   2.5559995884789245E+01
   2.9000000000000000E+10   1.4431911683127917E-02   6.9290889658719408E+01   2.6265838936485967E+01
   3.0000000000000000E+10   1.4425306902596698E-02   6.9322615231152568E+01   2.6991422053578876E+01
   3.1000000000000000E+10   1.4421129663546957E-02   6.9342695290213797E+01   2.7736477558705111E+01
   3.2000000000000000E+10   1.4419086016358188E-02   6.9352523375303988E+01   2.8500774577597138E+01
   3.3000000000000000E+10   1.4418921188709074E-02   6.9353316167860271E+01   2.9284112627277221E+01
   3.4000000000000000E+10   1.4420413642537452E-02   6.9346138383311839E+01   3.0086317768295924E+01
   3.5000000000000000E+10   1.4423370062230169E-02   6.9331924209492144E+01   3.0907238711140621E+01
   3.6000000000000000E+10   1.4427621274137504E-02   6.9311495013565988E+01   3.1746741649609969E+01
   3.7000000000000000E+10   1.4433018747889496E-02   6.9285574796764365E+01   3.2604711019778414E+01
   3.8000000000000000E+10   1.4439431822173963E-02   6.9254802565316083E+01   3.3481043679262001E+01
   3.9000000000000000E+10   1.4446745179621197E-02   6.9219743794651805E+01   3.4375649505384082E+01
   4.0000000000000000E+10   1.4454856847836763E-02   6.9180899577684499E+01   3.5288446450064257E+01
   4.1000000000000000E+10   1.4463676431081493E-02   6.9138714818803990E+01   3.6219366434585147E+01
   4.2000000000000000E+10   1.4473123703254053E-02   6.9093584806102768E+01   3.7168346203999135E+01
   4.3000000000000000E+10   1.4483127147654561E-02   6.9045862112861656E+01   3.8135326199429947E+01
   4.4000000000000000E+10   1.4493623123600606E-02   6.8995860556885603E+01   3.9120257382270701E+01
   4.5000000000000000E+10   1.4504554776525286E-02   6.8943860422274909E+01   4.0123095804565892E+01
   4.6000000000000000E+10   1.4515871230957633E-02   6.8890112352838003E+01   4.1143800860439612E+01
   4.7000000000000000E+10   1.4527526938835697E-02   6.8834840521049117E+01   4.2182337383261242E+01
   4.8000000000000000E+10   1.4539480995370615E-02   6.8778245957912887E+01   4.3238668209875911E+01
   4.9000000000000000E+10   1.4551696723816681E-02   6.8720508610058218E+01   4.4312768424122112E+01
   5.0000000000000000E+10   1.4564141135360822E-02   6.8661789988567378E+01   4.5404609289908471E+01
   5.1000000000000000E+10   1.4576784529519752E-02   6.8602235148285217E+01   4.6514168344545048E+01
   5.2000000000000000E+10   1.4589600056593892E-02   6.8541974839676413E+01   4.7641419881736084E+01
   5.3000000000000000E+10   1.4602563703816152E-02   6.8481125662794796E+01   4.8786347099387150E+01
   5.4000000000000000E+10   1.4615653522774521E-02   6.8419793780809883E+01   4.9948931467897566E+01
   5.5000000000000000E+10   1.4628849944013625E-02   6.8358073520961725E+01   5.1129156123394658E+01
   5.6000000000000000E+10   1.4642135142335607E-02   6.8296050424274895E+01   5.2327004546499268E+01
   5.7000000000000000E+10   1.4655493048305795E-02   6.8233801258266240E+01   5.3542461911079350E+01
   5.8000000000000000E+10   1.4668908992949500E-02   6.8171395737790903E+01   5.4775518698361097E+01
   5.9000000000000000E+10   1.4682369909151649E-02   6.8108895647472508E+01   5.6026161364671900E+01
   6.0000000000000000E+10   1.4695863802344486E-02   6.8046357359440577E+01   5.7294379163916624E+01
   6.1000000000000000E+10   1.4709379840094834E-02   6.7983831464750111E+01   5.8580160637561789E+01
   6.2000000000000000E+10   1.4722908359388746E-02   6.7921362789866421E+01   5.9883496692156953E+01
   6.3000000000000000E+10   1.4736440268688580E-02   6.7858993201008090E+01   6.1204377057131801E+01
   6.4000000000000000E+10   1.4749967676261657E-02   6.7796758742012898E+01   6.2542798351858792E+01
   6.5000000000000000E+10   1.4763483220933120E-02   6.7734692757472146E+01   6.3898751863655470E+01
   6.6000000000000000E+10   1.4776980379221778E-02   6.7672824510623371E+01   6.5272225982931360E+01
   6.7000000000000000E+10   1.4790453070528562E-02   6.7611181025454783E+01   6.6663216207317177E+01
   6.8000000000000000E+10   1.4803896041289117E-02   6.7549785354539722E+01   6.8071715868497137E+01
   6.9000000000000000E+10   1.4817304343470433E-02   6.7488658990842140E+01   6.9497719959521490E+01
   7.0000000000000000E+10   1.4830673498409686E-02   6.7427821137538459E+01   7.0941221049136772E+01
   7.1000000000000000E+10   1.4843999658035935E-02   6.7367287997655069E+01   7.2402212490170584E+01
   7.2000000000000000E+10   1.4857279165863027E-02   6.7307074790494610E+01   7.3880692808481385E+01
   7.3000000000000000E+10   1.4870508738475383E-02   6.7247194940455444E+01   7.5376658834747630E+01
   7.4000000000000000E+10   1.4883685510668973E-02   6.7187659889963200E+01   7.6890097337016797E+01
   7.5000000000000000E+10   1.4896807007020306E-02   6.7128479245836886E+01   7.8421010479760270E+01
   7.6000000000000000E+10   1.4909870686389595E-02   6.7069662845087279E+01   7.9969388869812235E+01
   7.7000000000000000E+10   1.4922874619063825E-02   6.7011217712873488E+01   8.1535229109434852E+01
   7.8000000000000000E+10   1.4935816894738630E-02   6.6953150741441235E+01   8.3118533253045641E+01
   7.9000000000000000E+10   1.4948695969994399E-02   6.6895467136881962E+01   8.4719289900056125E+01
   8.0000000000000000E+10   1.4961510229789378E-02   6.6838172393113936E+01   8.6337495335260613E+01
   8.1000000000000000E+10   1.4974258579720380E-02   6.6781269648588733E+01   8.7973150373732381E+01
   8.2000000000000000E+10   1.4986939751251821E-02   6.6724762799988753E+01   8.9626246871778704E+01
   8.3000000000000000E+10   1.4999552848436123E-02   6.6668654066195160E+01   9.1296781142727909E+01
   8.4000000000000000E+10   1.5012097089692545E-02   6.6612945148523593E+01   9.2984750411183924E+01
   8.5000000000000000E+10   1.5024571727839041E-02   6.6557637589569310E+01   9.4690148438809203E+01
   8.6000000000000000E+10   1.5036976032983819E-02   6.6502732850440538E+01   9.6412979108128269E+01
   8.7000000000000000E+10   1.5049309762268957E-02   6.6448230237586117E+01   9.8153232305744424E+01
   8.8000000000000000E+10   1.5061572500508148E-02   6.6394129827165258E+01   9.9910901435872162E+01
   8.9000000000000000E+10   1.5073763762400562E-02   6.6340432009048939E+01   1.0168598307047023E+02
   9.0000000000000000E+10   1.5085883430229879E-02   6.6287135561192798E+01   1.0347848217394717E+02
   9.1000000000000000E+10   1.5097931393884259E-02   6.6234239241878626E+01   1.0528838973518815E+02
   9.2000000000000000E+10   1.5109907455417817E-02   6.6181742207920635E+01   1.0711570143844339E+02
   9.3000000000000000E+10   1.5121811825413828E-02   6.6129641840893214E+01   1.0896041417756949E+02
   9.4000000000000000E+10   1.5133644247830397E-02   6.6077937582242498E+01   1.1082252797230024E+02
   9.5000000000000000E+10   1.5145404961888320E-02   6.6026626723840380E+01   1.1270202647565755E+02
   9.6000000000000000E+10   1.5157093963559970E-02   6.5975707639218768E+01   1.1459891985870941E+02
   9.7000000000000000E+10   1.5168711773238520E-02   6.5925176438796569E+01   1.1651319794790712E+02
   9.8000000000000000E+10   1.5180258087504830E-02   6.5875032837756549E+01   1.1844486014695043E+02
   9.9000000000000000E+10   1.5191733617273986E-02   6.5825272163996829E+01   1.2039390333493165E+02
   1.0000000000000000E+11   1.5203138541597470E-02   6.5775892080696991E+01   1.2236031233997835E+02
   1.1000000000000000E+11   1.5313379466574286E-02   6.5302371836522340E+01   1.4297918631573094E+02
   1.2000000000000000E+11   1.5417014210609587E-02   6.4863402623824925E+01   1.6533104267821776E+02
   1.3000000000000000E+11   1.5514553619332877E-02   6.4455608877711299E+01   1.8941146240720255E+02
   1.4000000000000000E+11   1.5606522247437771E-02   6.4075774483593037E+01   2.1521560030535784E+02
   1.5000000000000000E+11   1.5693418866897929E-02   6.3720978104350259E+01   2.4273818588918283E+02
   1.6000000000000000E+11   1.5775701961224679E-02   6.3388621467235772E+01   2.7197351716815848E+02
   1.7000000000000000E+11   1.5853785232211558E-02   6.3076418997288449E+01   3.0291546246100711E+02
   1.8000000000000000E+11   1.5928039317506464E-02   6.2782366370787585E+01   3.3555752941200484E+02
   1.9000000000000000E+11   1.5998793816255394E-02   6.2504712010474286E+01   3.6989278670574726E+02
   2.0000000000000000E+11   1.6066341253586986E-02   6.2241924543756305E+01   4.0591395617404009E+02
   2.1000000000000000E+11   1.6130944403737441E-02   6.1992650583328917E+01   4.4361333375566358E+02
   2.2000000000000000E+11   1.6192835041033422E-02   6.1755708464018326E+01   4.8298293695105497E+02
   2.3000000000000000E+11   1.6252221561779624E-02   6.1530049673436764E+01   5.2401440697717112E+02
   2.4000000000000000E+11   1.6309290197886645E-02   6.1314746863084210E+01   5.6669898450748622E+02
   2.5000000000000000E+11   1.6364208446179349E-02   6.1108974704699285E+01   6.1102768331026471E+02
   2.6000000000000000E+11   1.6417127592835500E-02   6.0911995374660073E+01   6.5699113518430295E+02
   2.7000000000000000E+11   1.6468182220337958E-02   6.0723156121324379E+01   7.0457968561806501E+02
   2.8000000000000000E+11   1.6517497386361414E-02   6.0541859133315533E+01   7.5378337360487865E+02
   2.9000000000000000E+11   1.6565181585243151E-02   6.0367584554028404E+01   8.0459194168069655E+02
   3.0000000000000000E+11   1.6611338077208902E-02   6.0199846355064004E+01   8.5699484469956656E+02
   3.1000000000000000E+11   1.6656060137605583E-02   6.0038207819760949E+01   9.1098129055917332E+02
   3.2000000000000000E+11   1.6699430446408502E-02   5.9882281806507201E+01   9.6654009768885044E+02
   3.3000000000000000E+11   1.6741528658787658E-02   5.9731701947963899E+01   1.0236600555012977E+03
   3.4000000000000000E+11   1.6782423594485882E-02   5.9586149424125203E+01   1.0823294873221982E+03
   3.5000000000000000E+11   1.6822183164807825E-02   5.9445316354182268E+01   1.1425365583248190E+03
   3.6000000000000000E+11   1.6860866841897994E-02   5.9308931704215524E+01   1.2042692389187916E+03
   3.7000000000000000E+11   1.6898528656899208E-02   5.9176749662860587E+01   1.2675151218993985E+03
   3.8000000000000000E+11   1.6935222102373242E-02   5.9048531749687754E+01   1.3322618329311899E+03
   3.9000000000000000E+11   1.6970992705381539E-02   5.8924072230783416E+01   1.3984964672755791E+03
   4.0000000000000000E+11   1.7005888566986958E-02   5.8803160802856922E+01   1.4662061146970050E+03
   4.1000000000000000E+11   1.7039950061089080E-02   5.8685617998582728E+01   1.5353777422607222E+03
   4.2000000000000000E+11   1.7073213100279889E-02   5.8571283221645416E+01   1.6059979926995704E+03
   4.3000000000000000E+11   1.7105715138387680E-02   5.8459993745356876E+01   1.6780532931859639E+03
   4.4000000000000000E+11   1.7137491759451503E-02   5.8351596256697832E+01   1.7515300566237397E+03
   4.5000000000000000E+11   1.7168572655867940E-02   5.8245960223036739E+01   1.8264143321144841E+03
   4.6000000000000000E+11   1.7198985228936165E-02   5.8142965220853014E+01   1.9026921441247998E+03
   4.7000000000000000E+11   1.7228762696813331E-02   5.8042473368384272E+01   1.9803492946749402E+03
   4.8000000000000000E+11   1.7257926275956240E-02   5.7944389378531604E+01   2.0593716636195541E+03
   4.9000000000000000E+11   1.7286501942548733E-02   5.7848603686476061E+01   2.1397446319400246E+03
   5.0000000000000000E+11   1.7314508139871225E-02   5.7755033635476842E+01   2.2214537847948855E+03
   5.1000000000000000E+11   1.7341973007947275E-02   5.7663565705109335E+01   2.3044843178222459E+03
   5.2000000000000000E+11   1.7368918630687784E-02   5.7574108167746175E+01   2.3888215955072183E+03
   5.3000000000000000E+11   1.7395358496742293E-02   5.7486599094078727E+01   2.4744506331385851E+03
   5.4000000000000000E+11   1.7421316670140401E-02   5.7400942703370369E+01   2.5613564431522814E+03
   5.5000000000000000E+11   1.7446800891421532E-02   5.7317098201750731E+01   2.6495239651325369E+03
   5.6000000000000000E+11   1.7471839109601116E-02   5.7234959280873916E+01   2.7389380794182039E+03
   5.7000000000000000E+11   1.7496435846967501E-02   5.7154497564332289E+01   2.8295835345265841E+03
   5.8000000000000000E+11   1.7520614409081516E-02   5.7075623985062251E+01   2.9214450556082502E+03
   5.9000000000000000E+11   1.7544386397106392E-02   5.6998288647184090E+01   3.0145072070035362E+03
   6.0000000000000000E+11   1.7567764833025634E-02   5.6922437743480067E+01   3.1087546564730915E+03
   6.1000000000000000E+11   1.7590758105861977E-02   5.6848033153656878E+01   3.2041719409780480E+03
   6.2000000000000000E+11   1.7613392542672683E-02   5.6774979469585972E+01   3.3007434216728834E+03
   6.3000000000000000E+11   1.7635657166629896E-02   5.6703302323896118E+01   3.3984539282506662E+03
   6.4000000000000000E+11   1.7657585232142392E-02   5.6632885349446525E+01   3.4972875517203302E+03
   6.5000000000000000E+11   1.7679170922860310E-02   5.6563738444710417E+01   3.5972288068115258E+03
   6.6000000000000000E+11   1.7700440526849371E-02   5.6495769045020339E+01   3.6982621837623024E+03
   6.7000000000000000E+11   1.7721388278172451E-02   5.6428987633644184E+01   3.8003719050286650E+03
   6.8000000000000000E+11   1.7742026805100168E-02   5.6363346250414729E+01   3.9035426193177909E+03
   6.9000000000000000E+11   1.7762369938630125E-02   5.6298793655072501E+01   4.0077584425124101E+03
   7.0000000000000000E+11   1.7782422905474819E-02   5.6235306364922977E+01   4.1130038928849781E+03
   7.1000000000000000E+11   1.7802198704824964E-02   5.6172836658034171E+01   4.2192635203559776E+03
   7.2000000000000000E+11   1.7821698910463507E-02   5.6111373277262494E+01   4.3265218462948133E+03
   7.3000000000000000E+11   1.7840927113953603E-02   5.6050898790897932E+01   4.4347629727349322E+03
   7.4000000000000000E+11   1.7859901590500125E-02   5.5991349948530008E+01   4.5439715787838350E+03
   7.5000000000000000E+11   1.7878620415534275E-02   5.5932727288685307E+01   4.6541321093138795E+03
   7.6000000000000000E+11   1.7897094091116148E-02   5.5874992605441200E+01   4.7652295033283090E+03
   7.7000000000000000E+11   1.7915339372675799E-02   5.5818088577500511E+01   4.8772477319615127E+03
   7.8000000000000000E+11   1.7933337849582114E-02   5.5762067741522110E+01   4.9901722841040628E+03
   7.9000000000000000E+11   1.7951109897027667E-02   5.5706861900810907E+01   5.1039872781671129E+03
   8.0000000000000000E+11   1.7968663130140099E-02   5.5652442964587053E+01   5.2186776319264573E+03
   8.1000000000000000E+11   1.7986005672254824E-02   5.5598781531721528E+01   5.3342281888690977E+03
   8.2000000000000000E+11   1.8003128854226981E-02   5.5545900276396054E+01   5.4506239058455103E+03
   8.3000000000000000E+11   1.8020051419552482E-02   5.5493737321690432E+01   5.5678497743553753E+03
   8.4000000000000000E+11   1.8036770670972480E-02   5.5442297196213325E+01   5.6858907762182325E+03
   8.5000000000000000E+11   1.8053292640492904E-02   5.5391557646223227E+01   5.8047320071049617E+03
   8.6000000000000000E+11   1.8069630756403644E-02   5.5341473961531456E+01   5.9243591217287512E+03
   8.7000000000000000E+11   1.8085775140352325E-02   5.5292073037491022E+01   6.0447569050176662E+03
   8.8000000000000000E+11   1.8101734865592096E-02   5.5243323771182133E+01   6.1659108471993604E+03
   8.9000000000000000E+11   1.8117509722518507E-02   5.5195223588432029E+01   6.2878065876547080E+03
   9.0000000000000000E+11   1.8133122287897287E-02   5.5147700661977943E+01   6.4104296820939935E+03
   9.1000000000000000E+11   1.8148559808742415E-02   5.5100790946413625E+01   6.5337656966938939E+03
   9.2000000000000000E+11   1.8163817066190940E-02   5.5054507340383942E+01   6.6578005183120849E+03
   9.3000000000000000E+11   1.8178931132901640E-02   5.5008734709936967E+01   6.7825200065386689E+03
   9.4000000000000000E+11   1.8193869351915588E-02   5.4963569357208371E+01   6.9079098805795757E+03
   9.5000000000000000E+11   1.8208649190490832E-02   5.4918955796140757E+01   7.0339568857037657E+03
   9.6000000000000000E+11   1.8223290330739921E-02   5.4874832253160790E+01   7.1606466348533531E+03
   9.7000000000000000E+11   1.8237768233228677E-02   5.4831270318373143E+01   7.2879656486153663E+03
   9.8000000000000000E+11   1.8252094964836228E-02   5.4788231264770488E+01   7.4159003507206844E+03
   9.9000000000000000E+11   1.8266290121709217E-02   5.4745654062042675E+01   7.5444373806691638E+03
   1.0000000000000000E+12   1.8280330103084854E-02   5.4703607339740955E+01   7.6735632618792770E+03
   1.1000000000000000E+12   1.8413569746461727E-02   5.4307774851324304E+01   8.9943671519587369E+03
   1.2000000000000000E+12   1.8535260891327465E-02   5.3951223339289179E+01   1.0360331119187369E+04
   1.3000000000000000E+12   1.8647231023761601E-02   5.3627265019976988E+01   1.1760251322791644E+04
   1.4000000000000000E+12   1.8750921600125609E-02   5.3330712021818776E+01   1.3184259225636124E+04
   1.5000000000000000E+12   1.8847464324918628E-02   5.3057535101837502E+01   1.4623785838979182E+04
   1.6000000000000000E+12   1.8937783219171368E-02   5.2804490812191041E+01   1.6071484977636284E+04
   1.7000000000000000E+12   1.9022670186637974E-02   5.2568855486041414E+01   1.7521131437990596E+04
   1.8000000000000000E+12   1.9102662638885090E-02   5.2348723259364661E+01   1.8967510821505133E+04
   1.9000000000000000E+12   1.9178396092047949E-02   5.2142003700436454E+01   2.0406303557232673E+04
   2.0000000000000000E+12   1.9250166804783624E-02   5.1947601812546495E+01   2.1833968098735531E+04
   2.1000000000000000E+12   1.9318481343155593E-02   5.1763903292237487E+01   2.3247640038411890E+04
   2.2000000000000000E+12   1.9383619643003877E-02   5.1589951640478553E+01   2.4645032929262808E+04
   2.3000000000000000E+12   1.9445837269646136E-02   5.1424887811899168E+01   2.6024352919236604E+04
   2.4000000000000000E+12   1.9505428292105172E-02   5.1267779667506737E+01   2.7384220023203652E+04
   2.5000000000000000E+12   1.9562673484441209E-02   5.1117757539394127E+01   2.8723605195668708E+04
   2.6000000000000000E+12   1.9617503356355849E-02   5.0974886142991863E+01   3.0041769039546169E+04
   2.7000000000000000E+12   1.9670434930046367E-02   5.0837716784416976E+01   3.1338215581512344E+04
   2.8000000000000000E+12   1.9721289369417055E-02   5.0706623754061333E+01   3.2612648122351460E+04
   2.9000000000000000E+12   1.9770439865522012E-02   5.0580564054314046E+01   3.3864934674662836E+04
   3.0000000000000000E+12   1.9817944758170097E-02   5.0459319177774105E+01   3.5095076681952196E+04
   3.1000000000000000E+12   1.9863851139809190E-02   5.0342705095886359E+01   3.6303185141884554E+04
   3.2000000000000000E+12   1.9908253042331105E-02   5.0230424431199005E+01   3.7489459275913767E+04
   3.3000000000000000E+12   1.9951296005177036E-02   5.0122057220769840E+01   3.8654166948430589E+04
   3.4000000000000000E+12   1.9993271071218430E-02   5.0016827983669117E+01   3.9797631764499332E+04
   3.5000000000000000E+12   2.0033767312222443E-02   4.9915724008130418E+01   4.0920219148934484E+04
   3.6000000000000000E+12   2.0073237996965344E-02   4.9817573036855308E+01   4.2022328468647065E+04
   3.7000000000000000E+12   2.0111492904960091E-02   4.9722812957031671E+01   4.3104381229259961E+04
   3.8000000000000000E+12   2.0148855397920735E-02   4.9630610784133943E+01   4.4166817291420557E+04
   3.9000000000000000E+12   2.0185358370068251E-02   4.9540859352928045E+01   4.5210086156413876E+04
   4.0000000000000000E+12   2.0220833647897785E-02   4.9453945243447620E+01   4.6234645685165313E+04
   4.1000000000000000E+12   2.0255196733338036E-02   4.9370046273315126E+01   4.7240953772695080E+04
   4.2000000000000000E+12   2.0289150573687357E-02   4.9287425630173132E+01   4.8229470282358423E+04
   4.3000000000000000E+12   2.0321977585218851E-02   4.9207809417492328E+01   4.9200649871049049E+04
   4.4000000000000000E+12   2.0354345229705941E-02   4.9129558760778039E+01   5.0154943079368881E+04
   4.5000000000000000E+12   2.0385579824286813E-02   4.9054282910738110E+01   5.1092793694628774E+04
   4.6000000000000000E+12   2.0416556642470080E-02   4.8979855786250546E+01   5.2014637461941726E+04
   4.7000000000000000E+12   2.0446452423960142E-02   4.8908239887529426E+01   5.2920900265155746E+04
   4.8000000000000000E+12   2.0476272599751162E-02   4.8837013432422886E+01   5.3811999501501261E+04
   4.9000000000000000E+12   2.0504948438285927E-02   4.8768715659525611E+01   5.4688341591348915E+04
   5.0000000000000000E+12   2.0533317364567250E-02   4.8701336576310972E+01   5.5550322794600761E+04
   5.1000000000000000E+12   2.0560944816929737E-02   4.8635897275333733E+01   5.6398328402476924E+04
   5.2000000000000000E+12   2.0588288465772625E-02   4.8571303130052229E+01   5.7232733080562815E+04
   5.3000000000000000E+12   2.0614630627736788E-02   4.8509236864739634E+01   5.8053899010127367E+04
   5.4000000000000000E+12   2.0641104112355927E-02   4.8447020787099866E+01   5.8862181722107242E+04
   5.5000000000000000E+12   2.0666700760928733E-02   4.8387016949049858E+01   5.9657920428400088E+04
   5.6000000000000000E+12   2.0691629833097202E-02   4.8328720746804329E+01   6.0441446692950485E+04
   5.7000000000000000E+12   2.0716888643161218E-02   4.8269796552201228E+01   6.1213081949345011E+04
   5.8000000000000000E+12   2.0740890727840185E-02   4.8213937054193877E+01   6.1973136522364410E+04
   5.9000000000000000E+12   2.0765039200809160E-02   4.8157867188665492E+01   6.2721911251258454E+04
   6.0000000000000000E+12   2.0788503966633110E-02   4.8103509593815154E+01   6.3459696753962911E+04
   6.1000000000000000E+12   2.0811755461231693E-02   4.8049766962849830E+01   6.4186774560851351E+04
   6.2000000000000000E+12   2.0834316578351050E-02   4.7997734710391256E+01   6.4903417302386842E+04
   6.3000000000000000E+12   2.0856645140558756E-02   4.7946349629133586E+01   6.5609888325024382E+04
   6.4000000000000000E+12   2.0879019142241641E-02   4.7894970218061538E+01   6.6306442371300989E+04
   6.5000000000000000E+12   2.0901092157222065E-02   4.7844389780103661E+01   6.6993326655058452E+04
   6.6000000000000000E+12   2.0921930447162812E-02   4.7796736659910295E+01   6.7670778266731417E+04
   6.7000000000000000E+12   2.0943238040029566E-02   4.7748108391293847E+01   6.8339029442369705E+04
   6.8000000000000000E+12   2.0963776642367749E-02   4.7701328680396365E+01   6.8998302864957295E+04
   6.9000000000000000E+12   2.0984359478825026E-02   4.7654540087777463E+01   6.9648814475900886E+04
   7.0000000000000000E+12   2.1004603348773927E-02   4.7608611474130591E+01   7.0290773673630232E+04
   7.1000000000000000E+12   2.1024091226682015E-02   4.7564481585338818E+01   7.0924382361517943E+04
   7.2000000000000000E+12   2.1043711805615158E-02   4.7520133769041976E+01   7.1549837159002025E+04
   7.3000000000000000E+12   2.1063106044217864E-02   4.7476378740186568E+01   7.2167327091894840E+04
   7.4000000000000000E+12   2.1082236160598591E-02   4.7433298459531485E+01   7.2777036090184964E+04
   7.5000000000000000E+12   2.1100605669562282E-02   4.7392004554755729E+01   7.3379141803299470E+04
   7.6000000000000000E+12   2.1119745153851628E-02   4.7349056189611701E+01   7.3973816892450341E+04
   7.7000000000000000E+12   2.1137551028809900E-02   4.7309170236278916E+01   7.4561227447326906E+04
   7.8000000000000000E+12   2.1155894567486122E-02   4.7268150103984304E+01   7.5141536287385359E+04
   7.9000000000000000E+12   2.1174338357889923E-02   4.7226977443070041E+01   7.5714899982883653E+04
   8.0000000000000000E+12   2.1190839761189351E-02   4.7190201580943601E+01   7.6281468915710589E+04
   8.1000000000000000E+12   2.1209165347613385E-02   4.7149427316456268E+01   7.6841392173690576E+04
   8.2000000000000000E+12   2.1226057781936886E-02   4.7111904163899332E+01   7.7394812486774026E+04
   8.3000000000000000E+12   2.1243060751651100E-02   4.7074195742827499E+01   7.7941867780034285E+04
   8.4000000000000000E+12   2.1259636056247595E-02   4.7037493838288398E+01   7.8482692654712504E+04
   8.5000000000000000E+12   2.1276325881748215E-02   4.7000596134779308E+01   7.9017417725885767E+04
   8.6000000000000000E+12   2.1292791895860811E-02   4.6964249915690672E+01   7.9546169660509375E+04
   8.7000000000000000E+12   2.1308895652534875E-02   4.6928757656243988E+01   8.0069070976395451E+04
   8.8000000000000000E+12   2.1324899787034102E-02   4.6893538069895968E+01   8.0586241078132749E+04
   8.9000000000000000E+12   2.1340723077577756E-02   4.6858768391530226E+01   8.1097796986733141E+04
   9.0000000000000000E+12   2.1356369565402763E-02   4.6824437877306465E+01   8.1603850044987688E+04
   9.1000000000000000E+12   2.1371843159565213E-02   4.6790536152350469E+01   8.2104510350558048E+04
   9.2000000000000000E+12   2.1387147637418835E-02   4.6757053205655424E+01   8.2599883454954790E+04
   9.3000000000000000E+12   2.1402286655838289E-02   4.6723979361673116E+01   8.3090073747097878E+04
   9.4000000000000000E+12   2.1417263755674154E-02   4.6691305266998285E+01   8.3575181123178249E+04
   9.5000000000000000E+12   2.1432082362335896E-02   4.6659021885683423E+01   8.4055302897605914E+04
   9.6000000000000000E+12   2.1446745796308408E-02   4.6627120473080275E+01   8.4530535021109332E+04
   9.7000000000000000E+12   2.1461257273658500E-02   4.6595592571708181E+01   8.5000969272553499E+04
   9.8000000000000000E+12   2.1475619910198789E-02   4.6564429999298852E+01   8.5466696269548003E+04
   9.9000000000000000E+12   2.1489836729501409E-02   4.6533624828670412E+01   8.5927802452033502E+04
   1.0000000000000000E+13   2.1503910662056661E-02   4.6503169386975074E+01   8.6384374181939827E+04
   1.1000000000000000E+13   2.1637377685426656E-02   4.6216321337013333E+01   9.0717897202891123E+04
   1.2000000000000000E+13   2.1759223434890076E-02   4.5957522472816684E+01   9.4677028054738999E+04
   1.3000000000000000E+13   2.1871310590354992E-02   4.5721997128100277E+01   9.8318401641787190E+04
   1.4000000000000000E+13   2.1975087035480338E-02   4.5506076876302203E+01   1.0168694892966842E+05
   1.5000000000000000E+13   2.2071700555218822E-02   4.5306885053927189E+01   1.0481885977922671E+05
   1.6000000000000000E+13   2.2162076436047784E-02   4.5122125757740257E+01   1.0774368070856032E+05
   1.7000000000000000E+13   2.2246971502970746E-02   4.4949938460903105E+01   1.1048582788846506E+05
   1.8000000000000000E+13   2.2327012684913571E-02   4.4788795263940671E+01   1.1306569611810194E+05
   1.9000000000000000E+13   2.2402725131882829E-02   4.4637426657386101E+01   1.1550048967826023E+05
   2.0000000000000000E+13   2.2474553127866344E-02   4.4494766784043136E+01   1.1780484685152478E+05
   2.1000000000000000E+13   2.2542875880047226E-02   4.4359912431807487E+01   1.1999132574053756E+05
   2.2000000000000000E+13   2.2608019651306245E-02   4.4232091772010740E+01   1.2207077348410204E+05
   2.3000000000000000E+13   2.2670267162636284E-02   4.4110640286063216E+01   1.2405262462455544E+05
   2.4000000000000000E+13   2.2729865018027397E-02   4.3994981897467717E+01   1.2594513378828326E+05
   2.5000000000000000E+13   2.2787029611447979E-02   4.3884614056832135E+01   1.2775556338274266E+05
   2.6000000000000000E+13   2.2841951870416356E-02   4.3779095835288288E+01   1.2949033554426816E+05
   2.7000000000000000E+13   2.2894801082359757E-02   4.3678038363499532E+01   1.3115515690747931E+05
   2.8000000000000000E+13   2.2945728071736865E-02   4.3581096963828251E+01   1.3275511850471521E+05
   2.9000000000000000E+13   2.2994867772543118E-02   4.3487964788127378E+01   1.3429478335221444E+05
   3.0000000000000000E+13   2.3042341394545481E-02   4.3398367504298733E+01   1.3577825577274003E+05
   3.1000000000000000E+13   2.3088258220935600E-02   4.3312058901577778E+01   1.3720924047500844E+05
   3.2000000000000000E+13   2.3132717114923932E-02   4.3228817221598938E+01   1.3859109112706475E+05
   3.3000000000000000E+13   2.3175807822198965E-02   4.3148442016426692E+01   1.3992685658424924E+05
   3.4000000000000000E+13   2.3217612047232054E-02   4.3070751546958405E+01   1.4121931309592578E+05
   3.5000000000000000E+13   2.3258204378759036E-02   4.2995580557941423E+01   1.4247099663668484E+05
   3.6000000000000000E+13   2.3297653114355256E-02   4.2922778319839978E+01   1.4368423130735618E+05
   3.7000000000000000E+13   2.3336020922689646E-02   4.2852207037048835E+01   1.4486115127898095E+05
   3.8000000000000000E+13   2.3373365463444720E-02   4.2783740388775925E+01   1.4600371988555125E+05
   3.9000000000000000E+13   2.3409739907246208E-02   4.2717262300315518E+01   1.4711374829401486E+05
   4.0000000000000000E+13   2.3445193375185962E-02   4.2652665900311362E+01   1.4819290994662605E+05
   4.1000000000000000E+13   2.3479771358880873E-02   4.2589852546488494E+01   1.4924275491330522E+05
   4.2000000000000000E+13   2.3513516061969039E-02   4.2528731022809843E+01   1.5026472198888892E+05
   4.3000000000000000E+13   2.3546466691721075E-02   4.2469216850764262E+01   1.5126014726112789E+05
   4.4000000000000000E+13   2.3578659771570316E-02   4.2411231583473544E+01   1.5223027666699159E+05
   4.5000000000000000E+13   2.3610129348320446E-02   4.2354702307937046E+01   1.5317627021362222E+05
   4.6000000000000000E+13   2.3640907224703120E-02   4.2299561116464645E+01   1.5409921260208540E+05
   4.7000000000000000E+13   2.3671023159877999E-02   4.2245744649305401E+01   1.5500011626711502E+05
   4.8000000000000000E+13   2.3700505039063683E-02   4.2193193704175442E+01   1.5587993341016560E+05
   4.9000000000000000E+13   2.3729378985078878E-02   4.2141852959102039E+01   1.5673955358208474E+05
   5.0000000000000000E+13   2.3757669590526512E-02   4.2091670489379780E+01   1.5757981415648930E+05
   5.1000000000000000E+13   2.3785399939196743E-02   4.2042597667322262E+01   1.5840150180578153E+05
   5.2000000000000000E+13   2.3812591809761176E-02   4.1994588744854042E+01   1.5920535874633561E+05
   5.3000000000000000E+13   2.3839265698838829E-02   4.1947600762246147E+01   1.5999208198171307E+05
   5.4000000000000000E+13   2.3865440985740269E-02   4.1901593211602737E+01   1.6076233107367961E+05
   5.5000000000000000E+13   2.3891135968441373E-02   4.1856527932407012E+01   1.6151672894543936E+05
   5.6000000000000000E+13   2.3916367950126596E-02   4.1812368921791354E+01   1.6225586336566947E+05
   5.7000000000000000E+13   2.3941153315883233E-02   4.1769082166002924E+01   1.6298029315827289E+05
   5.8000000000000000E+13   2.3965507621218771E-02   4.1726635454807230E+01   1.6369054528513257E+05
   5.9000000000000000E+13   2.3989445586919553E-02   4.1684998362165508E+01   1.6438712088406819E+05
   6.0000000000000000E+13   2.4012981218650229E-02   4.1644142011960071E+01   1.6507049458253282E+05
   6.1000000000000000E+13   2.4036127810569057E-02   4.1604039048264866E+01   1.6574111931815519E+05
   6.2000000000000000E+13   2.4058898016978327E-02   4.1564663489337775E+01   1.6639942385008454E+05
   6.3000000000000000E+13   2.4081303881853852E-02   4.1525990656740845E+01   1.6704581536366307E+05
   6.4000000000000000E+13   2.4103356890406970E-02   4.1487997068076261E+01   1.6768068484081197E+05
   6.5000000000000000E+13   2.4125067971597733E-02   4.1450660415850137E+01   1.6830440187848473E+05
   6.6000000000000000E+13   2.4146447578851191E-02   4.1413959413054869E+01   1.6891732105927434E+05
   6.7000000000000000E+13   2.4167505676896482E-02   4.1377873801679691E+01   1.6951977953944996E+05
   6.8000000000000000E+13   2.4188251786583910E-02   4.1342384262539113E+01   1.7011209870138840E+05
   6.9000000000000000E+13   2.4208695029326106E-02   4.1307472327137532E+01   1.7069458734832951E+05
   7.0000000000000000E+13   2.4228844111867164E-02   4.1273120392491414E+01   1.7126754043225510E+05
   7.1000000000000000E+13   2.4248707369005217E-02   4.1239311637625832E+01   1.7183124065576025E+05
   7.2000000000000000E+13   2.4268292823039380E-02   4.1206029912851506E+01   1.7238595558155407E+05
   7.3000000000000000E+13   2.4287608125888472E-02   4.1173259829323719E+01   1.7293194453493776E+05
   7.4000000000000000E+13   2.4306660610897757E-02   4.1140986662382396E+01   1.7346945657869178E+05
   7.5000000000000000E+13   2.4325457367816283E-02   4.1109196216924865E+01   1.7399872803006595E+05
   7.6000000000000000E+13   2.4344005152837120E-02   4.1077874972576453E+01   1.7451998852016870E+05
   7.7000000000000000E+13   2.4362310466054402E-02   4.1047009945684977E+01   1.7503345672953685E+05
   7.8000000000000000E+13   2.4380379588634447E-02   4.1016588620555211E+01   1.7553934215328589E+05
   7.9000000000000000E+13   2.4398218509588565E-02   4.0986599066935867E+01   1.7603784788079289E+05
   8.0000000000000000E+13   2.4415833042159541E-02   4.0957029738582769E+01   1.7652916962659461E+05
   8.1000000000000000E+13   2.4433228757720079E-02   4.0927869579415848E+01   1.7701349311583719E+05
   8.2000000000000000E+13   2.4450411015759260E-02   4.0899107968183458E+01   1.7749099807262467E+05
   8.3000000000000000E+13   2.4467384998767890E-02   4.0870734655557079E+01   1.7796185902816881E+05
   8.4000000000000000E+13   2.4484155697768281E-02   4.0842739784208675E+01   1.7842624320062020E+05
   8.5000000000000000E+13   2.4500727930350755E-02   4.0815113854687993E+01   1.7888431192427638E+05
   8.6000000000000000E+13   2.4517106330306536E-02   4.0787847738942247E+01   1.7933621943460571E+05
   8.7000000000000000E+13   2.4533295370580688E-02   4.0760932638472966E+01   1.7978211683218533E+05
   8.8000000000000000E+13   2.4549299397784517E-02   4.0734360023742525E+01   1.8022214810595877E+05
   8.9000000000000000E+13   2.4565122588534435E-02   4.0708121703684952E+01   1.8065645303378953E+05
   9.0000000000000000E+13   2.4580768962474259E-02   4.0682209800947653E+01   1.8108516602103334E+05
   9.1000000000000000E+13   2.4596242456531317E-02   4.0656616626189539E+01   1.8150841916513722E+05
   9.2000000000000000E+13   2.4611546827066195E-02   4.0631334837526936E+01   1.8192633589483058E+05
   9.3000000000000000E+13   2.4626685770017254E-02   4.0606357239409384E+01   1.8233903985681085E+05
   9.4000000000000000E+13   2.4641662763704220E-02   4.0581677039787422E+01   1.8274664852841781E+05
   9.5000000000000000E+13   2.4656481288504041E-02   4.0557287485552330E+01   1.8314927454663400E+05
   9.6000000000000000E+13   2.4671144627375793E-02   4.0533182189300298E+01   1.8354702992632193E+05
   9.7000000000000000E+13   2.4685656030731806E-02   4.0509354855916101E+01   1.8394002066248414E+05
   9.8000000000000000E+13   2.4700018575962115E-02   4.0485799511632479E+01   1.8432834949453399E+05
   9.9000000000000000E+13   2.4714235320687707E-02   4.0462510250637763E+01   1.8471211823445253E+05
   1.0000000000000000E+14   2.4728309170825660E-02   4.0439481449859713E+01   1.8509142396420595E+05
