   1.0000000000000000E+00   0.0000000000000000E+00
   2.0000000000000000E+00   0.0000000000000000E+00
   3.0000000000000000E+00   0.0000000000000000E+00
   4.0000000000000000E+00   0.0000000000000000E+00
   5.0000000000000000E+00   0.0000000000000000E+00
   6.0000000000000000E+00   0.0000000000000000E+00
   7.0000000000000000E+00   0.0000000000000000E+00
   8.0000000000000000E+00   0.0000000000000000E+00
   9.0000000000000000E+00   0.0000000000000000E+00
   9.2290000000000010E+00   0.0000000000000000E+00
   9.2309999999999999E+00   0.0000000000000000E+00
   1.0000000000000000E+01   0.0000000000000000E+00
   1.1000000000000000E+01   0.0000000000000000E+00
   1.1099000000000000E+01   0.0000000000000000E+00
   1.1100999999999999E+01   0.0000000000000000E+00
   1.2000000000000000E+01   0.0000000000000000E+00
   1.2499000000000001E+01   0.0000000000000000E+00
   1.2500999999999999E+01   0.0000000000000000E+00
   1.3000000000000000E+01   0.0000000000000000E+00
   1.4000000000000000E+01   0.0000000000000000E+00
   1.5000000000000000E+01   0.0000000000000000E+00
   1.6000000000000000E+01   0.0000000000000000E+00
   1.7000000000000000E+01   0.0000000000000000E+00
   1.8000000000000000E+01   0.0000000000000000E+00
   1.9000000000000000E+01   0.0000000000000000E+00
   2.0000000000000000E+01   0.0000000000000000E+00
   2.1000000000000000E+01   0.0000000000000000E+00
   2.2000000000000000E+01   0.0000000000000000E+00
   2.3000000000000000E+01   0.0000000000000000E+00
   2.4000000000000000E+01   0.0000000000000000E+00
   2.5000000000000000E+01   0.0000000000000000E+00
   2.6000000000000000E+01   0.0000000000000000E+00
   2.7000000000000000E+01   0.0000000000000000E+00
   2.8000000000000000E+01   0.0000000000000000E+00
   2.9000000000000000E+01   0.0000000000000000E+00
   3.0000000000000000E+01   0.0000000000000000E+00
   3.1000000000000000E+01   0.0000000000000000E+00
   3.2000000000000000E+01   0.0000000000000000E+00
   3.3000000000000000E+01   0.0000000000000000E+00
   3.4000000000000000E+01   0.0000000000000000E+00
   3.5000000000000000E+01   0.0000000000000000E+00
   3.6000000000000000E+01   0.0000000000000000E+00
   3.7000000000000000E+01   0.0000000000000000E+00
   3.8000000000000000E+01   0.0000000000000000E+00
   3.9000000000000000E+01   0.0000000000000000E+00
   4.0000000000000000E+01   0.0000000000000000E+00
   4.1000000000000000E+01   0.0000000000000000E+00
   4.2000000000000000E+01   0.0000000000000000E+00
   4.3000000000000000E+01   0.0000000000000000E+00
   4.4000000000000000E+01   0.0000000000000000E+00
   4.5000000000000000E+01   0.0000000000000000E+00
   4.6000000000000000E+01   0.0000000000000000E+00
   4.7000000000000000E+01   0.0000000000000000E+00
   4.8000000000000000E+01   0.0000000000000000E+00
   4.9000000000000000E+01   0.0000000000000000E+00
   5.0000000000000000E+01   0.0000000000000000E+00
   5.1000000000000000E+01   0.0000000000000000E+00
   5.2000000000000000E+01   0.0000000000000000E+00
   5.3000000000000000E+01   0.0000000000000000E+00
   5.4000000000000000E+01   0.0000000000000000E+00
   5.5000000000000000E+01   0.0000000000000000E+00
   5.6000000000000000E+01   0.0000000000000000E+00
   5.7000000000000000E+01   0.0000000000000000E+00
   5.8000000000000000E+01   0.0000000000000000E+00
   5.9000000000000000E+01   0.0000000000000000E+00
   6.0000000000000000E+01   0.0000000000000000E+00
   6.0999000000000002E+01   0.0000000000000000E+00
   6.1000999999999998E+01   0.0000000000000000E+00
   6.2000000000000000E+01   0.0000000000000000E+00
   6.3000000000000000E+01   0.0000000000000000E+00
   6.4000000000000000E+01   0.0000000000000000E+00
   6.5000000000000000E+01   0.0000000000000000E+00
   6.6000000000000000E+01   0.0000000000000000E+00
   6.7000000000000000E+01   0.0000000000000000E+00
   6.8000000000000000E+01   0.0000000000000000E+00
   6.9000000000000000E+01   0.0000000000000000E+00
   7.0000000000000000E+01   0.0000000000000000E+00
   7.1000000000000000E+01   0.0000000000000000E+00
   7.2000000000000000E+01   0.0000000000000000E+00
   7.3000000000000000E+01   0.0000000000000000E+00
   7.4000000000000000E+01   0.0000000000000000E+00
   7.5000000000000000E+01   0.0000000000000000E+00
   7.5998999999999995E+01   0.0000000000000000E+00
   7.6001000000000005E+01   0.0000000000000000E+00
   7.7000000000000000E+01   0.0000000000000000E+00
   7.8000000000000000E+01   0.0000000000000000E+00
   7.9000000000000000E+01   0.0000000000000000E+00
   8.0000000000000000E+01   0.0000000000000000E+00
   8.1000000000000000E+01   0.0000000000000000E+00
   8.2000000000000000E+01   0.0000000000000000E+00
   8.3000000000000000E+01   0.0000000000000000E+00
   8.4000000000000000E+01   0.0000000000000000E+00
   8.5000000000000000E+01   0.0000000000000000E+00
   8.6000000000000000E+01   0.0000000000000000E+00
   8.6998999999999995E+01   0.0000000000000000E+00
   8.7001000000000005E+01   8.4770127082858576E-04
   8.8000000000000000E+01   9.8745379817565676E-04
   8.9000000000000000E+01   1.1480337652214326E-03
   9.0000000000000000E+01   1.3326218909489849E-03
   9.0998999999999995E+01   1.5443194394253901E-03
   9.1001000000000005E+01   1.5447701385895398E-03
   9.2000000000000000E+01   1.7872290906690222E-03
   9.3000000000000000E+01   2.0658754284674798E-03
   9.4000000000000000E+01   2.3583626666666656E-03
   9.5000000000000000E+01   2.5845199999999999E-03
   9.6000000000000000E+01   2.7556400000000002E-03
   9.7000000000000000E+01   2.8867097142857151E-03
   9.8000000000000000E+01   2.9916308571428579E-03
   9.9000000000000000E+01   3.0723774545454549E-03
   1.0000000000000000E+02   3.1359009230769231E-03
   1.1000000000000000E+02   3.3214764444444446E-03
   1.1399900000000000E+02   3.3146870311111113E-03
   1.1400100000000000E+02   3.3146836355555558E-03
   1.2000000000000000E+02   3.3251396363636367E-03
   1.3000000000000000E+02   3.6401840000000003E-03
   1.4000000000000000E+02   4.5414720000000004E-03
   1.5000000000000000E+02   6.0326399999999997E-03
   1.6000000000000000E+02   8.0073845078990642E-03
   1.7000000000000000E+02   1.0344517397304881E-02
   1.8000000000000000E+02   1.2951587977923342E-02
   1.9000000000000000E+02   1.5732527999999999E-02
   2.0000000000000000E+02   1.8508838158413546E-02
   2.1000000000000000E+02   2.1129760000000001E-02
   2.2000000000000000E+02   2.3444148715429117E-02
   2.3000000000000000E+02   2.5416662857142856E-02
   2.4000000000000000E+02   2.7044470000000001E-02
   2.5000000000000000E+02   2.8376551588305692E-02
   2.6000000000000000E+02   2.9424508661213947E-02
   2.7000000000000000E+02   3.0189067586429280E-02
   2.8000000000000000E+02   3.0713050444893836E-02
   2.9000000000000000E+02   3.1014420352537223E-02
   3.0000000000000000E+02   3.1110758373365209E-02
   3.1000000000000000E+02   3.1033439999999999E-02
   3.2000000000000000E+02   3.0785584796380092E-02
   3.3000000000000000E+02   3.0405743082437278E-02
   3.3899900000000002E+02   2.9999989525834977E-02
   3.3900099999999998E+02   2.9999885454580086E-02
   3.4000000000000000E+02   2.9947901862759415E-02
   3.5000000000000000E+02   2.9427545588278241E-02
   3.5699900000000002E+02   2.9011350691574310E-02
   3.5700099999999998E+02   2.9011229973382378E-02
   3.6000000000000000E+02   2.8830213044572426E-02
   3.7000000000000000E+02   2.8212946591036084E-02
   3.8000000000000000E+02   2.7559035530345364E-02
   3.9000000000000000E+02   2.6886340000000002E-02
   4.0000000000000000E+02   2.6194860000000000E-02
   4.1000000000000000E+02   2.5491083884646482E-02
   4.2000000000000000E+02   2.4775011653939451E-02
   4.3000000000000000E+02   2.4055554052620463E-02
   4.4000000000000000E+02   2.3335404781373956E-02
   4.5000000000000000E+02   2.2612873474091640E-02
   4.6000000000000000E+02   2.1907941817183783E-02
   4.7000000000000000E+02   2.1234720000000002E-02
   4.8000000000000000E+02   2.0552513613747107E-02
   4.9000000000000000E+02   1.9903470731520070E-02
   5.0000000000000000E+02   1.9266329005767580E-02
   5.1000000000000000E+02   1.8630182041283350E-02
   5.2000000000000000E+02   1.8040830671178100E-02
   5.3000000000000000E+02   1.7456074758594908E-02
   5.4000000000000000E+02   1.6875573571488327E-02
   5.4799900000000002E+02   1.6446416137993032E-02
   5.4800099999999998E+02   1.6446308983011439E-02
   5.5000000000000000E+02   1.6339207578909373E-02
   5.6000000000000000E+02   1.5807257380141441E-02
   5.7000000000000000E+02   1.5280820825075014E-02
   5.8000000000000000E+02   1.4786243254972251E-02
   5.9000000000000000E+02   1.4303440000000001E-02
   6.0000000000000000E+02   1.3835525580221138E-02
   6.1000000000000000E+02   1.3367611160442277E-02
   6.2000000000000000E+02   1.2944331057910857E-02
   6.3000000000000000E+02   1.2521662099398399E-02
   6.4000000000000000E+02   1.2119936026674404E-02
   6.4499900000000002E+02   1.1920221494216766E-02
   6.4500099999999998E+02   1.1920141592423427E-02
   6.5000000000000000E+02   1.1720427059965790E-02
   6.6000000000000000E+02   1.1349052074070672E-02
   6.7000000000000000E+02   1.0990498275606036E-02
   6.8000000000000000E+02   1.0636436990657422E-02
   6.9000000000000000E+02   1.0294365738781328E-02
   7.0000000000000000E+02   9.9707070862924251E-03
   7.1000000000000000E+02   9.6577023747685207E-03
   7.2000000000000000E+02   9.3600995936875282E-03
   7.3000000000000000E+02   9.0669369170727765E-03
   7.4000000000000000E+02   8.7817353445828316E-03
   7.5000000000000000E+02   8.5136209470597878E-03
   7.6000000000000000E+02   8.2486375733056595E-03
   7.6399900000000002E+02   8.1509104965231931E-03
   7.6400099999999998E+02   8.1508616207658629E-03
   7.7000000000000000E+02   8.0042587866528299E-03
   7.8000000000000000E+02   7.7598800000000002E-03
   7.9000000000000000E+02   7.5237255235762980E-03
   8.0000000000000000E+02   7.2969856425549266E-03
   8.1000000000000000E+02   7.0793473118663987E-03
   8.2000000000000000E+02   6.8661316189645811E-03
   8.3000000000000000E+02   6.6688286762512589E-03
   8.4000000000000000E+02   6.4715257335379367E-03
   8.5000000000000000E+02   6.2824807190227077E-03
   8.6000000000000000E+02   6.0964571290824665E-03
   8.7000000000000000E+02   5.9201130942276138E-03
   8.8000000000000000E+02   5.7533506741145697E-03
   8.9000000000000000E+02   5.5884004173097097E-03
   9.0000000000000000E+02   5.4341684517045935E-03
   9.1000000000000000E+02   5.2819350853138504E-03
   9.2000000000000000E+02   5.1340633237087442E-03
   9.3000000000000000E+02   4.9875209944620367E-03
   9.4000000000000000E+02   4.8494793068890041E-03
   9.5000000000000000E+02   4.7173520227080171E-03
   9.6000000000000000E+02   4.5880767221018037E-03
   9.7000000000000000E+02   4.4647770786340902E-03
   9.8000000000000000E+02   4.3452990262113633E-03
   9.9000000000000000E+02   4.2285924951531474E-03
   1.0000000000000000E+03   4.1146574854594416E-03
   1.1000000000000000E+03   3.1658683932920622E-03
   1.2000000000000000E+03   2.4734251962581322E-03
   1.3000000000000000E+03   1.9583862761943576E-03
   1.4000000000000000E+03   1.5704101386762473E-03
   1.5000000000000000E+03   1.2717420249148848E-03
   1.6000000000000000E+03   1.0406756850257410E-03
   1.7000000000000000E+03   8.5935433191997599E-04
   1.8000000000000000E+03   7.1558076113378095E-04
   1.9000000000000000E+03   6.0026606196435814E-04
   2.0000000000000000E+03   5.0730151890376386E-04
   2.1000000000000000E+03   4.3112915000640453E-04
   2.2000000000000000E+03   3.6861333549854518E-04
   2.2099989999999998E+03   3.6299570699145747E-04
   2.2100010000000002E+03   3.6299458335339201E-04
   2.2949989999999998E+03   3.1925694842346657E-04
   2.2950010000000002E+03   3.1925599210181499E-04
   2.3000000000000000E+03   3.1686566613410322E-04
   2.4000000000000000E+03   2.7416091529864018E-04
   2.5000000000000000E+03   2.3796184834015644E-04
   2.6000000000000000E+03   2.0765472097081640E-04
   2.7000000000000000E+03   1.8185013228787938E-04
   2.7479989999999998E+03   1.7094165842079095E-04
   2.7480010000000002E+03   1.7094122132861052E-04
   2.8000000000000000E+03   1.5989670878432765E-04
   2.9000000000000000E+03   1.4113902450629338E-04
   3.0000000000000000E+03   1.2502895689955339E-04
   3.1000000000000000E+03   1.1107974810103117E-04
   3.1529989999999998E+03   1.0446187084064976E-04
   3.1530010000000002E+03   1.0446162971222642E-04
   3.2000000000000000E+03   9.9052852818046718E-05
   3.3000000000000000E+03   8.8565705379793018E-05
   3.4000000000000000E+03   7.9388176278871145E-05
   3.4299989999999998E+03   7.6828991341519037E-05
   3.4300010000000002E+03   7.6828830293041098E-05
   3.5000000000000000E+03   7.1323954647135981E-05
   3.6000000000000000E+03   6.4329001427290849E-05
   3.7000000000000000E+03   5.8073627993392380E-05
   3.8000000000000000E+03   5.2551776951724541E-05
   3.9000000000000000E+03   4.7684712160902935E-05
   4.0000000000000000E+03   4.3392409868923226E-05
   4.1000000000000000E+03   3.9501279442065604E-05
   4.2000000000000000E+03   3.6044498549657818E-05
   4.3000000000000000E+03   3.2950018900603740E-05
   4.4000000000000000E+03   3.0188533582462353E-05
   4.5000000000000000E+03   2.7707904899018243E-05
   4.6000000000000000E+03   2.5446775692868268E-05
   4.7000000000000000E+03   2.3408849475735861E-05
   4.8000000000000000E+03   2.1575792531327500E-05
   4.9000000000000000E+03   1.9913801709025088E-05
   5.0000000000000000E+03   1.8416265396380028E-05
   5.1000000000000000E+03   1.7051540042585771E-05
   5.2000000000000000E+03   1.5790307255135200E-05
   5.3000000000000000E+03   1.4657237396410102E-05
   5.4000000000000000E+03   1.3612012780730253E-05
   5.5000000000000000E+03   1.2657557547208508E-05
   5.6000000000000000E+03   1.1789520116418073E-05
   5.7000000000000000E+03   1.0995414963433434E-05
   5.8000000000000000E+03   1.0256873412987157E-05
   5.9000000000000000E+03   9.5758163529680086E-06
   6.0000000000000000E+03   8.9566330432459433E-06
   6.1000000000000000E+03   8.3796722736021033E-06
   6.2000000000000000E+03   7.8528360077095183E-06
   6.3000000000000000E+03   7.3651453322033638E-06
   6.4000000000000000E+03   6.9133166029467366E-06
   6.5000000000000000E+03   6.4900812958582472E-06
   6.6000000000000000E+03   6.0994113530621659E-06
   6.7000000000000000E+03   5.7370462304282680E-06
   6.8000000000000000E+03   5.4046022646557226E-06
   6.9000000000000000E+03   5.0910252237327917E-06
   7.0000000000000000E+03   4.8002061795876425E-06
   7.1000000000000000E+03   4.5322867244900419E-06
   7.2000000000000000E+03   4.2819005810703257E-06
   7.3000000000000000E+03   4.0464925454847837E-06
   7.4000000000000000E+03   3.8246305974143123E-06
   7.5000000000000000E+03   3.6179294661713476E-06
   7.6000000000000000E+03   3.4249889045557076E-06
   7.7000000000000000E+03   3.2469241864213710E-06
   7.8000000000000000E+03   3.0766245614216945E-06
   7.9000000000000000E+03   2.9183764142902342E-06
   8.0000000000000000E+03   2.7714795661011712E-06
   8.1000000000000000E+03   2.6318407625404805E-06
   8.2000000000000000E+03   2.5024509576457022E-06
   8.3000000000000000E+03   2.3792144205280461E-06
   8.4000000000000000E+03   2.2625554309548785E-06
   8.5000000000000000E+03   2.1528637743759198E-06
   8.6000000000000000E+03   2.0496450278654286E-06
   8.7000000000000000E+03   1.9538170604159371E-06
   8.8000000000000000E+03   1.8616350341907172E-06
   8.9000000000000000E+03   1.7755831339171879E-06
   9.0000000000000000E+03   1.6951676628003105E-06
   9.1000000000000000E+03   1.6183544745572762E-06
   9.2000000000000000E+03   1.5454839314536629E-06
   9.3000000000000000E+03   1.4765877160375772E-06
   9.4000000000000000E+03   1.4104389921710480E-06
   9.5000000000000000E+03   1.3479845679770776E-06
   9.6000000000000000E+03   1.2894993083423154E-06
   9.7000000000000000E+03   1.2338849770311251E-06
   9.8000000000000000E+03   1.1820812029389835E-06
   9.9000000000000000E+03   1.1311710339968376E-06
   1.0000000000000000E+04   1.0842525628214324E-06
   1.1000000000000000E+04   7.2063021061805817E-07
   1.1922999000000000E+04   5.0905576915363641E-07
   1.1923001000000000E+04   5.0905540525090867E-07
   1.2000000000000000E+04   4.9504533218844909E-07
   1.3000000000000000E+04   3.4863540934871399E-07
   1.3737999000000000E+04   2.7364477948424511E-07
   1.3738001000000000E+04   2.7364460733957788E-07
   1.4000000000000000E+04   2.5170323703749063E-07
   1.4355999000000000E+04   2.2513873192535548E-07
   1.4356001000000000E+04   2.2513859857841335E-07
   1.5000000000000000E+04   1.8545628077120809E-07
   1.6000000000000000E+04   1.3894964936034254E-07
   1.7000000000000000E+04   1.0586609850445471E-07
   1.8000000000000000E+04   8.1844695323785750E-08
   1.9000000000000000E+04   6.3999125322578489E-08
   2.0000000000000000E+04   5.0736692038066846E-08
   2.1000000000000000E+04   4.0584899102544945E-08
   2.2000000000000000E+04   3.2797881818912862E-08
   2.3000000000000000E+04   2.6755498257345812E-08
   2.4000000000000000E+04   2.2004075432558978E-08
   2.5000000000000000E+04   1.8221359705075685E-08
   2.6000000000000000E+04   1.5196287417540962E-08
   2.7000000000000000E+04   1.2763359710503043E-08
   2.8000000000000000E+04   1.0785355050063562E-08
   2.9000000000000000E+04   9.1615309199620360E-09
   3.0000000000000000E+04   7.8195146453082380E-09
   3.1000000000000000E+04   6.7120055526975866E-09
   3.2000000000000000E+04   5.7858743487228465E-09
   3.3000000000000000E+04   5.0116308980850896E-09
   3.4000000000000000E+04   4.3615544030702006E-09
   3.5000000000000000E+04   3.8062554630167265E-09
   3.6000000000000000E+04   3.3366315053620593E-09
   3.7000000000000000E+04   2.9320271456375170E-09
   3.8000000000000000E+04   2.5854160056332670E-09
   3.9000000000000000E+04   2.2889005303013182E-09
   4.0000000000000000E+04   2.0319656481032052E-09
   4.1000000000000000E+04   1.8080386555874597E-09
   4.2000000000000000E+04   1.6121741618202295E-09
   4.3000000000000000E+04   1.4413392979257465E-09
   4.4000000000000000E+04   1.2928275712727583E-09
   4.5000000000000000E+04   1.1614523188726475E-09
   4.6000000000000000E+04   1.0466199888856636E-09
   4.7000000000000000E+04   9.4426301889163507E-10
   4.8000000000000000E+04   8.5469787571236639E-10
   4.9000000000000000E+04   7.7457477476087740E-10
   5.0000000000000000E+04   7.0381298779460823E-10
   5.1000000000000000E+04   6.4022136726413299E-10
   5.2000000000000000E+04   5.8399294508858407E-10
   5.3000000000000000E+04   5.3336590731602884E-10
   5.4000000000000000E+04   4.8786182767320462E-10
   5.5000000000000000E+04   4.4714207156561021E-10
   5.6000000000000000E+04   4.1044779679934749E-10
   5.7000000000000000E+04   3.7730868219382699E-10
   5.8000000000000000E+04   3.4743449415517658E-10
   5.9000000000000000E+04   3.2023013987455392E-10
   6.0000000000000000E+04   2.9562244254895827E-10
   6.1000000000000000E+04   2.7335312893029414E-10
   6.2000000000000000E+04   2.5302716162684141E-10
   6.3000000000000000E+04   2.3440822291862118E-10
   6.4000000000000000E+04   2.1752680308740385E-10
   6.5000000000000000E+04   2.0201000672635389E-10
   6.6000000000000000E+04   1.8801593527588939E-10
   6.7000000000000000E+04   1.7499255143130972E-10
   6.8000000000000000E+04   1.6307262340483564E-10
   6.9000000000000000E+04   1.5212256913144757E-10
   7.0000000000000000E+04   1.4200710495235681E-10
   7.1000000000000000E+04   1.3283104122837748E-10
   7.2000000000000000E+04   1.2424725237015813E-10
   7.3000000000000000E+04   1.1642004434165576E-10
   7.4000000000000000E+04   1.0909386939378976E-10
   7.5000000000000000E+04   1.0228472978760704E-10
   7.6000000000000000E+04   9.6094601423534039E-11
   7.7000000000000000E+04   9.0353071911302502E-11
   7.8000000000000000E+04   8.5014700168254105E-11
   7.9000000000000000E+04   8.0038169019063707E-11
   8.0000000000000000E+04   7.5433660897138622E-11
   8.0728998999999996E+04   7.2305122471667919E-11
   8.0729001000000004E+04   7.2305113888560293E-11
   8.1000000000000000E+04   7.1142107101494564E-11
   8.2000000000000000E+04   6.7147015264586719E-11
   8.3000000000000000E+04   6.3404607822074607E-11
   8.4000000000000000E+04   5.9909649429824101E-11
   8.5000000000000000E+04   5.6643000618784106E-11
   8.6000000000000000E+04   5.3638389608353932E-11
   8.7000000000000000E+04   5.0762282452110136E-11
   8.8000000000000000E+04   4.8083877896119033E-11
   8.9000000000000000E+04   4.5600183914994712E-11
   9.0000000000000000E+04   4.3239321470326721E-11
   9.1000000000000000E+04   4.1047509542456205E-11
   9.2000000000000000E+04   3.8991429614413109E-11
   9.3000000000000000E+04   3.7063906770045023E-11
   9.4000000000000000E+04   3.5248631706902508E-11
   9.5000000000000000E+04   3.3554066333452122E-11
   9.6000000000000000E+04   3.1963296284360191E-11
   9.7000000000000000E+04   3.0446820181812853E-11
   9.8000000000000000E+04   2.9005667633288241E-11
   9.9000000000000000E+04   2.7659087451679793E-11
   1.0000000000000000E+05   2.6389929295710836E-11
   1.1000000000000000E+05   1.6901553567898203E-11
   1.2000000000000000E+05   1.1297597597534543E-11
   1.3000000000000000E+05   7.7999724568230996E-12
   1.4000000000000000E+05   5.5517178229246604E-12
   1.5000000000000000E+05   4.0546196431304445E-12
   1.6000000000000000E+05   3.0276357042237233E-12
   1.7000000000000000E+05   2.3093444248302721E-12
   1.8000000000000000E+05   1.7883460548260064E-12
   1.9000000000000000E+05   1.4107320436229980E-12
   2.0000000000000000E+05   1.1262882767826383E-12
   2.1000000000000000E+05   9.1211891336014559E-13
   2.2000000000000000E+05   7.4649061059326572E-13
   2.3000000000000000E+05   6.1753767845356729E-13
   2.4000000000000000E+05   5.1561263935555965E-13
   2.5000000000000000E+05   4.3464560046720872E-13
   2.6000000000000000E+05   3.6891747736868774E-13
   2.7000000000000000E+05   3.1538809680360952E-13
   2.8000000000000000E+05   2.7171297226100437E-13
   2.9000000000000000E+05   2.3541485794565359E-13
   3.0000000000000000E+05   2.0538289043209840E-13
   3.1000000000000000E+05   1.8008679281520398E-13
   3.2000000000000000E+05   1.5838840460283612E-13
   3.3000000000000000E+05   1.4033083035653689E-13
   3.4000000000000000E+05   1.2480916481576770E-13
   3.5000000000000000E+05   1.1134425018351774E-13
   3.6000000000000000E+05   9.9910049551581653E-14
   3.7000000000000000E+05   8.9929506260109505E-14
   3.8000000000000000E+05   8.1116665147051120E-14
   3.9000000000000000E+05   7.3608118881349772E-14
   4.0000000000000000E+05   6.6933659145526046E-14
   4.1000000000000000E+05   6.1084006073085465E-14
   4.2000000000000000E+05   5.5923733473660284E-14
   4.3000000000000000E+05   5.1358864805866655E-14
   4.4000000000000000E+05   4.7281105873861764E-14
   4.5000000000000000E+05   4.3641088082926469E-14
   4.6000000000000000E+05   4.0371793654580423E-14
   4.7000000000000000E+05   3.7407200625849950E-14
   4.8000000000000000E+05   3.4747874069061700E-14
   4.9000000000000000E+05   3.2352427764980894E-14
   5.0000000000000000E+05   3.0171863099392667E-14
   5.1000000000000000E+05   2.8188829163135274E-14
   5.2000000000000000E+05   2.6357867682528454E-14
   5.3000000000000000E+05   2.4700091775750622E-14
   5.4000000000000000E+05   2.3184740549289387E-14
   5.5000000000000000E+05   2.1806252087029802E-14
   5.6000000000000000E+05   2.0518668815948843E-14
   5.7000000000000000E+05   1.9323138122745375E-14
   5.8000000000000000E+05   1.8252583994114182E-14
   5.9000000000000000E+05   1.7266103432756174E-14
   6.0000000000000000E+05   1.6338691531907507E-14
   6.1000000000000000E+05   1.5474730726730577E-14
   6.2000000000000000E+05   1.4706661772521434E-14
   6.3000000000000000E+05   1.3982578438115683E-14
   6.4000000000000000E+05   1.3297959865148490E-14
   6.5000000000000000E+05   1.2678651177599041E-14
   6.6000000000000000E+05   1.2102064274513224E-14
   6.7000000000000000E+05   1.1554707787835205E-14
   6.8000000000000000E+05   1.1045761341824044E-14
   6.9000000000000000E+05   1.0571499397395599E-14
   7.0000000000000000E+05   1.0124179507178223E-14
   7.1000000000000000E+05   9.7056568197247489E-15
   7.2000000000000000E+05   9.3130452201931347E-15
   7.3000000000000000E+05   8.9383922322718406E-15
   7.4000000000000000E+05   8.5796432868315853E-15
   7.5000000000000000E+05   8.2519789549069561E-15
   7.6000000000000000E+05   7.9367742721613107E-15
   7.7000000000000000E+05   7.6398525047572044E-15
   7.8000000000000000E+05   7.3599274203192821E-15
   7.9000000000000000E+05   7.0906661692154522E-15
   8.0000000000000000E+05   6.8345345649722094E-15
   8.1000000000000000E+05   6.5852971816940177E-15
   8.2000000000000000E+05   6.3434084884617115E-15
   8.3000000000000000E+05   6.1150840520346877E-15
   8.4000000000000000E+05   5.8986724034858269E-15
   8.5000000000000000E+05   5.6913418784238768E-15
   8.6000000000000000E+05   5.4912273789570174E-15
   8.7000000000000000E+05   5.3116989495529321E-15
   8.8000000000000000E+05   5.1344421148756332E-15
   8.9000000000000000E+05   4.9708680103322160E-15
   9.0000000000000000E+05   4.8088972293933110E-15
   9.1000000000000000E+05   4.6640985946880809E-15
   9.2000000000000000E+05   4.5225007523694884E-15
   9.3000000000000000E+05   4.3896855085744287E-15
   9.4000000000000000E+05   4.2599103813959203E-15
   9.5000000000000000E+05   4.1393786153433029E-15
   9.6000000000000000E+05   4.0251670602984352E-15
   9.7000000000000000E+05   3.9175672225851800E-15
   9.8000000000000000E+05   3.8136425514671911E-15
   9.9000000000000000E+05   3.7184223092027848E-15
   1.0000000000000000E+06   3.6264048638268177E-15
   1.1000000000000000E+06   2.9162868284304091E-15
   1.2000000000000000E+06   2.4555893876365761E-15
   1.3000000000000000E+06   2.1222925283693042E-15
   1.4000000000000000E+06   1.8704988498942316E-15
   1.5000000000000000E+06   1.6661007335594752E-15
   1.6000000000000000E+06   1.4883585576838190E-15
   1.7000000000000000E+06   1.3369012468701625E-15
   1.8000000000000000E+06   1.2091394278070358E-15
   1.9000000000000000E+06   1.1012932849860519E-15
   2.0000000000000000E+06   1.0091787157260313E-15
   2.1000000000000000E+06   9.3067957545755041E-16
   2.2000000000000000E+06   8.6307487117144568E-16
   2.3000000000000000E+06   8.0242445285380719E-16
   2.4000000000000000E+06   7.4894402653563703E-16
   2.5000000000000000E+06   7.0174718382024967E-16
   2.6000000000000000E+06   6.5938700693753172E-16
   2.7000000000000000E+06   6.2106142644695739E-16
   2.8000000000000000E+06   5.8731063308691691E-16
   2.9000000000000000E+06   5.5674218354957061E-16
   3.0000000000000000E+06   5.2839870365385285E-16
   3.1000000000000000E+06   5.0235234681221273E-16
   3.2000000000000000E+06   4.7925442627859940E-16
   3.3000000000000000E+06   4.5782255266638580E-16
   3.4000000000000000E+06   4.3830204513600984E-16
   3.5000000000000000E+06   4.1991862251844976E-16
   3.6000000000000000E+06   4.0257517741935697E-16
   3.7000000000000000E+06   3.8722574248156857E-16
   3.8000000000000000E+06   3.7267387720571933E-16
   3.9000000000000000E+06   3.5918624997137659E-16
   4.0000000000000000E+06   3.4633442244486157E-16
   4.1000000000000000E+06   3.3442009598495847E-16
   4.2000000000000000E+06   3.2290887811212605E-16
   4.3000000000000000E+06   3.1262298462331319E-16
   4.4000000000000000E+06   3.0266543130953699E-16
   4.5000000000000000E+06   2.9343882286648876E-16
   4.6000000000000000E+06   2.8480752752516539E-16
   4.7000000000000000E+06   2.7637537833021054E-16
   4.8000000000000000E+06   2.6850506174015246E-16
   4.9000000000000000E+06   2.6093618771900549E-16
   5.0000000000000000E+06   2.5381225178092076E-16
   5.1000000000000000E+06   2.4722130664249874E-16
   5.2000000000000000E+06   2.4078018678362398E-16
   5.3000000000000000E+06   2.3474600121042014E-16
   5.4000000000000000E+06   2.2902053366363243E-16
   5.5000000000000000E+06   2.2353117447693906E-16
   5.6000000000000000E+06   2.1804181529024565E-16
   5.7000000000000000E+06   2.1308661036061886E-16
   5.8000000000000000E+06   2.0818597494367905E-16
   5.9000000000000000E+06   2.0335865678348315E-16
   6.0000000000000000E+06   1.9909208914085690E-16
   6.1000000000000000E+06   1.9482552149823066E-16
   6.2000000000000000E+06   1.9074114542901878E-16
   6.3000000000000000E+06   1.8682886963840049E-16
   6.4000000000000000E+06   1.8308635969754059E-16
   6.5000000000000000E+06   1.7952192547185708E-16
   6.6000000000000000E+06   1.7595749124617354E-16
   6.7000000000000000E+06   1.7251454736295722E-16
   6.8000000000000000E+06   1.6932636490863814E-16
   6.9000000000000000E+06   1.6613818245431909E-16
   7.0000000000000000E+06   1.6295000000000002E-16
   7.1000000000000000E+06   1.6019959559560901E-16
   7.2000000000000000E+06   1.5744919119121803E-16
   7.3000000000000000E+06   1.5469878678682702E-16
   7.4000000000000000E+06   1.5202371610285304E-16
   7.5000000000000000E+06   1.4954045131950991E-16
   7.6000000000000000E+06   1.4705718653616679E-16
   7.7000000000000000E+06   1.4464046760556436E-16
   7.8000000000000000E+06   1.4233978479577330E-16
   7.9000000000000000E+06   1.4005733058344479E-16
   8.0000000000000000E+06   1.3793749546657714E-16
   8.1000000000000000E+06   1.3581766034970949E-16
   8.2000000000000000E+06   1.3369782523284184E-16
   8.3000000000000000E+06   1.3169313252325907E-16
   8.4000000000000000E+06   1.2977206039810532E-16
   8.5000000000000000E+06   1.2785098827295154E-16
   8.6000000000000000E+06   1.2592991614779779E-16
   8.7000000000000000E+06   1.2422441312005135E-16
   8.8000000000000000E+06   1.2254269732432324E-16
   8.9000000000000000E+06   1.2086098152859513E-16
   9.0000000000000000E+06   1.1917926573286700E-16
   9.1000000000000000E+06   1.1758616709213661E-16
   9.2000000000000000E+06   1.1605645176535361E-16
   9.3000000000000000E+06   1.1452673643857062E-16
   9.4000000000000000E+06   1.1301845216637297E-16
   9.5000000000000000E+06   1.1159415689834947E-16
   9.6000000000000000E+06   1.1016986163032599E-16
   9.7000000000000000E+06   1.0880668787551323E-16
   9.8000000000000000E+06   1.0748672095441581E-16
   9.9000000000000000E+06   1.0616675403331838E-16
   1.0000000000000000E+07   1.0484678711222097E-16
   1.1000000000000000E+07   9.3511032681165532E-17
   1.2000000000000000E+07   8.4397146971268588E-17
   1.3000000000000000E+07   7.6820946243869489E-17
   1.4000000000000000E+07   7.0551477515428456E-17
   1.5000000000000000E+07   6.5172823076445615E-17
   1.6000000000000000E+07   6.0477375204722362E-17
   1.7000000000000000E+07   5.6546486909783065E-17
   1.8000000000000000E+07   5.3013232529813446E-17
   1.9000000000000000E+07   4.9874439139570878E-17
   2.0000000000000000E+07   4.7092152271269995E-17
   2.1000000000000000E+07   4.4588013250989556E-17
   2.2000000000000000E+07   4.2380120273067661E-17
   2.3000000000000000E+07   4.0362843657485983E-17
   2.4000000000000000E+07   3.8545412548547436E-17
   2.5000000000000000E+07   3.6852075632522485E-17
   2.6000000000000000E+07   3.5323521509739036E-17
   2.7000000000000000E+07   3.3870725693166230E-17
   2.8000000000000000E+07   3.2568877110105784E-17
   2.9000000000000000E+07   3.1344567837010850E-17
   3.0000000000000000E+07   3.0222307626815244E-17
   3.1000000000000000E+07   2.9176918130611717E-17
   3.2000000000000000E+07   2.8203683613342375E-17
   3.3000000000000000E+07   2.7313912678775983E-17
   3.4000000000000000E+07   2.6436900642578651E-17
   3.5000000000000000E+07   2.5635642504759057E-17
   3.6000000000000000E+07   2.4873299469930383E-17
   3.7000000000000000E+07   2.4160847911127460E-17
   3.8000000000000000E+07   2.3479831849613791E-17
   3.9000000000000000E+07   2.2841131381385830E-17
   4.0000000000000000E+07   2.2225552721807446E-17
   4.1000000000000000E+07   2.1660858068104144E-17
   4.2000000000000000E+07   2.1115146229719061E-17
   4.3000000000000000E+07   2.0602025985037874E-17
   4.4000000000000000E+07   2.0106617734106208E-17
   4.5000000000000000E+07   1.9640960957094673E-17
   4.6000000000000000E+07   1.9185780618678638E-17
   4.7000000000000000E+07   1.8763071006655544E-17
   4.8000000000000000E+07   1.8356508770972561E-17
   4.9000000000000000E+07   1.7972155235376116E-17
   5.0000000000000000E+07   1.7587801699779671E-17
   5.1000000000000000E+07   1.7223783910674812E-17
   5.2000000000000000E+07   1.6878056741038844E-17
   5.3000000000000000E+07   1.6538688648259508E-17
   5.4000000000000000E+07   1.6219363476069439E-17
   5.5000000000000000E+07   1.5911986551715485E-17
   5.6000000000000000E+07   1.5618693940546658E-17
   5.7000000000000000E+07   1.5325401329377831E-17
   5.8000000000000000E+07   1.5051252807146859E-17
   5.9000000000000000E+07   1.4786419739562835E-17
   6.0000000000000000E+07   1.4521586671978807E-17
   6.1000000000000000E+07   1.4279550886986101E-17
   6.2000000000000000E+07   1.4045357680956990E-17
   6.3000000000000000E+07   1.3811164474927878E-17
   6.4000000000000000E+07   1.3585240907596589E-17
   6.5000000000000000E+07   1.3374205929294273E-17
   6.6000000000000000E+07   1.3163170950991959E-17
   6.7000000000000000E+07   1.2956509910144994E-17
   6.8000000000000000E+07   1.2763875643377959E-17
   6.9000000000000000E+07   1.2571241376610921E-17
   7.0000000000000000E+07   1.2384272093089054E-17
   7.1000000000000000E+07   1.2206426105943163E-17
   7.2000000000000000E+07   1.2028580118797271E-17
   7.3000000000000000E+07   1.1860138224663802E-17
   7.4000000000000000E+07   1.1694267104568690E-17
   7.5000000000000000E+07   1.1534541699025649E-17
   7.6000000000000000E+07   1.1382867508573856E-17
   7.7000000000000000E+07   1.1231193318122065E-17
   7.8000000000000000E+07   1.1079519127670274E-17
   7.9000000000000000E+07   1.0929722082112927E-17
   8.0000000000000000E+07   1.0792460117801569E-17
   8.1000000000000000E+07   1.0655198153490211E-17
   8.2000000000000000E+07   1.0517936189178855E-17
   8.3000000000000000E+07   1.0388001367734424E-17
   8.4000000000000000E+07   1.0260626160455828E-17
   8.5000000000000000E+07   1.0134270846708404E-17
   8.6000000000000000E+07   1.0016700808939213E-17
   8.7000000000000000E+07   9.8991307711700207E-18
   8.8000000000000000E+07   9.7815607334008280E-18
   8.9000000000000000E+07   9.6639906956316354E-18
   9.0000000000000000E+07   9.5570915936738121E-18
   9.1000000000000000E+07   9.4503109386385798E-18
   9.2000000000000000E+07   9.3435302836033474E-18
   9.3000000000000000E+07   9.2367496285681166E-18
   9.4000000000000000E+07   9.1370652997622050E-18
   9.5000000000000000E+07   9.0408044221100765E-18
   9.6000000000000000E+07   8.9445435444579481E-18
   9.7000000000000000E+07   8.8482826668058211E-18
   9.8000000000000000E+07   8.7568258592081415E-18
   9.9000000000000000E+07   8.6682241021768718E-18
   1.0000000000000000E+08   8.5796223451456036E-18
   1.1000000000000000E+08   7.7844607836733266E-18
   1.2000000000000000E+08   7.1231905586694174E-18
   1.3000000000000000E+08   6.5678987882087643E-18
   1.4000000000000000E+08   6.0887649771050498E-18
   1.5000000000000000E+08   5.6771632668574236E-18
   1.6000000000000000E+08   5.3146393091265253E-18
   1.7000000000000000E+08   4.9981692771398998E-18
   1.8000000000000000E+08   4.7158670594928662E-18
   1.9000000000000000E+08   4.4619670828190996E-18
   2.0000000000000000E+08   4.2352551818975048E-18
   2.1000000000000000E+08   4.0326578283107370E-18
   2.2000000000000000E+08   3.8475766273024072E-18
   2.3000000000000000E+08   3.6814232244593156E-18
   2.4000000000000000E+08   3.5249460175345817E-18
   2.5000000000000000E+08   3.3811732136641613E-18
   2.6000000000000000E+08   3.2508720658712530E-18
   2.7000000000000000E+08   3.1293326408434135E-18
   2.8000000000000000E+08   3.0162775765236683E-18
   2.9000000000000000E+08   2.9110070406818587E-18
   3.0000000000000000E+08   2.8145087204602178E-18
   3.1000000000000000E+08   2.7210040650322516E-18
   3.2000000000000000E+08   2.6359286800184922E-18
   3.3000000000000000E+08   2.5549923182892995E-18
   3.4000000000000000E+08   2.4798412075193333E-18
   3.5000000000000000E+08   2.4071368536641575E-18
   3.6000000000000000E+08   2.3408388930911051E-18
   3.7000000000000000E+08   2.2763880955130745E-18
   3.8000000000000000E+08   2.2163671053856662E-18
   3.9000000000000000E+08   2.1595224556462333E-18
   4.0000000000000000E+08   2.1046487087436124E-18
   4.1000000000000000E+08   2.0536239101754542E-18
   4.2000000000000000E+08   2.0044575284383959E-18
   4.3000000000000000E+08   1.9571080042646403E-18
   4.4000000000000000E+08   1.9129575401659959E-18
   4.5000000000000000E+08   1.8709685170527171E-18
   4.6000000000000000E+08   1.8308570606859595E-18
   4.7000000000000000E+08   1.7907456043192016E-18
   4.8000000000000000E+08   1.7535458742602908E-18
   4.9000000000000000E+08   1.7178810119936478E-18
   5.0000000000000000E+08   1.6822161497270048E-18
   5.1000000000000000E+08   1.6499804954860637E-18
   5.2000000000000000E+08   1.6178051260726037E-18
   5.3000000000000000E+08   1.5870851007866384E-18
   5.4000000000000000E+08   1.5577019529273983E-18
   5.5000000000000000E+08   1.5289142554133315E-18
   5.6000000000000000E+08   1.5017511015634224E-18
   5.7000000000000000E+08   1.4749918831011491E-18
   5.8000000000000000E+08   1.4496846260782776E-18
   5.9000000000000000E+08   1.4251390945478525E-18
   6.0000000000000000E+08   1.4019449541176929E-18
   6.1000000000000000E+08   1.3787508136875334E-18
   6.2000000000000000E+08   1.3555566732573738E-18
   6.3000000000000000E+08   1.3344788685328994E-18
   6.4000000000000000E+08   1.3134822282568676E-18
   6.5000000000000000E+08   1.2929030381833426E-18
   6.6000000000000000E+08   1.2733637393244377E-18
   6.7000000000000000E+08   1.2541323392628793E-18
   6.8000000000000000E+08   1.2361063183633383E-18
   6.9000000000000000E+08   1.2180802974637975E-18
   7.0000000000000000E+08   1.2000542765642566E-18
   7.1000000000000000E+08   1.1836075992191065E-18
   7.2000000000000000E+08   1.1672394925863478E-18
   7.3000000000000000E+08   1.1508713859535891E-18
   7.4000000000000000E+08   1.1352540622820776E-18
   7.5000000000000000E+08   1.1202672393841814E-18
   7.6000000000000000E+08   1.1052804164862855E-18
   7.7000000000000000E+08   1.0906821777042489E-18
   7.8000000000000000E+08   1.0769327407896276E-18
   7.9000000000000000E+08   1.0631833038750064E-18
   8.0000000000000000E+08   1.0495930186819807E-18
   8.1000000000000000E+08   1.0368537905199670E-18
   8.2000000000000000E+08   1.0241145623579532E-18
   8.3000000000000000E+08   1.0114490097251094E-18
   8.4000000000000000E+08   9.9962575765240608E-19
   8.5000000000000000E+08   9.8780250557970273E-19
   8.6000000000000000E+08   9.7604830213659837E-19
   8.7000000000000000E+08   9.6500946717076308E-19
   8.8000000000000000E+08   9.5397063220492778E-19
   8.9000000000000000E+08   9.4311718931121597E-19
   9.0000000000000000E+08   9.3308243133290930E-19
   9.1000000000000000E+08   9.2304767335460264E-19
   9.2000000000000000E+08   9.1301291537629597E-19
   9.3000000000000000E+08   9.0297815739798911E-19
   9.4000000000000000E+08   8.9294339941968245E-19
   9.5000000000000000E+08   8.8343428161957510E-19
   9.6000000000000000E+08   8.7450966338484341E-19
   9.7000000000000000E+08   8.6558504515011181E-19
   9.8000000000000000E+08   8.5666042691538012E-19
   9.9000000000000000E+08   8.4773580868064843E-19
   1.0000000000000000E+09   8.3896400573954440E-19
   1.1000000000000000E+09   7.6252912133891216E-19
   1.2000000000000000E+09   6.9914973234200748E-19
   1.3000000000000000E+09   6.4495583850931676E-19
   1.4000000000000000E+09   5.9895781292059222E-19
   1.5000000000000000E+09   5.5871435588507883E-19
   1.6000000000000000E+09   5.2364047626761696E-19
   1.7000000000000000E+09   4.9283266655562955E-19
   1.8000000000000000E+09   4.6569876395673416E-19
   1.9000000000000000E+09   4.4100549487733807E-19
   2.0000000000000000E+09   4.1886425349525462E-19
   2.1000000000000000E+09   3.9891505797101450E-19
   2.2000000000000000E+09   3.8080201494365513E-19
   2.3000000000000000E+09   3.6423575872328916E-19
   2.4000000000000000E+09   3.4924029503105592E-19
   2.5000000000000000E+09   3.3512246340090095E-19
   2.6000000000000000E+09   3.2217507115291849E-19
   2.7000000000000000E+09   3.1031820247295205E-19
   2.8000000000000000E+09   2.9913593602594338E-19
   2.9000000000000000E+09   2.8886176149764153E-19
   3.0000000000000000E+09   2.7926762993281334E-19
   3.1000000000000000E+09   2.7023811201516710E-19
   3.2000000000000000E+09   2.6173998055735582E-19
   3.3000000000000000E+09   2.5376849643551526E-19
   3.4000000000000000E+09   2.4633451486632797E-19
   3.5000000000000000E+09   2.3930570496867760E-19
   3.6000000000000000E+09   2.3277363370698305E-19
   3.7000000000000000E+09   2.2649719108474726E-19
   3.8000000000000000E+09   2.2043177758977253E-19
   3.9000000000000000E+09   2.1485272137619853E-19
   4.0000000000000000E+09   2.0936870503597123E-19
   4.1000000000000000E+09   2.0433273381294963E-19
   4.2000000000000000E+09   1.9939077261831763E-19
   4.3000000000000000E+09   1.9479185406098447E-19
   4.4000000000000000E+09   1.9033974522292995E-19
   4.5000000000000000E+09   1.8608937775600197E-19
   4.6000000000000000E+09   1.8206028606208158E-19
   4.7000000000000000E+09   1.7819569168207026E-19
   4.8000000000000000E+09   1.7456537744916823E-19
   4.9000000000000000E+09   1.7093506321626619E-19
   5.0000000000000000E+09   1.6750807376472246E-19
   5.1000000000000000E+09   1.6421400028154475E-19
   5.2000000000000000E+09   1.6103212735166426E-19
   5.3000000000000000E+09   1.5797496382054994E-19
   5.4000000000000000E+09   1.5511073410091957E-19
   5.5000000000000000E+09   1.5229024109419674E-19
   5.6000000000000000E+09   1.4952704800854795E-19
   5.7000000000000000E+09   1.4695897756162265E-19
   5.8000000000000000E+09   1.4439090711469732E-19
   5.9000000000000000E+09   1.4193772040934544E-19
   6.0000000000000000E+09   1.3959363854025875E-19
   6.1000000000000000E+09   1.3724955667117204E-19
   6.2000000000000000E+09   1.3507854603626021E-19
   6.3000000000000000E+09   1.3292189240431331E-19
   6.4000000000000000E+09   1.3082936079718070E-19
   6.5000000000000000E+09   1.2883640904119577E-19
   6.6000000000000000E+09   1.2684345728521082E-19
   6.7000000000000000E+09   1.2497960189889230E-19
   6.8000000000000000E+09   1.2312651619888398E-19
   6.9000000000000000E+09   1.2134026517914610E-19
   7.0000000000000000E+09   1.1961531345204893E-19
   7.1000000000000000E+09   1.1792035133249010E-19
   7.2000000000000000E+09   1.1635233109434292E-19
   7.3000000000000000E+09   1.1478431085619576E-19
   7.4000000000000000E+09   1.1321629061804861E-19
   7.5000000000000000E+09   1.1164827037990143E-19
   7.6000000000000000E+09   1.1018447969543148E-19
   7.7000000000000000E+09   1.0878854060913706E-19
   7.8000000000000000E+09   1.0739260152284265E-19
   7.9000000000000000E+09   1.0599666243654823E-19
   8.0000000000000000E+09   1.0464917011071994E-19
   8.1000000000000000E+09   1.0339145288024899E-19
   8.2000000000000000E+09   1.0213373564977805E-19
   8.3000000000000000E+09   1.0087601841930710E-19
   8.4000000000000000E+09   9.9664797641943301E-20
   8.5000000000000000E+09   9.8515035956183623E-20
   8.6000000000000000E+09   9.7365274270423944E-20
   8.7000000000000000E+09   9.6215512584664277E-20
   8.8000000000000000E+09   9.5139251209208349E-20
   8.9000000000000000E+09   9.4076678503642940E-20
   9.0000000000000000E+09   9.3014105798077519E-20
   9.1000000000000000E+09   9.1992353975121697E-20
   9.2000000000000000E+09   9.1000601676581938E-20
   9.3000000000000000E+09   9.0008849378042190E-20
   9.4000000000000000E+09   8.9069095343680718E-20
   9.5000000000000000E+09   8.8161482631189955E-20
   9.6000000000000000E+09   8.7253869918699192E-20
   9.7000000000000000E+09   8.6346257206208429E-20
   9.8000000000000000E+09   8.5438644493717666E-20
   9.9000000000000000E+09   8.4548458040318789E-20
   1.0000000000000000E+10   8.3725438818565393E-20
   1.1000000000000000E+10   7.6119227799227790E-20
   1.2000000000000000E+10   6.9770786127167629E-20
   1.3000000000000000E+10   6.4395715151515157E-20
   1.4000000000000000E+10   5.9788897216274084E-20
   1.5000000000000000E+10   5.5806954248366022E-20
   1.6000000000000000E+10   5.2307631377551020E-20
   1.7000000000000000E+10   4.9240396935933152E-20
   1.8000000000000000E+10   4.6493275229357800E-20
   1.9000000000000000E+10   4.4065650646950092E-20
   2.0000000000000000E+10   4.1849981220657271E-20
   2.1000000000000000E+10   3.9851330316742083E-20
   2.2000000000000000E+10   3.8047303969022262E-20
   2.3000000000000000E+10   3.6394167128347182E-20
   2.4000000000000000E+10   3.4875378013500483E-20
   2.5000000000000000E+10   3.3478190523198420E-20
   2.6000000000000000E+10   3.2188058704453442E-20
   2.7000000000000000E+10   3.0994179833679835E-20
   2.8000000000000000E+10   2.9885015005359060E-20
   2.9000000000000000E+10   2.8872557251908399E-20
   3.0000000000000000E+10   2.7892731733914942E-20
   3.1000000000000000E+10   2.7004748091603055E-20
   3.2000000000000000E+10   2.6145928571428574E-20
   3.3000000000000000E+10   2.5360214285714286E-20
   3.4000000000000000E+10   2.4612912952646239E-20
   3.5000000000000000E+10   2.3902134762633996E-20
   3.6000000000000000E+10   2.3239041347626341E-20
   3.7000000000000000E+10   2.2611820794590026E-20
   3.8000000000000000E+10   2.2026279112754161E-20
   3.9000000000000000E+10   2.1459735674676527E-20
   4.0000000000000000E+10   2.0918267605633804E-20
   4.1000000000000000E+10   2.0404183098591550E-20
   4.2000000000000000E+10   1.9919095022624436E-20
   4.3000000000000000E+10   1.9458524891251815E-20
   4.4000000000000000E+10   1.9017732237796039E-20
   4.5000000000000000E+10   1.8592155371138775E-20
   4.6000000000000000E+10   1.8191509912402029E-20
   4.7000000000000000E+10   1.7798074324324324E-20
   4.8000000000000000E+10   1.7431761583011584E-20
   4.9000000000000000E+10   1.7069614017769002E-20
   5.0000000000000000E+10   1.6733483711747286E-20
   5.1000000000000000E+10   1.6400141700404858E-20
   5.2000000000000000E+10   1.6088906882591092E-20
   5.3000000000000000E+10   1.5780728407908426E-20
   5.4000000000000000E+10   1.5491966701352757E-20
   5.5000000000000000E+10   1.5207283109919570E-20
   5.6000000000000000E+10   1.4937578016085791E-20
   5.7000000000000000E+10   1.4676581084764242E-20
   5.8000000000000000E+10   1.4431827745979832E-20
   5.9000000000000000E+10   1.4187074407195422E-20
   6.0000000000000000E+10   1.3942321068411012E-20
   6.1000000000000000E+10   1.3715974148061107E-20
   6.2000000000000000E+10   1.3498289071680377E-20
   6.3000000000000000E+10   1.3280603995299647E-20
   6.4000000000000000E+10   1.3068802996493464E-20
   6.5000000000000000E+10   1.2872437041759642E-20
   6.6000000000000000E+10   1.2676071087025820E-20
   6.7000000000000000E+10   1.2482057491289198E-20
   6.8000000000000000E+10   1.2302614982578397E-20
   6.9000000000000000E+10   1.2123172473867597E-20
   7.0000000000000000E+10   1.1947424033677766E-20
   7.1000000000000000E+10   1.1781714121699197E-20
   7.2000000000000000E+10   1.1616004209720628E-20
   7.3000000000000000E+10   1.1457245139475908E-20
   7.4000000000000000E+10   1.1302131022823330E-20
   7.5000000000000000E+10   1.1150916108158076E-20
   7.6000000000000000E+10   1.1009247515599723E-20
   7.7000000000000000E+10   1.0867578923041368E-20
   7.8000000000000000E+10   1.0725910330483013E-20
   7.9000000000000000E+10   1.0584241737924658E-20
   8.0000000000000000E+10   1.0455589149560117E-20
   8.1000000000000000E+10   1.0327436656891495E-20
   8.2000000000000000E+10   1.0199284164222874E-20
   8.3000000000000000E+10   1.0075986015831136E-20
   8.4000000000000000E+10   9.9566117225782138E-21
   8.5000000000000000E+10   9.8372374293252921E-21
   8.6000000000000000E+10   9.7261456148828222E-21
   8.7000000000000000E+10   9.6159740758637357E-21
   8.8000000000000000E+10   9.5058025368446477E-21
   8.9000000000000000E+10   9.3956309978255612E-21
   9.0000000000000000E+10   9.2930772580645160E-21
   9.1000000000000000E+10   9.1929159677419361E-21
   9.2000000000000000E+10   9.0927546774193546E-21
   9.3000000000000000E+10   8.9925933870967747E-21
   9.4000000000000000E+10   8.8957128245725142E-21
   9.5000000000000000E+10   8.8033442368587726E-21
   9.6000000000000000E+10   8.7109756491450294E-21
   9.7000000000000000E+10   8.6201544897333748E-21
   9.8000000000000000E+10   8.5336696598222499E-21
   9.9000000000000000E+10   8.4471848299111249E-21
   1.0000000000000000E+11   8.3606999999999999E-21
