   1.0000000000000000E+00   0.0000000000000000E+00   1.0000000000000000E+30
   2.0000000000000000E+00   0.0000000000000000E+00   1.0000000000000000E+30
   3.0000000000000000E+00   0.0000000000000000E+00   1.0000000000000000E+30
   4.0000000000000000E+00   0.0000000000000000E+00   1.0000000000000000E+30
   5.0000000000000000E+00   0.0000000000000000E+00   1.0000000000000000E+30
   6.0000000000000000E+00   0.0000000000000000E+00   1.0000000000000000E+30
   7.0000000000000000E+00   0.0000000000000000E+00   1.0000000000000000E+30
   8.0000000000000000E+00   0.0000000000000000E+00   1.0000000000000000E+30
   9.0000000000000000E+00   0.0000000000000000E+00   1.0000000000000000E+30
   9.2290000000000010E+00   0.0000000000000000E+00   1.0000000000000000E+30
   9.2309999999999999E+00   0.0000000000000000E+00   1.0000000000000000E+30
   1.0000000000000000E+01   0.0000000000000000E+00   1.0000000000000000E+30
   1.1000000000000000E+01   0.0000000000000000E+00   1.0000000000000000E+30
   1.1099000000000000E+01   0.0000000000000000E+00   1.0000000000000000E+30
   1.1100999999999999E+01   0.0000000000000000E+00   1.0000000000000000E+30
   1.2000000000000000E+01   0.0000000000000000E+00   1.0000000000000000E+30
   1.2499000000000001E+01   0.0000000000000000E+00   1.0000000000000000E+30
   1.2500999999999999E+01   0.0000000000000000E+00   1.0000000000000000E+30
   1.3000000000000000E+01   0.0000000000000000E+00   1.0000000000000000E+30
   1.4000000000000000E+01   0.0000000000000000E+00   1.0000000000000000E+30
   1.5000000000000000E+01   0.0000000000000000E+00   1.0000000000000000E+30
   1.6000000000000000E+01   0.0000000000000000E+00   1.0000000000000000E+30
   1.7000000000000000E+01   0.0000000000000000E+00   1.0000000000000000E+30
   1.8000000000000000E+01   0.0000000000000000E+00   1.0000000000000000E+30
   1.9000000000000000E+01   0.0000000000000000E+00   1.0000000000000000E+30
   2.0000000000000000E+01   0.0000000000000000E+00   1.0000000000000000E+30
   2.1000000000000000E+01   0.0000000000000000E+00   1.0000000000000000E+30
   2.2000000000000000E+01   0.0000000000000000E+00   1.0000000000000000E+30
   2.3000000000000000E+01   0.0000000000000000E+00   1.0000000000000000E+30
   2.4000000000000000E+01   0.0000000000000000E+00   1.0000000000000000E+30
   2.5000000000000000E+01   0.0000000000000000E+00   1.0000000000000000E+30
   2.6000000000000000E+01   0.0000000000000000E+00   1.0000000000000000E+30
   2.7000000000000000E+01   0.0000000000000000E+00   1.0000000000000000E+30
   2.8000000000000000E+01   0.0000000000000000E+00   1.0000000000000000E+30
   2.9000000000000000E+01   0.0000000000000000E+00   1.0000000000000000E+30
   3.0000000000000000E+01   0.0000000000000000E+00   1.0000000000000000E+30
   3.1000000000000000E+01   0.0000000000000000E+00   1.0000000000000000E+30
   3.2000000000000000E+01   0.0000000000000000E+00   1.0000000000000000E+30
   3.3000000000000000E+01   0.0000000000000000E+00   1.0000000000000000E+30
   3.4000000000000000E+01   0.0000000000000000E+00   1.0000000000000000E+30
   3.5000000000000000E+01   0.0000000000000000E+00   1.0000000000000000E+30
   3.6000000000000000E+01   0.0000000000000000E+00   1.0000000000000000E+30
   3.7000000000000000E+01   0.0000000000000000E+00   1.0000000000000000E+30
   3.8000000000000000E+01   0.0000000000000000E+00   1.0000000000000000E+30
   3.9000000000000000E+01   0.0000000000000000E+00   1.0000000000000000E+30
   4.0000000000000000E+01   0.0000000000000000E+00   1.0000000000000000E+30
   4.1000000000000000E+01   0.0000000000000000E+00   1.0000000000000000E+30
   4.2000000000000000E+01   0.0000000000000000E+00   1.0000000000000000E+30
   4.3000000000000000E+01   0.0000000000000000E+00   1.0000000000000000E+30
   4.4000000000000000E+01   0.0000000000000000E+00   1.0000000000000000E+30
   4.5000000000000000E+01   0.0000000000000000E+00   1.0000000000000000E+30
   4.6000000000000000E+01   0.0000000000000000E+00   1.0000000000000000E+30
   4.7000000000000000E+01   0.0000000000000000E+00   1.0000000000000000E+30
   4.8000000000000000E+01   0.0000000000000000E+00   1.0000000000000000E+30
   4.9000000000000000E+01   0.0000000000000000E+00   1.0000000000000000E+30
   5.0000000000000000E+01   0.0000000000000000E+00   1.0000000000000000E+30
   5.1000000000000000E+01   0.0000000000000000E+00   1.0000000000000000E+30
   5.2000000000000000E+01   0.0000000000000000E+00   1.0000000000000000E+30
   5.3000000000000000E+01   0.0000000000000000E+00   1.0000000000000000E+30
   5.4000000000000000E+01   0.0000000000000000E+00   1.0000000000000000E+30
   5.5000000000000000E+01   0.0000000000000000E+00   1.0000000000000000E+30
   5.6000000000000000E+01   0.0000000000000000E+00   1.0000000000000000E+30
   5.7000000000000000E+01   0.0000000000000000E+00   1.0000000000000000E+30
   5.8000000000000000E+01   0.0000000000000000E+00   1.0000000000000000E+30
   5.9000000000000000E+01   0.0000000000000000E+00   1.0000000000000000E+30
   6.0000000000000000E+01   0.0000000000000000E+00   1.0000000000000000E+30
   6.0999000000000002E+01   0.0000000000000000E+00   1.0000000000000000E+30
   6.1000999999999998E+01   0.0000000000000000E+00   1.0000000000000000E+30
   6.2000000000000000E+01   0.0000000000000000E+00   1.0000000000000000E+30
   6.3000000000000000E+01   0.0000000000000000E+00   1.0000000000000000E+30
   6.4000000000000000E+01   0.0000000000000000E+00   1.0000000000000000E+30
   6.5000000000000000E+01   0.0000000000000000E+00   1.0000000000000000E+30
   6.6000000000000000E+01   0.0000000000000000E+00   1.0000000000000000E+30
   6.7000000000000000E+01   0.0000000000000000E+00   1.0000000000000000E+30
   6.8000000000000000E+01   0.0000000000000000E+00   1.0000000000000000E+30
   6.9000000000000000E+01   0.0000000000000000E+00   1.0000000000000000E+30
   7.0000000000000000E+01   0.0000000000000000E+00   1.0000000000000000E+30
   7.1000000000000000E+01   0.0000000000000000E+00   1.0000000000000000E+30
   7.2000000000000000E+01   0.0000000000000000E+00   1.0000000000000000E+30
   7.3000000000000000E+01   0.0000000000000000E+00   1.0000000000000000E+30
   7.4000000000000000E+01   0.0000000000000000E+00   1.0000000000000000E+30
   7.5000000000000000E+01   0.0000000000000000E+00   1.0000000000000000E+30
   7.5998999999999995E+01   0.0000000000000000E+00   1.0000000000000000E+30
   7.6001000000000005E+01   0.0000000000000000E+00   1.0000000000000000E+30
   7.7000000000000000E+01   0.0000000000000000E+00   1.0000000000000000E+30
   7.8000000000000000E+01   0.0000000000000000E+00   1.0000000000000000E+30
   7.9000000000000000E+01   0.0000000000000000E+00   1.0000000000000000E+30
   8.0000000000000000E+01   0.0000000000000000E+00   1.0000000000000000E+30
   8.1000000000000000E+01   0.0000000000000000E+00   1.0000000000000000E+30
   8.2000000000000000E+01   0.0000000000000000E+00   1.0000000000000000E+30
   8.3000000000000000E+01   0.0000000000000000E+00   1.0000000000000000E+30
   8.4000000000000000E+01   0.0000000000000000E+00   1.0000000000000000E+30
   8.5000000000000000E+01   0.0000000000000000E+00   1.0000000000000000E+30
   8.6000000000000000E+01   0.0000000000000000E+00   1.0000000000000000E+30
   8.6998999999999995E+01   0.0000000000000000E+00   1.0000000000000000E+30
   8.7001000000000005E+01   0.0000000000000000E+00   1.0000000000000000E+30
   8.8000000000000000E+01   0.0000000000000000E+00   1.0000000000000000E+30
   8.9000000000000000E+01   0.0000000000000000E+00   1.0000000000000000E+30
   9.0000000000000000E+01   0.0000000000000000E+00   1.0000000000000000E+30
   9.0998999999999995E+01   0.0000000000000000E+00   1.0000000000000000E+30
   9.1001000000000005E+01   0.0000000000000000E+00   1.0000000000000000E+30
   9.2000000000000000E+01   0.0000000000000000E+00   1.0000000000000000E+30
   9.3000000000000000E+01   0.0000000000000000E+00   1.0000000000000000E+30
   9.4000000000000000E+01   0.0000000000000000E+00   1.0000000000000000E+30
   9.5000000000000000E+01   0.0000000000000000E+00   1.0000000000000000E+30
   9.6000000000000000E+01   0.0000000000000000E+00   1.0000000000000000E+30
   9.7000000000000000E+01   0.0000000000000000E+00   1.0000000000000000E+30
   9.8000000000000000E+01   0.0000000000000000E+00   1.0000000000000000E+30
   9.9000000000000000E+01   0.0000000000000000E+00   1.0000000000000000E+30
   1.0000000000000000E+02   0.0000000000000000E+00   1.0000000000000000E+30
   1.1000000000000000E+02   0.0000000000000000E+00   1.0000000000000000E+30
   1.1399900000000000E+02   0.0000000000000000E+00   1.0000000000000000E+30
   1.1400100000000000E+02   0.0000000000000000E+00   1.0000000000000000E+30
   1.2000000000000000E+02   0.0000000000000000E+00   1.0000000000000000E+30
   1.3000000000000000E+02   0.0000000000000000E+00   1.0000000000000000E+30
   1.4000000000000000E+02   0.0000000000000000E+00   1.0000000000000000E+30
   1.5000000000000000E+02   2.4053602911479016E-25   1.0000000000000000E+30
   1.6000000000000000E+02   6.5975282163943203E-23   1.5157191711815369E+22
   1.7000000000000000E+02   4.7816007550262268E-21   2.0913498454442066E+20
   1.8000000000000000E+02   1.4718136929591316E-19   6.7943382017969009E+18
   1.9000000000000000E+02   2.3992366997319447E-18   4.1679922623379571E+17
   2.0000000000000000E+02   2.4120161206145512E-17   4.1459092725516808E+16
   2.1000000000000000E+02   1.6673382919773092E-16   5.9975831228232180E+15
   2.2000000000000000E+02   8.5805820173335412E-16   1.1654221100385858E+15
   2.3000000000000000E+02   3.4934594896096115E-15   2.8624920454187050E+14
   2.4000000000000000E+02   1.1718590468979516E-14   8.5334495018587562E+13
   2.5000000000000000E+02   3.3640757413227820E-14   2.9725846767254773E+13
   2.6000000000000000E+02   8.4855475622830895E-14   1.1784743325755916E+13
   2.7000000000000000E+02   1.9209114658481498E-13   5.2058619971767676E+12
   2.8000000000000000E+02   3.9693411825592817E-13   2.5193097645368892E+12
   2.9000000000000000E+02   7.5905514440007906E-13   1.3174273402630745E+12
   3.0000000000000000E+02   1.3584160494522832E-12   7.3615149085083521E+11
   3.1000000000000000E+02   2.2961179775573518E-12   4.3551769106560309E+11
   3.2000000000000000E+02   3.6937763573058534E-12   2.7072564856887405E+11
   3.3000000000000000E+02   5.6915168217771882E-12   1.7570008686853851E+11
   3.3899900000000002E+02   8.1305108384895907E-12   1.2299350186780769E+11
   3.3900099999999998E+02   8.1311297781606512E-12   1.2298413963160368E+11
   3.4000000000000000E+02   8.4448420206345121E-12   1.1841547746619234E+11
   3.5000000000000000E+02   1.2120705193418071E-11   8.2503450421600220E+10
   3.5699900000000002E+02   1.5335266758023146E-11   6.5209168890186897E+10
   3.5700099999999998E+02   1.5336267873889853E-11   6.5204912187437080E+10
   3.6000000000000000E+02   1.6893148116571876E-11   5.9195597712129105E+10
   3.7000000000000000E+02   2.2938841415123831E-11   4.3594180800286148E+10
   3.8000000000000000E+02   3.0432802064143450E-11   3.2859281176024887E+10
   3.9000000000000000E+02   3.9544501025077221E-11   2.5287966065518143E+10
   4.0000000000000000E+02   5.0434499922220253E-11   1.9827697340951004E+10
   4.1000000000000000E+02   6.3251691732922349E-11   1.5809853817388140E+10
   4.2000000000000000E+02   7.8131169462591247E-11   1.2798989275065111E+10
   4.3000000000000000E+02   9.5192705405911033E-11   1.0505006615117220E+10
   4.4000000000000000E+02   1.1453979342718451E-10   8.7305902174140244E+09
   4.5000000000000000E+02   1.3625919479408924E-10   7.3389542739568501E+09
   4.6000000000000000E+02   1.6042091227393806E-10   6.2336012545071402E+09
   4.7000000000000000E+02   1.8707851806605244E-10   5.3453491632156658E+09
   4.8000000000000000E+02   2.1626976674931852E-10   4.6238548042598801E+09
   4.9000000000000000E+02   2.4801742088657350E-10   4.0319748363859205E+09
   5.0000000000000000E+02   2.8233023338990923E-10   3.5419515224887748E+09
   5.1000000000000000E+02   3.1920403315442939E-10   3.1327924967545915E+09
   5.2000000000000000E+02   3.5862286999606279E-10   2.7884445852853131E+09
   5.3000000000000000E+02   4.0056018282490403E-10   2.4965037536871905E+09
   5.4000000000000000E+02   4.4497996331270876E-10   2.2472921984068127E+09
   5.4799900000000002E+02   4.8226887407444102E-10   2.0735321181968803E+09
   5.4800099999999998E+02   4.8227839044796667E-10   2.0734912030189559E+09
   5.5000000000000000E+02   4.9183789099765720E-10   2.0331902407347538E+09
   5.6000000000000000E+02   5.4108242290518888E-10   1.8481472649412327E+09
   5.7000000000000000E+02   5.9265582808050261E-10   1.6873199462811434E+09
   5.8000000000000000E+02   6.4649515490125947E-10   1.5468020021785502E+09
   5.9000000000000000E+02   7.0253312959491108E-10   1.4234204165953169E+09
   6.0000000000000000E+02   7.6069898271550457E-10   1.3145804355229330E+09
   6.1000000000000000E+02   8.2091920027077245E-10   1.2181466820000794E+09
   6.2000000000000000E+02   8.8311820644488168E-10   1.1323512443771744E+09
   6.3000000000000000E+02   9.4721897546575174E-10   1.0557220937305398E+09
   6.4000000000000000E+02   1.0131435763371027E-09   9.8702693611835206E+08
   6.4499900000000002E+02   1.0467585663228797E-09   9.5533013263303304E+08
   6.4500099999999998E+02   1.0467721009949882E-09   9.5531778029761231E+08
   6.5000000000000000E+02   1.0808136583837684E-09   9.2522887016008329E+08
   6.6000000000000000E+02   1.1501508759207935E-09   8.6945114848468482E+08
   6.7000000000000000E+02   1.2210772583064524E-09   8.1894900031708825E+08
   6.8000000000000000E+02   1.2935155356685573E-09   7.7308696527030671E+08
   6.9000000000000000E+02   1.3673894114607158E-09   7.3132056721994698E+08
   7.0000000000000000E+02   1.4426238006249222E-09   6.9318140984975827E+08
   7.1000000000000000E+02   1.5191450271415230E-09   6.5826499914997292E+08
   7.2000000000000000E+02   1.5968809893328952E-09   6.2622074323632276E+08
   7.3000000000000000E+02   1.6757612927633238E-09   5.9674370348476303E+08
   7.4000000000000000E+02   1.7557173618181120E-09   5.6956775717275023E+08
   7.5000000000000000E+02   1.8366825207061771E-09   5.4445991004232728E+08
   7.6000000000000000E+02   1.9185920590081974E-09   5.2121554204542220E+08
   7.6399900000000002E+02   1.9515979160403406E-09   5.1240062913621682E+08
   7.6400099999999998E+02   1.9516144577125313E-09   5.1239628608413297E+08
   7.7000000000000000E+02   2.0013832757571819E-09   4.9965442007686955E+08
   7.8000000000000000E+02   2.0849955109277714E-09   4.7961733958603346E+08
   7.9000000000000000E+02   2.1693701563256842E-09   4.6096328793133438E+08
   8.0000000000000000E+02   2.2544506628109217E-09   4.4356703674906242E+08
   8.1000000000000000E+02   2.3401825303948261E-09   4.2731709471879709E+08
   8.2000000000000000E+02   2.4265132917305550E-09   4.1211395932095402E+08
   8.3000000000000000E+02   2.5133924902699407E-09   3.9786861935463142E+08
   8.4000000000000000E+02   2.6007716478449935E-09   3.8450126939387506E+08
   8.5000000000000000E+02   2.6886042288885121E-09   3.7194020200340426E+08
   8.6000000000000000E+02   2.7768456027514817E-09   3.6012085043876195E+08
   8.7000000000000000E+02   2.8654529969866017E-09   3.4898496016219103E+08
   8.8000000000000000E+02   2.9543854542159828E-09   3.3847986848600775E+08
   8.9000000000000000E+02   3.0436037802254336E-09   3.2855787816308081E+08
   9.0000000000000000E+02   3.1330704972496646E-09   3.1917570985965377E+08
   9.1000000000000000E+02   3.2227497891161517E-09   3.1029402387277883E+08
   9.2000000000000000E+02   3.3126074519233250E-09   3.0187700007116526E+08
   9.3000000000000000E+02   3.4026108418100128E-09   2.9389196898815846E+08
   9.4000000000000000E+02   3.4927288196182408E-09   2.8630908714788264E+08
   9.5000000000000000E+02   3.5829317026913379E-09   2.7910104991642594E+08
   9.6000000000000000E+02   3.6731912091301729E-09   2.7224283819322443E+08
   9.7000000000000000E+02   3.7634804097928296E-09   2.6571149338201225E+08
   9.8000000000000000E+02   3.8537736781914667E-09   2.5948591783139926E+08
   9.9000000000000000E+02   3.9440466378435614E-09   2.5354669754786626E+08
   1.0000000000000000E+03   4.0342761173056014E-09   2.4787594376853830E+08
   1.1000000000000000E+03   4.9298520290120407E-09   2.0284584488845268E+08
   1.2000000000000000E+03   5.8028797326112669E-09   1.7232823116773525E+08
   1.3000000000000000E+03   6.6438737741763313E-09   1.5051459946256644E+08
   1.4000000000000000E+03   7.4480735995665212E-09   1.3426290525085577E+08
   1.5000000000000000E+03   8.2136568293493952E-09   1.2174845148469763E+08
   1.6000000000000000E+03   8.9405900882058724E-09   1.1184944060003005E+08
   1.7000000000000000E+03   9.6298982463709277E-09   1.0384325715766050E+08
   1.8000000000000000E+03   1.0283202541305186E-08   9.7245969432502881E+07
   1.9000000000000000E+03   1.0902430269580662E-08   9.1722668732873529E+07
   2.0000000000000000E+03   1.1489633835409487E-08   8.7034975554933369E+07
   2.1000000000000000E+03   1.2046879537455881E-08   8.3009047852667823E+07
   2.2000000000000000E+03   1.2576180970004410E-08   7.9515395205039695E+07
   2.2099989999999998E+03   1.2627643988009545E-08   7.9191336162908956E+07
   2.2100010000000002E+03   1.2627654255752542E-08   7.9191271771196067E+07
   2.2949989999999998E+03   1.3054881510406998E-08   7.6599699445975602E+07
   2.2950010000000002E+03   1.3054891352308568E-08   7.6599641698524341E+07
   2.3000000000000000E+03   1.3079460860900996E-08   7.6455750786283851E+07
   2.4000000000000000E+03   1.3558531047140600E-08   7.3754302477398038E+07
   2.5000000000000000E+03   1.4015083887412724E-08   7.1351695646868274E+07
   2.6000000000000000E+03   1.4450690834170565E-08   6.9200843854147658E+07
   2.7000000000000000E+03   1.4866805308268611E-08   6.7263946709776357E+07
   2.7479989999999998E+03   1.5060010372025374E-08   6.6401016685721800E+07
   2.7480010000000002E+03   1.5060018337263277E-08   6.6400981566249624E+07
   2.8000000000000000E+03   1.5264768104450161E-08   6.5510330268854111E+07
   2.9000000000000000E+03   1.5645814164593077E-08   6.3914858599243030E+07
   3.0000000000000000E+03   1.6011079919795660E-08   6.2456749014388941E+07
   3.1000000000000000E+03   1.6361610780933295E-08   6.1118676723769277E+07
   3.1529989999999998E+03   1.6541746513540216E-08   6.0453108695714332E+07
   3.1530010000000002E+03   1.6541753239975790E-08   6.0453084113438495E+07
   3.2000000000000000E+03   1.6698368461315574E-08   5.9886090207954101E+07
   3.3000000000000000E+03   1.7022237940493502E-08   5.8746682045910150E+07
   3.4000000000000000E+03   1.7334034051299352E-08   5.7689975515251778E+07
   3.4299989999999998E+03   1.7425329363746045E-08   5.7387724451311216E+07
   3.4300010000000002E+03   1.7425335416777086E-08   5.7387704516562805E+07
   3.5000000000000000E+03   1.7634507532704993E-08   5.6706998942011744E+07
   3.6000000000000000E+03   1.7924350659730419E-08   5.5790026594750859E+07
   3.7000000000000000E+03   1.8204202342961745E-08   5.4932371172342427E+07
   3.8000000000000000E+03   1.8474652839109788E-08   5.4128216032458112E+07
   3.9000000000000000E+03   1.8736247985981187E-08   5.3372478884151138E+07
   4.0000000000000000E+03   1.8989493080280112E-08   5.2660700092013687E+07
   4.1000000000000000E+03   1.9234856374387779E-08   5.1988950711976863E+07
   4.2000000000000000E+03   1.9472772252902100E-08   5.1353756260923065E+07
   4.3000000000000000E+03   1.9703644115485787E-08   5.0752033184260823E+07
   4.4000000000000000E+03   1.9927846980185089E-08   5.0181035663026363E+07
   4.5000000000000000E+03   2.0145729848163730E-08   4.9638310825018309E+07
   4.6000000000000000E+03   2.0357617847061316E-08   4.9121660869783603E+07
   4.7000000000000000E+03   2.0563814180277968E-08   4.8629110885424413E+07
   4.8000000000000000E+03   2.0764601865492468E-08   4.8158881469422452E+07
   4.9000000000000000E+03   2.0960245373884713E-08   4.7709365141590565E+07
   5.0000000000000000E+03   2.1150992079551746E-08   4.7279106163855799E+07
   5.1000000000000000E+03   2.1337073589560535E-08   4.6866783104186520E+07
   5.2000000000000000E+03   2.1518706971787776E-08   4.6471193706529669E+07
   5.3000000000000000E+03   2.1696095853121409E-08   4.6091241796211489E+07
   5.4000000000000000E+03   2.1869431430362820E-08   4.5725925851535037E+07
   5.5000000000000000E+03   2.2038893382829394E-08   4.5374329038639702E+07
   5.6000000000000000E+03   2.2204650736805384E-08   4.5035610415724635E+07
   5.7000000000000000E+03   2.2366862598300273E-08   4.4708997321599908E+07
   5.8000000000000000E+03   2.2525678882062246E-08   4.4393778550946355E+07
   5.9000000000000000E+03   2.2681240953898641E-08   4.4089298378011003E+07
   6.0000000000000000E+03   2.2833682210382836E-08   4.3794951282333441E+07
   6.1000000000000000E+03   2.2983128644829377E-08   4.3510177202309437E+07
   6.2000000000000000E+03   2.3129699324757924E-08   4.3234457394333906E+07
   6.3000000000000000E+03   2.3273506867440014E-08   4.2967310671990529E+07
   6.4000000000000000E+03   2.3414657870971463E-08   4.2708290059610881E+07
   6.5000000000000000E+03   2.3553253286844528E-08   4.2456979841444738E+07
   6.6000000000000000E+03   2.3689388802789044E-08   4.2212992843541250E+07
   6.7000000000000000E+03   2.3823155166229244E-08   4.1975968045473687E+07
   6.8000000000000000E+03   2.3954638500560518E-08   4.1745568399063967E+07
   6.9000000000000000E+03   2.4083920587597850E-08   4.1521478878939494E+07
   7.0000000000000000E+03   2.4211079150460527E-08   4.1303404684502833E+07
   7.1000000000000000E+03   2.4336188060739390E-08   4.1091069706732772E+07
   7.2000000000000000E+03   2.4459317617681640E-08   4.0884214990409225E+07
   7.3000000000000000E+03   2.4580534734079996E-08   4.0682597462517254E+07
   7.4000000000000000E+03   2.4699903142507468E-08   4.0485988719487861E+07
   7.5000000000000000E+03   2.4817483566049810E-08   4.0294173957588315E+07
   7.6000000000000000E+03   2.4933333910897236E-08   4.0106950942607209E+07
   7.7000000000000000E+03   2.5047509413270935E-08   3.9924129122002430E+07
   7.8000000000000000E+03   2.5160062809884635E-08   3.9745528759456441E+07
   7.9000000000000000E+03   2.5271044451218904E-08   3.9570980215333641E+07
   8.0000000000000000E+03   2.5380502432931325E-08   3.9400323245866686E+07
   8.1000000000000000E+03   2.5488482755256776E-08   3.9233406303627819E+07
   8.2000000000000000E+03   2.5595029382468944E-08   3.9070086033381931E+07
   8.3000000000000000E+03   2.5700184398862992E-08   3.8910226653636046E+07
   8.4000000000000000E+03   2.5803988077134017E-08   3.8753699506090753E+07
   8.5000000000000000E+03   2.5906478999525335E-08   3.8600382553658582E+07
   8.6000000000000000E+03   2.6007694115008121E-08   3.8450160001802526E+07
   8.7000000000000000E+03   2.6107668852466897E-08   3.8302921859892935E+07
   8.8000000000000000E+03   2.6206437174954748E-08   3.8158563612595573E+07
   8.9000000000000000E+03   2.6304031668695936E-08   3.8016985859627225E+07
   9.0000000000000000E+03   2.6400483607057244E-08   3.7878094010849297E+07
   9.1000000000000000E+03   2.6495823011418396E-08   3.7741798002237916E+07
   9.2000000000000000E+03   2.6590078717535669E-08   3.7608012019179113E+07
   9.3000000000000000E+03   2.6683278443469824E-08   3.7476654231921390E+07
   9.4000000000000000E+03   2.6775448796135866E-08   3.7347646630084366E+07
   9.5000000000000000E+03   2.6866615338963816E-08   3.7220914781540468E+07
   9.6000000000000000E+03   2.6956802813968107E-08   3.7096387390637949E+07
   9.7000000000000000E+03   2.7046034847505956E-08   3.6973996581691712E+07
   9.8000000000000000E+03   2.7134334275266971E-08   3.6853677332025178E+07
   9.9000000000000000E+03   2.7221723048556844E-08   3.6735367493683137E+07
   1.0000000000000000E+04   2.7308222337347335E-08   3.6619007551889516E+07
   1.1000000000000000E+04   2.8128438284131842E-08   3.5551209416561611E+07
   1.1922999000000000E+04   2.8822648400389847E-08   3.4694938026114017E+07
   1.1923001000000000E+04   2.8822649847096481E-08   3.4694936284657307E+07
   1.2000000000000000E+04   2.8878173547967221E-08   3.4628228767272286E+07
   1.3000000000000000E+04   2.9569548047823124E-08   3.3818575731448114E+07
   1.3737999000000000E+04   3.0047629030669822E-08   3.3280496074392203E+07
   1.3738001000000000E+04   3.0047630292414739E-08   3.3280494676894419E+07
   1.4000000000000000E+04   3.0211415599562228E-08   3.3100070955115739E+07
   1.4355999000000000E+04   3.0429278707302822E-08   3.2863085898911133E+07
   1.4356001000000000E+04   3.0429279916501197E-08   3.2863084592998207E+07
   1.5000000000000000E+04   3.0810399258650173E-08   3.2456573886144798E+07
   1.6000000000000000E+04   3.1371561148569215E-08   3.1876003724016391E+07
   1.7000000000000000E+04   3.1898847799798083E-08   3.1349094684427131E+07
   1.8000000000000000E+04   3.2395394416174855E-08   3.0868585427708369E+07
   1.9000000000000000E+04   3.2863736552871690E-08   3.0428676252050180E+07
   2.0000000000000000E+04   3.3305961394586664E-08   3.0024654990518715E+07
   2.1000000000000000E+04   3.3723815473722249E-08   2.9652635265401829E+07
   2.2000000000000000E+04   3.4118785779732233E-08   2.9309366589300949E+07
   2.3000000000000000E+04   3.4492157763067149E-08   2.8992097475292224E+07
   2.4000000000000000E+04   3.4845059775217134E-08   2.8698472795022454E+07
   2.5000000000000000E+04   3.5178497208381602E-08   2.8426455913578395E+07
   2.6000000000000000E+04   3.5493377897645598E-08   2.8174269659082904E+07
   2.7000000000000000E+04   3.5790530719377288E-08   2.7940351257730637E+07
   2.8000000000000000E+04   3.6070721963431348E-08   2.7723315352928184E+07
   2.9000000000000000E+04   3.6334666478984671E-08   2.7521925943048976E+07
   3.0000000000000000E+04   3.6583036064420431E-08   2.7335074055610444E+07
   3.1000000000000000E+04   3.6816467309423574E-08   2.7161758666183580E+07
   3.2000000000000000E+04   3.7035566780230545E-08   2.7001071859761484E+07
   3.3000000000000000E+04   3.7240915544178850E-08   2.6852186241600357E+07
   3.4000000000000000E+04   3.7433070734523822E-08   2.6714345907981277E+07
   3.5000000000000000E+04   3.7612570909381430E-08   2.6586855825656347E+07
   3.6000000000000000E+04   3.7779935651521994E-08   2.6469076316696014E+07
   3.7000000000000000E+04   3.7935667448744741E-08   2.6360416654092357E+07
   3.8000000000000000E+04   3.8080252672877397E-08   2.6260329956062730E+07
   3.9000000000000000E+04   3.8214163879029560E-08   2.6168307729186274E+07
   4.0000000000000000E+04   3.8337859364160534E-08   2.6083876788771164E+07
   4.1000000000000000E+04   3.8451781411334537E-08   2.6006597439598139E+07
   4.2000000000000000E+04   3.8556359416512216E-08   2.5936058671860456E+07
   4.3000000000000000E+04   3.8652016432525608E-08   2.5871871438989192E+07
   4.4000000000000000E+04   3.8739149151672643E-08   2.5813680008426905E+07
   4.5000000000000000E+04   3.8818150782747414E-08   2.5761144718012858E+07
   4.6000000000000000E+04   3.8889399288409838E-08   2.5713948230052218E+07
   4.7000000000000000E+04   3.8953261291695931E-08   2.5671791445436187E+07
   4.8000000000000000E+04   3.9010084895835303E-08   2.5634396917366352E+07
   4.9000000000000000E+04   3.9060216786121256E-08   2.5601496414513417E+07
   5.0000000000000000E+04   3.9103978613627728E-08   2.5572845409942515E+07
   5.1000000000000000E+04   3.9141687134996925E-08   2.5548208909622893E+07
   5.2000000000000000E+04   3.9173651128389312E-08   2.5527362683722273E+07
   5.3000000000000000E+04   3.9200155637712451E-08   2.5510102797600929E+07
   5.4000000000000000E+04   3.9221476867013194E-08   2.5496235223132037E+07
   5.5000000000000000E+04   3.9237894926720175E-08   2.5485566997607239E+07
   5.6000000000000000E+04   3.9249649885868847E-08   2.5477934272224750E+07
   5.7000000000000000E+04   3.9257006538636272E-08   2.5473159778899908E+07
   5.8000000000000000E+04   3.9260184849705470E-08   2.5471097597430240E+07
   5.9000000000000000E+04   3.9259414925688374E-08   2.5471597116076130E+07
   6.0000000000000000E+04   3.9254905968945515E-08   2.5474522873423729E+07
   6.1000000000000000E+04   3.9246873254571871E-08   2.5479736780904200E+07
   6.2000000000000000E+04   3.9235499606072360E-08   2.5487122887183350E+07
   6.3000000000000000E+04   3.9220979040885163E-08   2.5496558843102034E+07
   6.4000000000000000E+04   3.9203479824095739E-08   2.5507939715733282E+07
   6.5000000000000000E+04   3.9183176875781256E-08   2.5521156775271341E+07
   6.6000000000000000E+04   3.9160222519397671E-08   2.5536116387098134E+07
   6.7000000000000000E+04   3.9134774069233482E-08   2.5552721940617219E+07
   6.8000000000000000E+04   3.9106969924421538E-08   2.5570889330792151E+07
   6.9000000000000000E+04   3.9076958217926853E-08   2.5590528168112189E+07
   7.0000000000000000E+04   3.9044848025282962E-08   2.5611573628163792E+07
   7.1000000000000000E+04   3.9010777782406077E-08   2.5633941614232615E+07
   7.2000000000000000E+04   3.8974854018414519E-08   2.5657568839835253E+07
   7.3000000000000000E+04   3.8937194524908814E-08   2.5682384470722008E+07
   7.4000000000000000E+04   3.8897900276691541E-08   2.5708328544387311E+07
   7.5000000000000000E+04   3.8857064509670963E-08   2.5735346007702526E+07
   7.6000000000000000E+04   3.8814791657700626E-08   2.5763374149184853E+07
   7.7000000000000000E+04   3.8771154728895627E-08   2.5792370822907511E+07
   7.8000000000000000E+04   3.8726251373062522E-08   2.5822277254947200E+07
   7.9000000000000000E+04   3.8680148207024865E-08   2.5853055025740206E+07
   8.0000000000000000E+04   3.8632927140876666E-08   2.5884655241200238E+07
   8.0728998999999996E+04   3.8597838777393863E-08   2.5908186356425848E+07
   8.0729001000000004E+04   3.8597838680387130E-08   2.5908186421540078E+07
   8.1000000000000000E+04   3.8584661551767187E-08   2.5917034380574990E+07
   8.2000000000000000E+04   3.8535417030248729E-08   2.5950153834199876E+07
   8.3000000000000000E+04   3.8485245265647742E-08   2.5983984072270125E+07
   8.4000000000000000E+04   3.8434202578007809E-08   2.6018492200283188E+07
   8.5000000000000000E+04   3.8382361670084818E-08   2.6053633921630189E+07
   8.6000000000000000E+04   3.8329772936122820E-08   2.6089379701427300E+07
   8.7000000000000000E+04   3.8276481428807408E-08   2.6125703373753324E+07
   8.8000000000000000E+04   3.8222534841719868E-08   2.6162576713999119E+07
   8.9000000000000000E+04   3.8167988456649177E-08   2.6199966003861856E+07
   9.0000000000000000E+04   3.8112862067241453E-08   2.6237861597371727E+07
   9.1000000000000000E+04   3.8057216138092679E-08   2.6276225680077225E+07
   9.2000000000000000E+04   3.8001078306362217E-08   2.6315042745315418E+07
   9.3000000000000000E+04   3.7944489701384738E-08   2.6354287746911153E+07
   9.4000000000000000E+04   3.7887483959089965E-08   2.6393940570975292E+07
   9.5000000000000000E+04   3.7830088702038936E-08   2.6433985071414940E+07
   9.6000000000000000E+04   3.7772342393558300E-08   2.6474397313801229E+07
   9.7000000000000000E+04   3.7714277363835930E-08   2.6515157385963760E+07
   9.8000000000000000E+04   3.7655889138582423E-08   2.6556271087366115E+07
   9.9000000000000000E+04   3.7597250164763369E-08   2.6597689874064598E+07
   1.0000000000000000E+05   3.7538339226655489E-08   2.6639431061721373E+07
   1.1000000000000000E+05   3.6940151297834993E-08   2.7070814949764665E+07
   1.2000000000000000E+05   3.6336331836803593E-08   2.7520664564911883E+07
   1.3000000000000000E+05   3.5737455458166157E-08   2.7981846697803888E+07
   1.4000000000000000E+05   3.5150013973443265E-08   2.8449490823973093E+07
   1.5000000000000000E+05   3.4577727528862427E-08   2.8920350510752585E+07
   1.6000000000000000E+05   3.4022703339648665E-08   2.9392138244189467E+07
   1.7000000000000000E+05   3.3485984477337398E-08   2.9863240266290482E+07
   1.8000000000000000E+05   3.2967928737340696E-08   3.0332509147514723E+07
   1.9000000000000000E+05   3.2468488091417123E-08   3.0799093483639758E+07
   2.0000000000000000E+05   3.1987277389847430E-08   3.1262429365663808E+07
   2.1000000000000000E+05   3.1523702261130877E-08   3.1722162318257041E+07
   2.2000000000000000E+05   3.1077218590419655E-08   3.2177911838875946E+07
   2.3000000000000000E+05   3.0647026758505562E-08   3.2629592680551540E+07
   2.4000000000000000E+05   3.0232412456445284E-08   3.3077082467059590E+07
   2.5000000000000000E+05   2.9832715857814398E-08   3.3520246858049959E+07
   2.6000000000000000E+05   2.9447108678157236E-08   3.3959191407534100E+07
   2.7000000000000000E+05   2.9074969509947276E-08   3.4393845182120487E+07
   2.8000000000000000E+05   2.8715615680307515E-08   3.4824257683800116E+07
   2.9000000000000000E+05   2.8368341255810080E-08   3.5250562977318652E+07
   3.0000000000000000E+05   2.8032610359065063E-08   3.5672739255858295E+07
   3.1000000000000000E+05   2.7707707715407437E-08   3.6091040452398367E+07
   3.2000000000000000E+05   2.7393368299164795E-08   3.6505185820120171E+07
   3.3000000000000000E+05   2.7088788050700359E-08   3.6915641930099048E+07
   3.4000000000000000E+05   2.6793611465195081E-08   3.7322329664256006E+07
   3.5000000000000000E+05   2.6507374383211119E-08   3.7725350898328371E+07
   3.6000000000000000E+05   2.6229541650761189E-08   3.8124951374092340E+07
   3.7000000000000000E+05   2.5959914277363924E-08   3.8520928432801597E+07
   3.8000000000000000E+05   2.5697934716289562E-08   3.8913632984136820E+07
   3.9000000000000000E+05   2.5443332973463492E-08   3.9303026888928629E+07
   4.0000000000000000E+05   2.5195726517550741E-08   3.9689270293651745E+07
   4.1000000000000000E+05   2.4954714718910329E-08   4.0072587936347529E+07
   4.2000000000000000E+05   2.4720290794705696E-08   4.0452598567900687E+07
   4.3000000000000000E+05   2.4491905075425986E-08   4.0829816909724697E+07
   4.4000000000000000E+05   2.4269192665098442E-08   4.1204502094464041E+07
   4.5000000000000000E+05   2.4052417333392174E-08   4.1575862672717378E+07
   4.6000000000000000E+05   2.3840789202439972E-08   4.1944920174775749E+07
   4.7000000000000000E+05   2.3634333262050264E-08   4.2311326869783282E+07
   4.8000000000000000E+05   2.3432885199746021E-08   4.2675069308615856E+07
   4.9000000000000000E+05   2.3236158233149952E-08   4.3036374170207985E+07
   5.0000000000000000E+05   2.3043989961137584E-08   4.3395262785934418E+07
   5.1000000000000000E+05   2.2856143571263821E-08   4.3751912779252179E+07
   5.2000000000000000E+05   2.2672398396347062E-08   4.4106493830891684E+07
   5.3000000000000000E+05   2.2492978356816991E-08   4.4458318686681531E+07
   5.4000000000000000E+05   2.2317121625361450E-08   4.4808645881267585E+07
   5.5000000000000000E+05   2.2145308945522805E-08   4.5156290321349241E+07
   5.6000000000000000E+05   2.1976914298631317E-08   4.5502293288838930E+07
   5.7000000000000000E+05   2.1812124922097954E-08   4.5846060554462351E+07
   5.8000000000000000E+05   2.1650780505517468E-08   4.6187711327319629E+07
   5.9000000000000000E+05   2.1492372687644952E-08   4.6528134168027781E+07
   6.0000000000000000E+05   2.1337493444723812E-08   4.6865860912415333E+07
   6.1000000000000000E+05   2.1185378128489593E-08   4.7202367308951825E+07
   6.2000000000000000E+05   2.1003013255622689E-08   4.7612215820141494E+07
   6.3000000000000000E+05   2.0889994279430113E-08   4.7869807268672958E+07
   6.4000000000000000E+05   2.0746503528986307E-08   4.8200893157867990E+07
   6.5000000000000000E+05   2.0605604771385102E-08   4.8530485326433860E+07
   6.6000000000000000E+05   2.0467114935702918E-08   4.8858864727221332E+07
   6.7000000000000000E+05   2.0301691953072320E-08   4.9256978300701037E+07
   6.8000000000000000E+05   2.0197865512277440E-08   4.9510182122568443E+07
   6.9000000000000000E+05   2.0066687309650989E-08   4.9833835778118409E+07
   7.0000000000000000E+05   1.9938206478321476E-08   5.0154962588399597E+07
   7.1000000000000000E+05   1.9811533172716287E-08   5.0475649273684852E+07
   7.2000000000000000E+05   1.9687163627964742E-08   5.0794518646634527E+07
   7.3000000000000000E+05   1.9538764907165985E-08   5.1180307698632620E+07
   7.4000000000000000E+05   1.9444418881996726E-08   5.1428639038726121E+07
   7.5000000000000000E+05   1.9326017021538499E-08   5.1743719302612543E+07
   7.6000000000000000E+05   1.9209338090364855E-08   5.2058014456083037E+07
   7.7000000000000000E+05   1.9094516550049727E-08   5.2371056233806342E+07
   7.8000000000000000E+05   1.8981838291276177E-08   5.2681936525588676E+07
   7.9000000000000000E+05   1.8870891961148769E-08   5.2991665791886874E+07
   8.0000000000000000E+05   1.8761552757841760E-08   5.3300492390323639E+07
   8.1000000000000000E+05   1.8632415834770694E-08   5.3669905656241328E+07
   8.2000000000000000E+05   1.8547668481922388E-08   5.3915132296798222E+07
   8.3000000000000000E+05   1.8443232734637634E-08   5.4220429486959346E+07
   8.4000000000000000E+05   1.8319380052782490E-08   5.4587000057794668E+07
   8.5000000000000000E+05   1.8238722368533268E-08   5.4828401890982822E+07
   8.6000000000000000E+05   1.8138689117867683E-08   5.5130775631130971E+07
   8.7000000000000000E+05   1.8040060642930327E-08   5.5432186165731519E+07
   8.8000000000000000E+05   1.7942726462036868E-08   5.5732889988363542E+07
   8.9000000000000000E+05   1.7846933799455043E-08   5.6032033918932073E+07
   9.0000000000000000E+05   1.7752481178622593E-08   5.6330154074698746E+07
   9.1000000000000000E+05   1.7640787656577566E-08   5.6686811239244126E+07
   9.2000000000000000E+05   1.7550165473729319E-08   5.6979519737115353E+07
   9.3000000000000000E+05   1.7476718011502176E-08   5.7218981237887882E+07
   9.4000000000000000E+05   1.7387205419616437E-08   5.7513555276214145E+07
   9.5000000000000000E+05   1.7298828937160826E-08   5.7807381276071824E+07
   9.6000000000000000E+05   1.7211432174348011E-08   5.8100917452436313E+07
   9.7000000000000000E+05   1.7125350517466918E-08   5.8392965386609465E+07
   9.8000000000000000E+05   1.7040593602628766E-08   5.8683401724088721E+07
   9.9000000000000000E+05   1.6941245567582012E-08   5.9027537025586486E+07
   1.0000000000000000E+06   1.6858381588096378E-08   5.9317674995925784E+07
   1.1000000000000000E+06   1.6086016688610351E-08   6.2165794015870117E+07
   1.2000000000000000E+06   1.5397362310749550E-08   6.4946188822345108E+07
   1.3000000000000000E+06   1.4779467563201737E-08   6.7661436091907904E+07
   1.4000000000000000E+06   1.4227059010561035E-08   7.0288595784812570E+07
   1.5000000000000000E+06   1.3715944134349402E-08   7.2907850178221345E+07
   1.6000000000000000E+06   1.3240544579473447E-08   7.5525594434407204E+07
   1.7000000000000000E+06   1.2816003614827742E-08   7.8027443659818366E+07
   1.8000000000000000E+06   1.2417085560199596E-08   8.0534195818485260E+07
   1.9000000000000000E+06   1.2042422204013495E-08   8.3039772485864207E+07
   2.0000000000000000E+06   1.1698652827522507E-08   8.5479927880873442E+07
   2.1000000000000000E+06   1.1377565972204386E-08   8.7892261178095520E+07
   2.2000000000000000E+06   1.1076070015656867E-08   9.0284730828391671E+07
   2.3000000000000000E+06   1.0793144216271242E-08   9.2651407223156214E+07
   2.4000000000000000E+06   1.0526355791885693E-08   9.4999638979603603E+07
   2.5000000000000000E+06   1.0275473573493970E-08   9.7319115547096878E+07
   2.6000000000000000E+06   1.0038352970896390E-08   9.9617935621435285E+07
   2.7000000000000000E+06   9.8127435505578656E-09   1.0190829861676647E+08
   2.8000000000000000E+06   9.5993948465817172E-09   1.0417323341544740E+08
   2.9000000000000000E+06   9.3961169153279689E-09   1.0642694306716122E+08
   3.0000000000000000E+06   9.2031014645272237E-09   1.0865902151078497E+08
   3.1000000000000000E+06   9.0182761491875858E-09   1.1088593689716250E+08
   3.2000000000000000E+06   8.8440921089940763E-09   1.1306983098729168E+08
   3.3000000000000000E+06   8.6746321118239663E-09   1.1527866393745381E+08
   3.4000000000000000E+06   8.5132449882590681E-09   1.1746402240028770E+08
   3.5000000000000000E+06   8.3577649781739220E-09   1.1964921275143214E+08
   3.6000000000000000E+06   8.2118212313567910E-09   1.2177566605828024E+08
   3.7000000000000000E+06   8.0691953992928437E-09   1.2392809326288427E+08
   3.8000000000000000E+06   7.9332449022688961E-09   1.2605182523912777E+08
   3.9000000000000000E+06   7.8019001794189694E-09   1.2817390340855055E+08
   4.0000000000000000E+06   7.6753359647466960E-09   1.3028745641794229E+08
   4.1000000000000000E+06   7.5538027698650056E-09   1.3238365237564592E+08
   4.2000000000000000E+06   7.4369627027459803E-09   1.3446349537705305E+08
   4.3000000000000000E+06   7.3229874643625204E-09   1.3655629002050352E+08
   4.4000000000000000E+06   7.2135311014190022E-09   1.3862836188552457E+08
   4.5000000000000000E+06   7.1079204944316171E-09   1.4068812401368383E+08
   4.6000000000000000E+06   7.0043512920107270E-09   1.4276839614549541E+08
   4.7000000000000000E+06   6.9049438663667213E-09   1.4482376965740421E+08
   4.8000000000000000E+06   6.8105116930141227E-09   1.4683184539947996E+08
   4.9000000000000000E+06   6.7166508950218933E-09   1.4888372428901422E+08
   5.0000000000000000E+06   6.6274694759251692E-09   1.5088715287676281E+08
   5.1000000000000000E+06   6.5406346700177921E-09   1.5289036163172218E+08
   5.2000000000000000E+06   6.4539578195640449E-09   1.5494368385375482E+08
   5.3000000000000000E+06   6.3734600874761336E-09   1.5690064521860000E+08
   5.4000000000000000E+06   6.2916908519398958E-09   1.5893978638376257E+08
   5.5000000000000000E+06   6.2167115134375906E-09   1.6085674843339166E+08
   5.6000000000000000E+06   6.1398352032298354E-09   1.6287082094222239E+08
   5.7000000000000000E+06   6.0665263643768592E-09   1.6483897702515268E+08
   5.8000000000000000E+06   5.9950493206257826E-09   1.6680429910051465E+08
   5.9000000000000000E+06   5.9237933511068157E-09   1.6881075026244083E+08
   6.0000000000000000E+06   5.8564865469657651E-09   1.7075084045366728E+08
   6.1000000000000000E+06   5.7920866316743141E-09   1.7264935136353976E+08
   6.2000000000000000E+06   5.7275679850213180E-09   1.7459417376017025E+08
   6.3000000000000000E+06   5.6638556062564606E-09   1.7655817335727465E+08
   6.4000000000000000E+06   5.6033370080229047E-09   1.7846508224798754E+08
   6.5000000000000000E+06   5.5434400397066580E-09   1.8039340063880572E+08
   6.6000000000000000E+06   5.4841142861617106E-09   1.8234485056654289E+08
   6.7000000000000000E+06   5.4278493340246300E-09   1.8423503278388205E+08
   6.8000000000000000E+06   5.3721052599838736E-09   1.8614676213604236E+08
   6.9000000000000000E+06   5.3175771469781463E-09   1.8805556973786014E+08
   7.0000000000000000E+06   5.2643148592807368E-09   1.8995824275917837E+08
   7.1000000000000000E+06   5.2107674285962134E-09   1.9191031142785072E+08
   7.2000000000000000E+06   5.1613250732972062E-09   1.9374869549946228E+08
   7.3000000000000000E+06   5.1114958132777099E-09   1.9563744870970702E+08
   7.4000000000000000E+06   5.0627317619627515E-09   1.9752182162072793E+08
   7.5000000000000000E+06   5.0149732993843935E-09   1.9940285626700222E+08
   7.6000000000000000E+06   4.9674667330238854E-09   2.0130985344138625E+08
   7.7000000000000000E+06   4.9220252097751572E-09   2.0316840271642599E+08
   7.8000000000000000E+06   4.8770144300997766E-09   2.0504347779416794E+08
   7.9000000000000000E+06   4.8337324816047923E-09   2.0687946712102726E+08
   8.0000000000000000E+06   4.7906865651068838E-09   2.0873834812812251E+08
   8.1000000000000000E+06   4.7468767058392845E-09   2.1066483542112401E+08
   8.2000000000000000E+06   4.7071200661076845E-09   2.1244412421094236E+08
   8.3000000000000000E+06   4.6653420787788342E-09   2.1434655446782434E+08
   8.4000000000000000E+06   4.6267479507885494E-09   2.1613453134605429E+08
   8.5000000000000000E+06   4.5877040237530978E-09   2.1797395708669162E+08
   8.6000000000000000E+06   4.5493825534364005E-09   2.1981004856244609E+08
   8.7000000000000000E+06   4.5108953920075646E-09   2.2168547773725966E+08
   8.8000000000000000E+06   4.4748510487298543E-09   2.2347112543194953E+08
   8.9000000000000000E+06   4.4371496190967697E-09   2.2536990767590144E+08
   9.0000000000000000E+06   4.4025125827393048E-09   2.2714301917515162E+08
   9.1000000000000000E+06   4.3669741117402625E-09   2.2899151092093259E+08
   9.2000000000000000E+06   4.3320206635104653E-09   2.3083915744521111E+08
   9.3000000000000000E+06   4.2999044501374325E-09   2.3256330730047697E+08
   9.4000000000000000E+06   4.2656889554050166E-09   2.3442871959356275E+08
   9.5000000000000000E+06   4.2331187817784763E-09   2.3623244504843929E+08
   9.6000000000000000E+06   4.2013341835645810E-09   2.3801962812478772E+08
   9.7000000000000000E+06   4.1696741574047660E-09   2.3982689348138589E+08
   9.8000000000000000E+06   4.1391105235444772E-09   2.4159780085883337E+08
   9.9000000000000000E+06   4.1084593048367156E-09   2.4340024466659373E+08
   1.0000000000000000E+07   4.0790604074942513E-09   2.4515449640381661E+08
   1.1000000000000000E+07   3.8034790500949610E-09   2.6291718367031187E+08
   1.2000000000000000E+07   3.5663377057229103E-09   2.8039969361154383E+08
   1.3000000000000000E+07   3.3596849627182341E-09   2.9764695532372952E+08
   1.4000000000000000E+07   3.1780168791020647E-09   3.1466163901638746E+08
   1.5000000000000000E+07   3.0162350411909694E-09   3.3153914941759551E+08
   1.6000000000000000E+07   2.8718608449840776E-09   3.4820628643848670E+08
   1.7000000000000000E+07   2.7419213480604691E-09   3.6470776257216936E+08
   1.8000000000000000E+07   2.6242463759917569E-09   3.8106178183139515E+08
   1.9000000000000000E+07   2.5170068091906024E-09   3.9729729627611601E+08
   2.0000000000000000E+07   2.4191367357232218E-09   4.1337059837630117E+08
   2.1000000000000000E+07   2.3298094514298612E-09   4.2921965115485114E+08
   2.2000000000000000E+07   2.2464856329096264E-09   4.4513972640226054E+08
   2.3000000000000000E+07   2.1700587373018878E-09   4.6081701974727941E+08
   2.4000000000000000E+07   2.0989637153199407E-09   4.7642557739382946E+08
   2.5000000000000000E+07   2.0325394705015184E-09   4.9199536565617371E+08
   2.6000000000000000E+07   1.9704963544849967E-09   5.0748634866739315E+08
   2.7000000000000000E+07   1.9128003389599735E-09   5.2279371747901273E+08
   2.8000000000000000E+07   1.8580503727318117E-09   5.3819854115674114E+08
   2.9000000000000000E+07   1.8078004811686970E-09   5.5315838800613964E+08
   3.0000000000000000E+07   1.7589514485431861E-09   5.6852052444553185E+08
   3.1000000000000000E+07   1.7140611328759929E-09   5.8340976340914857E+08
   3.2000000000000000E+07   1.6708462546454727E-09   5.9849911218323576E+08
   3.3000000000000000E+07   1.6308916355054422E-09   6.1316152356749463E+08
   3.4000000000000000E+07   1.5913853115729836E-09   6.2838332912069130E+08
   3.5000000000000000E+07   1.5550607939672045E-09   6.4306167571033859E+08
   3.6000000000000000E+07   1.5204261104945828E-09   6.5771035704899061E+08
   3.7000000000000000E+07   1.4873449833533774E-09   6.7233897393824112E+08
   3.8000000000000000E+07   1.4548831026069528E-09   6.8734044557128751E+08
   3.9000000000000000E+07   1.4250122283855294E-09   7.0174836403541064E+08
   4.0000000000000000E+07   1.3971235207131308E-09   7.1575632732141840E+08
   4.1000000000000000E+07   1.3693163273405688E-09   7.3029144547057295E+08
   4.2000000000000000E+07   1.3429089585033823E-09   7.4465211782819569E+08
   4.3000000000000000E+07   1.3172837559521543E-09   7.5913788163066185E+08
   4.4000000000000000E+07   1.2927640005152692E-09   7.7353639148477268E+08
   4.5000000000000000E+07   1.2694753839399263E-09   7.8772697182706606E+08
   4.6000000000000000E+07   1.2471694711854237E-09   8.0181564984068191E+08
   4.7000000000000000E+07   1.2254308172156833E-09   8.1603953968785667E+08
   4.8000000000000000E+07   1.2045696356266177E-09   8.3017201365847123E+08
   4.9000000000000000E+07   1.1844632431061412E-09   8.4426427398253083E+08
   5.0000000000000000E+07   1.1651118169053893E-09   8.5828672020172572E+08
   5.1000000000000000E+07   1.1456246284865523E-09   8.7288626233626616E+08
   5.2000000000000000E+07   1.1280449350402112E-09   8.8648950847366142E+08
   5.3000000000000000E+07   1.1105725425787738E-09   9.0043645206460655E+08
   5.4000000000000000E+07   1.0936755364480929E-09   9.1434796397447014E+08
   5.5000000000000000E+07   1.0770341109570408E-09   9.2847569991205859E+08
   5.6000000000000000E+07   1.0613282423932402E-09   9.4221557483955383E+08
   5.7000000000000000E+07   1.0458260157507181E-09   9.5618198910664606E+08
   5.8000000000000000E+07   1.0309613090899323E-09   9.6996850529991007E+08
   5.9000000000000000E+07   1.0169615954247332E-09   9.8332130190457296E+08
   6.0000000000000000E+07   1.0030630443798597E-09   9.9694630921055102E+08
   6.1000000000000000E+07   9.8879413285595981E-10   1.0113328616864606E+09
   6.2000000000000000E+07   9.7560747925866052E-10   1.0250023921094526E+09
   6.3000000000000000E+07   9.6289867764680637E-10   1.0385308685269612E+09
   6.4000000000000000E+07   9.5090107481242235E-10   1.0516341042071735E+09
   6.5000000000000000E+07   9.3887186610035496E-10   1.0651080686372504E+09
   6.6000000000000000E+07   9.2708776363862359E-10   1.0786465308043883E+09
   6.7000000000000000E+07   9.1561839108379132E-10   1.0921580537677150E+09
   6.8000000000000000E+07   9.0437040276498259E-10   1.1057416263763649E+09
   6.9000000000000000E+07   8.9377606887940566E-10   1.1188484843343091E+09
   7.0000000000000000E+07   8.8321716369512616E-10   1.1322243736934280E+09
   7.1000000000000000E+07   8.7288423724084627E-10   1.1456272863409264E+09
   7.2000000000000000E+07   8.6290081969004221E-10   1.1588817360947745E+09
   7.3000000000000000E+07   8.5307399334558909E-10   1.1722312575468349E+09
   7.4000000000000000E+07   8.4278381577405638E-10   1.1865439051906190E+09
   7.5000000000000000E+07   8.3284782686334862E-10   1.2006995368723912E+09
   7.6000000000000000E+07   8.2451020859293950E-10   1.2128412596692297E+09
   7.7000000000000000E+07   8.1603232722787102E-10   1.2254416481232827E+09
   7.8000000000000000E+07   8.0672057816953345E-10   1.2395865768901320E+09
   7.9000000000000000E+07   7.9856348476588172E-10   1.2522485927254417E+09
   8.0000000000000000E+07   7.8992548972729504E-10   1.2659421844270766E+09
   8.1000000000000000E+07   7.8215196498162418E-10   1.2785239247254133E+09
   8.2000000000000000E+07   7.7435231547648198E-10   1.2914018335241504E+09
   8.3000000000000000E+07   7.6596689869663977E-10   1.3055394452444203E+09
   8.4000000000000000E+07   7.5834080150050474E-10   1.3186683322608147E+09
   8.5000000000000000E+07   7.5098019179696876E-10   1.3315930445610943E+09
   8.6000000000000000E+07   7.4367196679779201E-10   1.3446788969415395E+09
   8.7000000000000000E+07   7.3640074138739545E-10   1.3579562645686338E+09
   8.8000000000000000E+07   7.2939041465296463E-10   1.3710078716564822E+09
   8.9000000000000000E+07   7.2215826631428571E-10   1.3847380091676424E+09
   9.0000000000000000E+07   7.1542752493769222E-10   1.3977656228520029E+09
   9.1000000000000000E+07   7.0883018079329133E-10   1.4107751434636211E+09
   9.2000000000000000E+07   7.0236220247604679E-10   1.4237668207011807E+09
   9.3000000000000000E+07   6.9689285789379683E-10   1.4349408071454155E+09
   9.4000000000000000E+07   6.9073452781522200E-10   1.4477342013913479E+09
   9.5000000000000000E+07   6.8463204858419236E-10   1.4606386044415879E+09
   9.6000000000000000E+07   6.7864436035020669E-10   1.4735258383108962E+09
   9.7000000000000000E+07   6.7276816950953200E-10   1.4863961247290132E+09
   9.8000000000000000E+07   6.6623111699384182E-10   1.5009806274317918E+09
   9.9000000000000000E+07   6.6056854015268476E-10   1.5138474499086177E+09
   1.0000000000000000E+08   6.5500831516978475E-10   1.5266981759472628E+09
   1.1000000000000000E+08   6.0467038062956818E-10   1.6537935907474489E+09
   1.2000000000000000E+08   5.6243577747344185E-10   1.7779807758535063E+09
   1.3000000000000000E+08   5.2509195317689467E-10   1.9044283462159951E+09
   1.4000000000000000E+08   4.9348561778348812E-10   2.0264015078930633E+09
   1.5000000000000000E+08   4.6541359239919297E-10   2.1486265470783319E+09
   1.6000000000000000E+08   4.4021323562430212E-10   2.2716263825684819E+09
   1.7000000000000000E+08   4.1804149940412948E-10   2.3921070071401672E+09
   1.8000000000000000E+08   3.9773804092801250E-10   2.5142176435192738E+09
   1.9000000000000000E+08   3.7971339982236506E-10   2.6335652112035375E+09
   2.0000000000000000E+08   3.6373292293836094E-10   2.7492699641309690E+09
   2.1000000000000000E+08   3.4852524599522773E-10   2.8692326065059085E+09
   2.2000000000000000E+08   3.3484689835011132E-10   2.9864394889942026E+09
   2.3000000000000000E+08   3.2245202930602147E-10   3.1012364913695588E+09
   2.4000000000000000E+08   3.1112257444472560E-10   3.2141672836975746E+09
   2.5000000000000000E+08   2.9974282908477597E-10   3.3361932395626092E+09
   2.6000000000000000E+08   2.9018334757212115E-10   3.4460971257196751E+09
   2.7000000000000000E+08   2.8086921732122736E-10   3.5603759270504537E+09
   2.8000000000000000E+08   2.7175985721384481E-10   3.6797193310751238E+09
   2.9000000000000000E+08   2.6361383755757256E-10   3.7934275729421935E+09
   3.0000000000000000E+08   2.5556417953676914E-10   3.9129114330990419E+09
   3.1000000000000000E+08   2.4842756314772123E-10   4.0253182349390726E+09
   3.2000000000000000E+08   2.4165436461990699E-10   4.1381416866725292E+09
   3.3000000000000000E+08   2.3630018331825087E-10   4.2319053077212076E+09
   3.4000000000000000E+08   2.3029360681325584E-10   4.3422829397556667E+09
   3.5000000000000000E+08   2.2456771949787144E-10   4.4529997554233465E+09
   3.6000000000000000E+08   2.1913632975164343E-10   4.5633693013538322E+09
   3.7000000000000000E+08   2.1351159258695734E-10   4.6835864408286304E+09
   3.8000000000000000E+08   2.0860364042180275E-10   4.7937801947174578E+09
   3.9000000000000000E+08   2.0413752240008527E-10   4.8986584545692635E+09
   4.0000000000000000E+08   1.9967945230303038E-10   5.0080265568958788E+09
   4.1000000000000000E+08   1.9480918877687686E-10   5.1332280898995075E+09
   4.2000000000000000E+08   1.9074072847011519E-10   5.2427187838735647E+09
   4.3000000000000000E+08   1.8683213436975138E-10   5.3523983086386175E+09
   4.4000000000000000E+08   1.8310340404601706E-10   5.4613949162227631E+09
   4.5000000000000000E+08   1.7976361065324062E-10   5.5628611172534494E+09
   4.6000000000000000E+08   1.7633298221326273E-10   5.6710887971631327E+09
   4.7000000000000000E+08   1.7313785932063810E-10   5.7757442764039059E+09
   4.8000000000000000E+08   1.6997029792943194E-10   5.8833808740817699E+09
   4.9000000000000000E+08   1.6712240481006436E-10   5.9836381671057587E+09
   5.0000000000000000E+08   1.6418822209433656E-10   6.0905708536476917E+09
   5.1000000000000000E+08   1.6136097979366344E-10   6.1972851260492258E+09
   5.2000000000000000E+08   1.5895778564155321E-10   6.2909784252718592E+09
   5.3000000000000000E+08   1.5632727965605476E-10   6.3968361900761118E+09
   5.4000000000000000E+08   1.5378737511250748E-10   6.5024843506719723E+09
   5.5000000000000000E+08   1.5133337744041682E-10   6.6079275894950638E+09
   5.6000000000000000E+08   1.4886751994535447E-10   6.7173820076204338E+09
   5.7000000000000000E+08   1.4657252076717119E-10   6.8225612465824270E+09
   5.8000000000000000E+08   1.4435117113709816E-10   6.9275503075083866E+09
   5.9000000000000000E+08   1.4219991168484448E-10   7.0323531720349102E+09
   6.0000000000000000E+08   1.4011541109301462E-10   7.1369736719122019E+09
   6.1000000000000000E+08   1.3809454800754342E-10   7.2414154970504351E+09
   6.2000000000000000E+08   1.3609743334754773E-10   7.3476771413192759E+09
   6.3000000000000000E+08   1.3355618030217908E-10   7.4874857736829453E+09
   6.4000000000000000E+08   1.3170934713521148E-10   7.5924755664714546E+09
   6.5000000000000000E+08   1.2991545930432153E-10   7.6973133555841265E+09
   6.6000000000000000E+08   1.2817222749678855E-10   7.8020021929091921E+09
   6.7000000000000000E+08   1.2647749384124959E-10   7.9065450273324318E+09
   6.8000000000000000E+08   1.2482922254969442E-10   8.0109447096964893E+09
   6.9000000000000000E+08   1.2390085179166087E-10   8.0709695336195021E+09
   7.0000000000000000E+08   1.2233983335569269E-10   8.1739526086535120E+09
   7.1000000000000000E+08   1.2081982001949179E-10   8.2767876979014769E+09
   7.2000000000000000E+08   1.1933918546974001E-10   8.3794773364995279E+09
   7.3000000000000000E+08   1.1789638913663719E-10   8.4820239815915003E+09
   7.4000000000000000E+08   1.1648997058198900E-10   8.5844300157683649E+09
   7.5000000000000000E+08   1.1511854432417867E-10   8.6866977503116951E+09
   7.6000000000000000E+08   1.1378079506074126E-10   8.7888294282541752E+09
   7.7000000000000000E+08   1.1247547325323947E-10   8.8908272272701778E+09
   7.8000000000000000E+08   1.1120139104269372E-10   8.9926932624077396E+09
   7.9000000000000000E+08   1.0995741846696288E-10   9.0944295886725807E+09
   8.0000000000000000E+08   1.0874247995427206E-10   9.1960382034740791E+09
   8.1000000000000000E+08   1.0755555106958170E-10   9.2975210489420757E+09
   8.2000000000000000E+08   1.0609459491543898E-10   9.4255508567334118E+09
   8.3000000000000000E+08   1.0472151875169091E-10   9.5491357642657700E+09
   8.4000000000000000E+08   1.0361294463234794E-10   9.6513037395889282E+09
   8.5000000000000000E+08   1.0252873651065472E-10   9.7533631451322994E+09
   8.6000000000000000E+08   1.0146808431085257E-10   9.8553156570537987E+09
   8.7000000000000000E+08   1.0043021382947874E-10   9.9571629081454334E+09
   8.8000000000000000E+08   9.9414384759406441E-11   1.0058906489439211E+10
   8.9000000000000000E+08   9.8419888843607755E-11   1.0160547951735966E+10
   9.0000000000000000E+08   9.7446048148783248E-11   1.0262088807061455E+10
   9.1000000000000000E+08   9.6658967806031992E-11   1.0345651548925346E+10
   9.2000000000000000E+08   9.5724526383042237E-11   1.0446643486106104E+10
   9.3000000000000000E+08   9.4808872692805990E-11   1.0547536022711081E+10
   9.4000000000000000E+08   9.4259933218538468E-11   1.0608961473392241E+10
   9.5000000000000000E+08   9.3380174251410550E-11   1.0708911265336332E+10
   9.6000000000000000E+08   9.2517556302229932E-11   1.0808759331399433E+10
   9.7000000000000000E+08   9.1671573719590163E-11   1.0908506960498495E+10
   9.8000000000000000E+08   9.0841740743145114E-11   1.1008155412031334E+10
   9.9000000000000000E+08   9.0027590529153515E-11   1.1107705916845253E+10
   1.0000000000000000E+09   8.9228674232988857E-11   1.1207159678164183E+10
   1.1000000000000000E+09   8.1989907984017221E-11   1.2196623030665384E+10
   1.2000000000000000E+09   7.5983872966236166E-11   1.3160687405923037E+10
   1.3000000000000000E+09   7.0764233596788236E-11   1.4131432634428856E+10
   1.4000000000000000E+09   6.6246751223531792E-11   1.5095079857210958E+10
   1.5000000000000000E+09   6.1725637836239285E-11   1.6200723638580168E+10
   1.6000000000000000E+09   5.8876397553111664E-11   1.6984734826853371E+10
   1.7000000000000000E+09   5.5268341189670142E-11   1.8093541048539806E+10
   1.8000000000000000E+09   5.2494540415855690E-11   1.9049600055131744E+10
   1.9000000000000000E+09   4.9996078439054221E-11   2.0001568747417088E+10
   2.0000000000000000E+09   4.7733284667504176E-11   2.0949742029397346E+10
   2.1000000000000000E+09   4.5673816929263536E-11   2.1894382104056057E+10
   2.2000000000000000E+09   4.3791036531574258E-11   2.2835723454021900E+10
   2.3000000000000000E+09   4.2062798561743072E-11   2.3773976867756950E+10
   2.4000000000000000E+09   4.0470538440367310E-11   2.4709332727892517E+10
   2.5000000000000000E+09   3.8998573230648914E-11   2.5641963722254890E+10
   2.6000000000000000E+09   3.7633560898608580E-11   2.6572027098210976E+10
   2.7000000000000000E+09   3.6364077291808917E-11   2.7499666552112743E+10
   2.8000000000000000E+09   3.5180281922644741E-11   2.8425013824472031E+10
   2.9000000000000000E+09   3.4073651496012643E-11   2.9348190055797863E+10
   3.0000000000000000E+09   3.3036765650973548E-11   3.0269306946230419E+10
   3.1000000000000000E+09   3.2063133332319672E-11   3.1188467753149975E+10
   3.2000000000000000E+09   3.1147051059525940E-11   3.2105768154066147E+10
   3.3000000000000000E+09   2.9790081289588348E-11   3.3568219914508957E+10
   3.4000000000000000E+09   2.8976545314953308E-11   3.4510670237971794E+10
   3.5000000000000000E+09   2.8207159309575973E-11   3.5451992489740463E+10
   3.6000000000000000E+09   2.7478387096900100E-11   3.6392237887674728E+10
   3.7000000000000000E+09   2.6787064002995444E-11   3.7331452222168724E+10
   3.8000000000000000E+09   2.6130349144359133E-11   3.8269676171390701E+10
   3.9000000000000000E+09   2.5505684893372950E-11   3.9206945595874847E+10
   4.0000000000000000E+09   2.4910762288267773E-11   4.0143291820137131E+10
   4.1000000000000000E+09   2.4343491392031261E-11   4.1078741906649673E+10
   4.2000000000000000E+09   2.3801975791834617E-11   4.2013318925526131E+10
   4.3000000000000000E+09   2.3284490578858579E-11   4.2947042221656403E+10
   4.4000000000000000E+09   2.2789463266608399E-11   4.3879927679789688E+10
   4.5000000000000000E+09   2.2315457200569855E-11   4.4811987987163612E+10
   4.6000000000000000E+09   2.1861157088443099E-11   4.5743232892674751E+10
   4.7000000000000000E+09   2.1425356342091643E-11   4.6673669461236855E+10
   4.8000000000000000E+09   2.1006945972770844E-11   4.7603302321822403E+10
   4.9000000000000000E+09   2.0604904822486717E-11   4.8532133907683563E+10
   5.0000000000000000E+09   2.0218290948302728E-11   4.9460164687359367E+10
   5.1000000000000000E+09   1.9846234004488294E-11   5.0387393385256203E+10
   5.2000000000000000E+09   1.9487928490711759E-11   5.1313817190812012E+10
   5.3000000000000000E+09   1.9142627753915018E-11   5.2239431955494293E+10
   5.4000000000000000E+09   1.8809638647774546E-11   5.3164232377123032E+10
   5.5000000000000000E+09   1.8488316767322853E-11   5.4088212171237167E+10
   5.6000000000000000E+09   1.8178062187830349E-11   5.5011364229431961E+10
   5.7000000000000000E+09   1.7878315646799835E-11   5.5933680764775917E+10
   5.8000000000000000E+09   1.7588555116202284E-11   5.6855153444572418E+10
   5.9000000000000000E+09   1.7308292719128406E-11   5.7775773510858284E+10
   6.0000000000000000E+09   1.7037071951045144E-11   5.8695531889131622E+10
   6.1000000000000000E+09   1.6774465170993632E-11   5.9614419285879707E+10
   6.2000000000000000E+09   1.6520071332482698E-11   6.0532426275529671E+10
   6.3000000000000000E+09   1.6273513927630584E-11   6.1449543377482437E+10
   6.4000000000000000E+09   1.6034439121383086E-11   6.2365761123906586E+10
   6.5000000000000000E+09   1.5802514055465572E-11   6.3281070118974709E+10
   6.6000000000000000E+09   1.5577425304175963E-11   6.4195461090217674E+10
   6.7000000000000000E+09   1.5358877466250589E-11   6.5108924932657875E+10
   6.8000000000000000E+09   1.5146591878882623E-11   6.6021452746356766E+10
   6.9000000000000000E+09   1.4940305441580373E-11   6.6933035867988319E+10
   7.0000000000000000E+09   1.4739769538957158E-11   6.7843665897014458E+10
   7.1000000000000000E+09   1.4544749052770228E-11   6.8753334717008240E+10
   7.2000000000000000E+09   1.4355021454601390E-11   6.9662034512630966E+10
   7.3000000000000000E+09   1.4170375971512677E-11   7.0569757782739395E+10
   7.4000000000000000E+09   1.3990612817839937E-11   7.1476497350056320E+10
   7.5000000000000000E+09   1.3815542487014031E-11   7.2382246367810287E+10
   7.6000000000000000E+09   1.3644985097942824E-11   7.3286998323711212E+10
   7.7000000000000000E+09   1.3478769791053811E-11   7.4190747041597565E+10
   7.8000000000000000E+09   1.3316734169598433E-11   7.5093486681063278E+10
   7.9000000000000000E+09   1.3158723782264343E-11   7.5995211735337524E+10
   8.0000000000000000E+09   1.3004591643534942E-11   7.6895917027670502E+10
   8.1000000000000000E+09   1.2854197788586925E-11   7.7795597706446304E+10
   8.2000000000000000E+09   1.2707408859827220E-11   7.8694249239226639E+10
   8.3000000000000000E+09   1.2564097722449309E-11   7.9591867405903549E+10
   8.4000000000000000E+09   1.2424143106636441E-11   8.0488448291121445E+10
   8.5000000000000000E+09   1.2287429274261176E-11   8.1383988276109818E+10
   8.6000000000000000E+09   1.2153845708128749E-11   8.2278484030053055E+10
   8.7000000000000000E+09   1.2023286821990059E-11   8.3171932501106476E+10
   8.8000000000000000E+09   1.1895651689709361E-11   8.4064330907156250E+10
   8.9000000000000000E+09   1.1770843792115417E-11   8.4955676726407684E+10
   9.0000000000000000E+09   1.1648770780193890E-11   8.5845967687876114E+10
   9.1000000000000000E+09   1.1529344253395550E-11   8.6735201761842300E+10
   9.2000000000000000E+09   1.1412479551939229E-11   8.7623377150330002E+10
   9.3000000000000000E+09   1.1298095562084133E-11   8.8510492277650070E+10
   9.4000000000000000E+09   1.1186114533431349E-11   8.9396545781053192E+10
   9.5000000000000000E+09   1.1076461907392714E-11   9.0281536501522614E+10
   9.6000000000000000E+09   1.0969066156035078E-11   9.1165463474737946E+10
   9.7000000000000000E+09   1.0863858630572894E-11   9.2048325922229553E+10
   9.8000000000000000E+09   1.0760773418839330E-11   9.2930123242745621E+10
   9.9000000000000000E+09   1.0659747211119784E-11   9.3810855003845093E+10
   1.0000000000000000E+10   1.0560719173779624E-11   9.4690520933727814E+10
   1.1000000000000000E+10   9.6685056646784564E-12   1.0342859948391591E+11
   1.2000000000000000E+10   8.9237337777789659E-12   1.1206071638870549E+11
   1.3000000000000000E+10   8.2926822573244390E-12   1.2058824502973799E+11
   1.4000000000000000E+10   7.7511565705824342E-12   1.2901300481985472E+11
   1.5000000000000000E+10   7.2813585933755180E-12   1.3733700753452615E+11
   1.6000000000000000E+10   6.8699102395092773E-12   1.4556230942421030E+11
   1.7000000000000000E+10   6.5065648667925440E-12   1.5369092915736304E+11
   1.8000000000000000E+10   6.1833433485957374E-12   1.6172480543670670E+11
   1.9000000000000000E+10   5.8939404990100265E-12   1.6966577795754211E+11
   2.0000000000000000E+10   5.6333082995173565E-12   1.7751558175604855E+11
   2.1000000000000000E+10   5.3973575377400315E-12   1.8527584897010876E+11
   2.2000000000000000E+10   5.1827404625361205E-12   1.9294811446349380E+11
   2.3000000000000000E+10   4.9866899452483183E-12   2.0053382323336005E+11
   2.4000000000000000E+10   4.8068987440611911E-12   2.0803433840487619E+11
   2.5000000000000000E+10   4.6414276844146327E-12   2.1545094914607468E+11
   2.6000000000000000E+10   4.4886349930902567E-12   2.2278487815101617E+11
   2.7000000000000000E+10   4.3471213141669977E-12   2.3003728852495154E+11
   2.8000000000000000E+10   4.2156864933349613E-12   2.3720929001267273E+11
   2.9000000000000000E+10   4.0932952938748104E-12   2.4430194457174783E+11
   3.0000000000000000E+10   3.9790499625398946E-12   2.5131627132464639E+11
   3.1000000000000000E+10   3.8721680999665660E-12   2.5825325093934705E+11
   3.2000000000000000E+10   3.7719646761136318E-12   2.6511382949384622E+11
   3.3000000000000000E+10   3.6778373120598701E-12   2.7189892188024048E+11
   3.4000000000000000E+10   3.5892541560845445E-12   2.7860941480134216E+11
   3.5000000000000000E+10   3.5057438354856578E-12   2.8524616940857233E+11
   3.6000000000000000E+10   3.4268870807697480E-12   2.9181002362510876E+11
   3.7000000000000000E+10   3.3523097060273219E-12   2.9830179419343005E+11
   3.8000000000000000E+10   3.2816766958499685E-12   3.0472227848179169E+11
   3.9000000000000000E+10   3.2146872003368983E-12   3.1107225607990735E+11
   4.0000000000000000E+10   3.1510702794149372E-12   3.1735249021030127E+11
   4.1000000000000000E+10   3.0905812686651983E-12   3.2356372897836578E+11
   4.2000000000000000E+10   3.0329986631831802E-12   3.2970670648119714E+11
   4.3000000000000000E+10   2.9781214352409405E-12   3.3578214379263440E+11
   4.4000000000000000E+10   2.9257667168262399E-12   3.4179074983967346E+11
   4.5000000000000000E+10   2.8757677903794657E-12   3.4773322218343896E+11
   4.6000000000000000E+10   2.8279723408994763E-12   3.5361024771619092E+11
   4.7000000000000000E+10   2.7822409305541577E-12   3.5942250328436633E+11
   4.8000000000000000E+10   2.7384456634032964E-12   3.6517065624636719E+11
   4.9000000000000000E+10   2.6964690131247980E-12   3.7085536497271002E+11
   5.0000000000000000E+10   2.6562027909682402E-12   3.7647727929518506E+11
   5.1000000000000000E+10   2.6175472347283059E-12   3.8203704091085767E+11
   5.2000000000000000E+10   2.5804102024821513E-12   3.8753528374600244E+11
   5.3000000000000000E+10   2.5447064572850563E-12   3.9297263428446625E+11
   5.4000000000000000E+10   2.5103570310612662E-12   3.9834971186438971E+11
   5.5000000000000000E+10   2.4772886576352449E-12   4.0366712894676312E+11
   5.6000000000000000E+10   2.4454332662827485E-12   4.0892549135887036E+11
   5.7000000000000000E+10   2.4147275283889508E-12   4.1412539851532507E+11
   5.8000000000000000E+10   2.3851124508215409E-12   4.1926744361908588E+11
   5.9000000000000000E+10   2.3565330104918078E-12   4.2435221384456671E+11
   6.0000000000000000E+10   2.3289378253122614E-12   4.2938029050471594E+11
   6.1000000000000000E+10   2.3022788573864530E-12   4.3435224920373035E+11
   6.2000000000000000E+10   2.2765111448028612E-12   4.3926865997688629E+11
   6.3000000000000000E+10   2.2515925588644620E-12   4.4413008741880316E+11
   6.4000000000000000E+10   2.2274835839807461E-12   4.4893709080131384E+11
   6.5000000000000000E+10   2.2041471177894577E-12   4.5369022418199634E+11
   6.6000000000000000E+10   2.1815482893695768E-12   4.5839003650429388E+11
   6.7000000000000000E+10   2.1596542936616999E-12   4.6303707169007007E+11
   6.8000000000000000E+10   2.1384342404331168E-12   4.6763186872534406E+11
   6.9000000000000000E+10   2.1178590163351755E-12   4.7217496173585651E+11
   7.0000000000000000E+10   2.0979011591227618E-12   4.7666687996785828E+11
   7.1000000000000000E+10   2.0785347426912082E-12   4.8110814770660895E+11
   7.2000000000000000E+10   2.0597352710610487E-12   4.8549928432543750E+11
   7.3000000000000000E+10   2.0414795809252341E-12   4.8984080435758398E+11
   7.4000000000000000E+10   2.0237457520687267E-12   4.9413321756340863E+11
   7.5000000000000000E+10   2.0065130249276454E-12   4.9837702899340021E+11
   7.6000000000000000E+10   1.9897617246320492E-12   5.0257273904739636E+11
   7.7000000000000000E+10   1.9734731909444628E-12   5.0672084353039587E+11
   7.8000000000000000E+10   1.9576297135664909E-12   5.1082183370529187E+11
   7.9000000000000000E+10   1.9422144723391739E-12   5.1487619634283502E+11
   8.0000000000000000E+10   1.9272114819101253E-12   5.1888441376909290E+11
   8.1000000000000000E+10   1.9126055404825456E-12   5.2284696391065704E+11
   8.2000000000000000E+10   1.8983821822987298E-12   5.2676432033781067E+11
   8.3000000000000000E+10   1.8845276335440658E-12   5.3063695230586139E+11
   8.4000000000000000E+10   1.8710287713873647E-12   5.3446532479481964E+11
   8.5000000000000000E+10   1.8578730859000919E-12   5.3824989854757806E+11
   8.6000000000000000E+10   1.8450486446209044E-12   5.4199113010674396E+11
   8.7000000000000000E+10   1.8325440595533626E-12   5.4568947185025690E+11
   8.8000000000000000E+10   1.8203484564039345E-12   5.4934537202590442E+11
   8.9000000000000000E+10   1.8084514458846553E-12   5.5295927478485425E+11
   9.0000000000000000E+10   1.7968430969204579E-12   5.5653162021428735E+11
   9.1000000000000000E+10   1.7855139116151221E-12   5.6006284436923279E+11
   9.2000000000000000E+10   1.7744548018425522E-12   5.6355337930367322E+11
   9.3000000000000000E+10   1.7636570673414535E-12   5.6700365310099976E+11
   9.4000000000000000E+10   1.7531123752018641E-12   5.7041408990387964E+11
   9.5000000000000000E+10   1.7428127406413768E-12   5.7378510994358899E+11
   9.6000000000000000E+10   1.7327505089773227E-12   5.7711712956887524E+11
   9.7000000000000000E+10   1.7229183387089559E-12   5.8041056127438733E+11
   9.8000000000000000E+10   1.7133091856306462E-12   5.8366581372871912E+11
   9.9000000000000000E+10   1.7039162879034486E-12   5.8688329180210559E+11
   1.0000000000000000E+11   1.6947331520182149E-12   5.9006339659380908E+11
