   1.0000000000000000E+00   0.0000000000000000E+00   1.0000000000000000E+30
   2.0000000000000000E+00   0.0000000000000000E+00   1.0000000000000000E+30
   3.0000000000000000E+00   0.0000000000000000E+00   1.0000000000000000E+30
   4.0000000000000000E+00   0.0000000000000000E+00   1.0000000000000000E+30
   5.0000000000000000E+00   0.0000000000000000E+00   1.0000000000000000E+30
   6.0000000000000000E+00   0.0000000000000000E+00   1.0000000000000000E+30
   7.0000000000000000E+00   0.0000000000000000E+00   1.0000000000000000E+30
   8.0000000000000000E+00   0.0000000000000000E+00   1.0000000000000000E+30
   9.0000000000000000E+00   0.0000000000000000E+00   1.0000000000000000E+30
   9.2290000000000010E+00   0.0000000000000000E+00   1.0000000000000000E+30
   9.2309999999999999E+00   0.0000000000000000E+00   1.0000000000000000E+30
   1.0000000000000000E+01   0.0000000000000000E+00   1.0000000000000000E+30
   1.1000000000000000E+01   0.0000000000000000E+00   1.0000000000000000E+30
   1.1099000000000000E+01   0.0000000000000000E+00   1.0000000000000000E+30
   1.1100999999999999E+01   0.0000000000000000E+00   1.0000000000000000E+30
   1.2000000000000000E+01   0.0000000000000000E+00   1.0000000000000000E+30
   1.2499000000000001E+01   0.0000000000000000E+00   1.0000000000000000E+30
   1.2500999999999999E+01   0.0000000000000000E+00   1.0000000000000000E+30
   1.3000000000000000E+01   0.0000000000000000E+00   1.0000000000000000E+30
   1.4000000000000000E+01   0.0000000000000000E+00   1.0000000000000000E+30
   1.5000000000000000E+01   0.0000000000000000E+00   1.0000000000000000E+30
   1.6000000000000000E+01   0.0000000000000000E+00   1.0000000000000000E+30
   1.7000000000000000E+01   0.0000000000000000E+00   1.0000000000000000E+30
   1.8000000000000000E+01   0.0000000000000000E+00   1.0000000000000000E+30
   1.9000000000000000E+01   0.0000000000000000E+00   1.0000000000000000E+30
   2.0000000000000000E+01   0.0000000000000000E+00   1.0000000000000000E+30
   2.1000000000000000E+01   0.0000000000000000E+00   1.0000000000000000E+30
   2.2000000000000000E+01   0.0000000000000000E+00   1.0000000000000000E+30
   2.3000000000000000E+01   0.0000000000000000E+00   1.0000000000000000E+30
   2.4000000000000000E+01   0.0000000000000000E+00   1.0000000000000000E+30
   2.5000000000000000E+01   0.0000000000000000E+00   1.0000000000000000E+30
   2.6000000000000000E+01   0.0000000000000000E+00   1.0000000000000000E+30
   2.7000000000000000E+01   0.0000000000000000E+00   1.0000000000000000E+30
   2.8000000000000000E+01   0.0000000000000000E+00   1.0000000000000000E+30
   2.9000000000000000E+01   0.0000000000000000E+00   1.0000000000000000E+30
   3.0000000000000000E+01   0.0000000000000000E+00   1.0000000000000000E+30
   3.1000000000000000E+01   0.0000000000000000E+00   1.0000000000000000E+30
   3.2000000000000000E+01   0.0000000000000000E+00   1.0000000000000000E+30
   3.3000000000000000E+01   0.0000000000000000E+00   1.0000000000000000E+30
   3.4000000000000000E+01   0.0000000000000000E+00   1.0000000000000000E+30
   3.5000000000000000E+01   0.0000000000000000E+00   1.0000000000000000E+30
   3.6000000000000000E+01   0.0000000000000000E+00   1.0000000000000000E+30
   3.7000000000000000E+01   0.0000000000000000E+00   1.0000000000000000E+30
   3.8000000000000000E+01   0.0000000000000000E+00   1.0000000000000000E+30
   3.9000000000000000E+01   0.0000000000000000E+00   1.0000000000000000E+30
   4.0000000000000000E+01   0.0000000000000000E+00   1.0000000000000000E+30
   4.1000000000000000E+01   0.0000000000000000E+00   1.0000000000000000E+30
   4.2000000000000000E+01   0.0000000000000000E+00   1.0000000000000000E+30
   4.3000000000000000E+01   0.0000000000000000E+00   1.0000000000000000E+30
   4.4000000000000000E+01   0.0000000000000000E+00   1.0000000000000000E+30
   4.5000000000000000E+01   0.0000000000000000E+00   1.0000000000000000E+30
   4.6000000000000000E+01   0.0000000000000000E+00   1.0000000000000000E+30
   4.7000000000000000E+01   0.0000000000000000E+00   1.0000000000000000E+30
   4.8000000000000000E+01   0.0000000000000000E+00   1.0000000000000000E+30
   4.9000000000000000E+01   0.0000000000000000E+00   1.0000000000000000E+30
   5.0000000000000000E+01   0.0000000000000000E+00   1.0000000000000000E+30
   5.1000000000000000E+01   0.0000000000000000E+00   1.0000000000000000E+30
   5.2000000000000000E+01   0.0000000000000000E+00   1.0000000000000000E+30
   5.3000000000000000E+01   0.0000000000000000E+00   1.0000000000000000E+30
   5.4000000000000000E+01   0.0000000000000000E+00   1.0000000000000000E+30
   5.5000000000000000E+01   0.0000000000000000E+00   1.0000000000000000E+30
   5.6000000000000000E+01   0.0000000000000000E+00   1.0000000000000000E+30
   5.7000000000000000E+01   0.0000000000000000E+00   1.0000000000000000E+30
   5.8000000000000000E+01   0.0000000000000000E+00   1.0000000000000000E+30
   5.9000000000000000E+01   0.0000000000000000E+00   1.0000000000000000E+30
   6.0000000000000000E+01   0.0000000000000000E+00   1.0000000000000000E+30
   6.0999000000000002E+01   0.0000000000000000E+00   1.0000000000000000E+30
   6.1000999999999998E+01   0.0000000000000000E+00   1.0000000000000000E+30
   6.2000000000000000E+01   0.0000000000000000E+00   1.0000000000000000E+30
   6.3000000000000000E+01   0.0000000000000000E+00   1.0000000000000000E+30
   6.4000000000000000E+01   0.0000000000000000E+00   1.0000000000000000E+30
   6.5000000000000000E+01   0.0000000000000000E+00   1.0000000000000000E+30
   6.6000000000000000E+01   0.0000000000000000E+00   1.0000000000000000E+30
   6.7000000000000000E+01   0.0000000000000000E+00   1.0000000000000000E+30
   6.8000000000000000E+01   0.0000000000000000E+00   1.0000000000000000E+30
   6.9000000000000000E+01   0.0000000000000000E+00   1.0000000000000000E+30
   7.0000000000000000E+01   0.0000000000000000E+00   1.0000000000000000E+30
   7.1000000000000000E+01   0.0000000000000000E+00   1.0000000000000000E+30
   7.2000000000000000E+01   0.0000000000000000E+00   1.0000000000000000E+30
   7.3000000000000000E+01   0.0000000000000000E+00   1.0000000000000000E+30
   7.4000000000000000E+01   0.0000000000000000E+00   1.0000000000000000E+30
   7.5000000000000000E+01   0.0000000000000000E+00   1.0000000000000000E+30
   7.5998999999999995E+01   0.0000000000000000E+00   1.0000000000000000E+30
   7.6001000000000005E+01   0.0000000000000000E+00   1.0000000000000000E+30
   7.7000000000000000E+01   0.0000000000000000E+00   1.0000000000000000E+30
   7.8000000000000000E+01   0.0000000000000000E+00   1.0000000000000000E+30
   7.9000000000000000E+01   0.0000000000000000E+00   1.0000000000000000E+30
   8.0000000000000000E+01   0.0000000000000000E+00   1.0000000000000000E+30
   8.1000000000000000E+01   0.0000000000000000E+00   1.0000000000000000E+30
   8.2000000000000000E+01   0.0000000000000000E+00   1.0000000000000000E+30
   8.3000000000000000E+01   0.0000000000000000E+00   1.0000000000000000E+30
   8.4000000000000000E+01   0.0000000000000000E+00   1.0000000000000000E+30
   8.5000000000000000E+01   0.0000000000000000E+00   1.0000000000000000E+30
   8.6000000000000000E+01   0.0000000000000000E+00   1.0000000000000000E+30
   8.6998999999999995E+01   0.0000000000000000E+00   1.0000000000000000E+30
   8.7001000000000005E+01   0.0000000000000000E+00   1.0000000000000000E+30
   8.8000000000000000E+01   0.0000000000000000E+00   1.0000000000000000E+30
   8.9000000000000000E+01   0.0000000000000000E+00   1.0000000000000000E+30
   9.0000000000000000E+01   0.0000000000000000E+00   1.0000000000000000E+30
   9.0998999999999995E+01   0.0000000000000000E+00   1.0000000000000000E+30
   9.1001000000000005E+01   0.0000000000000000E+00   1.0000000000000000E+30
   9.2000000000000000E+01   0.0000000000000000E+00   1.0000000000000000E+30
   9.3000000000000000E+01   0.0000000000000000E+00   1.0000000000000000E+30
   9.4000000000000000E+01   0.0000000000000000E+00   1.0000000000000000E+30
   9.5000000000000000E+01   0.0000000000000000E+00   1.0000000000000000E+30
   9.6000000000000000E+01   0.0000000000000000E+00   1.0000000000000000E+30
   9.7000000000000000E+01   0.0000000000000000E+00   1.0000000000000000E+30
   9.8000000000000000E+01   0.0000000000000000E+00   1.0000000000000000E+30
   9.9000000000000000E+01   0.0000000000000000E+00   1.0000000000000000E+30
   1.0000000000000000E+02   0.0000000000000000E+00   1.0000000000000000E+30
   1.1000000000000000E+02   0.0000000000000000E+00   1.0000000000000000E+30
   1.1399900000000000E+02   0.0000000000000000E+00   1.0000000000000000E+30
   1.1400100000000000E+02   0.0000000000000000E+00   1.0000000000000000E+30
   1.2000000000000000E+02   0.0000000000000000E+00   1.0000000000000000E+30
   1.3000000000000000E+02   0.0000000000000000E+00   1.0000000000000000E+30
   1.4000000000000000E+02   0.0000000000000000E+00   1.0000000000000000E+30
   1.5000000000000000E+02   0.0000000000000000E+00   1.0000000000000000E+30
   1.6000000000000000E+02   0.0000000000000000E+00   1.0000000000000000E+30
   1.7000000000000000E+02   0.0000000000000000E+00   1.0000000000000000E+30
   1.8000000000000000E+02   0.0000000000000000E+00   1.0000000000000000E+30
   1.9000000000000000E+02   0.0000000000000000E+00   1.0000000000000000E+30
   2.0000000000000000E+02   0.0000000000000000E+00   1.0000000000000000E+30
   2.1000000000000000E+02   0.0000000000000000E+00   1.0000000000000000E+30
   2.2000000000000000E+02   0.0000000000000000E+00   1.0000000000000000E+30
   2.3000000000000000E+02   0.0000000000000000E+00   1.0000000000000000E+30
   2.4000000000000000E+02   0.0000000000000000E+00   1.0000000000000000E+30
   2.5000000000000000E+02   0.0000000000000000E+00   1.0000000000000000E+30
   2.6000000000000000E+02   0.0000000000000000E+00   1.0000000000000000E+30
   2.7000000000000000E+02   0.0000000000000000E+00   1.0000000000000000E+30
   2.8000000000000000E+02   0.0000000000000000E+00   1.0000000000000000E+30
   2.9000000000000000E+02   0.0000000000000000E+00   1.0000000000000000E+30
   3.0000000000000000E+02   0.0000000000000000E+00   1.0000000000000000E+30
   3.1000000000000000E+02   0.0000000000000000E+00   1.0000000000000000E+30
   3.2000000000000000E+02   0.0000000000000000E+00   1.0000000000000000E+30
   3.3000000000000000E+02   0.0000000000000000E+00   1.0000000000000000E+30
   3.3899900000000002E+02   0.0000000000000000E+00   1.0000000000000000E+30
   3.3900099999999998E+02   0.0000000000000000E+00   1.0000000000000000E+30
   3.4000000000000000E+02   0.0000000000000000E+00   1.0000000000000000E+30
   3.5000000000000000E+02   0.0000000000000000E+00   1.0000000000000000E+30
   3.5699900000000002E+02   0.0000000000000000E+00   1.0000000000000000E+30
   3.5700099999999998E+02   0.0000000000000000E+00   1.0000000000000000E+30
   3.6000000000000000E+02   0.0000000000000000E+00   1.0000000000000000E+30
   3.7000000000000000E+02   5.3300553058045068E-26   1.0000000000000000E+30
   3.8000000000000000E+02   4.1354767601439622E-25   1.0000000000000000E+30
   3.9000000000000000E+02   2.5134361867962802E-24   3.9786170233931326E+23
   4.0000000000000000E+02   1.3010407108539461E-23   7.6861545657832938E+22
   4.1000000000000000E+02   5.9416772085371139E-23   1.6830264669430060E+22
   4.2000000000000000E+02   2.4274357052533990E-22   4.1195735806135826E+21
   4.3000000000000000E+02   8.9757612631356688E-22   1.1141116287340419E+21
   4.4000000000000000E+02   3.0315189187840775E-21   3.2986764285181952E+20
   4.5000000000000000E+02   9.4318188771692622E-21   1.0602408856902546E+20
   4.6000000000000000E+02   2.7234761015021394E-20   3.6717781347464294E+19
   4.7000000000000000E+02   7.3471319265119627E-20   1.3610753284441815E+19
   4.8000000000000000E+02   1.8626683381475672E-19   5.3686422833305098E+18
   4.9000000000000000E+02   4.4612837104506096E-19   2.2415072990258127E+18
   5.0000000000000000E+02   1.0142248662310017E-18   9.8597464260182938E+17
   5.1000000000000000E+02   2.1978206144453463E-18   4.5499618732640083E+17
   5.2000000000000000E+02   4.5570400987785389E-18   2.1944068481381994E+17
   5.3000000000000000E+02   9.0717833000727293E-18   1.1023190996989347E+17
   5.4000000000000000E+02   1.7392611532683747E-17   5.7495678444885976E+16
   5.4799900000000002E+02   2.8545267598718798E-17   3.5032076561961652E+16
   5.4800099999999998E+02   2.8548727578341608E-17   3.5027830829092596E+16
   5.5000000000000000E+02   3.2204404727844960E-17   3.1051652978866216E+16
   5.6000000000000000E+02   5.7736085899406836E-17   1.7320190387382562E+16
   5.7000000000000000E+02   1.0045321400004433E-16   9.9548830762105720E+15
   5.8000000000000000E+02   1.6997227586216392E-16   5.8833124103776360E+15
   5.9000000000000000E+02   2.8023564922695712E-16   3.5684253690012175E+15
   6.0000000000000000E+02   4.5098417394843719E-16   2.2173727100994328E+15
   6.1000000000000000E+02   7.0955992626029922E-16   1.4093242346287100E+15
   6.2000000000000000E+02   1.0982248312794384E-15   9.1056036206629412E+14
   6.3000000000000000E+02   1.6561744341212319E-15   6.0380113314006162E+14
   6.4000000000000000E+02   2.4530119841481344E-15   4.0766209315820912E+14
   6.4499900000000002E+02   2.9660775254392018E-15   3.3714560439613769E+14
   6.4500099999999998E+02   2.9663007975458923E-15   3.3712022760042725E+14
   6.5000000000000000E+02   3.5718789637364635E-15   2.7996469369553394E+14
   6.6000000000000000E+02   5.1180196563246737E-15   1.9538807334673566E+14
   6.7000000000000000E+02   7.2227510503360562E-15   1.3845140072403198E+14
   6.8000000000000000E+02   1.0047872177843748E-14   9.9523559048160391E+13
   6.9000000000000000E+02   1.3789979008039895E-14   7.2516426559966172E+13
   7.0000000000000000E+02   1.8685529501661812E-14   5.3517348807860352E+13
   7.1000000000000000E+02   2.5014664103283970E-14   3.9976551188977125E+13
   7.2000000000000000E+02   3.3107402175302549E-14   3.0204725659386828E+13
   7.3000000000000000E+02   4.3347478117172349E-14   2.3069392809817105E+13
   7.4000000000000000E+02   5.6177271104251483E-14   1.7800793458696863E+13
   7.5000000000000000E+02   7.2102376135848100E-14   1.3869168446209041E+13
   7.6000000000000000E+02   9.1695623092877090E-14   1.0905645943286906E+13
   7.6399900000000002E+02   1.0069944950877610E-13   9.9305408805918906E+12
   7.6400099999999998E+02   1.0070413258378359E-13   9.9300790776190078E+12
   7.7000000000000000E+02   1.1560107051832418E-13   8.6504389234136719E+12
   7.8000000000000000E+02   1.4453741216859855E-13   6.9186239396173096E+12
   7.9000000000000000E+02   1.7930110453401297E-13   5.5772104840006865E+12
   8.0000000000000000E+02   2.2076875075335334E-13   4.5296265734511377E+12
   8.1000000000000000E+02   2.6989923904219177E-13   3.7050864002016548E+12
   8.2000000000000000E+02   3.2773506519982155E-13   3.0512450640284575E+12
   8.3000000000000000E+02   3.9540318108273390E-13   2.5290641245265063E+12
   8.4000000000000000E+02   4.7411538664139427E-13   2.1091911972820410E+12
   8.5000000000000000E+02   5.6516780100309972E-13   1.7693860092969373E+12
   8.6000000000000000E+02   6.6994031823945160E-13   1.4926702764030061E+12
   8.7000000000000000E+02   7.8989465768257175E-13   1.2659915980870725E+12
   8.8000000000000000E+02   9.2657286961255793E-13   1.0792459317507812E+12
   8.9000000000000000E+02   1.0815944027275454E-12   9.2456099761446436E+11
   9.0000000000000000E+02   1.2566535139964815E-12   7.9576429689019275E+11
   9.1000000000000000E+02   1.4535155450975934E-12   6.8798713806177905E+11
   9.2000000000000000E+02   1.6740130762513106E-12   5.9736689885322949E+11
   9.3000000000000000E+02   1.9200420215644155E-12   5.2082193450392212E+11
   9.4000000000000000E+02   2.1935569122673074E-12   4.5588058117278516E+11
   9.5000000000000000E+02   2.4965661828125181E-12   4.0055016641835852E+11
   9.6000000000000000E+02   2.8311272462174116E-12   3.5321619730659283E+11
   9.7000000000000000E+02   3.1993410527142924E-12   3.1256436357468329E+11
   9.8000000000000000E+02   3.6033471789886011E-12   2.7751974770321277E+11
   9.9000000000000000E+02   4.0453181593355104E-12   2.4719934517196579E+11
   1.0000000000000000E+03   4.5274540106836798E-12   2.2087468975725555E+11
   1.1000000000000000E+03   1.2050799075500706E-11   8.2982049052083344E+10
   1.2000000000000000E+03   2.6015775655434987E-11   3.8438215844280968E+10
   1.3000000000000000E+03   4.8334807774508535E-11   2.0689024039677544E+10
   1.4000000000000000E+03   8.0376852056210868E-11   1.2441392943588518E+10
   1.5000000000000000E+03   1.2289555858166407E-10   8.1369905596344271E+09
   1.6000000000000000E+03   1.7608716255726378E-10   5.6790057007977448E+09
   1.7000000000000000E+03   2.3970770742266499E-10   4.1717473783049817E+09
   1.8000000000000000E+03   3.1320136633499645E-10   3.1928340916955390E+09
   1.9000000000000000E+03   3.9581472575273390E-10   2.5264345536873779E+09
   2.0000000000000000E+03   4.8668772441121429E-10   2.0547056147959793E+09
   2.1000000000000000E+03   5.8492064391815608E-10   1.7096336236337783E+09
   2.2000000000000000E+03   6.8962040083600504E-10   1.4500731109284639E+09
   2.2099989999999998E+03   7.0041156612531068E-10   1.4277319912519693E+09
   2.2100010000000002E+03   7.0041373012588627E-10   1.4277275801264901E+09
   2.2949989999999998E+03   7.9429326746368561E-10   1.2589808336071780E+09
   2.2950010000000002E+03   7.9429551949886435E-10   1.2589772640678101E+09
   2.3000000000000000E+03   7.9993051542000413E-10   1.2501085790869591E+09
   2.4000000000000000E+03   9.1504896422882313E-10   1.0928376940383418E+09
   2.5000000000000000E+03   1.0342374349656817E-09   9.6689596236978447E+08
   2.6000000000000000E+03   1.1568247214423237E-09   8.6443519183546221E+08
   2.7000000000000000E+03   1.2822062920893696E-09   7.7990570329403770E+08
   2.7479989999999998E+03   1.3432196116293855E-09   7.4447989840392172E+08
   2.7480010000000002E+03   1.3432221639318963E-09   7.4447848379212856E+08
   2.8000000000000000E+03   1.4098414867088239E-09   7.0929959816576970E+08
   2.9000000000000000E+03   1.5392493452645230E-09   6.4966732198164308E+08
   3.0000000000000000E+03   1.6700037633825397E-09   5.9880104579796386E+08
   3.1000000000000000E+03   1.8017284253793697E-09   5.5502260269298983E+08
   3.1529989999999998E+03   1.8718195326157337E-09   5.3423953675842446E+08
   3.1530010000000002E+03   1.8718221804145941E-09   5.3423878104623592E+08
   3.2000000000000000E+03   1.9340917892619967E-09   5.1703854261310750E+08
   3.3000000000000000E+03   2.0668023109421361E-09   4.8383921128100437E+08
   3.4000000000000000E+03   2.1996039974392355E-09   4.5462728798647100E+08
   3.4299989999999998E+03   2.2394266312397283E-09   4.4654287220225132E+08
   3.4300010000000002E+03   2.2394292856400107E-09   4.4654234291403770E+08
   3.5000000000000000E+03   2.3322723338511624E-09   4.2876639468116969E+08
   3.6000000000000000E+03   2.4646105918195589E-09   4.0574361049942815E+08
   3.7000000000000000E+03   2.5964465309017143E-09   3.8514176513880002E+08
   3.8000000000000000E+03   2.7276294462523133E-09   3.6661871405368942E+08
   3.9000000000000000E+03   2.8580275521371832E-09   3.4989165841043681E+08
   4.0000000000000000E+03   2.9875256838947469E-09   3.3472515580061233E+08
   4.1000000000000000E+03   3.1160232465532368E-09   3.2092186767417151E+08
   4.2000000000000000E+03   3.2434324330715008E-09   3.0831534821060210E+08
   4.3000000000000000E+03   3.3696766551284123E-09   2.9676437900297350E+08
   4.4000000000000000E+03   3.4946891540116793E-09   2.8614848300658274E+08
   4.5000000000000000E+03   3.6184118002419572E-09   2.7636434303390557E+08
   4.6000000000000000E+03   3.7407940767184192E-09   2.6732292114759815E+08
   4.7000000000000000E+03   3.8617924876401830E-09   2.5894710893983534E+08
   4.8000000000000000E+03   3.9813701801576435E-09   2.5116981208725607E+08
   4.9000000000000000E+03   4.0994965005948879E-09   2.4393239507702661E+08
   5.0000000000000000E+03   4.2161465025165621E-09   2.3718340892640078E+08
   5.1000000000000000E+03   4.3313004319336871E-09   2.3087754260296261E+08
   5.2000000000000000E+03   4.4449432112770637E-09   2.2497475276240775E+08
   5.3000000000000000E+03   4.5570639628955344E-09   2.1943953566203743E+08
   5.4000000000000000E+03   4.6676555447688745E-09   2.1424031623771343E+08
   5.5000000000000000E+03   4.7767141402185399E-09   2.0934893122037423E+08
   5.6000000000000000E+03   4.8842388576275120E-09   2.0474019169605964E+08
   5.7000000000000000E+03   4.9902313910102909E-09   2.0039150925976330E+08
   5.8000000000000000E+03   5.0946957069695112E-09   1.9628257652994007E+08
   5.9000000000000000E+03   5.1976377512007717E-09   1.9239509328424776E+08
   6.0000000000000000E+03   5.2990652089817423E-09   1.8871252958069527E+08
   6.1000000000000000E+03   5.3989872688517755E-09   1.8521992184891263E+08
   6.2000000000000000E+03   5.4974144256137487E-09   1.8190369555199707E+08
   6.3000000000000000E+03   5.5943583090491694E-09   1.7875151085379130E+08
   6.4000000000000000E+03   5.6898315112434575E-09   1.7575212869202515E+08
   6.5000000000000000E+03   5.7838474614833258E-09   1.7289529273711863E+08
   6.6000000000000000E+03   5.8764202939377570E-09   1.7017162659921074E+08
   6.7000000000000000E+03   5.9675647432184767E-09   1.6757254307737461E+08
   6.8000000000000000E+03   6.0572960496199512E-09   1.6509016429248863E+08
   6.9000000000000000E+03   6.1456298604367714E-09   1.6271725156075865E+08
   7.0000000000000000E+03   6.2325821745389592E-09   1.6044714245167136E+08
   7.1000000000000000E+03   6.3181692658435694E-09   1.5827369573747647E+08
   7.2000000000000000E+03   6.4024076218600361E-09   1.5619124227355564E+08
   7.3000000000000000E+03   6.4853138999700741E-09   1.5419454099278286E+08
   7.4000000000000000E+03   6.5669048817923721E-09   1.5227873983261654E+08
   7.5000000000000000E+03   6.6471974266284105E-09   1.5043934094601128E+08
   7.6000000000000000E+03   6.7262084436262901E-09   1.4867216922894999E+08
   7.7000000000000000E+03   6.8039548611977927E-09   1.4697334423878828E+08
   7.8000000000000000E+03   6.8804536003311155E-09   1.4533925495142880E+08
   7.9000000000000000E+03   6.9557215424087238E-09   1.4376653721731740E+08
   8.0000000000000000E+03   7.0297755240157054E-09   1.4225205294019940E+08
   8.1000000000000000E+03   7.1026323090761220E-09   1.4079287178109261E+08
   8.2000000000000000E+03   7.1743085708538943E-09   1.3938625445559543E+08
   8.3000000000000000E+03   7.2448208928027955E-09   1.3802963728108552E+08
   8.4000000000000000E+03   7.3141857404304532E-09   1.3672061873850477E+08
   8.5000000000000000E+03   7.3824194637600809E-09   1.3545694672443756E+08
   8.6000000000000000E+03   7.4495382803222837E-09   1.3423650733381262E+08
   8.7000000000000000E+03   7.5155582729517886E-09   1.3305731439791539E+08
   8.8000000000000000E+03   7.5804953824210751E-09   1.3191750005137765E+08
   8.9000000000000000E+03   7.6443654038193819E-09   1.3081530606848891E+08
   9.0000000000000000E+03   7.7071839704472702E-09   1.2974907616509993E+08
   9.1000000000000000E+03   7.7689665702842157E-09   1.2871724842077893E+08
   9.2000000000000000E+03   7.8297285288127149E-09   1.2771834889550613E+08
   9.3000000000000000E+03   7.8894850103280327E-09   1.2675098548142393E+08
   9.4000000000000000E+03   7.9482510091574999E-09   1.2581384242242223E+08
   9.5000000000000000E+03   8.0060413604385063E-09   1.2490567497458299E+08
   9.6000000000000000E+03   8.0628707379641930E-09   1.2402530469594155E+08
   9.7000000000000000E+03   8.1187536365856019E-09   1.2317161534421891E+08
   9.8000000000000000E+03   8.1737043923569746E-09   1.2234354853046496E+08
   9.9000000000000000E+03   8.2277371690691145E-09   1.2154010020632929E+08
   1.0000000000000000E+04   8.2808659653222959E-09   1.2076031711993538E+08
   1.1000000000000000E+04   8.7653949630896886E-09   1.1408499037532395E+08
   1.1922999000000000E+04   9.1446980030470421E-09   1.0935298242400099E+08
   1.1923001000000000E+04   9.1446987612729192E-09   1.0935297335708001E+08
   1.2000000000000000E+04   9.1736964725400496E-09   1.0900731270032048E+08
   1.3000000000000000E+04   9.5171118172516137E-09   1.0507389418156314E+08
   1.3737999000000000E+04   9.7347710954686490E-09   1.0272455204062077E+08
   1.3738001000000000E+04   9.7347716480131072E-09   1.0272454620998766E+08
   1.4000000000000000E+04   9.8055148336246862E-09   1.0198342636440052E+08
   1.4355999000000000E+04   9.8965634581422050E-09   1.0104517636142369E+08
   1.4356001000000000E+04   9.8965639537950021E-09   1.0104517130074561E+08
   1.5000000000000000E+04   1.0047437316305392E-08   9.9527866511509284E+07
   1.6000000000000000E+04   1.0250194895578721E-08   9.7559120600851819E+07
   1.7000000000000000E+04   1.0420012548713987E-08   9.5969174252426192E+07
   1.8000000000000000E+04   1.0562149043881364E-08   9.4677702032551661E+07
   1.9000000000000000E+04   1.0681018396042282E-08   9.3624031241303518E+07
   2.0000000000000000E+04   1.0780305847291675E-08   9.2761746667069659E+07
   2.1000000000000000E+04   1.0863075795225423E-08   9.2054959281378090E+07
   2.2000000000000000E+04   1.0931869878415436E-08   9.1475658887457341E+07
   2.3000000000000000E+04   1.0988793867309050E-08   9.1001798020339191E+07
   2.4000000000000000E+04   1.1035593145260898E-08   9.0615881433562830E+07
   2.5000000000000000E+04   1.1073716981862534E-08   9.0303915265116885E+07
   2.6000000000000000E+04   1.1104372408428007E-08   9.0054616615795344E+07
   2.7000000000000000E+04   1.1128568643782979E-08   8.9858815810841426E+07
   2.8000000000000000E+04   1.1147153645624960E-08   8.9708999426277816E+07
   2.9000000000000000E+04   1.1160843597681368E-08   8.9598961874866441E+07
   3.0000000000000000E+04   1.1170246634768899E-08   8.9523538082620785E+07
   3.1000000000000000E+04   1.1175882081228460E-08   8.9478395775099263E+07
   3.2000000000000000E+04   1.1178195891491417E-08   8.9459874357826993E+07
   3.3000000000000000E+04   1.1177572857168633E-08   8.9464860822504893E+07
   3.4000000000000000E+04   1.1174346801394881E-08   8.9490689502778932E+07
   3.5000000000000000E+04   1.1168808457280149E-08   8.9535065788344815E+07
   3.6000000000000000E+04   1.1161212290223621E-08   8.9596002118508637E+07
   3.7000000000000000E+04   1.1151781704040363E-08   8.9671769636388570E+07
   3.8000000000000000E+04   1.1140713526453165E-08   8.9760857563166082E+07
   3.9000000000000000E+04   1.1128181847748930E-08   8.9861939145277858E+07
   4.0000000000000000E+04   1.1114340999539422E-08   8.9973845506579310E+07
   4.1000000000000000E+04   1.1099328270260353E-08   9.0095542329296604E+07
   4.2000000000000000E+04   1.1083265991539350E-08   9.0226112119240999E+07
   4.3000000000000000E+04   1.1066263313515082E-08   9.0364739358651742E+07
   4.4000000000000000E+04   1.1048418170827031E-08   9.0510694339979440E+07
   4.5000000000000000E+04   1.1029818323459885E-08   9.0663324696205467E+07
   4.6000000000000000E+04   1.1010542670711273E-08   9.0822044826188475E+07
   4.7000000000000000E+04   1.0990662287321320E-08   9.0986327653210372E+07
   4.8000000000000000E+04   1.0970241026762779E-08   9.1155700003347263E+07
   4.9000000000000000E+04   1.0949337099172542E-08   9.1329729913564503E+07
   5.0000000000000000E+04   1.0928002566330291E-08   9.1508031218902618E+07
   5.1000000000000000E+04   1.0906285204528127E-08   9.1690248443605259E+07
   5.2000000000000000E+04   1.0884227557594794E-08   9.1876065132635012E+07
   5.3000000000000000E+04   1.0861868904926449E-08   9.2065187745586365E+07
   5.4000000000000000E+04   1.0839244429780264E-08   9.2257353035840005E+07
   5.5000000000000000E+04   1.0816387046478332E-08   9.2452312930645958E+07
   5.6000000000000000E+04   1.0793326509802440E-08   9.2649842390277505E+07
   5.7000000000000000E+04   1.0770088625529283E-08   9.2849746624146864E+07
   5.8000000000000000E+04   1.0746698379055153E-08   9.3051834594051376E+07
   5.9000000000000000E+04   1.0723178555785229E-08   9.3255931046722442E+07
   6.0000000000000000E+04   1.0699549126680340E-08   9.3461882193372563E+07
   6.1000000000000000E+04   1.0675829062949924E-08   9.3669540239311591E+07
   6.2000000000000000E+04   1.0652035475275184E-08   9.3878771087566838E+07
   6.3000000000000000E+04   1.0628183857291821E-08   9.4089452481000945E+07
   6.4000000000000000E+04   1.0604289209631921E-08   9.4301464268976733E+07
   6.5000000000000000E+04   1.0580364088552851E-08   9.4514705886343181E+07
   6.6000000000000000E+04   1.0556421162695411E-08   9.4729073858272091E+07
   6.7000000000000000E+04   1.0532471332464092E-08   9.4944478692072377E+07
   6.8000000000000000E+04   1.0508524497598518E-08   9.5160838253603265E+07
   6.9000000000000000E+04   1.0484590834814600E-08   9.5378066321811140E+07
   7.0000000000000000E+04   1.0460678016261342E-08   9.5596097924578056E+07
   7.1000000000000000E+04   1.0436794756879662E-08   9.5814857271273479E+07
   7.2000000000000000E+04   1.0412947644116489E-08   9.6034286753090411E+07
   7.3000000000000000E+04   1.0389143900808995E-08   9.6254321775457442E+07
   7.4000000000000000E+04   1.0365388962495751E-08   9.6474913157453075E+07
   7.5000000000000000E+04   1.0341689827283382E-08   9.6695996176737607E+07
   7.6000000000000000E+04   1.0318049041140072E-08   9.6917546719617769E+07
   7.7000000000000000E+04   1.0294474238387950E-08   9.7139492201652631E+07
   7.8000000000000000E+04   1.0270969216872021E-08   9.7361795063829988E+07
   7.9000000000000000E+04   1.0247534549508102E-08   9.7584447768268496E+07
   8.0000000000000000E+04   1.0224178115299407E-08   9.7807372751420021E+07
   8.0728998999999996E+04   1.0207201900747551E-08   9.7970042105933324E+07
   8.0729001000000004E+04   1.0207201854232236E-08   9.7970042552393332E+07
   8.1000000000000000E+04   1.0200902083533673E-08   9.8030545907719597E+07
   8.2000000000000000E+04   1.0177709900828852E-08   9.8253930377654225E+07
   8.3000000000000000E+04   1.0154600388873950E-08   9.8477533502516374E+07
   8.4000000000000000E+04   1.0131581932098744E-08   9.8701269624224558E+07
   8.5000000000000000E+04   1.0108653240009730E-08   9.8925146234320492E+07
   8.6000000000000000E+04   1.0085819153567699E-08   9.9149110724067062E+07
   8.7000000000000000E+04   1.0063075379011309E-08   9.9373199776055887E+07
   8.8000000000000000E+04   1.0040429911755078E-08   9.9597328878241137E+07
   8.9000000000000000E+04   1.0017882807377526E-08   9.9821491150162444E+07
   9.0000000000000000E+04   9.9954357814771888E-09   1.0004566302683142E+08
   9.1000000000000000E+04   9.9730872885519269E-09   1.0026985336305006E+08
   9.2000000000000000E+04   9.9508441333694660E-09   1.0049398690173122E+08
   9.3000000000000000E+04   9.9286967082940127E-09   1.0071815358854124E+08
   9.4000000000000000E+04   9.9066568496273068E-09   1.0094222654311688E+08
   9.5000000000000000E+04   9.8847197217231547E-09   1.0116624731426124E+08
   9.6000000000000000E+04   9.8628902937094521E-09   1.0139015747116236E+08
   9.7000000000000000E+04   9.8411655801950562E-09   1.0161397975179479E+08
   9.8000000000000000E+04   9.8195467809098881E-09   1.0183769397016297E+08
   9.9000000000000000E+04   9.7980319506023717E-09   1.0206131241881910E+08
   1.0000000000000000E+05   9.7766188654171202E-09   1.0228485059771582E+08
   1.1000000000000000E+05   9.5684175864172270E-09   1.0451048890461704E+08
   1.2000000000000000E+05   9.3708061391433440E-09   1.0671440483896486E+08
   1.3000000000000000E+05   9.1833859794534598E-09   1.0889229770341355E+08
   1.4000000000000000E+05   9.0056714453763549E-09   1.1104113736165836E+08
   1.5000000000000000E+05   8.8370170473854802E-09   1.1316035655898844E+08
   1.6000000000000000E+05   8.6768444384822939E-09   1.1524927144768712E+08
   1.7000000000000000E+05   8.5245979984093692E-09   1.1730758449684000E+08
   1.8000000000000000E+05   8.3796746426002880E-09   1.1933637553375119E+08
   1.9000000000000000E+05   8.2415873328980791E-09   1.2133584946776986E+08
   2.0000000000000000E+05   8.1098574128200922E-09   1.2330673020455286E+08
   2.1000000000000000E+05   7.9840202845738579E-09   1.2525018278474659E+08
   2.2000000000000000E+05   7.8636973210971617E-09   1.2716664428539804E+08
   2.3000000000000000E+05   7.7484897127864701E-09   1.2905740822625233E+08
   2.4000000000000000E+05   7.6344374071365747E-09   1.3098542127874583E+08
   2.5000000000000000E+05   7.5321360729197872E-09   1.3276446287199858E+08
   2.6000000000000000E+05   7.4271075773162365E-09   1.3464191673407096E+08
   2.7000000000000000E+05   7.3325266437785181E-09   1.3637863843951762E+08
   2.8000000000000000E+05   7.2383628785155990E-09   1.3815278631140891E+08
   2.9000000000000000E+05   7.1450809637986239E-09   1.3995642667544502E+08
   3.0000000000000000E+05   7.0576593470879975E-09   1.4169003501318067E+08
   3.1000000000000000E+05   6.9757764912492255E-09   1.4335321684323627E+08
   3.2000000000000000E+05   6.8918509409423295E-09   1.4509890137920904E+08
   3.3000000000000000E+05   6.8154409774318619E-09   1.4672564890684620E+08
   3.4000000000000000E+05   6.7392031217733560E-09   1.4838549631619647E+08
   3.5000000000000000E+05   6.6654027607262717E-09   1.5002844327610275E+08
   3.6000000000000000E+05   6.5918705775042298E-09   1.5170200753222516E+08
   3.7000000000000000E+05   6.5226641596871779E-09   1.5331158795211670E+08
   3.8000000000000000E+05   6.4555393409907876E-09   1.5490572470843643E+08
   3.9000000000000000E+05   6.3920388330959465E-09   1.5644460650368983E+08
   4.0000000000000000E+05   6.3269003131695978E-09   1.5805527991621357E+08
   4.1000000000000000E+05   6.2669959028809595E-09   1.5956608485100439E+08
   4.2000000000000000E+05   6.2057614103496188E-09   1.6114058112712109E+08
   4.3000000000000000E+05   6.1473936314721925E-09   1.6267056576309034E+08
   4.4000000000000000E+05   6.0905688768046873E-09   1.6418827538563737E+08
   4.5000000000000000E+05   6.0353235486216537E-09   1.6569119980790094E+08
   4.6000000000000000E+05   5.9814394966071502E-09   1.6718383602596495E+08
   4.7000000000000000E+05   5.9290610801422805E-09   1.6866076879342976E+08
   4.8000000000000000E+05   5.8777674268560507E-09   1.7013262474981737E+08
   4.9000000000000000E+05   5.8279200813608889E-09   1.7158780251607159E+08
   5.0000000000000000E+05   5.7801503818649496E-09   1.7300587942096981E+08
   5.1000000000000000E+05   5.7324707969772670E-09   1.7444484855069831E+08
   5.2000000000000000E+05   5.6849996194747259E-09   1.7590150693667006E+08
   5.3000000000000000E+05   5.6395202978191884E-09   1.7732004624341929E+08
   5.4000000000000000E+05   5.5948649145948043E-09   1.7873532520711860E+08
   5.5000000000000000E+05   5.5512749909939862E-09   1.8013879723528966E+08
   5.6000000000000000E+05   5.5088178139842846E-09   1.8152715042807785E+08
   5.7000000000000000E+05   5.4671181086408071E-09   1.8291172426282418E+08
   5.8000000000000000E+05   5.4248242819257240E-09   1.8433776801430637E+08
   5.9000000000000000E+05   5.3861881688831361E-09   1.8566005654558429E+08
   6.0000000000000000E+05   5.3469466775768692E-09   1.8702262436871362E+08
   6.1000000000000000E+05   5.3069344651863038E-09   1.8843270188468295E+08
   6.2000000000000000E+05   5.2709597490016526E-09   1.8971876994306499E+08
   6.3000000000000000E+05   5.2339820463627073E-09   1.9105911925986412E+08
   6.4000000000000000E+05   5.1959049564080989E-09   1.9245925558486250E+08
   6.5000000000000000E+05   5.1621179851475202E-09   1.9371893530469599E+08
   6.6000000000000000E+05   5.1271825215607369E-09   1.9503889237311485E+08
   6.7000000000000000E+05   5.0928597284144552E-09   1.9635333649987003E+08
   6.8000000000000000E+05   5.0593867120839797E-09   1.9765241459237984E+08
   6.9000000000000000E+05   5.0263994534007080E-09   1.9894956802994055E+08
   7.0000000000000000E+05   4.9939035129249830E-09   2.0024415718322307E+08
   7.1000000000000000E+05   4.9619701648829376E-09   2.0153285222818184E+08
   7.2000000000000000E+05   4.9304927417416869E-09   2.0281948526847485E+08
   7.3000000000000000E+05   4.8997419068746572E-09   2.0409238262058967E+08
   7.4000000000000000E+05   4.8693976556694560E-09   2.0536420943886083E+08
   7.5000000000000000E+05   4.8396449799533515E-09   2.0662672657646865E+08
   7.6000000000000000E+05   4.8101396767820672E-09   2.0789417089629915E+08
   7.7000000000000000E+05   4.7815074349867211E-09   2.0913906620387328E+08
   7.8000000000000000E+05   4.7529900279830707E-09   2.1039387714102775E+08
   7.9000000000000000E+05   4.7251146846517401E-09   2.1163507485823154E+08
   8.0000000000000000E+05   4.6964445632882551E-09   2.1292703161385596E+08
   8.1000000000000000E+05   4.6703655399941409E-09   2.1411600257766005E+08
   8.2000000000000000E+05   4.6438484905039936E-09   2.1533863605689490E+08
   8.3000000000000000E+05   4.6175437608135846E-09   2.1656535417951426E+08
   8.4000000000000000E+05   4.5904551248379032E-09   2.1784332333176047E+08
   8.5000000000000000E+05   4.5661411645266097E-09   2.1900330365797490E+08
   8.6000000000000000E+05   4.5408371396319901E-09   2.2022370969266796E+08
   8.7000000000000000E+05   4.5149947455122948E-09   2.2148420017408791E+08
   8.8000000000000000E+05   4.4917323872540175E-09   2.2263125088165408E+08
   8.9000000000000000E+05   4.4676642432018016E-09   2.2383060712801886E+08
   9.0000000000000000E+05   4.4429419150963119E-09   2.2507609127235746E+08
   9.1000000000000000E+05   4.4203400427568873E-09   2.2622693963071629E+08
   9.2000000000000000E+05   4.3963649669010724E-09   2.2746064249185488E+08
   9.3000000000000000E+05   4.3738422798835690E-09   2.2863192955065128E+08
   9.4000000000000000E+05   4.3520514943014764E-09   2.2977669297097889E+08
   9.5000000000000000E+05   4.3284035273877354E-09   2.3103206382504663E+08
   9.6000000000000000E+05   4.3079717866918556E-09   2.3212779691111034E+08
   9.7000000000000000E+05   4.2863494407905929E-09   2.3329875779226154E+08
   9.8000000000000000E+05   4.2650306607738971E-09   2.3446490296005246E+08
   9.9000000000000000E+05   4.2438578892173186E-09   2.3563465745183730E+08
   1.0000000000000000E+06   4.2230840147452789E-09   2.3679377358073151E+08
   1.1000000000000000E+06   4.0285990376794174E-09   2.4822524918638402E+08
   1.2000000000000000E+06   3.8555037599275104E-09   2.5936947861225837E+08
   1.3000000000000000E+06   3.6988307813777813E-09   2.7035570403345382E+08
   1.4000000000000000E+06   3.5582610532704972E-09   2.8103615362365621E+08
   1.5000000000000000E+06   3.4294471441149403E-09   2.9159218905473948E+08
   1.6000000000000000E+06   3.3120129372011470E-09   3.0193118775830060E+08
   1.7000000000000000E+06   3.2046914216755798E-09   3.1204252404343754E+08
   1.8000000000000000E+06   3.1051401537782764E-09   3.2204665505459356E+08
   1.9000000000000000E+06   3.0126313985449279E-09   3.3193572917117923E+08
   2.0000000000000000E+06   2.9261194332719902E-09   3.4174955014799207E+08
   2.1000000000000000E+06   2.8461187689186129E-09   3.5135568161126024E+08
   2.2000000000000000E+06   2.7710952101819289E-09   3.6086814928829092E+08
   2.3000000000000000E+06   2.6997013251118204E-09   3.7041134539524686E+08
   2.4000000000000000E+06   2.6324255022790352E-09   3.7987779678256625E+08
   2.5000000000000000E+06   2.5700785261539246E-09   3.8909316965364552E+08
   2.6000000000000000E+06   2.5101789112003553E-09   3.9837797837358338E+08
   2.7000000000000000E+06   2.4541860185545894E-09   4.0746707561676902E+08
   2.8000000000000000E+06   2.4006634906143229E-09   4.1655150915970445E+08
   2.9000000000000000E+06   2.3493150225245602E-09   4.2565598500511271E+08
   3.0000000000000000E+06   2.3015713219250462E-09   4.3448577520665097E+08
   3.1000000000000000E+06   2.2548508031871808E-09   4.4348832241429132E+08
   3.2000000000000000E+06   2.2116232314463257E-09   4.5215658154668349E+08
   3.3000000000000000E+06   2.1688718208583409E-09   4.6106920214595515E+08
   3.4000000000000000E+06   2.1282114103453428E-09   4.6987813106299019E+08
   3.5000000000000000E+06   2.0895743176169941E-09   4.7856637190125245E+08
   3.6000000000000000E+06   2.0536378651054282E-09   4.8694076837576371E+08
   3.7000000000000000E+06   2.0181008603413605E-09   4.9551537272069287E+08
   3.8000000000000000E+06   1.9836506081971825E-09   5.0412103616817802E+08
   3.9000000000000000E+06   1.9507814132677460E-09   5.1261509526323825E+08
   4.0000000000000000E+06   1.9190431482053951E-09   5.2109302541485655E+08
   4.1000000000000000E+06   1.8886451739190671E-09   5.2948008117635578E+08
   4.2000000000000000E+06   1.8594987584473523E-09   5.3777933190715432E+08
   4.3000000000000000E+06   1.8305941853357713E-09   5.4627071800546443E+08
   4.4000000000000000E+06   1.8032195764145764E-09   5.5456363333651555E+08
   4.5000000000000000E+06   1.7774170875377401E-09   5.6261414780551159E+08
   4.6000000000000000E+06   1.7511590325144771E-09   5.7105036232152319E+08
   4.7000000000000000E+06   1.7262867404729597E-09   5.7927804029012287E+08
   4.8000000000000000E+06   1.7027917223733159E-09   5.8727088396120512E+08
   4.9000000000000000E+06   1.6792215883836216E-09   5.9551402085211170E+08
   5.0000000000000000E+06   1.6570681432280169E-09   6.0347548414754450E+08
   5.1000000000000000E+06   1.6350398958139435E-09   6.1160587124523187E+08
   5.2000000000000000E+06   1.6135209931103357E-09   6.1976262116821325E+08
   5.3000000000000000E+06   1.5932510260660375E-09   6.2764748532385492E+08
   5.4000000000000000E+06   1.5729496967917812E-09   6.3574823914561260E+08
   5.5000000000000000E+06   1.5538746554088413E-09   6.4355255201513612E+08
   5.6000000000000000E+06   1.5351334471925688E-09   6.5140916695469475E+08
   5.7000000000000000E+06   1.5165367647146849E-09   6.5939713646713746E+08
   5.8000000000000000E+06   1.4988060476811357E-09   6.6719773485511422E+08
   5.9000000000000000E+06   1.4809697613787300E-09   6.7523323303308761E+08
   6.0000000000000000E+06   1.4641571758517636E-09   6.8298678344984162E+08
   6.1000000000000000E+06   1.4479702402858719E-09   6.9062192866793358E+08
   6.2000000000000000E+06   1.4317978415598509E-09   6.9842262013090134E+08
   6.3000000000000000E+06   1.4160979382671764E-09   7.0616584699195385E+08
   6.4000000000000000E+06   1.4005673219207271E-09   7.1399638157243872E+08
   6.5000000000000000E+06   1.3855756117591542E-09   7.2172171010601175E+08
   6.6000000000000000E+06   1.3710986468736210E-09   7.2934212449279273E+08
   6.7000000000000000E+06   1.3568555857327926E-09   7.3699810835796010E+08
   6.8000000000000000E+06   1.3427481681326822E-09   7.4474128785494363E+08
   6.9000000000000000E+06   1.3293309019216432E-09   7.5225814622561502E+08
   7.0000000000000000E+06   1.3160157226255343E-09   7.5986934107818806E+08
   7.1000000000000000E+06   1.3027112939402679E-09   7.6762979230442774E+08
   7.2000000000000000E+06   1.2900620620399598E-09   7.7515650558602738E+08
   7.3000000000000000E+06   1.2775489850500671E-09   7.8274885088716197E+08
   7.4000000000000000E+06   1.2653992063075832E-09   7.9026444383348858E+08
   7.5000000000000000E+06   1.2536798773407870E-09   7.9765179139759839E+08
   7.6000000000000000E+06   1.2419076219955152E-09   8.0521286953145969E+08
   7.7000000000000000E+06   1.2306311669597303E-09   8.1259115391209900E+08
   7.8000000000000000E+06   1.2192941952221522E-09   8.2014660934049869E+08
   7.9000000000000000E+06   1.2082763458121018E-09   8.2762523942971361E+08
   8.0000000000000000E+06   1.1975141953045792E-09   8.3506316995737767E+08
   8.1000000000000000E+06   1.1867254846964151E-09   8.4265486238868248E+08
   8.2000000000000000E+06   1.1766118171921263E-09   8.4989797432632148E+08
   8.3000000000000000E+06   1.1663470803069229E-09   8.5737771962086213E+08
   8.4000000000000000E+06   1.1565060726284465E-09   8.6467336719404554E+08
   8.5000000000000000E+06   1.1464996559435524E-09   8.7222006113644648E+08
   8.6000000000000000E+06   1.1371642642300728E-09   8.7938043029962707E+08
   8.7000000000000000E+06   1.1277410001867255E-09   8.8672842419884121E+08
   8.8000000000000000E+06   1.1186524812686861E-09   8.9393267055187702E+08
   8.9000000000000000E+06   1.1092915300442668E-09   9.0147627825130403E+08
   9.0000000000000000E+06   1.1006663089963088E-09   9.0854057385648012E+08
   9.1000000000000000E+06   1.0917521025992738E-09   9.1595884965018380E+08
   9.2000000000000000E+06   1.0830071093096401E-09   9.2335497283803368E+08
   9.3000000000000000E+06   1.0748689028613636E-09   9.3034601460507596E+08
   9.4000000000000000E+06   1.0664291280665628E-09   9.3770882066303027E+08
   9.5000000000000000E+06   1.0582867749808748E-09   9.4492345897270799E+08
   9.6000000000000000E+06   1.0503471439235349E-09   9.5206618667475533E+08
   9.7000000000000000E+06   1.0424273166710366E-09   9.5929949648045790E+08
   9.8000000000000000E+06   1.0348673401267331E-09   9.6630743016543269E+08
   9.9000000000000000E+06   1.0271321894080528E-09   9.7358452038808250E+08
   1.0000000000000000E+07   1.0196229490187208E-09   9.8075470051198280E+08
   1.1000000000000000E+07   9.5089542248681032E-10   1.0516403553450390E+09
   1.2000000000000000E+07   8.9159518530190072E-10   1.1215852401237371E+09
   1.3000000000000000E+07   8.3992613301215632E-10   1.1905808864569845E+09
   1.4000000000000000E+07   7.9458694858005091E-10   1.2585155114704919E+09
   1.5000000000000000E+07   7.5405917859372311E-10   1.3261558620172789E+09
   1.6000000000000000E+07   7.1796537181894391E-10   1.3928248342486629E+09
   1.7000000000000000E+07   6.8548040903515519E-10   1.4588308970165107E+09
   1.8000000000000000E+07   6.5606162045665704E-10   1.5242470658532684E+09
   1.9000000000000000E+07   6.2925170475513409E-10   1.5891891788980348E+09
   2.0000000000000000E+07   6.0478418557842381E-10   1.6534823890006094E+09
   2.1000000000000000E+07   5.8245334375853032E-10   1.7168757132495296E+09
   2.2000000000000000E+07   5.6162141087713916E-10   1.7805588972083566E+09
   2.3000000000000000E+07   5.4251474720605488E-10   1.8432678653437338E+09
   2.4000000000000000E+07   5.2474109151722666E-10   1.9057017187440357E+09
   2.5000000000000000E+07   5.0813487459677136E-10   1.9679814356248362E+09
   2.6000000000000000E+07   4.9262408872569779E-10   2.0299453942391737E+09
   2.7000000000000000E+07   4.7820008643783194E-10   2.0911748624913821E+09
   2.8000000000000000E+07   4.6451259318299409E-10   2.1527941646267738E+09
   2.9000000000000000E+07   4.5195103075241792E-10   2.2126290946503172E+09
   3.0000000000000000E+07   4.3973786213579922E-10   2.2740820977821136E+09
   3.1000000000000000E+07   4.2851528339747474E-10   2.3336390526646342E+09
   3.2000000000000000E+07   4.1771156366137753E-10   2.3939964487328897E+09
   3.3000000000000000E+07   4.0773323086990202E-10   2.4525840041698155E+09
   3.4000000000000000E+07   3.9784632789324591E-10   2.5135333164827652E+09
   3.5000000000000000E+07   3.8876519849180124E-10   2.5722467028413534E+09
   3.6000000000000000E+07   3.8010652762365144E-10   2.6308414281959229E+09
   3.7000000000000000E+07   3.7183624583838276E-10   2.6893558957526870E+09
   3.8000000000000000E+07   3.6372077565173819E-10   2.7493617822851501E+09
   3.9000000000000000E+07   3.5625305709638235E-10   2.8069934561416426E+09
   4.0000000000000000E+07   3.4927885158482512E-10   2.8630419375882030E+09
   4.1000000000000000E+07   3.4232908265294248E-10   2.9211657749038305E+09
   4.2000000000000000E+07   3.3572725175765250E-10   2.9786083636780801E+09
   4.3000000000000000E+07   3.2932093898808034E-10   3.0365515265222621E+09
   4.4000000000000000E+07   3.2319100012881731E-10   3.0941455659390907E+09
   4.5000000000000000E+07   3.1736884598498267E-10   3.1509078873082533E+09
   4.6000000000000000E+07   3.1179236784658156E-10   3.2072625988460803E+09
   4.7000000000000000E+07   3.0635770430417420E-10   3.2641581587487268E+09
   4.8000000000000000E+07   3.0114240890677436E-10   3.3206880546325622E+09
   4.9000000000000000E+07   2.9611581077659134E-10   3.3770570959294839E+09
   5.0000000000000000E+07   2.9127795422679653E-10   3.4331468808016086E+09
   5.1000000000000000E+07   2.8640615712163807E-10   3.4915450493450646E+09
   5.2000000000000000E+07   2.8201123376005281E-10   3.5459580338946457E+09
   5.3000000000000000E+07   2.7764313564469345E-10   3.6017458082584262E+09
   5.4000000000000000E+07   2.7341888411202323E-10   3.6573918558978806E+09
   5.5000000000000000E+07   2.6925852773926020E-10   3.7139027996482344E+09
   5.6000000000000000E+07   2.6533206059831005E-10   3.7688622993582153E+09
   5.7000000000000000E+07   2.6145650393767953E-10   3.8247279564265842E+09
   5.8000000000000000E+07   2.5774032727248309E-10   3.8798740211996403E+09
   5.9000000000000000E+07   2.5424039885618330E-10   3.9332852076182919E+09
   6.0000000000000000E+07   2.5076576109496492E-10   3.9877852368422041E+09
   6.1000000000000000E+07   2.4719853321398995E-10   4.0453314467458425E+09
   6.2000000000000000E+07   2.4390186981466513E-10   4.1000095684378104E+09
   6.3000000000000000E+07   2.4072466941170159E-10   4.1541234741078448E+09
   6.4000000000000000E+07   2.3772526870310559E-10   4.2065364168286939E+09
   6.5000000000000000E+07   2.3471796652508874E-10   4.2604322745490017E+09
   6.6000000000000000E+07   2.3177194090965590E-10   4.3145861232175531E+09
   6.7000000000000000E+07   2.2890459777094783E-10   4.3686322150708599E+09
   6.8000000000000000E+07   2.2609260069124565E-10   4.4229665055054598E+09
   6.9000000000000000E+07   2.2344401721985173E-10   4.4753939373372307E+09
   7.0000000000000000E+07   2.2080429092381383E-10   4.5288974947730503E+09
   7.1000000000000000E+07   2.1822105931022734E-10   4.5825091453633747E+09
   7.2000000000000000E+07   2.1572520905385306E-10   4.6355268556043577E+09
   7.3000000000000000E+07   2.1326850173663467E-10   4.6889249554296598E+09
   7.4000000000000000E+07   2.1069595394351410E-10   4.7461756207624760E+09
   7.5000000000000000E+07   2.0821195671583715E-10   4.8027981474895649E+09
   7.6000000000000000E+07   2.0612755214823487E-10   4.8513650386769190E+09
   7.7000000000000000E+07   2.0400808181607664E-10   4.9017665922742682E+09
   7.8000000000000000E+07   2.0168014454238336E-10   4.9583463075605278E+09
   7.9000000000000000E+07   1.9964087119147043E-10   5.0089943709017668E+09
   8.0000000000000000E+07   1.9748137243182376E-10   5.0637687377083063E+09
   8.1000000000000000E+07   1.9553799124540605E-10   5.1140956989016533E+09
   8.2000000000000000E+07   1.9358807887069620E-10   5.1656073340545559E+09
   8.3000000000000000E+07   1.9149172467415994E-10   5.2221577809776812E+09
   8.4000000000000000E+07   1.8958520037512618E-10   5.2746733290432587E+09
   8.5000000000000000E+07   1.8774504794924219E-10   5.3263721782443771E+09
   8.6000000000000000E+07   1.8591799169944800E-10   5.3787155877661581E+09
   8.7000000000000000E+07   1.8410018534684886E-10   5.4318250582745352E+09
   8.8000000000000000E+07   1.8234760366324116E-10   5.4840314866259289E+09
   8.9000000000000000E+07   1.8053956657857143E-10   5.5389520366705694E+09
   9.0000000000000000E+07   1.7885688123442306E-10   5.5910624914080114E+09
   9.1000000000000000E+07   1.7720754519832283E-10   5.6431005738544846E+09
   9.2000000000000000E+07   1.7559055061901170E-10   5.6950672828047228E+09
   9.3000000000000000E+07   1.7422321447344921E-10   5.7397632285816622E+09
   9.4000000000000000E+07   1.7268363195380550E-10   5.7909368055653915E+09
   9.5000000000000000E+07   1.7115801214604809E-10   5.8425544177663517E+09
   9.6000000000000000E+07   1.6966109008755170E-10   5.8941033532435837E+09
   9.7000000000000000E+07   1.6819204237738300E-10   5.9455844989160528E+09
   9.8000000000000000E+07   1.6655777924846046E-10   6.0039225097271671E+09
   9.9000000000000000E+07   1.6514213503817119E-10   6.0553897996344709E+09
   1.0000000000000000E+08   1.6375207879244619E-10   6.1067927037890511E+09
   1.1000000000000000E+08   1.5116759515739204E-10   6.6151743629897957E+09
   1.2000000000000000E+08   1.4060894436839761E-10   7.1119231034121466E+09
   1.3000000000000000E+08   1.3127298829422367E-10   7.6177133848639803E+09
   1.4000000000000000E+08   1.2337140444587203E-10   8.1056060315722532E+09
   1.5000000000000000E+08   1.1635339809979824E-10   8.5945061883133278E+09
   1.6000000000000000E+08   1.1005330890607553E-10   9.0865055302739277E+09
   1.7000000000000000E+08   1.0451037485103237E-10   9.5684280285606689E+09
   1.8000000000000000E+08   9.9434510232003125E-11   1.0056870574077095E+10
   1.9000000000000000E+08   9.4928349955591264E-11   1.0534260844814150E+10
   2.0000000000000000E+08   9.0933230734590235E-11   1.0997079856523876E+10
   2.1000000000000000E+08   8.7131311498806932E-11   1.1476930426023634E+10
   2.2000000000000000E+08   8.3711724587527830E-11   1.1945757955976810E+10
   2.3000000000000000E+08   8.0613007326505369E-11   1.2404945965478235E+10
   2.4000000000000000E+08   7.7780643611181400E-11   1.2856669134790298E+10
   2.5000000000000000E+08   7.4935707271193993E-11   1.3344772958250437E+10
   2.6000000000000000E+08   7.2545836893030288E-11   1.3784388502878700E+10
   2.7000000000000000E+08   7.0217304330306840E-11   1.4241503708201815E+10
   2.8000000000000000E+08   6.7939964303461204E-11   1.4718877324300495E+10
   2.9000000000000000E+08   6.5903459389393141E-11   1.5173710291768774E+10
   3.0000000000000000E+08   6.3891044884192285E-11   1.5651645732396168E+10
   3.1000000000000000E+08   6.2106890786930308E-11   1.6101272939756290E+10
   3.2000000000000000E+08   6.0413591154976747E-11   1.6552566746690117E+10
   3.3000000000000000E+08   5.9075045829562719E-11   1.6927621230884830E+10
   3.4000000000000000E+08   5.7573401703313961E-11   1.7369131759022667E+10
   3.5000000000000000E+08   5.6141929874467861E-11   1.7811999021693386E+10
   3.6000000000000000E+08   5.4784082437910859E-11   1.8253477205415329E+10
   3.7000000000000000E+08   5.3377898146739336E-11   1.8734345763314522E+10
   3.8000000000000000E+08   5.2150910105450688E-11   1.9175120778869831E+10
   3.9000000000000000E+08   5.1034380600021319E-11   1.9594633818277054E+10
   4.0000000000000000E+08   4.9919863075757594E-11   2.0032106227583515E+10
   4.1000000000000000E+08   4.8702297194219215E-11   2.0532912359598030E+10
   4.2000000000000000E+08   4.7685182117528797E-11   2.0970875135494259E+10
   4.3000000000000000E+08   4.6708033592437845E-11   2.1409593234554470E+10
   4.4000000000000000E+08   4.5775851011504265E-11   2.1845579664891052E+10
   4.5000000000000000E+08   4.4940902663310155E-11   2.2251444469013798E+10
   4.6000000000000000E+08   4.4083245553315681E-11   2.2684355188652531E+10
   4.7000000000000000E+08   4.3284464830159526E-11   2.3102977105615623E+10
   4.8000000000000000E+08   4.2492574482357986E-11   2.3533523496327080E+10
   4.9000000000000000E+08   4.1780601202516091E-11   2.3934552668423035E+10
   5.0000000000000000E+08   4.1047055523584140E-11   2.4362283414590767E+10
   5.1000000000000000E+08   4.0340244948415859E-11   2.4789140504196903E+10
   5.2000000000000000E+08   3.9739446410388303E-11   2.5163913701087437E+10
   5.3000000000000000E+08   3.9081819914013690E-11   2.5587344760304447E+10
   5.4000000000000000E+08   3.8446843778126870E-11   2.6009937402687889E+10
   5.5000000000000000E+08   3.7833344360104205E-11   2.6431710357980255E+10
   5.6000000000000000E+08   3.7216879986338618E-11   2.6869528030481735E+10
   5.7000000000000000E+08   3.6643130191792798E-11   2.7290244986329708E+10
   5.8000000000000000E+08   3.6087792784274541E-11   2.7710201230033546E+10
   5.9000000000000000E+08   3.5549977921211121E-11   2.8129412688139641E+10
   6.0000000000000000E+08   3.5028852773253655E-11   2.8547894687648808E+10
   6.1000000000000000E+08   3.4523637001885855E-11   2.8965661988201740E+10
   6.2000000000000000E+08   3.4024358336886932E-11   2.9390708565277103E+10
   6.3000000000000000E+08   3.3389045075544769E-11   2.9949943094731781E+10
   6.4000000000000000E+08   3.2927336783802870E-11   3.0369902265885818E+10
   6.5000000000000000E+08   3.2478864826080382E-11   3.0789253422336506E+10
   6.6000000000000000E+08   3.2043056874197138E-11   3.1208008771636768E+10
   6.7000000000000000E+08   3.1619373460312398E-11   3.1626180109329727E+10
   6.8000000000000000E+08   3.1207305637423606E-11   3.2043778838785957E+10
   6.9000000000000000E+08   3.0975212947915217E-11   3.2283878134478008E+10
   7.0000000000000000E+08   3.0584958338923173E-11   3.2695810434614048E+10
   7.1000000000000000E+08   3.0204955004872947E-11   3.3107150791605907E+10
   7.2000000000000000E+08   2.9834796367435003E-11   3.3517909345998112E+10
   7.3000000000000000E+08   2.9474097284159297E-11   3.3928095926366001E+10
   7.4000000000000000E+08   2.9122492645497250E-11   3.4337720063073460E+10
   7.5000000000000000E+08   2.8779636081044668E-11   3.4746791001246780E+10
   7.6000000000000000E+08   2.8445198765185316E-11   3.5155317713016701E+10
   7.7000000000000000E+08   2.8118868313309868E-11   3.5563308909080711E+10
   7.8000000000000000E+08   2.7800347760673430E-11   3.5970773049630959E+10
   7.9000000000000000E+08   2.7489354616740720E-11   3.6377718354690323E+10
   8.0000000000000000E+08   2.7185619988568015E-11   3.6784152813896317E+10
   8.1000000000000000E+08   2.6888887767395424E-11   3.7190084195768303E+10
   8.2000000000000000E+08   2.6523648728859746E-11   3.7702203426933647E+10
   8.3000000000000000E+08   2.6180379687922727E-11   3.8196543057063080E+10
   8.4000000000000000E+08   2.5903236158086984E-11   3.8605214958355713E+10
   8.5000000000000000E+08   2.5632184127663679E-11   3.9013452580529198E+10
   8.6000000000000000E+08   2.5367021077713142E-11   3.9421262628215195E+10
   8.7000000000000000E+08   2.5107553457369684E-11   3.9828651632581734E+10
   8.8000000000000000E+08   2.4853596189851610E-11   4.0235625957756844E+10
   8.9000000000000000E+08   2.4604972210901939E-11   4.0642191806943863E+10
   9.0000000000000000E+08   2.4361512037195812E-11   4.1048355228245819E+10
   9.1000000000000000E+08   2.4164741951507998E-11   4.1382606195701385E+10
   9.2000000000000000E+08   2.3931131595760559E-11   4.1786573944424416E+10
   9.3000000000000000E+08   2.3702218173201497E-11   4.2190144090844322E+10
   9.4000000000000000E+08   2.3564983304634617E-11   4.2435845893568962E+10
   9.5000000000000000E+08   2.3345043562852638E-11   4.2835645061345329E+10
   9.6000000000000000E+08   2.3129389075557483E-11   4.3235037325597733E+10
   9.7000000000000000E+08   2.2917893429897541E-11   4.3634027841993980E+10
   9.8000000000000000E+08   2.2710435185786278E-11   4.4032621648125336E+10
   9.9000000000000000E+08   2.2506897632288379E-11   4.4430823667381012E+10
   1.0000000000000000E+09   2.2307168558247214E-11   4.4828638712656731E+10
   1.1000000000000000E+09   2.0497476996004305E-11   4.8786492122661537E+10
   1.2000000000000000E+09   1.8995968241559042E-11   5.2642749623692146E+10
   1.3000000000000000E+09   1.7691058399197059E-11   5.6525730537715424E+10
   1.4000000000000000E+09   1.6561687805882948E-11   6.0380319428843834E+10
   1.5000000000000000E+09   1.5431409459059821E-11   6.4802894554320671E+10
   1.6000000000000000E+09   1.4719099388277916E-11   6.7938939307413483E+10
   1.7000000000000000E+09   1.3817085297417535E-11   7.2374164194159225E+10
   1.8000000000000000E+09   1.3123635103963923E-11   7.6198400220526978E+10
   1.9000000000000000E+09   1.2499019609763555E-11   8.0006274989668350E+10
   2.0000000000000000E+09   1.1933321166876044E-11   8.3798968117589386E+10
   2.1000000000000000E+09   1.1418454232315884E-11   8.7577528416224228E+10
   2.2000000000000000E+09   1.0947759132893565E-11   9.1342893816087601E+10
   2.3000000000000000E+09   1.0515699640435768E-11   9.5095907471027802E+10
   2.4000000000000000E+09   1.0117634610091827E-11   9.8837330911570068E+10
   2.5000000000000000E+09   9.7496433076622285E-12   1.0256785488901956E+11
   2.6000000000000000E+09   9.4083902246521449E-12   1.0628810839284390E+11
   2.7000000000000000E+09   9.0910193229522294E-12   1.0999866620845097E+11
   2.8000000000000000E+09   8.7950704806611852E-12   1.1370005529788812E+11
   2.9000000000000000E+09   8.5184128740031608E-12   1.1739276022319145E+11
   3.0000000000000000E+09   8.2591914127433871E-12   1.2107722778492168E+11
   3.1000000000000000E+09   8.0157833330799179E-12   1.2475387101259990E+11
   3.2000000000000000E+09   7.7867627648814851E-12   1.2842307261626459E+11
   3.3000000000000000E+09   7.4475099997538762E-12   1.3427306576735687E+11
   3.4000000000000000E+09   7.2441203708234943E-12   1.3804298504309952E+11
   3.5000000000000000E+09   7.0517659492931177E-12   1.4180845013726553E+11
   3.6000000000000000E+09   6.8695620786664535E-12   1.4556968676438892E+11
   3.7000000000000000E+09   6.6967169056541632E-12   1.4932690362880374E+11
   3.8000000000000000E+09   6.5325194619506259E-12   1.5308029403120947E+11
   3.9000000000000000E+09   6.3763295428145824E-12   1.5683003729424390E+11
   4.0000000000000000E+09   6.2275690734381462E-12   1.6057630003097104E+11
   4.1000000000000000E+09   6.0857147134703114E-12   1.6431923727653036E+11
   4.2000000000000000E+09   5.9502914968894791E-12   1.6805899350019257E+11
   4.3000000000000000E+09   5.8208673415802890E-12   1.7179570351254788E+11
   4.4000000000000000E+09   5.6970482926316028E-12   1.7552949328047144E+11
   4.5000000000000000E+09   5.5784743871821537E-12   1.7926048066075797E+11
   4.6000000000000000E+09   5.4648160478547801E-12   1.8298877606183127E+11
   4.7000000000000000E+09   5.3557709274041379E-12   1.8671448304169446E+11
   4.8000000000000000E+09   5.2510611399046103E-12   1.9043769884922076E+11
   4.9000000000000000E+09   5.1504308242051057E-12   1.9415851491498007E+11
   5.0000000000000000E+09   5.0536439939305701E-12   1.9787701729702386E+11
   5.1000000000000000E+09   4.9604826353741274E-12   2.0159328708638422E+11
   5.2000000000000000E+09   4.8707450204814819E-12   2.0530740077647266E+11
   5.3000000000000000E+09   4.7842442070056642E-12   2.0901943060006848E+11
   5.4000000000000000E+09   4.7008067019847231E-12   2.1272944483715765E+11
   5.5000000000000000E+09   4.6202712681116833E-12   2.1643750809651111E+11
   5.6000000000000000E+09   4.5424878554409925E-12   2.2014368157356769E+11
   5.7000000000000000E+09   4.4673166433028029E-12   2.2384802328689966E+11
   5.8000000000000000E+09   4.3946271793518079E-12   2.2755058829529578E+11
   5.9000000000000000E+09   4.3242976044234997E-12   2.3125142889727560E+11
   6.0000000000000000E+09   4.2562139533584692E-12   2.3495059481465350E+11
   6.1000000000000000E+09   4.1902695232263327E-12   2.3864813336160818E+11
   6.2000000000000000E+09   4.1263643014700965E-12   2.4234408960055490E+11
   6.3000000000000000E+09   4.0644044474271448E-12   2.4603850648599246E+11
   6.4000000000000000E+09   4.0043018214889657E-12   2.4973142499736911E+11
   6.5000000000000000E+09   3.9459735568572631E-12   2.5342288426191119E+11
   6.6000000000000000E+09   3.8893416694562737E-12   2.5711292166825735E+11
   6.7000000000000000E+09   3.8343327020832615E-12   2.6080157297166266E+11
   6.8000000000000000E+09   3.7808773993334625E-12   2.6448887239144330E+11
   6.9000000000000000E+09   3.7289104102311021E-12   2.6817485270128131E+11
   7.0000000000000000E+09   3.6783700158438544E-12   2.7185954531292316E+11
   7.1000000000000000E+09   3.6291978794600907E-12   2.7554298035376575E+11
   7.2000000000000000E+09   3.5813388171735170E-12   2.7922518673874744E+11
   7.3000000000000000E+09   3.5347405869521458E-12   2.8290619223694061E+11
   7.4000000000000000E+09   3.4893536944738264E-12   2.8658602353316150E+11
   7.5000000000000000E+09   3.4451312141906014E-12   2.9026470628490704E+11
   7.6000000000000000E+09   3.4020286242439515E-12   2.9394226517486597E+11
   7.7000000000000000E+09   3.3600036539938650E-12   2.9761872395922876E+11
   7.8000000000000000E+09   3.3190161430495789E-12   3.0129410551199670E+11
   7.9000000000000000E+09   3.2790279108009355E-12   3.0496843186544885E+11
   8.0000000000000000E+09   3.2400026355476007E-12   3.0864172424692725E+11
   8.1000000000000000E+09   3.2019057424114527E-12   3.1231400311205591E+11
   8.2000000000000000E+09   3.1647042992953880E-12   3.1598528817452142E+11
   8.3000000000000000E+09   3.1283669202218689E-12   3.1965559843251331E+11
   8.4000000000000000E+09   3.0928636754159538E-12   3.2332495219515680E+11
   8.5000000000000000E+09   3.0581660077702986E-12   3.2699336708967535E+11
   8.6000000000000000E+09   3.0242466547286719E-12   3.3066086009764227E+11
   8.7000000000000000E+09   2.9910795757559106E-12   3.3432744755621503E+11
   8.8000000000000000E+09   2.9586398845151433E-12   3.3799314517247455E+11
   8.9000000000000000E+09   2.9269037855628482E-12   3.4165796803180481E+11
   9.0000000000000000E+09   2.8958485151871002E-12   3.4532193060360767E+11
   9.1000000000000000E+09   2.8654522860753302E-12   3.4898504674445343E+11
   9.2000000000000000E+09   2.8356942355245001E-12   3.5264732969880182E+11
   9.3000000000000000E+09   2.8065543769310670E-12   3.5630879209740735E+11
   9.4000000000000000E+09   2.7780135543198993E-12   3.5996944595355499E+11
   9.5000000000000000E+09   2.7500533996913703E-12   3.6362930265726001E+11
   9.6000000000000000E+09   2.7226562929837817E-12   3.6728837296759625E+11
   9.7000000000000000E+09   2.6958053244649302E-12   3.7094666700329425E+11
   9.8000000000000000E+09   2.6694842593813733E-12   3.7460419423178778E+11
   9.9000000000000000E+09   2.6436775047077382E-12   3.7826096345686890E+11
   1.0000000000000000E+10   2.6183700778508105E-12   3.8191698280512439E+11
   1.1000000000000000E+10   2.3898448487438768E-12   4.1843720546361359E+11
   1.2000000000000000E+10   2.1983542764822982E-12   4.5488573461423724E+11
   1.3000000000000000E+10   2.0355939921493004E-12   4.9125709933155243E+11
   1.4000000000000000E+10   1.8956038372452222E-12   5.2753638727237738E+11
   1.5000000000000000E+10   1.7739945007262841E-12   5.6369960537678894E+11
   1.6000000000000000E+10   1.6674583318751671E-12   5.9971513583516895E+11
   1.7000000000000000E+10   1.5734506493972122E-12   6.3554583067673547E+11
   1.8000000000000000E+10   1.4899770779897228E-12   6.7115126452092822E+11
   1.9000000000000000E+10   1.4154485965682366E-12   7.0648980289676782E+11
   2.0000000000000000E+10   1.3485807350851291E-12   7.4152030648493225E+11
   2.1000000000000000E+10   1.2883220784676454E-12   7.7620341738567346E+11
   2.2000000000000000E+10   1.2338025627448312E-12   8.1050245006405859E+11
   2.3000000000000000E+10   1.1842953720571382E-12   8.4438394643304712E+11
   2.4000000000000000E+10   1.1391883502597926E-12   8.7781796554709277E+11
   2.5000000000000000E+10   1.0979621901688992E-12   9.1077817519943054E+11
   2.6000000000000000E+10   1.0601735383917170E-12   9.4324180314573779E+11
   2.7000000000000000E+10   1.0254417278501925E-12   9.7518949428405835E+11
   2.8000000000000000E+10   9.9343823193905099E-13   1.0066051092559037E+12
   2.9000000000000000E+10   9.6387819187940930E-13   1.0374754906013167E+12
   3.0000000000000000E+10   9.3651354534713253E-13   1.0677902150676694E+12
   3.1000000000000000E+10   9.1112740736316083E-13   1.0975413448422545E+12
   3.2000000000000000E+10   8.8752944141861915E-13   1.1267231861081802E+12
   3.3000000000000000E+10   8.6555202136946303E-13   1.1553320601317708E+12
   3.4000000000000000E+10   8.4504703033673860E-13   1.1833660898157527E+12
   3.5000000000000000E+10   8.2588317672880417E-13   1.2108250030722817E+12
   3.6000000000000000E+10   8.0794373296532341E-13   1.2377099533030474E+12
   3.7000000000000000E+10   7.9112462186297226E-13   1.2640233565795989E+12
   3.8000000000000000E+10   7.7533279056260601E-13   1.2897687446888044E+12
   3.9000000000000000E+10   7.6048482348286843E-13   1.3149506329662175E+12
   4.0000000000000000E+10   7.4650575489619977E-13   1.3395744017258760E+12
   4.1000000000000000E+10   7.3332804893595488E-13   1.3636461900659346E+12
   4.2000000000000000E+10   7.2089072059587038E-13   1.3871728008558979E+12
   4.3000000000000000E+10   7.0913857590229585E-13   1.4101616157711025E+12
   4.4000000000000000E+10   6.9802155317100372E-13   1.4326205193194324E+12
   4.5000000000000000E+10   6.8749415029158501E-13   1.4545578308933579E+12
   4.6000000000000000E+10   6.7751492545705932E-13   1.4759822439710664E+12
   4.7000000000000000E+10   6.6804606078608946E-13   1.4969027716790974E+12
   4.8000000000000000E+10   6.5905297995717305E-13   1.5173286980129924E+12
   4.9000000000000000E+10   6.5050401235692310E-13   1.5372695340906108E+12
   5.0000000000000000E+10   6.4237009739244446E-13   1.5567349788840935E+12
   5.1000000000000000E+10   6.3462452357402106E-13   1.5757348839409648E+12
   5.2000000000000000E+10   6.2724269777361501E-13   1.5942792216624912E+12
   5.3000000000000000E+10   6.2020194073476797E-13   1.6123780567588621E+12
   5.4000000000000000E+10   6.1348130547314086E-13   1.6300415205460269E+12
   5.5000000000000000E+10   6.0706141568224989E-13   1.6472797877890884E+12
   5.6000000000000000E+10   6.0092432166102265E-13   1.6641030558322007E+12
   5.7000000000000000E+10   5.9505337162073324E-13   1.6805215257857007E+12
   5.8000000000000000E+10   5.8943309651876133E-13   1.6965453855680647E+12
   5.9000000000000000E+10   5.8404910681369442E-13   1.7121847946237673E+12
   6.0000000000000000E+10   5.7888799974739228E-13   1.7274498701585925E+12
   6.1000000000000000E+10   5.7393727594041612E-13   1.7423506747518105E+12
   6.2000000000000000E+10   5.6918526424239175E-13   1.7568972052202371E+12
   6.3000000000000000E+10   5.6462105391236959E-13   1.7710993826227429E+12
   6.4000000000000000E+10   5.6023443332483430E-13   1.7849670432880759E+12
   6.5000000000000000E+10   5.5601583928250859E-13   1.7985099152758230E+12
   6.6000000000000000E+10   5.5195633374501927E-13   1.8117375213633445E+12
   6.7000000000000000E+10   5.4804757000051653E-13   1.8246591258475203E+12
   6.8000000000000000E+10   5.4428174541160226E-13   1.8372837384868936E+12
   6.9000000000000000E+10   5.4065155794036520E-13   1.8496201209694875E+12
   7.0000000000000000E+10   5.3715016678337010E-13   1.8616767932668167E+12
   7.1000000000000000E+10   5.3377115667292872E-13   1.8734620398620674E+12
   7.2000000000000000E+10   5.3050850545432250E-13   1.8849839158443079E+12
   7.3000000000000000E+10   5.2735655459496863E-13   1.8962502528636267E+12
   7.4000000000000000E+10   5.2430998232183100E-13   1.9072686649444375E+12
   7.5000000000000000E+10   5.2136377911850639E-13   1.9180465541559983E+12
   7.6000000000000000E+10   5.1851322534408999E-13   1.9285911161405601E+12
   7.7000000000000000E+10   5.1575387076275329E-13   1.9389093455005791E+12
   7.8000000000000000E+10   5.1308151579647159E-13   1.9490080410471826E+12
   7.9000000000000000E+10   5.1049219433396501E-13   1.9588938109126077E+12
   8.0000000000000000E+10   5.0798215794704994E-13   1.9685730775296960E+12
   8.1000000000000000E+10   5.0554786138155889E-13   1.9780520824817749E+12
   8.2000000000000000E+10   5.0318594920406644E-13   1.9873368912263713E+12
   8.3000000000000000E+10   5.0089324349809115E-13   1.9964333976962720E+12
   8.4000000000000000E+10   4.9866673251443065E-13   2.0053473287814758E+12
   8.5000000000000000E+10   4.9650356019005128E-13   2.0140842486954592E+12
   8.6000000000000000E+10   4.9440101645856993E-13   2.0226495632292024E+12
   8.7000000000000000E+10   4.9235652828306122E-13   2.0310485238962632E+12
   8.8000000000000000E+10   4.9036765134874789E-13   2.0392862319721074E+12
   8.9000000000000000E+10   4.8843206235921991E-13   2.0473676424307808E+12
   9.0000000000000000E+10   4.8654755188526072E-13   2.0552975677818713E+12
   9.1000000000000000E+10   4.8471201772019660E-13   2.0630806818106523E+12
   9.2000000000000000E+10   4.8292345870004617E-13   2.0707215232240791E+12
   9.3000000000000000E+10   4.8117996895060963E-13   2.0782244992052952E+12
   9.4000000000000000E+10   4.7947973252713873E-13   2.0855938888791296E+12
   9.5000000000000000E+10   4.7782101841535057E-13   2.0928338466909810E+12
   9.6000000000000000E+10   4.7620217586536176E-13   2.0999484057013918E+12
   9.7000000000000000E+10   4.7462163003265104E-13   2.1069414807985181E+12
   9.8000000000000000E+10   4.7307787790244321E-13   2.1138168718305984E+12
   9.9000000000000000E+10   4.7156948447596398E-13   2.1205782666604468E+12
   1.0000000000000000E+11   4.7009507919886469E-13   2.1272292441439690E+12
