   1.0000000000000000E+00   4.7464374293067785E-03   3.4961034715639285E+03   7.8336612655503074E-05
   2.0000000000000000E+00   8.2862667881260631E-03   2.0025949922272698E+03   2.8055752673379999E-04
   3.0000000000000000E+00   1.1731461448159852E-02   1.4144901253341518E+03   6.1288125760143857E-04
   4.0000000000000000E+00   1.4382061721552519E-02   1.1538009428295723E+03   9.9358087629132508E-04
   5.0000000000000000E+00   1.7169596438929485E-02   9.6647795032246108E+02   1.4948169890280120E-03
   5.9889999999999999E+00   1.9443379215311873E-02   8.5345433992731114E+02   2.0148715965634767E-03
   5.9910000000000005E+00   1.9439643260497318E-02   8.5361835872166512E+02   2.0145252952996000E-03
   6.0000000000000000E+00   1.9423712911051893E-02   8.5431845343629243E+02   2.0131245325502650E-03
   7.0000000000000000E+00   2.1882308862203860E-02   7.5833114680244682E+02   2.6567719527012396E-03
   8.0000000000000000E+00   2.3934963446870523E-02   6.9329691733162235E+02   3.3001709712214330E-03
   9.0000000000000000E+00   2.6222872985513068E-02   6.3280771650489407E+02   4.0800051544095219E-03
   9.0690000000000008E+00   2.6408058850893677E-02   6.2837016790421308E+02   4.1444712507241743E-03
   9.0709999999999997E+00   2.6405105690664715E-02   6.2844044513811843E+02   4.1440869691129851E-03
   1.0000000000000000E+01   2.8183497833662075E-02   5.8878555359231007E+02   4.8497580981451622E-03
   1.1000000000000000E+01   3.0398684021995873E-02   5.4588009014315514E+02   5.7713236492273759E-03
   1.2000000000000000E+01   3.2340717648324149E-02   5.1310043749200099E+02   6.6776373313038621E-03
   1.3000000000000000E+01   3.4557152451801687E-02   4.8019108048051112E+02   7.7562871113730676E-03
   1.4000000000000000E+01   3.6541828690717364E-02   4.5411072649398477E+02   8.8184706094426562E-03
   1.5000000000000000E+01   3.8824488471622252E-02   4.2741159065854464E+02   1.0079626026768138E-02
   1.6000000000000000E+01   4.0910702251628524E-02   4.0561602370196033E+02   1.1327322616209336E-02
   1.7000000000000000E+01   4.3326237798863458E-02   3.8300201488059264E+02   1.2809187816337522E-02
   1.8000000000000000E+01   4.5578642614339276E-02   3.6407482589092785E+02   1.4285823056987187E-02
   1.9000000000000000E+01   4.8203819349102617E-02   3.4424733554788992E+02   1.6044150049003315E-02
   2.0000000000000000E+01   5.0701893887952446E-02   3.2728632210134060E+02   1.7813232837832642E-02
   2.1000000000000000E+01   5.3634531251830979E-02   3.0939090893227313E+02   1.9930191983395202E-02
   2.2000000000000000E+01   5.6484676168372244E-02   2.9377943718214999E+02   2.2086330318883435E-02
   2.3000000000000000E+01   5.9860554771402952E-02   2.7721153667102044E+02   2.4686523210246728E-02
   2.4000000000000000E+01   6.3217180275410234E-02   2.6249251076791580E+02   2.7376207959333560E-02
   2.5000000000000000E+01   6.7240276871747134E-02   2.4678715118635751E+02   3.0657269455870981E-02
   2.6000000000000000E+01   7.1345882230128693E-02   2.3258576186129059E+02   3.4120060240960474E-02
   2.7000000000000000E+01   7.5185483132259742E-02   2.2070798354743053E+02   3.7475974031927532E-02
   2.8000000000000000E+01   7.4813591615504701E-02   2.2180510273378420E+02   3.7522323968565655E-02
   2.9000000000000000E+01   7.6548640981573463E-02   2.1677767444826173E+02   3.9396272964750692E-02
   3.0000000000000000E+01   8.0220832972212247E-02   2.0685445113625804E+02   4.3026043665261748E-02
   3.1000000000000000E+01   8.6655537179822772E-02   1.9149424161695947E+02   4.9256633835889449E-02
   3.2000000000000000E+01   9.4585367279114638E-02   1.7543978367385927E+02   5.7082927883277686E-02
   3.3000000000000000E+01   1.0767698064189878E-01   1.5410941387135628E+02   7.0050329832090502E-02
   3.4000000000000000E+01   1.2513398940993234E-01   1.3261014415355376E+02   8.7656920012959424E-02
   3.5000000000000000E+01   1.6290449197444984E-01   1.0186358996634070E+02   1.2657093596310964E-01
   3.6000000000000000E+01   2.4288783816905232E-01   6.8319749968752177E+01   2.1103149087240713E-01
   3.7000000000000000E+01   4.1159547531227458E-01   4.0316372189394500E+01   3.9238811848211796E-01
   3.8000000000000000E+01   9.2932003004043717E-01   1.7856105364949840E+01   9.6289352989543464E-01
   3.9000000000000000E+01   1.2622512752707169E+00   1.3146381151883922E+01   1.3339467989297962E+00
   4.0000000000000000E+01   1.5775639993250563E+00   1.0518772221767216E+01   1.6900256505449451E+00
   4.1000000000000000E+01   1.8725463186188247E+00   8.8617494847337213E+00   2.0281524857920958E+00
   4.2000000000000000E+01   2.1462567647098583E+00   7.7316175058875869E+00   2.3473364524748797E+00
   4.3000000000000000E+01   2.3974685062961081E+00   6.9214825264990951E+00   2.6460541079573696E+00
   4.4000000000000000E+01   2.6270567498666204E+00   6.3165884692071845E+00   2.9251544866284505E+00
   4.5000000000000000E+01   2.6630423459366095E+00   6.2312326349148481E+00   2.9568395758385746E+00
   4.6000000000000000E+01   2.8638311442419622E+00   5.7943487371888089E+00   3.2077769041064870E+00
   4.7000000000000000E+01   3.0477631490271335E+00   5.4446607438827144E+00   3.4442017283962949E+00
   4.8000000000000000E+01   3.0630918090098005E+00   5.4174139754318107E+00   3.4521946155738799E+00
   4.9000000000000000E+01   3.2246852797368741E+00   5.1459398157188305E+00   3.6674562992044892E+00
   5.0000000000000000E+01   3.2305797854584353E+00   5.1365505501067883E+00   3.6648805040786052E+00
   5.1000000000000000E+01   3.3730942744429453E+00   4.9195293768955928E+00   3.8623718759267729E+00
   5.2000000000000000E+01   3.3718762798731543E+00   4.9213064172047982E+00   3.8516767266252865E+00
   5.3000000000000000E+01   3.4974975909995027E+00   4.7445454764182449E+00   4.0337220003731176E+00
   5.4000000000000000E+01   3.4908004079843296E+00   4.7536479989533929E+00   4.0166623583834644E+00
   5.5000000000000000E+01   3.6016208212671872E+00   4.6073801762179905E+00   4.1854422370448381E+00
   5.6000000000000000E+01   3.5900082805083322E+00   4.6222835931204989E+00   4.1627751021748232E+00
   5.7000000000000000E+01   3.6875777973032093E+00   4.4999827220719002E+00   4.3197859294711929E+00
   5.8000000000000000E+01   3.6725532496599378E+00   4.5183923134938704E+00   4.2930886709818408E+00
   5.9000000000000000E+01   3.6569653072138046E+00   4.5376521186642549E+00   4.2661056451738757E+00
   6.0000000000000000E+01   3.7404665175515586E+00   4.4363547424620586E+00   4.4096157630071273E+00
   6.1000000000000000E+01   3.7221261123381395E+00   4.4582144380208737E+00   4.3793795476893926E+00
   6.2000000000000000E+01   3.7035485024850665E+00   4.4805775766203313E+00   4.3491989648449829E+00
   6.3000000000000000E+01   3.7751626486067829E+00   4.3955818381187886E+00   4.4814198457079764E+00
   6.4000000000000000E+01   3.7544351499191877E+00   4.4198489816817252E+00   4.4486438743829035E+00
   6.5000000000000000E+01   3.7337638938858735E+00   4.4443186140756037E+00   4.4162161287588839E+00
   6.6000000000000000E+01   3.7951608314020864E+00   4.3724198028334644E+00   4.5387852793582217E+00
   6.7000000000000000E+01   3.7730434164181843E+00   4.3980507358999343E+00   4.5044778241462433E+00
   6.8000000000000000E+01   3.7507305892566403E+00   4.4242144241688068E+00   4.4703438386210967E+00
   6.9000000000000000E+01   3.7286778807626844E+00   4.4503807796789783E+00   4.4367526743344650E+00
   7.0000000000000000E+01   3.7802862226018359E+00   4.3896243292232286E+00   4.5493328019736596E+00
   7.1000000000000000E+01   3.7572225850645409E+00   4.4165699525292688E+00   4.5143380534200164E+00
   7.2000000000000000E+01   3.7343332432952758E+00   4.4436410178319745E+00   4.4798237965380885E+00
   7.3000000000000000E+01   3.7114093933371741E+00   4.4710875614936141E+00   4.4456303905803951E+00
   7.4000000000000000E+01   3.7549144073355345E+00   4.4192848555329469E+00   4.5498321188892792E+00
   7.5000000000000000E+01   3.7311930425968809E+00   4.4473808202137617E+00   4.5144985967031666E+00
   7.6000000000000000E+01   3.7078960441741655E+00   4.4753240588373275E+00   4.4798108191839887E+00
   7.6998999999999995E+01   3.6848984853189908E+00   4.5032546867363434E+00   4.4457227813364382E+00
   7.7001000000000005E+01   3.6848590083320651E+00   4.5033029314387827E+00   4.4456596064312821E+00
   7.8000000000000000E+01   3.7213283991962123E+00   4.4591701118731208E+00   4.5426768991193791E+00
   7.9000000000000000E+01   3.6979668425825727E+00   4.4873404983186687E+00   4.5078641464728033E+00
   8.0000000000000000E+01   3.6747255648021979E+00   4.5157212644949221E+00   4.4734523668792789E+00
   8.1000000000000000E+01   3.6515646037781004E+00   4.5443633550920435E+00   4.4394572675704813E+00
   8.2000000000000000E+01   3.6821284857558809E+00   4.5066424048898757E+00   4.5302970238688376E+00
   8.3000000000000000E+01   3.6589928992704697E+00   4.5351376269325145E+00   4.4959284658941536E+00
   8.4000000000000000E+01   3.6359464710551617E+00   4.5638835737162990E+00   4.4619472699570286E+00
   8.5000000000000000E+01   3.6133234250142614E+00   4.5924580842344334E+00   4.4286141028439525E+00
   8.6000000000000000E+01   3.5910066881780889E+00   4.6209984595098161E+00   4.3958375683000481E+00
   8.7000000000000000E+01   3.5685211025650645E+00   4.6501158034998173E+00   4.3632103938816904E+00
   8.8000000000000000E+01   3.5934773985993789E+00   4.6178212726837282E+00   4.4470343550100733E+00
   8.9000000000000000E+01   3.5712839897143933E+00   4.6465182892070915E+00   4.4143054520479437E+00
   9.0000000000000000E+01   3.5493357818112838E+00   4.6752512002942108E+00   4.3820527533721494E+00
   9.1000000000000000E+01   3.5274941232463624E+00   4.7041995803210179E+00   4.3501777877616572E+00
   9.2000000000000000E+01   3.5060478084016813E+00   4.7329749281785176E+00   4.3188767711571634E+00
   9.3000000000000000E+01   3.5264544191123188E+00   4.7055865189198887E+00   4.3973669699005651E+00
   9.4000000000000000E+01   3.5050676846499580E+00   4.7342984122195624E+00   4.3658319225141309E+00
   9.5000000000000000E+01   3.4837041001735631E+00   4.7633311834187237E+00   4.3345932423845497E+00
   9.6000000000000000E+01   3.4628103598115652E+00   4.7920719444374633E+00   4.3039761588965275E+00
   9.7000000000000000E+01   3.4421301560469164E+00   4.8208625536745151E+00   4.2737712360038245E+00
   9.8000000000000000E+01   3.4217809724839747E+00   4.8495320149361527E+00   4.2440972311365126E+00
   9.9000000000000000E+01   3.4015690033547838E+00   4.8783477147735628E+00   4.2147555354986590E+00
   1.0000000000000000E+02   3.4178639977373293E+00   4.8550897242095834E+00   4.2874298766473053E+00
   1.1000000000000000E+02   3.2582921981646686E+00   5.0928631825922448E+00   4.1029848703329472E+00
   1.2000000000000000E+02   3.1124210251197986E+00   5.3315525888794832E+00   3.9385008386225286E+00
   1.2099900000000000E+02   3.0960570213813243E+00   5.3597321559526279E+00   3.9146980373928377E+00
   1.2100100000000000E+02   3.0960240460577939E+00   5.3597892417178707E+00   3.9146503505974746E+00
   1.3000000000000000E+02   2.9792380544851880E+00   5.5698927278330048E+00   3.7913700934977816E+00
   1.4000000000000000E+02   2.8571977836480582E+00   5.8078010801804556E+00   3.6590512777848008E+00
   1.5000000000000000E+02   2.7451045766704296E+00   6.0449559973731501E+00   3.5395006918120351E+00
   1.6000000000000000E+02   2.6418208988456948E+00   6.2812874186175609E+00   3.4310221426850163E+00
   1.7000000000000000E+02   2.5463952037395412E+00   6.5166775172176781E+00   3.3321196283956516E+00
   1.8000000000000000E+02   2.4578626107864507E+00   6.7514092534451082E+00   3.2415494623092056E+00
   1.9000000000000000E+02   2.3657200974006831E+00   7.0143701245100667E+00   3.1052477090805040E+00
   2.0000000000000000E+02   2.2901147078424131E+00   7.2459411388148958E+00   3.0311293388489191E+00
   2.1000000000000000E+02   2.2195165026265431E+00   7.4764194609606456E+00   2.9625973972679427E+00
   2.2000000000000000E+02   2.1459355782666290E+00   7.7327747124469424E+00   2.8530366316945872E+00
   2.3000000000000000E+02   2.0845487111073115E+00   7.9604934563249667E+00   2.7957485760280969E+00
   2.4000000000000000E+02   2.0205493002559973E+00   8.2126362232576966E+00   2.7002247649745392E+00
   2.5000000000000000E+02   1.9665008203852929E+00   8.4383572089785126E+00   2.6517030777526500E+00
   2.6000000000000000E+02   1.9102289451858745E+00   8.6869358858687580E+00   2.5674521748899415E+00
   2.7000000000000000E+02   1.8624109365080133E+00   8.9099758001174081E+00   2.5260767362815737E+00
   2.8000000000000000E+02   1.8124906749791279E+00   9.1553775162741111E+00   2.4510402771763276E+00
   2.9000000000000000E+02   1.7654217073860032E+00   9.3994745304965068E+00   2.3806300074720572E+00
   3.0000000000000000E+02   1.7250593104310790E+00   9.6194004889105376E+00   2.3479596399324398E+00
   3.1000000000000000E+02   1.6828589941045138E+00   9.8606219726629263E+00   2.2844995982952350E+00
   3.2000000000000000E+02   1.6440424041925619E+00   1.0093435748276956E+01   2.3122298909628478E+00
   3.3000000000000000E+02   1.6072609750429434E+00   1.0324419389151803E+01   2.2645536420215939E+00
   3.4000000000000000E+02   1.5722185523611838E+00   1.0554535404279004E+01   2.2189877683967687E+00
   3.5000000000000000E+02   1.5387929126455586E+00   1.0783800885611839E+01   2.1753933771489500E+00
   3.6000000000000000E+02   1.5068729548771909E+00   1.1012233194876604E+01   2.1336433060243478E+00
   3.7000000000000000E+02   1.4763574880421295E+00   1.1239849771186902E+01   2.0936209612100023E+00
   3.8000000000000000E+02   1.4471541684827907E+00   1.1466667985732116E+01   2.0552192798279334E+00
   3.9000000000000000E+02   1.4191785671174004E+00   1.1692705032789343E+01   2.0183398043065139E+00
   4.0000000000000000E+02   1.3923533492710694E+00   1.1917977848688896E+01   1.9828918566138407E+00
   4.1000000000000000E+02   1.3666075521992562E+00   1.2142503052508324E+01   1.9487918012909069E+00
   4.2000000000000000E+02   1.3418759474684270E+00   1.2366296903574865E+01   1.9159623873026483E+00
   4.3000000000000000E+02   1.3180984771350361E+00   1.2589375272042270E+01   1.8843321597455998E+00
   4.4000000000000000E+02   1.2952197542076029E+00   1.2811753619610590E+01   1.8538349334412187E+00
   4.5000000000000000E+02   1.2731886191982691E+00   1.3033446988090196E+01   1.8244093213490498E+00
   4.6000000000000000E+02   1.2519577456949171E+00   1.3254469994072872E+01   1.7959983115479869E+00
   4.7000000000000000E+02   1.2314832888641574E+00   1.3474836828249366E+01   1.7685488872851964E+00
   4.8000000000000000E+02   1.2117245716093175E+00   1.3694561258357172E+01   1.7420116852278507E+00
   4.9000000000000000E+02   1.1926438038332974E+00   1.3913656634801786E+01   1.7163406876567613E+00
   5.0000000000000000E+02   1.1742058308481889E+00   1.4132135898331963E+01   1.6914929448305158E+00
   5.1000000000000000E+02   1.1563779075027265E+00   1.4350011589201232E+01   1.6674283242104573E+00
   5.2000000000000000E+02   1.1391294950399484E+00   1.4567295857420019E+01   1.6441092836234470E+00
   5.3000000000000000E+02   1.1224320780869390E+00   1.4784000473724069E+01   1.6215006657923985E+00
   5.4000000000000000E+02   1.1062589995033749E+00   1.5000136841019907E+01   1.5995695119596243E+00
   5.5000000000000000E+02   1.0905853111027168E+00   1.5215716006097468E+01   1.5782848925961213E+00
   5.6000000000000000E+02   1.0753876385042562E+00   1.5430748671465894E+01   1.5576177534196927E+00
   5.7000000000000000E+02   1.0606440585917323E+00   1.5645245207136776E+01   1.5375407751549506E+00
   5.8000000000000000E+02   1.0463339882304632E+00   1.5859215662318167E+01   1.5180282456355938E+00
   5.9000000000000000E+02   1.0324380830626914E+00   1.6072669776898167E+01   1.4990559430163268E+00
   6.0000000000000000E+02   1.0189381453329411E+00   1.6285616992715731E+01   1.4806010289899509E+00
   6.1000000000000000E+02   1.0058170398247248E+00   1.6498066464505410E+01   1.4626419510373518E+00
   6.2000000000000000E+02   9.9305861708612153E-01   1.6710027070558418E+01   1.4451583528322023E+00
   6.3000000000000000E+02   9.8064764322140130E-01   1.6921507423042829E+01   1.4281309920247864E+00
   6.4000000000000000E+02   9.6856973560486137E-01   1.7132515877958546E+01   1.4115416647110919E+00
   6.5000000000000000E+02   9.5681130393991765E-01   1.7343060544780528E+01   1.3953731359591577E+00
   6.6000000000000000E+02   9.4535949615667902E-01   1.7553149295715315E+01   1.3796090758421091E+00
   6.7000000000000000E+02   9.3420214868931051E-01   1.7762789774613449E+01   1.3642340004736475E+00
   6.8000000000000000E+02   9.2332774072604640E-01   1.7971989405529936E+01   1.3492332175980326E+00
   6.9000000000000000E+02   9.1272535206505345E-01   1.8180755400971567E+01   1.3345927763283747E+00
   7.0000000000000000E+02   9.0238462425257226E-01   1.8389094769766182E+01   1.3202994206743828E+00
   7.1000000000000000E+02   8.9229572470466589E-01   1.8597014324654225E+01   1.3063405465254463E+00
   7.2000000000000000E+02   8.8244931355299383E-01   1.8804520689520455E+01   1.2927041617991628E+00
   7.3000000000000000E+02   8.7283651297210929E-01   1.9011620306368467E+01   1.2793788494812410E+00
   7.4000000000000000E+02   8.6344887877734333E-01   1.9218319441977624E+01   1.2663537333201922E+00
   7.5000000000000000E+02   8.5427837409856955E-01   1.9424624194274315E+01   1.2536184459551616E+00
   7.6000000000000000E+02   8.4531734495355337E-01   1.9630540498458799E+01   1.2411630992767886E+00
   7.7000000000000000E+02   8.3655849756531331E-01   1.9836074132837119E+01   1.2289782568438550E+00
   7.8000000000000000E+02   8.2799487727659460E-01   2.0041230724446983E+01   1.2170549081871422E+00
   7.9000000000000000E+02   8.1961984893456685E-01   2.0246015754414895E+01   1.2053844448552988E+00
   8.0000000000000000E+02   8.1142707862549102E-01   2.0450434563102949E+01   1.1939586380643270E+00
   8.1000000000000000E+02   8.0341051665362950E-01   2.0654492355014199E+01   1.1827696178278670E+00
   8.2000000000000000E+02   7.9556438166354437E-01   2.0858194203543736E+01   1.1718098534523615E+00
   8.3000000000000000E+02   7.8788314582146768E-01   2.1061545055465071E+01   1.1610721352987552E+00
   8.4000000000000000E+02   7.8036152096972777E-01   2.1264549735281118E+01   1.1505495577105362E+00
   8.5000000000000000E+02   7.7299444568348952E-01   2.1467212949360562E+01   1.1402355030259781E+00
   8.6000000000000000E+02   7.6577707315966392E-01   2.1669539289929293E+01   1.1301236265916428E+00
   8.7000000000000000E+02   7.5870475987757080E-01   2.1871533238882158E+01   1.1202078427072915E+00
   8.8000000000000000E+02   7.5177305497414748E-01   2.2073199171432186E+01   1.1104823114341607E+00
   8.9000000000000000E+02   7.4497769028091521E-01   2.2274541359625331E+01   1.1009414262049046E+00
   9.0000000000000000E+02   7.3831457097562525E-01   2.2475563975708440E+01   1.0915798021788430E+00
   9.1000000000000000E+02   7.3177976680470558E-01   2.2676271095356679E+01   1.0823922652917124E+00
   9.2000000000000000E+02   7.2536950383553489E-01   2.2876666700786487E+01   1.0733738419502963E+00
   9.3000000000000000E+02   7.1908015670316516E-01   2.3076754683706817E+01   1.0645197493299787E+00
   9.4000000000000000E+02   7.1290824131434405E-01   2.3276538848207196E+01   1.0558253862320315E+00
   9.5000000000000000E+02   7.0685040798069232E-01   2.3476022913484211E+01   1.0472863244650874E+00
   9.6000000000000000E+02   7.0090343494925755E-01   2.3675210516498232E+01   1.0388983007149111E+00
   9.7000000000000000E+02   6.9506422230568821E-01   2.3874105214499682E+01   1.0306572088712027E+00
   9.8000000000000000E+02   6.8932978622431362E-01   2.4072710487459712E+01   1.0225590927814017E+00
   9.9000000000000000E+02   6.8369725354153232E-01   2.4271029740435200E+01   1.0146001394027391E+00
   1.0000000000000000E+03   6.7816385663285506E-01   2.4469066305820675E+01   1.0067766723290630E+00
   1.1000000000000000E+03   6.2773999107864065E-01   2.6434569423635086E+01   9.3527129521895569E-01
   1.2000000000000000E+03   5.8481177110243465E-01   2.8375004051096319E+01   8.7408548379486861E-01
   1.3000000000000000E+03   5.4778850251062694E-01   3.0292779600350372E+01   8.2107903104035240E-01
   1.4000000000000000E+03   5.1550432725870921E-01   3.2189907041910381E+01   7.7467244113370548E-01
   1.5000000000000000E+03   4.8708447965204843E-01   3.4068086887133916E+01   7.3367334635033121E-01
   1.5639990000000000E+03   4.7060808329625192E-01   3.5260840098478091E+01   7.0983931416121682E-01
   1.5640010000000000E+03   4.7060758726405050E-01   3.5260877264288020E+01   7.0983859589494169E-01
   1.6000000000000000E+03   4.6185924842376924E-01   3.5928773605362316E+01   6.9716391675131839E-01
   1.7000000000000000E+03   4.3930686165366817E-01   3.7773223736355995E+01   6.6442557562377569E-01
   1.8000000000000000E+03   4.1901452606947892E-01   3.9602532470220034E+01   6.3488731298487988E-01
   1.9000000000000000E+03   4.0065121039303603E-01   4.1417661905680418E+01   6.0808936989982487E-01
   2.0000000000000000E+03   3.8394822951894719E-01   4.3219463194168760E+01   5.8365719578764763E-01
   2.1000000000000000E+03   3.6868513294499544E-01   4.5008694116874196E+01   5.6128242998654820E-01
   2.2000000000000000E+03   3.5467927582249542E-01   4.6786033200499524E+01   5.4070878492472296E-01
   2.3000000000000000E+03   3.4177799500059103E-01   4.8552091172902166E+01   5.2172141273227435E-01
   2.4000000000000000E+03   3.2985265908314787E-01   5.0307420350300838E+01   5.0413878858124095E-01
   2.5000000000000000E+03   3.1879408739504306E-01   5.2052522396996054E+01   4.8780643972789400E-01
   2.6000000000000000E+03   3.0850898289834972E-01   5.3787854791988174E+01   4.7259204671883870E-01
   2.7000000000000000E+03   2.9891712576118384E-01   5.5513836257806112E+01   4.5838157752672348E-01
   2.8000000000000000E+03   2.8994914426084323E-01   5.7230851349683995E+01   4.4507620820996435E-01
   2.9000000000000000E+03   2.8154472862741126E-01   5.8939254359546190E+01   4.3258984883654550E-01
   3.0000000000000000E+03   2.7365118811818978E-01   6.0639372656381241E+01   4.2084713976044308E-01
   3.1000000000000000E+03   2.6622227651802793E-01   6.2331509561096745E+01   4.0978181673450720E-01
   3.2000000000000000E+03   2.5921722938435404E-01   6.4015946831819619E+01   3.9933536771482897E-01
   3.3000000000000000E+03   2.5259996965263992E-01   6.5692946824100986E+01   3.8945592215659791E-01
   3.4000000000000000E+03   2.4633844811931685E-01   6.7362754376543293E+01   3.8009732699160931E-01
   3.5000000000000000E+03   2.4040409273633315E-01   6.9025598463334646E+01   3.7121837353953430E-01
   3.6000000000000000E+03   2.3477134626556254E-01   7.0681693648380701E+01   3.6278214724051111E-01
   3.7000000000000000E+03   2.2941727612695059E-01   7.2331241370758420E+01   3.5475547793995865E-01
   3.8000000000000000E+03   2.2432124358823791E-01   7.3974431082507124E+01   3.4710847297870140E-01
   3.9000000000000000E+03   2.1946462198312247E-01   7.5611441261984041E+01   3.3981411882747203E-01
   4.0000000000000000E+03   2.1483055566378131E-01   7.7242440317152784E+01   3.3284793976666860E-01
   4.1000000000000000E+03   2.1040375295319264E-01   7.8867587394470007E+01   3.2618770426256760E-01
   4.2000000000000000E+03   2.0617030761592553E-01   8.0487033104075365E+01   3.1981317141361126E-01
   4.3000000000000000E+03   2.0211754434988552E-01   8.2100920172642091E+01   3.1370587120157756E-01
   4.4000000000000000E+03   1.9823388459765878E-01   8.3709384033108833E+01   3.0784891338227804E-01
   4.5000000000000000E+03   1.9450872962392476E-01   8.5312553355545205E+01   3.0222682074334745E-01
   4.6000000000000000E+03   1.9093235829894489E-01   8.6910550532136270E+01   2.9682538315284934E-01
   4.7000000000000000E+03   1.8749583748368615E-01   8.8503492114080842E+01   2.9163152943883763E-01
   4.8000000000000000E+03   1.8419094322130936E-01   9.0091489211944094E+01   2.8663321458694530E-01
   4.9000000000000000E+03   1.8101009124997874E-01   9.1674647858409642E+01   2.8181932016209732E-01
   5.0000000000000000E+03   1.7794627556052836E-01   9.3253069342920540E+01   2.7717956616330103E-01
   5.1000000000000000E+03   1.7499301393959252E-01   9.4826850515807735E+01   2.7270443281215107E-01
   5.2000000000000000E+03   1.7214429958127239E-01   9.6396084067402171E+01   2.6838509098370306E-01
   5.3000000000000000E+03   1.6939455798787664E-01   9.7960858785959417E+01   2.6421334017929404E-01
   5.4000000000000000E+03   1.6673860849995303E-01   9.9521259793679221E+01   2.6018155310501923E-01
   5.5000000000000000E+03   1.6417162988104445E-01   1.0107736876453082E+02   2.5628262604366697E-01
   5.6000000000000000E+03   1.6168912946346226E-01   1.0262926412693834E+02   2.5250993432106700E-01
   5.7000000000000000E+03   1.5928691543730555E-01   1.0417702124875234E+02   2.4885729227022590E-01
   5.8000000000000000E+03   1.5696107190859768E-01   1.0572071260970694E+02   2.4531891716492554E-01
   5.9000000000000000E+03   1.5470793640912361E-01   1.0726040796173270E+02   2.4188939667038262E-01
   6.0000000000000000E+03   1.5252407957996492E-01   1.0879617447853877E+02   2.3856365941525759E-01
   6.1000000000000000E+03   1.5040628679320611E-01   1.1032807689066594E+02   2.3533694834581448E-01
   6.2000000000000000E+03   1.4835154148446250E-01   1.1185617761779956E+02   2.3220479654594547E-01
   6.3000000000000000E+03   1.4635701002983348E-01   1.1338053688564601E+02   2.2916300527544084E-01
   6.4000000000000000E+03   1.4442002798861694E-01   1.1490121283917993E+02   2.2620762397926672E-01
   6.5000000000000000E+03   1.4253808757782141E-01   1.1641826164603593E+02   2.2333493207125552E-01
   6.6000000000000000E+03   1.4070882624527553E-01   1.1793173759572571E+02   2.2054142230495338E-01
   6.7000000000000000E+03   1.3893001623822682E-01   1.1944169318821776E+02   2.1782378557929896E-01
   6.8000000000000000E+03   1.3719955505411147E-01   1.2094817922416523E+02   2.1517889702410253E-01
   6.9000000000000000E+03   1.3551545670762619E-01   1.2245124487874425E+02   2.1260380325931738E-01
   7.0000000000000000E+03   1.3387584370673136E-01   1.2395093778464857E+02   2.1009571068914679E-01
   7.1000000000000000E+03   1.3227893970034979E-01   1.2544730409656070E+02   2.0765197476061173E-01
   7.2000000000000000E+03   1.3072306270888681E-01   1.2694038856107906E+02   2.0527009007284594E-01
   7.3000000000000000E+03   1.2920661889624818E-01   1.2843023458020573E+02   2.0294768127021717E-01
   7.4000000000000000E+03   1.2772809683606046E-01   1.2991688426594905E+02   2.0068249464997112E-01
   7.5000000000000000E+03   1.2628606221180111E-01   1.3140037850202069E+02   1.9847239040593001E-01
   7.6000000000000000E+03   1.2487915293178320E-01   1.3288075699252298E+02   1.9631533546968447E-01
   7.7000000000000000E+03   1.2350607460873768E-01   1.3435805831194654E+02   1.9420939688446032E-01
   7.8000000000000000E+03   1.2216559637208819E-01   1.3583231995707527E+02   1.9215273566538407E-01
   7.9000000000000000E+03   1.2085654700130917E-01   1.3730357838190298E+02   1.9014360112009493E-01
   8.0000000000000000E+03   1.1957781132382136E-01   1.3877186904870754E+02   1.8818032556407543E-01
   8.1000000000000000E+03   1.1832832688321153E-01   1.4023722646343583E+02   1.8626131942337698E-01
   8.2000000000000000E+03   1.1710708083854446E-01   1.4169968421498436E+02   1.8438506667740434E-01
   8.3000000000000000E+03   1.1591310708264592E-01   1.4315927501045130E+02   1.8255012062029993E-01
   8.4000000000000000E+03   1.1474548355950173E-01   1.4461603070900384E+02   1.8075509991339783E-01
   8.5000000000000000E+03   1.1360332976363724E-01   1.4606998235602688E+02   1.7899868490438489E-01
   8.6000000000000000E+03   1.1248580441325316E-01   1.4752116020966352E+02   1.7727961419793464E-01
   8.7000000000000000E+03   1.1139210327300306E-01   1.4896959377354824E+02   1.7559668144861990E-01
   8.8000000000000000E+03   1.1032145712236645E-01   1.5041531182600869E+02   1.7394873236586869E-01
   8.9000000000000000E+03   1.0927312986153763E-01   1.5185834244143152E+02   1.7233466191765701E-01
   9.0000000000000000E+03   1.0824641673248869E-01   1.5329871302039990E+02   1.7075341170707911E-01
   9.1000000000000000E+03   1.0724064265926835E-01   1.5473645031095165E+02   1.6920396752056158E-01
   9.2000000000000000E+03   1.0625516069182593E-01   1.5617158043069952E+02   1.6768535702868845E-01
   9.3000000000000000E+03   1.0528935054348033E-01   1.5760412889343181E+02   1.6619664762662129E-01
   9.4000000000000000E+03   1.0434261722552789E-01   1.5903412062488110E+02   1.6473694441322384E-01
   9.5000000000000000E+03   1.0341438976148362E-01   1.6046157998353141E+02   1.6330538828956215E-01
   9.6000000000000000E+03   1.0250411997747616E-01   1.6188653078341341E+02   1.6190115417025674E-01
   9.7000000000000000E+03   1.0161128137030639E-01   1.6330899630805789E+02   1.6052344930606671E-01
   9.8000000000000000E+03   1.0073536803853705E-01   1.6472899933032681E+02   1.5917151170162983E-01
   9.9000000000000000E+03   9.9875893680912764E-02   1.6614656212414624E+02   1.5784460862969391E-01
   1.0000000000000000E+04   9.9032390643012835E-02   1.6756170649235133E+02   1.5654203522209623E-01
   1.1000000000000000E+04   9.1384592335564147E-02   1.8158461891723618E+02   1.4471684688080277E-01
   1.2000000000000000E+04   8.4929232035217211E-02   1.9538662927364547E+02   1.3471345675701327E-01
   1.3000000000000000E+04   7.9403554769387305E-02   2.0898354516185901E+02   1.2613394528866545E-01
   1.4000000000000000E+04   7.4617288334078449E-02   2.2238862795261531E+02   1.1868940064318405E-01
   1.5000000000000000E+04   7.0429154459265439E-02   2.3561317044858174E+02   1.1216479655110764E-01
   1.6000000000000000E+04   6.6731983634198924E-02   2.4866691308208402E+02   1.0639667182812959E-01
   1.7000000000000000E+04   6.3442961421779326E-02   2.6155835103346595E+02   1.0125846730955776E-01
   1.8000000000000000E+04   6.0497050438440898E-02   2.7429496568672795E+02   9.6650614012610450E-02
   1.9000000000000000E+04   5.7842441369637253E-02   2.8688340224295865E+02   9.2493664198407405E-02
   2.0000000000000000E+04   5.5437337014645691E-02   2.9932960830669964E+02   8.8723425889231211E-02
   2.1000000000000000E+04   5.3247633920610403E-02   3.1163894341110608E+02   8.5287449069481755E-02
   2.2000000000000000E+04   5.1245221676958233E-02   3.2381626678808368E+02   8.2142443754205874E-02
   2.3000000000000000E+04   4.9406715627771471E-02   3.3586600856408484E+02   7.9252353078955867E-02
   2.4000000000000000E+04   4.7712499140070967E-02   3.4779222789074208E+02   7.6586894943955444E-02
   2.5000000000000000E+04   4.6145990429262485E-02   3.5959866111439334E+02   7.4120444090677348E-02
   2.6000000000000000E+04   4.4693074708667402E-02   3.7128876190167978E+02   7.1831165148671564E-02
   2.7000000000000000E+04   4.3341659657178747E-02   3.8286573484760174E+02   6.9700333128466047E-02
   2.8000000000000000E+04   4.2081323958968360E-02   3.9433256402152432E+02   6.7711795578206876E-02
   2.9000000000000000E+04   4.0903036914926943E-02   4.0569203721165883E+02   6.5851543031799673E-02
   3.0000000000000000E+04   3.9798932863789542E-02   4.1694676666213405E+02   6.4107363066901749E-02
   3.1000000000000000E+04   3.8762128260726947E-02   4.2809920710605462E+02   6.2468559516102175E-02
   3.2000000000000000E+04   3.7786572300984769E-02   4.3915167118050380E+02   6.0925722943117835E-02
   3.3000000000000000E+04   3.6866924075745343E-02   4.5010634302083179E+02   5.9470541728506486E-02
   3.4000000000000000E+04   3.5998450935319809E-02   4.6096528997805268E+02   5.8095645625534778E-02
   3.5000000000000000E+04   3.5176943866550632E-02   4.7173047315061052E+02   5.6794475410587915E-02
   3.6000000000000000E+04   3.4398646688192987E-02   4.8240375630405674E+02   5.5561173714235607E-02
   3.7000000000000000E+04   3.3660196432810867E-02   4.9298691430050798E+02   5.4390493055720877E-02
   3.8000000000000000E+04   3.2958572971182092E-02   5.0348164007797567E+02   5.3277718054097450E-02
   3.9000000000000000E+04   3.2291056208138116E-02   5.1388955093944264E+02   5.2218599289182939E-02
   4.0000000000000000E+04   3.1655189524821326E-02   5.2421219469081859E+02   5.1209296796656506E-02
   4.1000000000000000E+04   3.1048748484742494E-02   5.3445105467986218E+02   5.0246331647347868E-02
   4.2000000000000000E+04   3.0469713926287327E-02   5.4460755405531131E+02   4.9326544278388174E-02
   4.3000000000000000E+04   2.9916248669293443E-02   5.5468306062025772E+02   4.8447058436322327E-02
   4.4000000000000000E+04   2.9386677409864559E-02   5.6467888978119345E+02   4.7605249985167533E-02
   4.5000000000000000E+04   2.8879469145005318E-02   5.7459630891554400E+02   4.6798719683094125E-02
   4.6000000000000000E+04   2.8393221921129367E-02   5.8443653982824776E+02   4.6025269493597684E-02
   4.7000000000000000E+04   2.7926649441608754E-02   5.9420076185138203E+02   4.5282881802409809E-02
   4.8000000000000000E+04   2.7478569320021146E-02   6.0389011454354818E+02   4.4569701173725669E-02
   4.9000000000000000E+04   2.7047892761427487E-02   6.1350569970555534E+02   4.3884018302841318E-02
   5.0000000000000000E+04   2.6633615414917714E-02   6.2304858411621944E+02   4.3224255809332535E-02
   5.1000000000000000E+04   2.6234809343374615E-02   6.3251980058132517E+02   4.2588955718094429E-02
   5.2000000000000000E+04   2.5850615790688224E-02   6.4192035147332206E+02   4.1976768249293216E-02
   5.3000000000000000E+04   2.5480238886587972E-02   6.5125120875122548E+02   4.1386441969797079E-02
   5.4000000000000000E+04   2.5122939954156369E-02   6.6051331589538188E+02   4.0816814937140587E-02
   5.5000000000000000E+04   2.4778032405782382E-02   6.6970759027209488E+02   4.0266806768030065E-02
   5.6000000000000000E+04   2.4444877242206606E-02   6.7883492356055206E+02   3.9735411597367584E-02
   5.7000000000000000E+04   2.4122878964321706E-02   6.8789618348221870E+02   3.9221691713716998E-02
   5.8000000000000000E+04   2.3811481927820125E-02   6.9689221462410410E+02   3.8724771863235682E-02
   5.9000000000000000E+04   2.3510167037636458E-02   7.0582383985599449E+02   3.8243834097614775E-02
   6.0000000000000000E+04   2.3218448789294171E-02   7.1469186097444049E+02   3.7778113145815057E-02
   6.1000000000000000E+04   2.2935872570619312E-02   7.2349706003412484E+02   3.7326892207587441E-02
   6.2000000000000000E+04   2.2662012236593844E-02   7.3224020007212403E+02   3.6889499160041646E-02
   6.3000000000000000E+04   2.2396467903585803E-02   7.4092202599069640E+02   3.6465303110614321E-02
   6.4000000000000000E+04   2.2138863947665569E-02   7.4954326533589608E+02   3.6053711266743171E-02
   6.5000000000000000E+04   2.1888847207832140E-02   7.5810462819726820E+02   3.5654166109387417E-02
   6.6000000000000000E+04   2.1646085266653847E-02   7.6660680994931613E+02   3.5266142742158633E-02
   6.7000000000000000E+04   2.1410265000240229E-02   7.7505048975219165E+02   3.4889146580028736E-02
   6.8000000000000000E+04   2.1181091173957965E-02   7.8343633186200873E+02   3.4522711164663350E-02
   6.9000000000000000E+04   2.0958285157483530E-02   7.9176498694766542E+02   3.4166396164946447E-02
   7.0000000000000000E+04   2.0741583792987361E-02   8.0003709165983594E+02   3.3819785585983496E-02
   7.1000000000000000E+04   2.0530738315531726E-02   8.0825326976219014E+02   3.3482486088107145E-02
   7.2000000000000000E+04   2.0325513397816731E-02   8.1641413180455493E+02   3.3154125475576654E-02
   7.3000000000000000E+04   2.0125686211241473E-02   8.2452027722123466E+02   3.2834351251460003E-02
   7.4000000000000000E+04   1.9931045660680612E-02   8.3257229232566704E+02   3.2522829377059248E-02
   7.5000000000000000E+04   1.9741391573832999E-02   8.4057075267964456E+02   3.2219243032366444E-02
   7.6000000000000000E+04   1.9556533999666271E-02   8.4851622350072728E+02   3.1923291514281082E-02
   7.7000000000000000E+04   1.9376292587180370E-02   8.5640925886612843E+02   3.1634689243016795E-02
   7.8000000000000000E+04   1.9200496000521296E-02   8.6425040132868799E+02   3.1353164833609601E-02
   7.9000000000000000E+04   1.9028981281057886E-02   8.7204018591781801E+02   3.1078460148416909E-02
   8.0000000000000000E+04   1.8861593413979614E-02   8.7977913689208367E+02   3.0810329562491023E-02
   8.1000000000000000E+04   1.8698184850555251E-02   8.8746776795650453E+02   3.0548539213106074E-02
   8.2000000000000000E+04   1.8538614981331556E-02   8.9510658648829190E+02   3.0292866227102144E-02
   8.3000000000000000E+04   1.8382749840627609E-02   9.0269608834506437E+02   3.0043098179324528E-02
   8.4000000000000000E+04   1.8230461619363716E-02   9.1023676309626899E+02   2.9799032395584020E-02
   8.5000000000000000E+04   1.8081628372829443E-02   9.1772909120815734E+02   2.9560475450429946E-02
   8.6000000000000000E+04   1.7936133686057128E-02   9.2517354434417348E+02   2.9327242642376985E-02
   8.7000000000000000E+04   1.7793866337876982E-02   9.3257058691271834E+02   2.9099157482706989E-02
   8.8000000000000000E+04   1.7654719990237180E-02   9.3992067749228966E+02   2.8876051220889969E-02
   8.9000000000000000E+04   1.7518593010665131E-02   9.4722426418937459E+02   2.8657762503745701E-02
   9.0000000000000000E+04   1.7385388104438949E-02   9.5448179094279192E+02   2.8444136873067877E-02
   9.1000000000000000E+04   1.7255012173482565E-02   9.6169369266873332E+02   2.8235026480321442E-02
   9.2000000000000000E+04   1.7127376047342460E-02   9.6886039801380934E+02   2.8030289694889063E-02
   9.3000000000000000E+04   1.7002394268443539E-02   9.7598233002742120E+02   2.7829790770940187E-02
   9.4000000000000000E+04   1.6879984951749482E-02   9.8305990328744645E+02   2.7633399590535311E-02
   9.5000000000000000E+04   1.6760069520350123E-02   9.9009352878947618E+02   2.7440991301828203E-02
   9.6000000000000000E+04   1.6642572608420968E-02   9.9708360988396635E+02   2.7252446116861628E-02
   9.7000000000000000E+04   1.6527421866279850E-02   1.0040305444139753E+03   2.7067649027191519E-02
   9.8000000000000000E+04   1.6414547851293843E-02   1.0109347223263544E+03   2.6886489603984310E-02
   9.9000000000000000E+04   1.6303883806699320E-02   1.0177965306243076E+03   2.6708861702054932E-02
   1.0000000000000000E+05   1.6195365557973671E-02   1.0246163518050660E+03   2.6534663276407161E-02
   1.1000000000000000E+05   1.5215717610982270E-02   1.0905851960727305E+03   2.4961434149062139E-02
   1.2000000000000000E+05   1.4395333005631925E-02   1.1527372355796331E+03   2.3643091797474793E-02
   1.3000000000000000E+05   1.3698472344315780E-02   1.2113786090203073E+03   2.2522666373048585E-02
   1.4000000000000000E+05   1.3099378639012895E-02   1.2667804200070702E+03   2.1559048718868171E-02
   1.5000000000000000E+05   1.2579010808440656E-02   1.3191845230807510E+03   2.0721814284767867E-02
   1.6000000000000000E+05   1.2122983216918940E-02   1.3688079969459675E+03   1.9987953827917963E-02
   1.7000000000000000E+05   1.1720221329456092E-02   1.4158466728316032E+03   1.9339737744376410E-02
   1.8000000000000000E+05   1.1362058701290274E-02   1.4604779653423179E+03   1.8763279876972658E-02
   1.9000000000000000E+05   1.1041614585299278E-02   1.5028632131621014E+03   1.8247546755542028E-02
   2.0000000000000000E+05   1.0753355579501413E-02   1.5431496012084622E+03   1.7783659037197801E-02
   2.1000000000000000E+05   1.0492780453564511E-02   1.5814717984043234E+03   1.7364388922834290E-02
   2.2000000000000000E+05   1.0256189781943042E-02   1.6179533264269069E+03   1.6983792410731693E-02
   2.3000000000000000E+05   1.0040514567802389E-02   1.6527077633424924E+03   1.6636935653047198E-02
   2.4000000000000000E+05   9.8431873531206384E-03   1.6858397365462624E+03   1.6319688812389630E-02
   2.5000000000000000E+05   9.6620435019670846E-03   1.7174458354262260E+03   1.6028568279528092E-02
   2.6000000000000000E+05   9.4952451293684511E-03   1.7476153746505861E+03   1.5760614871645491E-02
   2.7000000000000000E+05   9.3412215409578898E-03   1.7764310910946206E+03   1.5513298511499220E-02
   2.8000000000000000E+05   9.1986223601041705E-03   1.8039697385699042E+03   1.5284443093319937E-02
   2.9000000000000000E+05   9.0662801871095114E-03   1.8303026193425935E+03   1.5072166613777508E-02
   3.0000000000000000E+05   8.9431806109019803E-03   1.8554960585199203E+03   1.4874833072788394E-02
   3.1000000000000000E+05   8.8284377877364869E-03   1.8796118603464638E+03   1.4691013391813638E-02
   3.2000000000000000E+05   8.7212750698746986E-03   1.9027076019514666E+03   1.4519454029221680E-02
   3.3000000000000000E+05   8.6210080363742052E-03   1.9248371308953638E+03   1.4359050236237078E-02
   3.4000000000000000E+05   8.5270319450638492E-03   1.9460506869293947E+03   1.4208825293769880E-02
   3.5000000000000000E+05   8.4388098425681041E-03   1.9663953429137221E+03   1.4067911920661025E-02
   3.6000000000000000E+05   8.3558637090561539E-03   1.9859151551473537E+03   1.3935537715277883E-02
   3.7000000000000000E+05   8.2777664986833522E-03   2.0046514209841289E+03   1.3811012447286419E-02
   3.8000000000000000E+05   8.2041353280498247E-03   2.0226429368401100E+03   1.3693717241609452E-02
   3.9000000000000000E+05   8.1346264093407859E-03   2.0399260567278031E+03   1.3583096047842153E-02
   4.0000000000000000E+05   8.0689295663306931E-03   2.0565350382289253E+03   1.3478647307749857E-02
   4.1000000000000000E+05   8.0067647422404162E-03   2.0725020539965471E+03   1.3379917915903060E-02
   4.2000000000000000E+05   7.9478782832626445E-03   2.0878573856755715E+03   1.3286497377937733E-02
   4.3000000000000000E+05   7.8920396335099043E-03   2.1026296299503460E+03   1.3198012680580367E-02
   4.4000000000000000E+05   7.8390391221294931E-03   2.1168457148422281E+03   1.3114124440055665E-02
   4.5000000000000000E+05   7.7886857439030521E-03   2.1305309932616210E+03   1.3034523285525129E-02
   4.6000000000000000E+05   7.7408047134482636E-03   2.1437094705840113E+03   1.2958926241363047E-02
   4.7000000000000000E+05   7.6952359960011235E-03   2.1564038299518807E+03   1.2887074172901695E-02
   4.8000000000000000E+05   7.6518329530149152E-03   2.1686354728408105E+03   1.2818729486355211E-02
   4.9000000000000000E+05   7.6104605339082617E-03   2.1804247325409524E+03   1.2753673544385035E-02
   5.0000000000000000E+05   7.5709950082869159E-03   2.1917906901268875E+03   1.2691705594346821E-02
   5.1000000000000000E+05   7.5333214785233390E-03   2.2027516576145263E+03   1.2632639772620496E-02
   5.2000000000000000E+05   7.4973346760631443E-03   2.2133247468784384E+03   1.2576305180217495E-02
   5.3000000000000000E+05   7.4629366656907437E-03   2.2235263566483059E+03   1.2522543217066764E-02
   5.4000000000000000E+05   7.4300370374093937E-03   2.2333719590644441E+03   1.2471207243067595E-02
   5.5000000000000000E+05   7.3985516639955371E-03   2.2428763260401292E+03   1.2422160989135766E-02
   5.6000000000000000E+05   7.3684026836578686E-03   2.2520534078523897E+03   1.2375278131449478E-02
   5.7000000000000000E+05   7.3395176316762515E-03   2.2609164807429629E+03   1.2330441133820669E-02
   5.8000000000000000E+05   7.3118288988018622E-03   2.2694782117890568E+03   1.2287540424878477E-02
   5.9000000000000000E+05   7.2852738311734756E-03   2.2777505360409377E+03   1.2246474192098452E-02
   6.0000000000000000E+05   7.2597933505263081E-03   2.2857450030526543E+03   1.2207146858617797E-02
   6.1000000000000000E+05   7.2353328406316898E-03   2.2934724275533999E+03   1.2169469648219078E-02
   6.2000000000000000E+05   7.2118408456559278E-03   2.3009432306254876E+03   1.2133359182294521E-02
   6.3000000000000000E+05   7.1892692653272678E-03   2.3081673201740909E+03   1.2098737459404698E-02
   6.4000000000000000E+05   7.1675734188068642E-03   2.3151540144143637E+03   1.2065531733686312E-02
   6.5000000000000000E+05   7.1467107464018298E-03   2.3219124101972411E+03   1.2033673170113102E-02
   6.6000000000000000E+05   7.1266416282611822E-03   2.3284510769217882E+03   1.2003097440812226E-02
   6.7000000000000000E+05   7.1073286997621792E-03   2.3347782373869463E+03   1.1973743966562938E-02
   6.8000000000000000E+05   7.0887369930072068E-03   2.3409016853820135E+03   1.1945555921845425E-02
   6.9000000000000000E+05   7.0708336143074238E-03   2.3468288577153512E+03   1.1918479828281345E-02
   7.0000000000000000E+05   7.0535871114634757E-03   2.3525670147593132E+03   1.1892464875379347E-02
   7.1000000000000000E+05   7.0369685212617987E-03   2.3581228655524696E+03   1.1867463778874345E-02
   7.2000000000000000E+05   7.0209497147895854E-03   2.3635030940622132E+03   1.1843431187978605E-02
   7.3000000000000000E+05   7.0055049758919853E-03   2.3687138088211177E+03   1.1820325041772465E-02
   7.4000000000000000E+05   6.9906094093998847E-03   2.3737610560600506E+03   1.1798105047195261E-02
   7.5000000000000000E+05   6.9762396341132649E-03   2.3786505688561588E+03   1.1776733241918741E-02
   7.6000000000000000E+05   6.9623732620004812E-03   2.3833879267473339E+03   1.1756173458006043E-02
   7.7000000000000000E+05   6.9489896386514226E-03   2.3879782870680419E+03   1.1736391938090908E-02
   7.8000000000000000E+05   6.9360685244347483E-03   2.3924268215779662E+03   1.1717356082049052E-02
   7.9000000000000000E+05   6.9235914641127940E-03   2.3967382333536916E+03   1.1699035644090170E-02
   8.0000000000000000E+05   6.9115404407586786E-03   2.4009172074436815E+03   1.1681401462304952E-02
   8.1000000000000000E+05   6.8998980816188521E-03   2.4049683311071617E+03   1.1664425603781387E-02
   8.2000000000000000E+05   6.8886486834730826E-03   2.4088957263812886E+03   1.1648082258501719E-02
   8.3000000000000000E+05   6.8777771374928728E-03   2.4127034130985744E+03   1.1632346724653806E-02
   8.4000000000000000E+05   6.8672680994471304E-03   2.4163955933941693E+03   1.1617194619777109E-02
   8.5000000000000000E+05   6.8571080683311617E-03   2.4199759153276618E+03   1.1602603740851168E-02
   8.6000000000000000E+05   6.8472840023709753E-03   2.4234479493496201E+03   1.1588552775675847E-02
   8.7000000000000000E+05   6.8377827904522780E-03   2.4268153702295072E+03   1.1575020794664038E-02
   8.8000000000000000E+05   6.8285923670489473E-03   2.4300815573988780E+03   1.1561988240012784E-02
   8.9000000000000000E+05   6.8197021311336347E-03   2.4332494374504272E+03   1.1549437283219461E-02
   9.0000000000000000E+05   6.8110999778563976E-03   2.4363225364639125E+03   1.1537349101890214E-02
   9.1000000000000000E+05   6.8027765233819567E-03   2.4393034692709234E+03   1.1525707703551860E-02
   9.2000000000000000E+05   6.7947207400814898E-03   2.4421954939624766E+03   1.1514495934490306E-02
   9.3000000000000000E+05   6.7869238552781524E-03   2.4450011121393836E+03   1.1503699009409368E-02
   9.4000000000000000E+05   6.7793766111218703E-03   2.4477230468266271E+03   1.1493302001070061E-02
   9.5000000000000000E+05   6.7720699475903104E-03   2.4503639954376154E+03   1.1483290445934276E-02
   9.6000000000000000E+05   6.7649957871239669E-03   2.4529263426511457E+03   1.1473651043279938E-02
   9.7000000000000000E+05   6.7581460537789939E-03   2.4554125113767564E+03   1.1464370748698962E-02
   9.8000000000000000E+05   6.7515133286140021E-03   2.4578247226191788E+03   1.1455437357369473E-02
   9.9000000000000000E+05   6.7450897905260640E-03   2.4601653780010233E+03   1.1446838527932270E-02
   1.0000000000000000E+06   6.7388688699562948E-03   2.4624364554919762E+03   1.1438563275731534E-02
   1.1000000000000000E+06   6.6864351522742688E-03   2.4817464009228056E+03   1.1371396514654108E-02
   1.2000000000000000E+06   6.6482820496571423E-03   2.4959886253646782E+03   1.1326905333686370E-02
   1.3000000000000000E+06   6.6206601009446428E-03   2.5064020990584822E+03   1.1299019489397509E-02
   1.4000000000000000E+06   6.6009480412865919E-03   2.5138868341896618E+03   1.1283501107311879E-02
   1.5000000000000000E+06   6.5872676844696458E-03   2.5191076435656364E+03   1.1277319465517660E-02
   1.6000000000000000E+06   6.5782435490995255E-03   2.5225633940585708E+03   1.1278261358918650E-02
   1.7000000000000000E+06   6.5728533617810132E-03   2.5246320678092829E+03   1.1284685202153236E-02
   1.8000000000000000E+06   6.5703212441218118E-03   2.5256050286744166E+03   1.1295351189175880E-02
   1.9000000000000000E+06   6.5700562588183126E-03   2.5257068920662477E+03   1.1309316145394552E-02
   2.0000000000000000E+06   6.5715965200736203E-03   2.5251149128635943E+03   1.1325848588875738E-02
   2.1000000000000000E+06   6.5745836023421069E-03   2.5239676575485323E+03   1.1344381397431545E-02
   2.2000000000000000E+06   6.5787301689766951E-03   2.5223768034160848E+03   1.1364465099132741E-02
   2.3000000000000000E+06   6.5838091529590720E-03   2.5204309524528458E+03   1.1385745461356955E-02
   2.4000000000000000E+06   6.5896404989037385E-03   2.5182005569076196E+03   1.1407942150102258E-02
   2.5000000000000000E+06   6.5960720621835583E-03   2.5157451613206181E+03   1.1430824417010769E-02
   2.6000000000000000E+06   6.6029858036260091E-03   2.5131110179046323E+03   1.1454211499101280E-02
   2.7000000000000000E+06   6.6102875536672807E-03   2.5103350254338470E+03   1.1477959307724852E-02
   2.8000000000000000E+06   6.6178917901641536E-03   2.5074505447223082E+03   1.1501943498785496E-02
   2.9000000000000000E+06   6.6257322093761688E-03   2.5044834064796546E+03   1.1526066701517916E-02
   3.0000000000000000E+06   6.6337523312382969E-03   2.5014555180209527E+03   1.1550248098892298E-02
   3.1000000000000000E+06   6.6419160312166910E-03   2.4983809334790162E+03   1.1574431536980262E-02
   3.2000000000000000E+06   6.6501714760713411E-03   2.4952794726976722E+03   1.1598551538338723E-02
   3.3000000000000000E+06   6.6584999460589898E-03   2.4921583702920984E+03   1.1622576795548081E-02
   3.4000000000000000E+06   6.6668653616499306E-03   2.4890312724200071E+03   1.1646463493673806E-02
   3.5000000000000000E+06   6.6752512584798748E-03   2.4859043849593286E+03   1.1670188352693400E-02
   3.6000000000000000E+06   6.6836397449798269E-03   2.4827843820613471E+03   1.1693728990765663E-02
   3.7000000000000000E+06   6.6920116509084238E-03   2.4796783448378783E+03   1.1717063661716005E-02
   3.8000000000000000E+06   6.7003608577759282E-03   2.4765884593965743E+03   1.1740183970502758E-02
   3.9000000000000000E+06   6.7086676545521987E-03   2.4735219016104388E+03   1.1763070361692857E-02
   4.0000000000000000E+06   6.7169228514688982E-03   2.4704819068349889E+03   1.1785713843440631E-02
   4.1000000000000000E+06   6.7251248536430866E-03   2.4674688924431189E+03   1.1808113144214006E-02
   4.2000000000000000E+06   6.7332680328646560E-03   2.4644847484410175E+03   1.1830263982422151E-02
   4.3000000000000000E+06   6.7413507905239598E-03   2.4615298758055956E+03   1.1852166279892473E-02
   4.4000000000000000E+06   6.7493625918125617E-03   2.4586079275530551E+03   1.1873812260901617E-02
   4.5000000000000000E+06   6.7572928331143161E-03   2.4557225480655252E+03   1.1895194435953212E-02
   4.6000000000000000E+06   6.7651536567719609E-03   2.4528691018791073E+03   1.1916326291466965E-02
   4.7000000000000000E+06   6.7729408397789676E-03   2.4500489177020386E+03   1.1937206640653217E-02
   4.8000000000000000E+06   6.7806477227073192E-03   2.4472641925622515E+03   1.1957832249031521E-02
   4.9000000000000000E+06   6.7882712527033333E-03   2.4445158062226901E+03   1.1978203292192879E-02
   5.0000000000000000E+06   6.7958108586884287E-03   2.4418037404535703E+03   1.1998322297934313E-02
   5.1000000000000000E+06   6.8032700708466438E-03   2.4391265084814313E+03   1.2018195591308569E-02
   5.2000000000000000E+06   6.8106500465811856E-03   2.4364834869896567E+03   1.2037827379616641E-02
   5.3000000000000000E+06   6.8179614971636679E-03   2.4338706490295758E+03   1.2057230585421470E-02
   5.4000000000000000E+06   6.8251726742602371E-03   2.4312991284076165E+03   1.2076379499590456E-02
   5.5000000000000000E+06   6.8323083645507382E-03   2.4287598698352290E+03   1.2095299849425546E-02
   5.6000000000000000E+06   6.8393631290351422E-03   2.4262546177309623E+03   1.2113989838146669E-02
   5.7000000000000000E+06   6.8463450634384500E-03   2.4237803120350391E+03   1.2132459956170332E-02
   5.8000000000000000E+06   6.8532543116794128E-03   2.4213367284328856E+03   1.2150713421592111E-02
   5.9000000000000000E+06   6.8600656345738122E-03   2.4189325959985977E+03   1.2168730312235063E-02
   6.0000000000000000E+06   6.8668104696636588E-03   2.4165566309817173E+03   1.2186542232459898E-02
   6.1000000000000000E+06   6.8734908130876722E-03   2.4142079803997167E+03   1.2204153944767942E-02
   6.2000000000000000E+06   6.8800841159679703E-03   2.4118944033906992E+03   1.2221547822392554E-02
   6.3000000000000000E+06   6.8866090608090246E-03   2.4096091745058288E+03   1.2238743701363103E-02
   6.4000000000000000E+06   6.8930467732176148E-03   2.4073587370152786E+03   1.2255727184239175E-02
   6.5000000000000000E+06   6.8994259610886417E-03   2.4051329005843941E+03   1.2272527112786662E-02
   6.6000000000000000E+06   6.9057308454290528E-03   2.4029370309362835E+03   1.2289131787504199E-02
   6.7000000000000000E+06   6.9119681530618827E-03   2.4007686387862659E+03   1.2305549928418296E-02
   6.8000000000000000E+06   6.9181481286940960E-03   2.3986240342750179E+03   1.2321793396727711E-02
   6.9000000000000000E+06   6.9242414778513976E-03   2.3965132393547824E+03   1.2337838014610967E-02
   7.0000000000000000E+06   6.9302910044285841E-03   2.3944212968194984E+03   1.2353725152079635E-02
   7.1000000000000000E+06   6.9362392027312262E-03   2.3923679517318692E+03   1.2369404842259778E-02
   7.2000000000000000E+06   6.9421590183089557E-03   2.3903278980495820E+03   1.2384945766690799E-02
   7.3000000000000000E+06   6.9479832159791161E-03   2.3883241882330813E+03   1.2400288990353244E-02
   7.4000000000000000E+06   6.9537747004307024E-03   2.3863350610327648E+03   1.2415493945215399E-02
   7.5000000000000000E+06   6.9594883601471862E-03   2.3843759074567156E+03   1.2430521717389830E-02
   7.6000000000000000E+06   6.9651479857933130E-03   2.3824384504115283E+03   1.2445396037968799E-02
   7.7000000000000000E+06   6.9707426151061954E-03   2.3805263356302530E+03   1.2460108961578198E-02
   7.8000000000000000E+06   6.9762916055076700E-03   2.3786328485838626E+03   1.2474680081437766E-02
   7.9000000000000000E+06   6.9817753546362188E-03   2.3767645808227267E+03   1.2489093488626620E-02
   8.0000000000000000E+06   6.9872093785729910E-03   2.3749161467878362E+03   1.2503365181973635E-02
   8.1000000000000000E+06   6.9925731413408923E-03   2.3730944301539807E+03   1.2517478306561986E-02
   8.2000000000000000E+06   6.9978882057927880E-03   2.3712920078408806E+03   1.2531454269602818E-02
   8.3000000000000000E+06   7.0031731547131144E-03   2.3695025108714699E+03   1.2545311721397702E-02
   8.4000000000000000E+06   7.0083880280094038E-03   2.3677393871231770E+03   1.2559015996290191E-02
   8.5000000000000000E+06   7.0135518491713025E-03   2.3659961073961535E+03   1.2572586058928881E-02
   8.6000000000000000E+06   7.0186413732645971E-03   2.3642804200497249E+03   1.2586002369574138E-02
   8.7000000000000000E+06   7.0237311491582544E-03   2.3625671344423654E+03   1.2599334337100230E-02
   8.8000000000000000E+06   7.0287415772326703E-03   2.3608829819425141E+03   1.2612511061244629E-02
   8.9000000000000000E+06   7.0337133396382217E-03   2.3592141978043578E+03   1.2625571055885070E-02
   9.0000000000000000E+06   7.0386294716752321E-03   2.3575664042180251E+03   1.2638500341155209E-02
   9.1000000000000000E+06   7.0435216523151850E-03   2.3559289221047520E+03   1.2651329165248986E-02
   9.2000000000000000E+06   7.0483217488754527E-03   2.3543244711846401E+03   1.2663996916178817E-02
   9.3000000000000000E+06   7.0531176296927053E-03   2.3527236103792839E+03   1.2676584903576775E-02
   9.4000000000000000E+06   7.0578651135642318E-03   2.3511410472083085E+03   1.2689054243506187E-02
   9.5000000000000000E+06   7.0625492357907337E-03   2.3495816907112162E+03   1.2701392606005153E-02
   9.6000000000000000E+06   7.0672082709473949E-03   2.3480327362612002E+03   1.2713636075913253E-02
   9.7000000000000000E+06   7.0718342308791933E-03   2.3464967973517350E+03   1.2725778610347651E-02
   9.8000000000000000E+06   7.0763969226640732E-03   2.3449838322400360E+03   1.2737793931502031E-02
   9.9000000000000000E+06   7.0809195118098764E-03   2.3434860891278477E+03   1.2749704287421046E-02
   1.0000000000000000E+07   7.0854299404364022E-03   2.3419942775044001E+03   1.2761536245029105E-02
   1.1000000000000000E+07   7.1282334168939554E-03   2.3279311161209221E+03   1.2874291528221211E-02
   1.2000000000000000E+07   7.1677809761518264E-03   2.3150869745282389E+03   1.2978427697357790E-02
   1.3000000000000000E+07   7.2043890722711746E-03   2.3033231836449313E+03   1.3075021164876325E-02
   1.4000000000000000E+07   7.2384343424510599E-03   2.2924897276254587E+03   1.3165052566420738E-02
   1.5000000000000000E+07   7.2703088367572369E-03   2.2824389921737916E+03   1.3249401075440669E-02
   1.6000000000000000E+07   7.3002961241204070E-03   2.2730634609921067E+03   1.3328757398245981E-02
   1.7000000000000000E+07   7.3285193689290829E-03   2.2643095472346804E+03   1.3403595640145288E-02
   1.8000000000000000E+07   7.3552020431121370E-03   2.2560952475398103E+03   1.3474424922507023E-02
   1.9000000000000000E+07   7.3805005579661281E-03   2.2483619158120187E+03   1.3541648035466446E-02
   2.0000000000000000E+07   7.4045490834690024E-03   2.2410596765719806E+03   1.3605610665880967E-02
   2.1000000000000000E+07   7.4274634976694408E-03   2.2341457994868915E+03   1.3666611576262632E-02
   2.2000000000000000E+07   7.4493445080761394E-03   2.2275834277996032E+03   1.3724910636008459E-02
   2.3000000000000000E+07   7.4702801533215761E-03   2.2213405700430185E+03   1.3780735230782666E-02
   2.4000000000000000E+07   7.4903478145213710E-03   2.2153892963408066E+03   1.3834285414210026E-02
   2.5000000000000000E+07   7.5096158464696390E-03   2.2097050919004673E+03   1.3885738084679520E-02
   2.6000000000000000E+07   7.5281449173669936E-03   2.2042663307236444E+03   1.3935250404743457E-02
   2.7000000000000000E+07   7.5459891047420184E-03   2.1990538475244343E+03   1.3982962610013498E-02
   2.8000000000000000E+07   7.5631968113256155E-03   2.1940505831226583E+03   1.4029000344714666E-02
   2.9000000000000000E+07   7.5798115225066765E-03   2.1892412924632558E+03   1.4073476604638776E-02
   3.0000000000000000E+07   7.5958724481512020E-03   2.1846122993020117E+03   1.4116493373950687E-02
   3.1000000000000000E+07   7.6114150605120145E-03   2.1801512914793179E+03   1.4158143003811038E-02
   3.2000000000000000E+07   7.6264715511021024E-03   2.1758471480513672E+03   1.4198509383120766E-02
   3.3000000000000000E+07   7.6410712215997977E-03   2.1716897922967055E+03   1.4237668938593106E-02
   3.4000000000000000E+07   7.6552408155777458E-03   2.1676700673338696E+03   1.4275691489178738E-02
   3.5000000000000000E+07   7.6690048077494334E-03   2.1637796285369818E+03   1.4312640985250544E-02
   3.6000000000000000E+07   7.6823856529928619E-03   2.1600108512771399E+03   1.4348576146964689E-02
   3.7000000000000000E+07   7.6954040005301448E-03   2.1563567517725146E+03   1.4383551016792855E-02
   3.8000000000000000E+07   7.7080788818904159E-03   2.1528109180546799E+03   1.4417615442375069E-02
   3.9000000000000000E+07   7.7204278729965511E-03   2.1493674505011218E+03   1.4450815496857665E-02
   4.0000000000000000E+07   7.7324672428743645E-03   2.1460209080681411E+03   1.4483193853779811E-02
   4.1000000000000000E+07   7.7442120741955858E-03   2.1427662640403696E+03   1.4514790107797030E-02
   4.2000000000000000E+07   7.7556763779940306E-03   2.1395988648062139E+03   1.4545641065545718E-02
   4.3000000000000000E+07   7.7668731955792191E-03   2.1365143934119410E+03   1.4575781003646582E-02
   4.4000000000000000E+07   7.7778146777334224E-03   2.1335088404287053E+03   1.4605241887651490E-02
   4.5000000000000000E+07   7.7885121725010066E-03   2.1305784733506816E+03   1.4634053582821624E-02
   4.6000000000000000E+07   7.7989762885785777E-03   2.1277198134916734E+03   1.4662244028756013E-02
   4.7000000000000000E+07   7.8092169587953807E-03   2.1249296135217282E+03   1.4689839401899127E-02
   4.8000000000000000E+07   7.8192434975147447E-03   2.1222048372626609E+03   1.4716864261808524E-02
   4.9000000000000000E+07   7.8290646528394476E-03   2.1195426414242306E+03   1.4743341683271618E-02
   5.0000000000000000E+07   7.8386886442976447E-03   2.1169403617315434E+03   1.4769293366897222E-02
   5.1000000000000000E+07   7.8481232131037606E-03   2.1143954960408705E+03   1.4794739753796997E-02
   5.2000000000000000E+07   7.8573756512976163E-03   2.1119056935275780E+03   1.4819700114526950E-02
   5.3000000000000000E+07   7.8664528404670184E-03   2.1094687415904268E+03   1.4844192640955569E-02
   5.4000000000000000E+07   7.8753612798797314E-03   2.1070825558892725E+03   1.4868234523333228E-02
   5.5000000000000000E+07   7.8841071145319096E-03   2.1047451706451870E+03   1.4891842022678497E-02
   5.6000000000000000E+07   7.8926961622583416E-03   2.1024547294130648E+03   1.4915030538188569E-02
   5.7000000000000000E+07   7.9011339323412488E-03   2.1002094783176631E+03   1.4937814663219497E-02
   5.8000000000000000E+07   7.9094256496516080E-03   2.0980077579832014E+03   1.4960208242982439E-02
   5.9000000000000000E+07   7.9175762751085756E-03   2.0958479966058603E+03   1.4982224425903849E-02
   6.0000000000000000E+07   7.9255905191779382E-03   2.0937287050103077E+03   1.5003875705959941E-02
   6.1000000000000000E+07   7.9334728657695346E-03   2.0916484690782140E+03   1.5025173972043339E-02
   6.2000000000000000E+07   7.9412275728161907E-03   2.0896059484510738E+03   1.5046130533912253E-02
   6.3000000000000000E+07   7.9488587042924868E-03   2.0875998670349245E+03   1.5066756174756781E-02
   6.4000000000000000E+07   7.9563701290199674E-03   2.0856290123602362E+03   1.5087061171734447E-02
   6.5000000000000000E+07   7.9637655380279237E-03   2.0836922301293162E+03   1.5107055331747547E-02
   6.6000000000000000E+07   7.9710484555786301E-03   2.0817884205115915E+03   1.5126748019959994E-02
   6.7000000000000000E+07   7.9782222456787968E-03   2.0799165356853955E+03   1.5146148182843393E-02
   6.8000000000000000E+07   7.9852901263764726E-03   2.0780755754068464E+03   1.5165264377063359E-02
   6.9000000000000000E+07   7.9922551758802828E-03   2.0762645847744343E+03   1.5184104789786783E-02
   7.0000000000000000E+07   7.9991203366055232E-03   2.0744826525765434E+03   1.5202677256061555E-02
   7.1000000000000000E+07   8.0058884304253976E-03   2.0727289067752677E+03   1.5220989285438481E-02
   7.2000000000000000E+07   8.0125621602698659E-03   2.0710025135831838E+03   1.5239048075294210E-02
   7.3000000000000000E+07   8.0191441149306871E-03   2.0693026757387097E+03   1.5256860526267662E-02
   7.4000000000000000E+07   8.0256367871348547E-03   2.0676286273957403E+03   1.5274433269030123E-02
   7.5000000000000000E+07   8.0320425568113241E-03   2.0659796380297239E+03   1.5291772658701174E-02
   7.6000000000000000E+07   8.0383637198052655E-03   2.0643550046479359E+03   1.5308884809992290E-02
   7.7000000000000000E+07   8.0446024802222228E-03   2.0627540534112268E+03   1.5325775598675274E-02
   7.8000000000000000E+07   8.0507609538976524E-03   2.0611761384029974E+03   1.5342450672638740E-02
   7.9000000000000000E+07   8.0568411792471661E-03   2.0596206385330470E+03   1.5358915469165787E-02
   8.0000000000000000E+07   8.0628451193585464E-03   2.0580869567144264E+03   1.5375175223783375E-02
   8.1000000000000000E+07   8.0687746580264067E-03   2.0565745206000388E+03   1.5391234973174951E-02
   8.2000000000000000E+07   8.0746316196560006E-03   2.0550827772459224E+03   1.5407099579418994E-02
   8.3000000000000000E+07   8.0804177556937501E-03   2.0536111963354429E+03   1.5422773723402590E-02
   8.4000000000000000E+07   8.0861347571333127E-03   2.0521592667648415E+03   1.5438261921622466E-02
   8.5000000000000000E+07   8.0917842547875377E-03   2.0507264963648117E+03   1.5453568531537587E-02
   8.6000000000000000E+07   8.0973678202824213E-03   2.0493124114475049E+03   1.5468697757284334E-02
   8.7000000000000000E+07   8.1028869781515616E-03   2.0479165535572909E+03   1.5483653665218597E-02
   8.8000000000000000E+07   8.1083431892438711E-03   2.0465384834935489E+03   1.5498440173098349E-02
   8.9000000000000000E+07   8.1137378799417768E-03   2.0451777737586306E+03   1.5513061080713538E-02
   9.0000000000000000E+07   8.1190724149488441E-03   2.0438340152758631E+03   1.5527520048943314E-02
   9.1000000000000000E+07   8.1243481202100867E-03   2.0425068114549595E+03   1.5541820624224337E-02
   9.2000000000000000E+07   8.1295662804581441E-03   2.0411957786787659E+03   1.5555966239734291E-02
   9.3000000000000000E+07   8.1347281342406194E-03   2.0399005474212390E+03   1.5569960214101456E-02
   9.4000000000000000E+07   8.1398348830278144E-03   2.0386207598338692E+03   1.5583805762756085E-02
   9.5000000000000000E+07   8.1448876928100766E-03   2.0373560692320941E+03   1.5597506002287457E-02
   9.6000000000000000E+07   8.1498876861352907E-03   2.0361061419767068E+03   1.5611063945951891E-02
   9.7000000000000000E+07   8.1548359556465888E-03   2.0348706539792893E+03   1.5624482518604065E-02
   9.8000000000000000E+07   8.1597335641979685E-03   2.0336492905809050E+03   1.5637764559282612E-02
   9.9000000000000000E+07   8.1645815319845109E-03   2.0324417496663782E+03   1.5650912811854819E-02
   1.0000000000000000E+08   8.1693808589044115E-03   2.0312477359986628E+03   1.5663929947604394E-02
   1.1000000000000000E+08   8.2148979564607271E-03   2.0199930007785154E+03   1.5787423821068281E-02
   1.2000000000000000E+08   8.2564570388451476E-03   2.0098253156394367E+03   1.5900236670496930E-02
   1.3000000000000000E+08   8.2946914064070017E-03   2.0005610288699586E+03   1.6004069431194253E-02
   1.4000000000000000E+08   8.3300936293757063E-03   1.9920588065951940E+03   1.6100246629381233E-02
   1.5000000000000000E+08   8.3630543468521824E-03   1.9842076454287685E+03   1.6189819813388302E-02
   1.6000000000000000E+08   8.3938886006657415E-03   1.9769188231595404E+03   1.6273637776756361E-02
   1.7000000000000000E+08   8.4228541449548888E-03   1.9701203521492623E+03   1.6352395529172281E-02
   1.8000000000000000E+08   8.4501645373527313E-03   1.9637530489269002E+03   1.6426669330445547E-02
   1.9000000000000000E+08   8.4759987163155158E-03   1.9577676837324675E+03   1.6496942305948087E-02
   2.0000000000000000E+08   8.5005080906284183E-03   1.9521228845667324E+03   1.6563623483469087E-02
   2.1000000000000000E+08   8.5238219040899045E-03   1.9467835626877938E+03   1.6627062203623359E-02
   2.2000000000000000E+08   8.5460513753795632E-03   1.9417197071815394E+03   1.6687559208609207E-02
   2.3000000000000000E+08   8.5672928857889099E-03   1.9369054607303005E+03   1.6745375243817771E-02
   2.4000000000000000E+08   8.5876305097874559E-03   1.9323183915805314E+03   1.6800737853019537E-02
   2.5000000000000000E+08   8.6071380462618176E-03   1.9279389136052473E+03   1.6853846805662789E-02
   2.6000000000000000E+08   8.6258805873349574E-03   1.9237498370340033E+03   1.6904878404084105E-02
   2.7000000000000000E+08   8.6439158722776896E-03   1.9197359876418875E+03   1.6953989053671188E-02
   2.8000000000000000E+08   8.6612953397385214E-03   1.9158839091915045E+03   1.7001318134781847E-02
   2.9000000000000000E+08   8.6780650158746961E-03   1.9121816146577719E+03   1.7046990390544452E-02
   3.0000000000000000E+08   8.6942662276370802E-03   1.9086183859210291E+03   1.7091117888646225E-02
   3.1000000000000000E+08   8.7099362622806865E-03   1.9051845931436549E+03   1.7133801719635876E-02
   3.2000000000000000E+08   8.7251088350209609E-03   1.9018715626279673E+03   1.7175133346840493E-02
   3.3000000000000000E+08   8.7398145768909988E-03   1.8986714452772026E+03   1.7215195832859787E-02
   3.4000000000000000E+08   8.7540813316817172E-03   1.8955771308755445E+03   1.7254064775854179E-02
   3.5000000000000000E+08   8.7679345735691069E-03   1.8925821394907568E+03   1.7291809259381528E-02
   3.6000000000000000E+08   8.7813975833750287E-03   1.8896805681109670E+03   1.7328492502554398E-02
   3.7000000000000000E+08   8.7944917491699220E-03   1.8868670126078227E+03   1.7364172556424900E-02
   3.8000000000000000E+08   8.8072367356639408E-03   1.8841365200238872E+03   1.7398902824732974E-02
   3.9000000000000000E+08   8.8196506896278774E-03   1.8814845347192022E+03   1.7432732569945930E-02
   4.0000000000000000E+08   8.8317503772426566E-03   1.8789068605153659E+03   1.7465707317056968E-02
   4.1000000000000000E+08   8.8435512955835106E-03   1.8763996294619219E+03   1.7497869199507288E-02
   4.2000000000000000E+08   8.8550678704799445E-03   1.8739592532632955E+03   1.7529257354317533E-02
   4.3000000000000000E+08   8.8663134612717576E-03   1.8715824165977772E+03   1.7559908116255768E-02
   4.4000000000000000E+08   8.8773005282839629E-03   1.8692660365941365E+03   1.7589855338299470E-02
   4.5000000000000000E+08   8.8880407075866957E-03   1.8670072426644022E+03   1.7619130608888107E-02
   4.6000000000000000E+08   8.8985448447666139E-03   1.8648033654535811E+03   1.7647763415512344E-02
   4.7000000000000000E+08   8.9088230803348410E-03   1.8626519153567820E+03   1.7675781341035441E-02
   4.8000000000000000E+08   8.9188849255175326E-03   1.8605505635220991E+03   1.7703210238803991E-02
   4.9000000000000000E+08   8.9287393292871945E-03   1.8584971250902386E+03   1.7730074388865459E-02
   5.0000000000000000E+08   8.9383946491991915E-03   1.8564895627703224E+03   1.7756396557053956E-02
   5.1000000000000000E+08   8.9478587672057446E-03   1.8545259604429830E+03   1.7782198177537945E-02
   5.2000000000000000E+08   8.9571391286286956E-03   1.8526045130998070E+03   1.7807499457968341E-02
   5.3000000000000000E+08   8.9662427138518970E-03   1.8507235308859492E+03   1.7832319416778861E-02
   5.4000000000000000E+08   8.9751761488316272E-03   1.8488814145804347E+03   1.7856676040924207E-02
   5.5000000000000000E+08   8.9839456601827732E-03   1.8470766633981177E+03   1.7880586296949486E-02
   5.6000000000000000E+08   8.9925571608213302E-03   1.8453078559741721E+03   1.7904066256192862E-02
   5.7000000000000000E+08   9.0010162613492015E-03   1.8435736468354123E+03   1.7927131148237494E-02
   5.8000000000000000E+08   9.0093282305088607E-03   1.8418727733735971E+03   1.7949795364280006E-02
   5.9000000000000000E+08   9.0174981348839032E-03   1.8402040262106514E+03   1.7972072620247366E-02
   6.0000000000000000E+08   9.0255307052569383E-03   1.8385662756091638E+03   1.7993975868162277E-02
   6.1000000000000000E+08   9.0334305313583968E-03   1.8369584308592762E+03   1.8015517503612088E-02
   6.2000000000000000E+08   9.0412018849882723E-03   1.8353794755664746E+03   1.8036709232593193E-02
   6.3000000000000000E+08   9.0488489149994945E-03   1.8338284272438120E+03   1.8057562274518230E-02
   6.4000000000000000E+08   9.0563755134982511E-03   1.8323043638625070E+03   1.8078087264028923E-02
   6.5000000000000000E+08   9.0637854150165415E-03   1.8308064031026170E+03   1.8098294362982950E-02
   6.6000000000000000E+08   9.0710822009334047E-03   1.8293337009395514E+03   1.8118193284562625E-02
   6.7000000000000000E+08   9.0782692476543050E-03   1.8278854615870816E+03   1.8137793264697777E-02
   6.8000000000000000E+08   9.0853498250532856E-03   1.8264609171571522E+03   1.8157103168847475E-02
   6.9000000000000000E+08   9.0923270423013888E-03   1.8250593381603908E+03   1.8176131458656614E-02
   7.0000000000000000E+08   9.0992038746788226E-03   1.8236800276932054E+03   1.8194886231155723E-02
   7.1000000000000000E+08   9.1059831422941346E-03   1.8223223253167307E+03   1.8213375213153419E-02
   7.2000000000000000E+08   9.1126676071248639E-03   1.8209855872704193E+03   1.8231605862334022E-02
   7.3000000000000000E+08   9.1192598845867990E-03   1.8196692038799467E+03   1.8249585298701517E-02
   7.4000000000000000E+08   9.1257624484866965E-03   1.8183725982163987E+03   1.8267320320191231E-02
   7.5000000000000000E+08   9.1321777387778427E-03   1.8170952043232103E+03   1.8284817511083247E-02
   7.6000000000000000E+08   9.1385080645908102E-03   1.8158364863141828E+03   1.8302083163438707E-02
   7.7000000000000000E+08   9.1447556268108351E-03   1.8145959335982218E+03   1.8319123306686929E-02
   7.8000000000000000E+08   9.1509226019934053E-03   1.8133730439972919E+03   1.8335943792446997E-02
   7.9000000000000000E+08   9.1570109986999822E-03   1.8121673520449247E+03   1.8352550171720067E-02
   8.0000000000000000E+08   9.1630228016073064E-03   1.8109784001901205E+03   1.8368947833448199E-02
   8.1000000000000000E+08   9.1689599469110174E-03   1.8098057435348330E+03   1.8385141989097298E-02
   8.2000000000000000E+08   9.1748242233210282E-03   1.8086489692064990E+03   1.8401137589102837E-02
   8.3000000000000000E+08   9.1806174385461424E-03   1.8075076633177143E+03   1.8416939480507627E-02
   8.4000000000000000E+08   9.1863412611848418E-03   1.8063814420084066E+03   1.8432552268860709E-02
   8.5000000000000000E+08   9.1919973428804466E-03   1.8052699272169734E+03   1.8447980434809344E-02
   8.6000000000000000E+08   9.1975872836161897E-03   1.8041727534045392E+03   1.8463228307632331E-02
   8.7000000000000000E+08   9.2031126080173026E-03   1.8030895720763519E+03   1.8478300048497504E-02
   8.8000000000000000E+08   9.2085747668205625E-03   1.8020200513493585E+03   1.8493199656342659E-02
   8.9000000000000000E+08   9.2139752053736878E-03   1.8009638624252623E+03   1.8507931034498357E-02
   9.0000000000000000E+08   9.2193153301276393E-03   1.7999206860766585E+03   1.8522497964244673E-02
   9.1000000000000000E+08   9.2245964190039928E-03   1.7988902300348125E+03   1.8536904027074533E-02
   9.2000000000000000E+08   9.2298198003337700E-03   1.7978721939468767E+03   1.8551152771140153E-02
   9.3000000000000000E+08   9.2349867256175024E-03   1.7968662941473613E+03   1.8565247598888751E-02
   9.4000000000000000E+08   9.2400983881448032E-03   1.7958722599156322E+03   1.8579191787247155E-02
   9.5000000000000000E+08   9.2451559291574434E-03   1.7948898321796819E+03   1.8592988496295697E-02
   9.6000000000000000E+08   9.2501605449046183E-03   1.7939187426645365E+03   1.8606640869592801E-02
   9.7000000000000000E+08   9.2551132973742543E-03   1.7929587505825834E+03   1.8620151864704153E-02
   9.8000000000000000E+08   9.2600152198464881E-03   1.7920096220355342E+03   1.8633524351867745E-02
   9.9000000000000000E+08   9.2648674000330045E-03   1.7910711138835388E+03   1.8646761192130584E-02
   1.0000000000000000E+09   9.2696708153118725E-03   1.7901430055908734E+03   1.8659865089777568E-02
   1.1000000000000000E+09   9.3152230061402472E-03   1.7813890620999871E+03   1.8784137469273762E-02
   1.2000000000000000E+09   9.3568089330905903E-03   1.7734717565381900E+03   1.8897595768201377E-02
   1.3000000000000000E+09   9.3950643581424860E-03   1.7662504206028912E+03   1.9001972355611317E-02
   1.4000000000000000E+09   9.4304833321502499E-03   1.7596167438829225E+03   1.9098613902752099E-02
   1.5000000000000000E+09   9.4634576774160952E-03   1.7534855588524424E+03   1.9188588251222428E-02
   1.6000000000000000E+09   9.4943031218286417E-03   1.7477887698791228E+03   1.9272756208193721E-02
   1.7000000000000000E+09   9.5232779713731938E-03   1.7424710718349058E+03   1.9351821979346956E-02
   1.8000000000000000E+09   9.5505961911923100E-03   1.7374869633231528E+03   1.9426368946294854E-02
   1.9000000000000000E+09   9.5764370232649283E-03   1.7327985694310903E+03   1.9496885832601930E-02
   2.0000000000000000E+09   9.6009520975663919E-03   1.7283740409835584E+03   1.9563786119335666E-02
   2.1000000000000000E+09   9.6242708635519980E-03   1.7241863419496578E+03   1.9627422772231149E-02
   2.2000000000000000E+09   9.6465045429174282E-03   1.7202123629687112E+03   1.9688099346042553E-02
   2.3000000000000000E+09   9.6677497952336860E-03   1.7164321300848571E+03   1.9746079158200022E-02
   2.4000000000000000E+09   9.6880907335428323E-03   1.7128283405426091E+03   1.9801591718125088E-02
   2.5000000000000000E+09   9.7076012212774579E-03   1.7093858715363183E+03   1.9854838474270491E-02
   2.6000000000000000E+09   9.7263463390529041E-03   1.7060914546639751E+03   1.9905997088405573E-02
   2.7000000000000000E+09   9.7443839747496826E-03   1.7029333426474168E+03   1.9955225267236389E-02
   2.8000000000000000E+09   9.7617654776490231E-03   1.6999011512983843E+03   2.0002663308610481E-02
   2.9000000000000000E+09   9.7785370355057827E-03   1.6969855832122530E+03   2.0048436963190974E-02
   3.0000000000000000E+09   9.7947398737478850E-03   1.6941783639028702E+03   2.0092658951581240E-02
   3.1000000000000000E+09   9.8104114838646408E-03   1.6914720041511921E+03   2.0135431198935780E-02
   3.2000000000000000E+09   9.8255854822177913E-03   1.6888598042520782E+03   2.0176845645987724E-02
   3.3000000000000000E+09   9.8402924705557285E-03   1.6863356880716019E+03   2.0216985827021295E-02
   3.4000000000000000E+09   9.8545603873543032E-03   1.6838941283930242E+03   2.0255927865852012E-02
   3.5000000000000000E+09   9.8684146845514475E-03   1.6815301043375896E+03   2.0293741214889922E-02
   3.6000000000000000E+09   9.8818786202968158E-03   1.6792390406493346E+03   2.0330489418324427E-02
   3.7000000000000000E+09   9.8949737093469801E-03   1.6770167219833395E+03   2.0366230950691625E-02
   3.8000000000000000E+09   9.9077195343190514E-03   1.6748593171900773E+03   2.0401019416688294E-02
   3.9000000000000000E+09   9.9201343346558956E-03   1.6727632725888889E+03   2.0434904410397799E-02
   4.0000000000000000E+09   9.9322347151739720E-03   1.6707253553733337E+03   2.0467931532462454E-02
   4.1000000000000000E+09   9.9440362439552083E-03   1.6687425474990196E+03   2.0500143181643525E-02
   4.2000000000000000E+09   9.9555534618988237E-03   1.6668120398999311E+03   2.0531578781206768E-02
   4.3000000000000000E+09   9.9667995654056946E-03   1.6649312816280101E+03   2.0562274682248267E-02
   4.4000000000000000E+09   9.9777872088537660E-03   1.6630978419178671E+03   2.0592265063913838E-02
   4.5000000000000000E+09   9.9885278578062918E-03   1.6613095153147849E+03   2.0621581495742735E-02
   4.6000000000000000E+09   9.9990325271698266E-03   1.6595641957429709E+03   2.0650253743670289E-02
   4.7000000000000000E+09   1.0009311184353976E-02   1.6578599734314698E+03   2.0678309346797687E-02
   4.8000000000000000E+09   1.0019373530626218E-02   1.6561950029547663E+03   2.0705774435653627E-02
   4.9000000000000000E+09   1.0029228231879935E-02   1.6545676287845249E+03   2.0732673128410633E-02
   5.0000000000000000E+09   1.0038883934309970E-02   1.6529762155578703E+03   2.0759028541590840E-02
   5.1000000000000000E+09   1.0048348376397995E-02   1.6514192932579053E+03   2.0784862059925930E-02
   5.2000000000000000E+09   1.0057629111241015E-02   1.6498954366505620E+03   2.0810194063995785E-02
   5.3000000000000000E+09   1.0066732911546940E-02   1.6484033618420908E+03   2.0835043452453066E-02
   5.4000000000000000E+09   1.0075666645859198E-02   1.6469417813639218E+03   2.0859428497052662E-02
   5.5000000000000000E+09   1.0084436547790197E-02   1.6455095230676670E+03   2.0883366230093240E-02
   5.6000000000000000E+09   1.0093048245227929E-02   1.6441055240180967E+03   2.0906872518680081E-02
   5.7000000000000000E+09   1.0101507654049440E-02   1.6427286839215792E+03   2.0929962921442807E-02
   5.8000000000000000E+09   1.0109819817368014E-02   1.6413780536081285E+03   2.0952651671972133E-02
   5.9000000000000000E+09   1.0117989999348846E-02   1.6400526562319517E+03   2.0974952710460508E-02
   6.0000000000000000E+09   1.0126022668362824E-02   1.6387516518213881E+03   2.0996878791637943E-02
   6.1000000000000000E+09   1.0133922742510355E-02   1.6374741347248278E+03   2.1018442648671531E-02
   6.2000000000000000E+09   1.0141694289893843E-02   1.6362193436156210E+03   2.1039655838457284E-02
   6.3000000000000000E+09   1.0149341636009774E-02   1.6349864818112837E+03   2.1060529775109606E-02
   6.4000000000000000E+09   1.0156868298485777E-02   1.6337748887257203E+03   2.1081074784333576E-02
   6.5000000000000000E+09   1.0164278436394480E-02   1.6325838059240248E+03   2.1101301444167754E-02
   6.6000000000000000E+09   1.0171575197725753E-02   1.6314126427409819E+03   2.1121219101480244E-02
   6.7000000000000000E+09   1.0178762506526207E-02   1.6302606887154482E+03   2.1140837516905184E-02
   6.8000000000000000E+09   1.0185843271748228E-02   1.6291274007902844E+03   2.1160165252295127E-02
   6.9000000000000000E+09   1.0192820620365597E-02   1.6280122050813841E+03   2.1179210808873670E-02
   7.0000000000000000E+09   1.0199697577903670E-02   1.6269145479478959E+03   2.1197982351427093E-02
   7.1000000000000000E+09   1.0206476933073043E-02   1.6258339173225506E+03   2.1216487598990797E-02
   7.2000000000000000E+09   1.0213161629116766E-02   1.6247697800896792E+03   2.1234734193829291E-02
   7.3000000000000000E+09   1.0219753994429670E-02   1.6237217043781154E+03   2.1252729013325363E-02
   7.4000000000000000E+09   1.0226256673619011E-02   1.6226892110940794E+03   2.1270479028392384E-02
   7.5000000000000000E+09   1.0232671963009804E-02   1.6216718794608444E+03   2.1287990709223208E-02
   7.6000000000000000E+09   1.0239002563674987E-02   1.6206692273943975E+03   2.1305270720277880E-02
   7.7000000000000000E+09   1.0245250103001221E-02   1.6196809455436694E+03   2.1322324584040771E-02
   7.8000000000000000E+09   1.0251417141117375E-02   1.6187065793668107E+03   2.1339158515320315E-02
   7.9000000000000000E+09   1.0257505572687571E-02   1.6177457820100985E+03   2.1355777974910180E-02
   8.0000000000000000E+09   1.0263517643807122E-02   1.6167981534257929E+03   2.1372188602399610E-02
   8.1000000000000000E+09   1.0269454756891176E-02   1.6158634286815666E+03   2.1388395135660966E-02
   8.2000000000000000E+09   1.0275319361354358E-02   1.6149411799861748E+03   2.1404403137886979E-02
   8.3000000000000000E+09   1.0281112413119525E-02   1.6140312164066090E+03   2.1420216692004269E-02
   8.4000000000000000E+09   1.0286836401284033E-02   1.6131331078706651E+03   2.1435841160648807E-02
   8.5000000000000000E+09   1.0292492521272014E-02   1.6122466292654249E+03   2.1451280619281976E-02
   8.6000000000000000E+09   1.0298082509619446E-02   1.6113714721803692E+03   2.1466539530948337E-02
   8.7000000000000000E+09   1.0303608021092885E-02   1.6105073426891001E+03   2.1481622184292847E-02
   8.8000000000000000E+09   1.0309070092040884E-02   1.6096540450308726E+03   2.1496532209833562E-02
   8.9000000000000000E+09   1.0314470556201044E-02   1.6088112602332346E+03   2.1511273872576880E-02
   9.0000000000000000E+09   1.0319810877762611E-02   1.6079787285557377E+03   2.1525851014235067E-02
   9.1000000000000000E+09   1.0325092123693282E-02   1.6071562534615639E+03   2.1540267031888469E-02
   9.2000000000000000E+09   1.0330315621072023E-02   1.6063435990582404E+03   2.1554525479761791E-02
   9.3000000000000000E+09   1.0335482412371883E-02   1.6055405748934211E+03   2.1568629577007996E-02
   9.4000000000000000E+09   1.0340594214931271E-02   1.6047468868084475E+03   2.1582583084020442E-02
   9.5000000000000000E+09   1.0345651896018387E-02   1.6039623738497091E+03   2.1596388917914211E-02
   9.6000000000000000E+09   1.0350656423182614E-02   1.6031868603999196E+03   2.1610050020203508E-02
   9.7000000000000000E+09   1.0355609154720466E-02   1.6024201112878259E+03   2.1623569623902109E-02
   9.8000000000000000E+09   1.0360511272171294E-02   1.6016619197869679E+03   2.1636950739736541E-02
   9.9000000000000000E+09   1.0365363324444611E-02   1.6009121778709600E+03   2.1650195743824076E-02
   1.0000000000000000E+10   1.0370166830222958E-02   1.6001706284800073E+03   2.1663307838148578E-02
   1.1000000000000000E+10   1.0415719367292247E-02   1.5931723761941480E+03   2.1787653548752482E-02
   1.2000000000000000E+10   1.0457305840305069E-02   1.5868366697474639E+03   2.1901173173369329E-02
   1.3000000000000000E+10   1.0495561437316081E-02   1.5810527596133832E+03   2.2005601374875887E-02
   1.4000000000000000E+10   1.0530980793468484E-02   1.5757351285316499E+03   2.2102287366759520E-02
   1.5000000000000000E+10   1.0563954975011594E-02   1.5708166509051393E+03   2.2192299776452346E-02
   1.6000000000000000E+10   1.0594800659868344E-02   1.5662433779444607E+03   2.2276501380611109E-02
   1.7000000000000000E+10   1.0623775540702067E-02   1.5619716654013371E+03   2.2355596671536717E-02
   1.8000000000000000E+10   1.0651093900019004E-02   1.5579654568748840E+03   2.2430169976465332E-02
   1.9000000000000000E+10   1.0676934779176443E-02   1.5541947869274486E+03   2.2500710354833916E-02
   2.0000000000000000E+10   1.0701450154798639E-02   1.5506343658218566E+03   2.2567632017797559E-02
   2.1000000000000000E+10   1.0724768423848938E-02   1.5472629075383875E+03   2.2631287308963351E-02
   2.2000000000000000E+10   1.0747002233445175E-02   1.5440618708088641E+03   2.2691981354708547E-02
   2.3000000000000000E+10   1.0768247824380083E-02   1.5410154599702203E+03   2.2749977318140269E-02
   2.4000000000000000E+10   1.0788588694068539E-02   1.5381100201997353E+03   2.2805504337415645E-02
   2.5000000000000000E+10   1.0808098950995625E-02   1.5353334984624450E+03   2.2858764242662994E-02
   2.6000000000000000E+10   1.0826844278135883E-02   1.5326752604792691E+03   2.2909935378019164E-02
   2.7000000000000000E+10   1.0844882054524449E-02   1.5301260346337672E+03   2.2959175101517553E-02
   2.8000000000000000E+10   1.0862263412426777E-02   1.5276775883722621E+03   2.3006623611524096E-02
   2.9000000000000000E+10   1.0879035329340016E-02   1.5253224088175734E+03   2.3052407461822005E-02
   3.0000000000000000E+10   1.0895238012249368E-02   1.5230540494392089E+03   2.3096638519470348E-02
   3.1000000000000000E+10   1.0910909638022142E-02   1.5208664469490056E+03   2.3139419397059897E-02
   3.2000000000000000E+10   1.0926083459824563E-02   1.5187543125747679E+03   2.3180841760588579E-02
   3.3000000000000000E+10   1.0940790061717439E-02   1.5167128041533354E+03   2.3220989177279255E-02
   3.4000000000000000E+10   1.0955058833005193E-02   1.5147373124246672E+03   2.3259939134380285E-02
   3.5000000000000000E+10   1.0968913148056203E-02   1.5128241194161540E+03   2.3297759232115581E-02
   3.6000000000000000E+10   1.0982377207924908E-02   1.5109694431353264E+03   2.3334513906688642E-02
   3.7000000000000000E+10   1.0995472150652840E-02   1.5091699698566513E+03   2.3370261320213491E-02
   3.8000000000000000E+10   1.1008217819590429E-02   1.5074226042865305E+03   2.3405055341817790E-02
   3.9000000000000000E+10   1.1020633209382355E-02   1.5057244042958582E+03   2.3438946277156321E-02
   4.0000000000000000E+10   1.1032733493603215E-02   1.5040729827999226E+03   2.3471978446444084E-02
   4.1000000000000000E+10   1.1044534003581926E-02   1.5024659590688639E+03   2.3504194052779162E-02
   4.2000000000000000E+10   1.1056051777986606E-02   1.5009007471546320E+03   2.3535634810223829E-02
   4.3000000000000000E+10   1.1067298400250751E-02   1.4993755272546396E+03   2.3566335618396616E-02
   4.4000000000000000E+10   1.1078286258191822E-02   1.4978883906244941E+03   2.3596330428614032E-02
   4.5000000000000000E+10   1.1089026392931757E-02   1.4964376299742223E+03   2.3625650437675741E-02
   4.6000000000000000E+10   1.1099530866456705E-02   1.4950214179149084E+03   2.3654326376579465E-02
   4.7000000000000000E+10   1.1109809878551480E-02   1.4936381950330874E+03   2.3682386007115554E-02
   4.8000000000000000E+10   1.1119872093890678E-02   1.4922866229079430E+03   2.3709854526861841E-02
   4.9000000000000000E+10   1.1129726512016524E-02   1.4909653311107129E+03   2.3736756367049475E-02
   5.0000000000000000E+10   1.1139381621270190E-02   1.4896730301864125E+03   2.3763114509269791E-02
   5.1000000000000000E+10   1.1148845977830316E-02   1.4884084332277923E+03   2.3788951090338586E-02
   5.2000000000000000E+10   1.1158127320985584E-02   1.4871703733789864E+03   2.3814286667681532E-02
   5.3000000000000000E+10   1.1167231595357589E-02   1.4859579325872335E+03   2.3839139393239700E-02
   5.4000000000000000E+10   1.1176165097575731E-02   1.4847701540987327E+03   2.3863527024709653E-02
   5.5000000000000000E+10   1.1184934430636225E-02   1.4836060485708622E+03   2.3887466936353484E-02
   5.6000000000000000E+10   1.1193546455658107E-02   1.4824646004638194E+03   2.3910976122971720E-02
   5.7000000000000000E+10   1.1202005694455903E-02   1.4813451114716997E+03   2.3934068879686618E-02
   5.8000000000000000E+10   1.1210318372732800E-02   1.4802466640485945E+03   2.3956760520955894E-02
   5.9000000000000000E+10   1.1218488120796583E-02   1.4791686897095110E+03   2.3979063504595822E-02
   6.0000000000000000E+10   1.1226521949425481E-02   1.4781101795297875E+03   2.4000992902942914E-02
   6.1000000000000000E+10   1.1234421404734313E-02   1.4770708500544124E+03   2.4022558384643875E-02
   6.2000000000000000E+10   1.1242193143404243E-02   1.4760497495896575E+03   2.4043773865660811E-02
   6.3000000000000000E+10   1.1249838997690075E-02   1.4750465653390813E+03   2.4064648494755043E-02
   6.4000000000000000E+10   1.1257366980219344E-02   1.4740601779544252E+03   2.4085196691047320E-02
   6.5000000000000000E+10   1.1264777221257795E-02   1.4730905057621326E+03   2.4105425369452708E-02
   6.6000000000000000E+10   1.1272074088614420E-02   1.4721369149730422E+03   2.4125344989634243E-02
   6.7000000000000000E+10   1.1279260508446007E-02   1.4711989639511069E+03   2.4144964406784618E-02
   6.8000000000000000E+10   1.1286341876999749E-02   1.4702758923134440E+03   2.4164294448583260E-02
   6.9000000000000000E+10   1.1293317996924087E-02   1.4693676719879882E+03   2.4183340593524845E-02
   7.0000000000000000E+10   1.1300195149564419E-02   1.4684734338238429E+03   2.4202113971270051E-02
   7.1000000000000000E+10   1.1306974917225871E-02   1.4675929234511552E+03   2.4220621205127895E-02
   7.2000000000000000E+10   1.1313660252091686E-02   1.4667257107258870E+03   2.4238869947463961E-02
   7.3000000000000000E+10   1.1320251208253957E-02   1.4658717433815561E+03   2.4256865007941636E-02
   7.4000000000000000E+10   1.1326755745972025E-02   1.4650299473493546E+03   2.4274618196303967E-02
   7.5000000000000000E+10   1.1333171268912460E-02   1.4642006178516681E+03   2.4292131532207190E-02
   7.6000000000000000E+10   1.1339499731963047E-02   1.4633834619164197E+03   2.4309411002666790E-02
   7.7000000000000000E+10   1.1345749090952361E-02   1.4625774147775990E+03   2.4326467890330064E-02
   7.8000000000000000E+10   1.1351915092029629E-02   1.4617829890052076E+03   2.4343302210951216E-02
   7.9000000000000000E+10   1.1358002812699820E-02   1.4609994950525954E+03   2.4359922322864026E-02
   8.0000000000000000E+10   1.1364015346522104E-02   1.4602265016510130E+03   2.4376334638160493E-02
   8.1000000000000000E+10   1.1369953658034929E-02   1.4594638529976514E+03   2.4392543497402462E-02
   8.2000000000000000E+10   1.1375818880029755E-02   1.4587113727075262E+03   2.4408553266869089E-02
   8.3000000000000000E+10   1.1381612316946876E-02   1.4579688634669430E+03   2.4424368347723623E-02
   8.4000000000000000E+10   1.1387334196981611E-02   1.4572362668129035E+03   2.4439992046313724E-02
   8.5000000000000000E+10   1.1392989930553588E-02   1.4565128623223570E+03   2.4455432274524094E-02
   8.6000000000000000E+10   1.1398581444838683E-02   1.4557983775844523E+03   2.4470693669877284E-02
   8.7000000000000000E+10   1.1404105667266096E-02   1.4550931794495100E+03   2.4485776220207322E-02
   8.8000000000000000E+10   1.1409568647489078E-02   1.4543964707914065E+03   2.4500688118771971E-02
   8.9000000000000000E+10   1.1414970174308731E-02   1.4537082551041622E+03   2.4515431770632392E-02
   9.0000000000000000E+10   1.1420308767376708E-02   1.4530286975745328E+03   2.4530008338851793E-02
   9.1000000000000000E+10   1.1425591092302663E-02   1.4523569275413399E+03   2.4544426315774966E-02
   9.2000000000000000E+10   1.1430814596290029E-02   1.4516932484887068E+03   2.4558685725859192E-02
   9.3000000000000000E+10   1.1435982225261742E-02   1.4510372652997544E+03   2.4572791520965163E-02
   9.4000000000000000E+10   1.1441091523267197E-02   1.4503892692767909E+03   2.4586743664653288E-02
   9.5000000000000000E+10   1.1446149900491951E-02   1.4497483012560574E+03   2.4600551028431835E-02
   9.6000000000000000E+10   1.1451153708852082E-02   1.4491148050290092E+03   2.4614212354355163E-02
   9.7000000000000000E+10   1.1456107873742181E-02   1.4484881389947921E+03   2.4627734121994687E-02
   9.8000000000000000E+10   1.1461011746243697E-02   1.4478683681306784E+03   2.4641117676960041E-02
   9.9000000000000000E+10   1.1465861755583645E-02   1.4472559261478480E+03   2.4654361647122414E-02
   1.0000000000000000E+11   1.1470664666110599E-02   1.4466499420200553E+03   2.4667474008372339E-02
