   1.0000000000000000E+03   0.0000000000000000E+00   1.0000000000000000E+30   0.0000000000000000E+00
   2.0000000000000000E+03   0.0000000000000000E+00   1.0000000000000000E+30   0.0000000000000000E+00
   3.0000000000000000E+03   0.0000000000000000E+00   1.0000000000000000E+30   0.0000000000000000E+00
   4.0000000000000000E+03   0.0000000000000000E+00   1.0000000000000000E+30   0.0000000000000000E+00
   5.0000000000000000E+03   0.0000000000000000E+00   1.0000000000000000E+30   0.0000000000000000E+00
   6.0000000000000000E+03   0.0000000000000000E+00   1.0000000000000000E+30   0.0000000000000000E+00
   7.0000000000000000E+03   0.0000000000000000E+00   1.0000000000000000E+30   0.0000000000000000E+00
   7.6489999999999991E+03   0.0000000000000000E+00   1.0000000000000000E+30   0.0000000000000000E+00
   7.6510000000000000E+03   0.0000000000000000E+00   1.0000000000000000E+30   0.0000000000000000E+00
   8.0000000000000000E+03   0.0000000000000000E+00   1.0000000000000000E+30   0.0000000000000000E+00
   9.0000000000000000E+03   0.0000000000000000E+00   1.0000000000000000E+30   0.0000000000000000E+00
   1.0000000000000000E+04   0.0000000000000000E+00   1.0000000000000000E+30   0.0000000000000000E+00
   1.1000000000000000E+04   0.0000000000000000E+00   1.0000000000000000E+30   0.0000000000000000E+00
   1.2000000000000000E+04   0.0000000000000000E+00   1.0000000000000000E+30   0.0000000000000000E+00
   1.3000000000000000E+04   0.0000000000000000E+00   1.0000000000000000E+30   0.0000000000000000E+00
   1.4000000000000000E+04   0.0000000000000000E+00   1.0000000000000000E+30   0.0000000000000000E+00
   1.5000000000000000E+04   0.0000000000000000E+00   1.0000000000000000E+30   0.0000000000000000E+00
   1.6000000000000000E+04   0.0000000000000000E+00   1.0000000000000000E+30   0.0000000000000000E+00
   1.7000000000000000E+04   0.0000000000000000E+00   1.0000000000000000E+30   0.0000000000000000E+00
   1.8000000000000000E+04   0.0000000000000000E+00   1.0000000000000000E+30   0.0000000000000000E+00
   1.9000000000000000E+04   0.0000000000000000E+00   1.0000000000000000E+30   0.0000000000000000E+00
   2.0000000000000000E+04   0.0000000000000000E+00   1.0000000000000000E+30   0.0000000000000000E+00
   2.1000000000000000E+04   0.0000000000000000E+00   1.0000000000000000E+30   0.0000000000000000E+00
   2.2000000000000000E+04   0.0000000000000000E+00   1.0000000000000000E+30   0.0000000000000000E+00
   2.3000000000000000E+04   0.0000000000000000E+00   1.0000000000000000E+30   0.0000000000000000E+00
   2.4000000000000000E+04   0.0000000000000000E+00   1.0000000000000000E+30   0.0000000000000000E+00
   2.5000000000000000E+04   0.0000000000000000E+00   1.0000000000000000E+30   0.0000000000000000E+00
   2.6000000000000000E+04   0.0000000000000000E+00   1.0000000000000000E+30   0.0000000000000000E+00
   2.7000000000000000E+04   0.0000000000000000E+00   1.0000000000000000E+30   0.0000000000000000E+00
   2.8000000000000000E+04   0.0000000000000000E+00   1.0000000000000000E+30   0.0000000000000000E+00
   2.9000000000000000E+04   0.0000000000000000E+00   1.0000000000000000E+30   0.0000000000000000E+00
   3.0000000000000000E+04   0.0000000000000000E+00   1.0000000000000000E+30   0.0000000000000000E+00
   3.1000000000000000E+04   0.0000000000000000E+00   1.0000000000000000E+30   0.0000000000000000E+00
   3.2000000000000000E+04   0.0000000000000000E+00   1.0000000000000000E+30   0.0000000000000000E+00
   3.3000000000000000E+04   0.0000000000000000E+00   1.0000000000000000E+30   0.0000000000000000E+00
   3.4000000000000000E+04   0.0000000000000000E+00   1.0000000000000000E+30   0.0000000000000000E+00
   3.5000000000000000E+04   0.0000000000000000E+00   1.0000000000000000E+30   0.0000000000000000E+00
   3.6000000000000000E+04   0.0000000000000000E+00   1.0000000000000000E+30   0.0000000000000000E+00
   3.7000000000000000E+04   0.0000000000000000E+00   1.0000000000000000E+30   0.0000000000000000E+00
   3.8000000000000000E+04   0.0000000000000000E+00   1.0000000000000000E+30   0.0000000000000000E+00
   3.9000000000000000E+04   0.0000000000000000E+00   1.0000000000000000E+30   0.0000000000000000E+00
   4.0000000000000000E+04   0.0000000000000000E+00   1.0000000000000000E+30   0.0000000000000000E+00
   4.1000000000000000E+04   0.0000000000000000E+00   1.0000000000000000E+30   0.0000000000000000E+00
   4.2000000000000000E+04   0.0000000000000000E+00   1.0000000000000000E+30   0.0000000000000000E+00
   4.3000000000000000E+04   0.0000000000000000E+00   1.0000000000000000E+30   0.0000000000000000E+00
   4.4000000000000000E+04   0.0000000000000000E+00   1.0000000000000000E+30   0.0000000000000000E+00
   4.5000000000000000E+04   0.0000000000000000E+00   1.0000000000000000E+30   0.0000000000000000E+00
   4.6000000000000000E+04   0.0000000000000000E+00   1.0000000000000000E+30   0.0000000000000000E+00
   4.7000000000000000E+04   0.0000000000000000E+00   1.0000000000000000E+30   0.0000000000000000E+00
   4.8000000000000000E+04   0.0000000000000000E+00   1.0000000000000000E+30   0.0000000000000000E+00
   4.9000000000000000E+04   0.0000000000000000E+00   1.0000000000000000E+30   0.0000000000000000E+00
   5.0000000000000000E+04   0.0000000000000000E+00   1.0000000000000000E+30   0.0000000000000000E+00
   5.1000000000000000E+04   0.0000000000000000E+00   1.0000000000000000E+30   0.0000000000000000E+00
   5.2000000000000000E+04   0.0000000000000000E+00   1.0000000000000000E+30   0.0000000000000000E+00
   5.3000000000000000E+04   0.0000000000000000E+00   1.0000000000000000E+30   0.0000000000000000E+00
   5.3999000000000000E+04   0.0000000000000000E+00   1.0000000000000000E+30   0.0000000000000000E+00
   5.4001000000000000E+04   0.0000000000000000E+00   1.0000000000000000E+30   0.0000000000000000E+00
   5.5000000000000000E+04   0.0000000000000000E+00   1.0000000000000000E+30   0.0000000000000000E+00
   5.6000000000000000E+04   0.0000000000000000E+00   1.0000000000000000E+30   0.0000000000000000E+00
   5.7000000000000000E+04   0.0000000000000000E+00   1.0000000000000000E+30   0.0000000000000000E+00
   5.8000000000000000E+04   0.0000000000000000E+00   1.0000000000000000E+30   0.0000000000000000E+00
   5.9000000000000000E+04   0.0000000000000000E+00   1.0000000000000000E+30   0.0000000000000000E+00
   6.0000000000000000E+04   0.0000000000000000E+00   1.0000000000000000E+30   0.0000000000000000E+00
   6.1000000000000000E+04   0.0000000000000000E+00   1.0000000000000000E+30   0.0000000000000000E+00
   6.2000000000000000E+04   0.0000000000000000E+00   1.0000000000000000E+30   0.0000000000000000E+00
   6.3000000000000000E+04   0.0000000000000000E+00   1.0000000000000000E+30   0.0000000000000000E+00
   6.4000000000000000E+04   0.0000000000000000E+00   1.0000000000000000E+30   0.0000000000000000E+00
   6.5000000000000000E+04   0.0000000000000000E+00   1.0000000000000000E+30   0.0000000000000000E+00
   6.6000000000000000E+04   0.0000000000000000E+00   1.0000000000000000E+30   0.0000000000000000E+00
   6.7000000000000000E+04   0.0000000000000000E+00   1.0000000000000000E+30   0.0000000000000000E+00
   6.8000000000000000E+04   0.0000000000000000E+00   1.0000000000000000E+30   0.0000000000000000E+00
   6.9000000000000000E+04   0.0000000000000000E+00   1.0000000000000000E+30   0.0000000000000000E+00
   7.0000000000000000E+04   0.0000000000000000E+00   1.0000000000000000E+30   0.0000000000000000E+00
   7.1000000000000000E+04   0.0000000000000000E+00   1.0000000000000000E+30   0.0000000000000000E+00
   7.2000000000000000E+04   0.0000000000000000E+00   1.0000000000000000E+30   0.0000000000000000E+00
   7.3000000000000000E+04   0.0000000000000000E+00   1.0000000000000000E+30   0.0000000000000000E+00
   7.4000000000000000E+04   0.0000000000000000E+00   1.0000000000000000E+30   0.0000000000000000E+00
   7.5000000000000000E+04   0.0000000000000000E+00   1.0000000000000000E+30   0.0000000000000000E+00
   7.6000000000000000E+04   0.0000000000000000E+00   1.0000000000000000E+30   0.0000000000000000E+00
   7.7000000000000000E+04   0.0000000000000000E+00   1.0000000000000000E+30   0.0000000000000000E+00
   7.8000000000000000E+04   0.0000000000000000E+00   1.0000000000000000E+30   0.0000000000000000E+00
   7.9000000000000000E+04   0.0000000000000000E+00   1.0000000000000000E+30   0.0000000000000000E+00
   8.0000000000000000E+04   0.0000000000000000E+00   1.0000000000000000E+30   0.0000000000000000E+00
   8.1000000000000000E+04   0.0000000000000000E+00   1.0000000000000000E+30   0.0000000000000000E+00
   8.2000000000000000E+04   0.0000000000000000E+00   1.0000000000000000E+30   0.0000000000000000E+00
   8.3000000000000000E+04   0.0000000000000000E+00   1.0000000000000000E+30   0.0000000000000000E+00
   8.4000000000000000E+04   0.0000000000000000E+00   1.0000000000000000E+30   0.0000000000000000E+00
   8.5000000000000000E+04   0.0000000000000000E+00   1.0000000000000000E+30   0.0000000000000000E+00
   8.6000000000000000E+04   0.0000000000000000E+00   1.0000000000000000E+30   0.0000000000000000E+00
   8.7000000000000000E+04   0.0000000000000000E+00   1.0000000000000000E+30   0.0000000000000000E+00
   8.8000000000000000E+04   0.0000000000000000E+00   1.0000000000000000E+30   0.0000000000000000E+00
   8.9000000000000000E+04   0.0000000000000000E+00   1.0000000000000000E+30   0.0000000000000000E+00
   9.0000000000000000E+04   0.0000000000000000E+00   1.0000000000000000E+30   0.0000000000000000E+00
   9.1000000000000000E+04   0.0000000000000000E+00   1.0000000000000000E+30   0.0000000000000000E+00
   9.1999000000000000E+04   0.0000000000000000E+00   1.0000000000000000E+30   0.0000000000000000E+00
   9.2001000000000000E+04   0.0000000000000000E+00   1.0000000000000000E+30   0.0000000000000000E+00
   9.3000000000000000E+04   0.0000000000000000E+00   1.0000000000000000E+30   0.0000000000000000E+00
   9.4000000000000000E+04   0.0000000000000000E+00   1.0000000000000000E+30   0.0000000000000000E+00
   9.5000000000000000E+04   0.0000000000000000E+00   1.0000000000000000E+30   0.0000000000000000E+00
   9.6000000000000000E+04   0.0000000000000000E+00   1.0000000000000000E+30   0.0000000000000000E+00
   9.7000000000000000E+04   0.0000000000000000E+00   1.0000000000000000E+30   0.0000000000000000E+00
   9.8000000000000000E+04   0.0000000000000000E+00   1.0000000000000000E+30   0.0000000000000000E+00
   9.9000000000000000E+04   0.0000000000000000E+00   1.0000000000000000E+30   0.0000000000000000E+00
   1.0000000000000000E+05   0.0000000000000000E+00   1.0000000000000000E+30   0.0000000000000000E+00
   1.1000000000000000E+05   0.0000000000000000E+00   1.0000000000000000E+30   0.0000000000000000E+00
   1.2000000000000000E+05   0.0000000000000000E+00   1.0000000000000000E+30   0.0000000000000000E+00
   1.3000000000000000E+05   0.0000000000000000E+00   1.0000000000000000E+30   0.0000000000000000E+00
   1.4000000000000000E+05   0.0000000000000000E+00   1.0000000000000000E+30   0.0000000000000000E+00
   1.5000000000000000E+05   0.0000000000000000E+00   1.0000000000000000E+30   0.0000000000000000E+00
   1.6000000000000000E+05   0.0000000000000000E+00   1.0000000000000000E+30   0.0000000000000000E+00
   1.7000000000000000E+05   0.0000000000000000E+00   1.0000000000000000E+30   0.0000000000000000E+00
   1.8000000000000000E+05   0.0000000000000000E+00   1.0000000000000000E+30   0.0000000000000000E+00
   1.9000000000000000E+05   0.0000000000000000E+00   1.0000000000000000E+30   0.0000000000000000E+00
   2.0000000000000000E+05   0.0000000000000000E+00   1.0000000000000000E+30   0.0000000000000000E+00
   2.1000000000000000E+05   0.0000000000000000E+00   1.0000000000000000E+30   0.0000000000000000E+00
   2.2000000000000000E+05   0.0000000000000000E+00   1.0000000000000000E+30   0.0000000000000000E+00
   2.3000000000000000E+05   0.0000000000000000E+00   1.0000000000000000E+30   0.0000000000000000E+00
   2.4000000000000000E+05   0.0000000000000000E+00   1.0000000000000000E+30   0.0000000000000000E+00
   2.5000000000000000E+05   0.0000000000000000E+00   1.0000000000000000E+30   0.0000000000000000E+00
   2.6000000000000000E+05   0.0000000000000000E+00   1.0000000000000000E+30   0.0000000000000000E+00
   2.7000000000000000E+05   0.0000000000000000E+00   1.0000000000000000E+30   0.0000000000000000E+00
   2.8000000000000000E+05   0.0000000000000000E+00   1.0000000000000000E+30   0.0000000000000000E+00
   2.9000000000000000E+05   0.0000000000000000E+00   1.0000000000000000E+30   0.0000000000000000E+00
   3.0000000000000000E+05   0.0000000000000000E+00   1.0000000000000000E+30   0.0000000000000000E+00
   3.1000000000000000E+05   0.0000000000000000E+00   1.0000000000000000E+30   0.0000000000000000E+00
   3.2000000000000000E+05   0.0000000000000000E+00   1.0000000000000000E+30   0.0000000000000000E+00
   3.3000000000000000E+05   0.0000000000000000E+00   1.0000000000000000E+30   0.0000000000000000E+00
   3.4000000000000000E+05   0.0000000000000000E+00   1.0000000000000000E+30   0.0000000000000000E+00
   3.5000000000000000E+05   0.0000000000000000E+00   1.0000000000000000E+30   0.0000000000000000E+00
   3.6000000000000000E+05   0.0000000000000000E+00   1.0000000000000000E+30   0.0000000000000000E+00
   3.7000000000000000E+05   0.0000000000000000E+00   1.0000000000000000E+30   0.0000000000000000E+00
   3.8000000000000000E+05   0.0000000000000000E+00   1.0000000000000000E+30   0.0000000000000000E+00
   3.9000000000000000E+05   0.0000000000000000E+00   1.0000000000000000E+30   0.0000000000000000E+00
   4.0000000000000000E+05   0.0000000000000000E+00   1.0000000000000000E+30   0.0000000000000000E+00
   4.1000000000000000E+05   0.0000000000000000E+00   1.0000000000000000E+30   0.0000000000000000E+00
   4.2000000000000000E+05   0.0000000000000000E+00   1.0000000000000000E+30   0.0000000000000000E+00
   4.3000000000000000E+05   0.0000000000000000E+00   1.0000000000000000E+30   0.0000000000000000E+00
   4.4000000000000000E+05   0.0000000000000000E+00   1.0000000000000000E+30   0.0000000000000000E+00
   4.5000000000000000E+05   0.0000000000000000E+00   1.0000000000000000E+30   0.0000000000000000E+00
   4.6000000000000000E+05   0.0000000000000000E+00   1.0000000000000000E+30   0.0000000000000000E+00
   4.7000000000000000E+05   0.0000000000000000E+00   1.0000000000000000E+30   0.0000000000000000E+00
   4.8000000000000000E+05   0.0000000000000000E+00   1.0000000000000000E+30   0.0000000000000000E+00
   4.9000000000000000E+05   0.0000000000000000E+00   1.0000000000000000E+30   0.0000000000000000E+00
   5.0000000000000000E+05   0.0000000000000000E+00   1.0000000000000000E+30   0.0000000000000000E+00
   5.1000000000000000E+05   0.0000000000000000E+00   1.0000000000000000E+30   0.0000000000000000E+00
   5.2000000000000000E+05   0.0000000000000000E+00   1.0000000000000000E+30   0.0000000000000000E+00
   5.3000000000000000E+05   0.0000000000000000E+00   1.0000000000000000E+30   0.0000000000000000E+00
   5.4000000000000000E+05   0.0000000000000000E+00   1.0000000000000000E+30   0.0000000000000000E+00
   5.5000000000000000E+05   0.0000000000000000E+00   1.0000000000000000E+30   0.0000000000000000E+00
   5.6000000000000000E+05   0.0000000000000000E+00   1.0000000000000000E+30   0.0000000000000000E+00
   5.7000000000000000E+05   0.0000000000000000E+00   1.0000000000000000E+30   0.0000000000000000E+00
   5.8000000000000000E+05   0.0000000000000000E+00   1.0000000000000000E+30   0.0000000000000000E+00
   5.9000000000000000E+05   0.0000000000000000E+00   1.0000000000000000E+30   0.0000000000000000E+00
   6.0000000000000000E+05   0.0000000000000000E+00   1.0000000000000000E+30   0.0000000000000000E+00
   6.1000000000000000E+05   0.0000000000000000E+00   1.0000000000000000E+30   0.0000000000000000E+00
   6.2000000000000000E+05   0.0000000000000000E+00   1.0000000000000000E+30   0.0000000000000000E+00
   6.3000000000000000E+05   0.0000000000000000E+00   1.0000000000000000E+30   0.0000000000000000E+00
   6.4000000000000000E+05   0.0000000000000000E+00   1.0000000000000000E+30   0.0000000000000000E+00
   6.5000000000000000E+05   0.0000000000000000E+00   1.0000000000000000E+30   0.0000000000000000E+00
   6.6000000000000000E+05   0.0000000000000000E+00   1.0000000000000000E+30   0.0000000000000000E+00
   6.7000000000000000E+05   0.0000000000000000E+00   1.0000000000000000E+30   0.0000000000000000E+00
   6.8000000000000000E+05   0.0000000000000000E+00   1.0000000000000000E+30   0.0000000000000000E+00
   6.9000000000000000E+05   0.0000000000000000E+00   1.0000000000000000E+30   0.0000000000000000E+00
   7.0000000000000000E+05   0.0000000000000000E+00   1.0000000000000000E+30   0.0000000000000000E+00
   7.1000000000000000E+05   0.0000000000000000E+00   1.0000000000000000E+30   0.0000000000000000E+00
   7.2000000000000000E+05   0.0000000000000000E+00   1.0000000000000000E+30   0.0000000000000000E+00
   7.3000000000000000E+05   0.0000000000000000E+00   1.0000000000000000E+30   0.0000000000000000E+00
   7.4000000000000000E+05   0.0000000000000000E+00   1.0000000000000000E+30   0.0000000000000000E+00
   7.5000000000000000E+05   0.0000000000000000E+00   1.0000000000000000E+30   0.0000000000000000E+00
   7.6000000000000000E+05   0.0000000000000000E+00   1.0000000000000000E+30   0.0000000000000000E+00
   7.7000000000000000E+05   0.0000000000000000E+00   1.0000000000000000E+30   0.0000000000000000E+00
   7.8000000000000000E+05   0.0000000000000000E+00   1.0000000000000000E+30   0.0000000000000000E+00
   7.9000000000000000E+05   0.0000000000000000E+00   1.0000000000000000E+30   0.0000000000000000E+00
   8.0000000000000000E+05   0.0000000000000000E+00   1.0000000000000000E+30   0.0000000000000000E+00
   8.1000000000000000E+05   0.0000000000000000E+00   1.0000000000000000E+30   0.0000000000000000E+00
   8.2000000000000000E+05   0.0000000000000000E+00   1.0000000000000000E+30   0.0000000000000000E+00
   8.3000000000000000E+05   0.0000000000000000E+00   1.0000000000000000E+30   0.0000000000000000E+00
   8.4000000000000000E+05   0.0000000000000000E+00   1.0000000000000000E+30   0.0000000000000000E+00
   8.5000000000000000E+05   0.0000000000000000E+00   1.0000000000000000E+30   0.0000000000000000E+00
   8.6000000000000000E+05   0.0000000000000000E+00   1.0000000000000000E+30   0.0000000000000000E+00
   8.7000000000000000E+05   0.0000000000000000E+00   1.0000000000000000E+30   0.0000000000000000E+00
   8.8000000000000000E+05   0.0000000000000000E+00   1.0000000000000000E+30   0.0000000000000000E+00
   8.9000000000000000E+05   0.0000000000000000E+00   1.0000000000000000E+30   0.0000000000000000E+00
   9.0000000000000000E+05   0.0000000000000000E+00   1.0000000000000000E+30   0.0000000000000000E+00
   9.1000000000000000E+05   0.0000000000000000E+00   1.0000000000000000E+30   0.0000000000000000E+00
   9.2000000000000000E+05   0.0000000000000000E+00   1.0000000000000000E+30   0.0000000000000000E+00
   9.3000000000000000E+05   0.0000000000000000E+00   1.0000000000000000E+30   0.0000000000000000E+00
   9.4000000000000000E+05   0.0000000000000000E+00   1.0000000000000000E+30   0.0000000000000000E+00
   9.5000000000000000E+05   0.0000000000000000E+00   1.0000000000000000E+30   0.0000000000000000E+00
   9.6000000000000000E+05   0.0000000000000000E+00   1.0000000000000000E+30   0.0000000000000000E+00
   9.7000000000000000E+05   0.0000000000000000E+00   1.0000000000000000E+30   0.0000000000000000E+00
   9.8000000000000000E+05   0.0000000000000000E+00   1.0000000000000000E+30   0.0000000000000000E+00
   9.9000000000000000E+05   0.0000000000000000E+00   1.0000000000000000E+30   0.0000000000000000E+00
   1.0000000000000000E+06   0.0000000000000000E+00   1.0000000000000000E+30   0.0000000000000000E+00
   1.1000000000000000E+06   0.0000000000000000E+00   1.0000000000000000E+30   0.0000000000000000E+00
   1.2000000000000000E+06   0.0000000000000000E+00   1.0000000000000000E+30   0.0000000000000000E+00
   1.3000000000000000E+06   0.0000000000000000E+00   1.0000000000000000E+30   0.0000000000000000E+00
   1.3079990000000000E+06   0.0000000000000000E+00   1.0000000000000000E+30   0.0000000000000000E+00
   1.3080010000000000E+06   0.0000000000000000E+00   1.0000000000000000E+30   0.0000000000000000E+00
   1.4000000000000000E+06   0.0000000000000000E+00   1.0000000000000000E+30   0.0000000000000000E+00
   1.5000000000000000E+06   0.0000000000000000E+00   1.0000000000000000E+30   0.0000000000000000E+00
   1.6000000000000000E+06   0.0000000000000000E+00   1.0000000000000000E+30   0.0000000000000000E+00
   1.7000000000000000E+06   0.0000000000000000E+00   1.0000000000000000E+30   0.0000000000000000E+00
   1.8000000000000000E+06   0.0000000000000000E+00   1.0000000000000000E+30   0.0000000000000000E+00
   1.9000000000000000E+06   0.0000000000000000E+00   1.0000000000000000E+30   0.0000000000000000E+00
   2.0000000000000000E+06   0.0000000000000000E+00   1.0000000000000000E+30   0.0000000000000000E+00
   2.1000000000000000E+06   0.0000000000000000E+00   1.0000000000000000E+30   0.0000000000000000E+00
   2.2000000000000000E+06   0.0000000000000000E+00   1.0000000000000000E+30   0.0000000000000000E+00
   2.3000000000000000E+06   0.0000000000000000E+00   1.0000000000000000E+30   0.0000000000000000E+00
   2.4000000000000000E+06   0.0000000000000000E+00   1.0000000000000000E+30   0.0000000000000000E+00
   2.5000000000000000E+06   0.0000000000000000E+00   1.0000000000000000E+30   0.0000000000000000E+00
   2.6000000000000000E+06   0.0000000000000000E+00   1.0000000000000000E+30   0.0000000000000000E+00
   2.7000000000000000E+06   0.0000000000000000E+00   1.0000000000000000E+30   0.0000000000000000E+00
   2.8000000000000000E+06   0.0000000000000000E+00   1.0000000000000000E+30   0.0000000000000000E+00
   2.9000000000000000E+06   0.0000000000000000E+00   1.0000000000000000E+30   0.0000000000000000E+00
   3.0000000000000000E+06   2.0848364804711413E-02   4.7965392459653017E+01   1.1258116994544165E+00
   3.1000000000000000E+06   2.2345337731984227E-02   4.4752064703351515E+01   1.2066482375271483E+00
   3.2000000000000000E+06   4.2303537048619548E-02   2.3638685314911090E+01   2.3839019823037542E+00
   3.3000000000000000E+06   4.5189743100988701E-02   2.2128915355089092E+01   2.5468964519361625E+00
   3.4000000000000000E+06   4.8142923059206359E-02   2.0771484913165661E+01   2.7137002495459832E+00
   3.5000000000000000E+06   6.8683064681109879E-02   1.4559629868628058E+01   4.0196422616857044E+00
   3.6000000000000000E+06   7.2965298190158553E-02   1.3705145114241152E+01   4.2715866888528673E+00
   3.7000000000000000E+06   7.7340114872830032E-02   1.2929900629761091E+01   4.5290757546249996E+00
   3.8000000000000000E+06   9.8482789267811288E-02   1.0154058464780366E+01   5.9627593085482973E+00
   3.9000000000000000E+06   1.0413560783261092E-01   9.6028632358627473E+00   6.3081735145701412E+00
   4.0000000000000000E+06   1.2480945896228084E-01   8.0122132434066078E+00   7.7877448302355692E+00
   4.1000000000000000E+06   1.3167355059340802E-01   7.5945396436363986E+00   8.2218832835501061E+00
   4.2000000000000000E+06   1.3867679652669165E-01   7.2110116836130285E+00   8.6652142392782530E+00
   4.3000000000000000E+06   1.6006193056794948E-01   6.2475817732029677E+00   1.0271497614717264E+01
   4.4000000000000000E+06   1.6824184456636129E-01   5.9438245139160983E+00   1.0806198854208573E+01
   4.5000000000000000E+06   1.7657727853044844E-01   5.6632427927444997E+00   1.1351671644441607E+01
   4.6000000000000000E+06   1.9869694678229097E-01   5.0327899657949144E+00   1.3085528018405958E+01
   4.7000000000000000E+06   2.0818076125406523E-01   4.8035178369801104E+00   1.3725100126356514E+01
   4.8000000000000000E+06   2.3013611290553634E-01   4.3452545859696032E+00   1.5506199216355144E+01
   4.9000000000000000E+06   2.4072213096130124E-01   4.1541672799530058E+00   1.6240360553888710E+01
   5.0000000000000000E+06   2.5150204276905042E-01   3.9761108458203713E+00   1.6989179301028280E+01
   5.1000000000000000E+06   2.7428328877361824E-01   3.6458655737694530E+00   1.8900472521963621E+01
   5.2000000000000000E+06   2.8615097068970297E-01   3.4946587725693319E+00   1.9746995681390704E+01
   5.3000000000000000E+06   2.9822630969692221E-01   3.3531582140297012E+00   2.0609913477437264E+01
   5.4000000000000000E+06   3.2185940090386600E-01   3.1069466891187165E+00   2.2653851487917787E+01
   5.5000000000000000E+06   3.3500957040463958E-01   2.9849893505793141E+00   2.3617530345132380E+01
   5.6000000000000000E+06   3.5870367110984291E-01   2.7878164639518794E+00   2.5714150365615865E+01
   5.7000000000000000E+06   3.7290120955850037E-01   2.6816753991867146E+00   2.6779532209409627E+01
   5.8000000000000000E+06   3.8734186120320502E-01   2.5816987528631357E+00   2.7865710045317968E+01
   5.9000000000000000E+06   4.1196944115280737E-01   2.4273645084007116E+00   3.0100492386686145E+01
   6.0000000000000000E+06   4.2745316330008198E-01   2.3394375942376100E+00   3.1291760679430656E+01
   6.1000000000000000E+06   4.4319334247650627E-01   2.2563515832889802E+00   3.2505818042564059E+01
   6.2000000000000000E+06   4.6878950455330970E-01   2.1331535588725670E+00   3.4883234683461943E+01
   6.3000000000000000E+06   4.8557280175215511E-01   2.0594234199106105E+00   3.6206149183226586E+01
   6.4000000000000000E+06   5.1140911124518074E-01   1.9553816660895944E+00   3.8644861683538075E+01
   6.5000000000000000E+06   5.2922567423210620E-01   1.8895530747841671E+00   4.0078729721228946E+01
   6.6000000000000000E+06   5.4732844093957722E-01   1.8270565262118290E+00   4.1539765111257594E+01
   6.7000000000000000E+06   5.7421517632910246E-01   1.7415074369731840E+00   4.4129440682148271E+01
   6.8000000000000000E+06   5.9335609378907062E-01   1.6853286086844934E+00   4.5705464661594803E+01
   6.9000000000000000E+06   6.1279903662397595E-01   1.6318563513238964E+00   4.7311150161268884E+01
   7.0000000000000000E+06   6.4077309180438713E-01   1.5606148460199021E+00   5.0057590930466993E+01
   7.1000000000000000E+06   6.6126419097203848E-01   1.5122548803527833E+00   5.1782786123212773E+01
   7.2000000000000000E+06   6.9000778585486777E-01   1.4492590091009994E+00   5.4654307191091149E+01
   7.3000000000000000E+06   7.1156221635024841E-01   1.4053584873143061E+00   5.6504083402141028E+01
   7.4000000000000000E+06   7.3345451674626705E-01   1.3634110598107374E+00   5.8389097286540739E+01
   7.5000000000000000E+06   7.6399508568263241E-01   1.3089089429240195E+00   6.1523653043656793E+01
   7.6000000000000000E+06   7.8700135513871983E-01   1.2706458425649552E+00   6.3543711570174104E+01
   7.7000000000000000E+06   8.1036514288428452E-01   1.2340116165914534E+00   6.5602220630810848E+01
   7.8000000000000000E+06   8.3408704094652586E-01   1.1989156417838545E+00   6.7699674186772043E+01
   7.9000000000000000E+06   8.6715603141542352E-01   1.1531950004057987E+00   7.1205357961028028E+01
   8.0000000000000000E+06   8.9206176333920917E-01   1.1209986136573675E+00   7.3451848257450763E+01
   8.1000000000000000E+06   9.1735101289849008E-01   1.0900952699015067E+00   7.5741449611330879E+01
   8.2000000000000000E+06   9.5207140388620193E-01   1.0503413881754682E+00   7.9514967666796352E+01
   8.3000000000000000E+06   9.7858965975663237E-01   1.0218787722002829E+00   8.1964476382714835E+01
   8.4000000000000000E+06   1.0055130513360653E+00   9.9451717575546172E-01   8.4460960789273329E+01
   8.5000000000000000E+06   1.0328440969216568E+00   9.6820033437810515E-01   8.7004710406803255E+01
   8.6000000000000000E+06   1.0605854025934733E+00   9.4287550776644458E-01   8.9596453937409564E+01
   8.7000000000000000E+06   1.0985977459032437E+00   9.1025127598256772E-01   9.3880897154989043E+01
   8.8000000000000000E+06   1.1276610437248746E+00   8.8679129740689966E-01   9.6652365268197087E+01
   8.9000000000000000E+06   1.1571623975939871E+00   8.6418293757145537E-01   9.9476511194043397E+01
   9.0000000000000000E+06   1.1871064978359041E+00   8.4238440428301997E-01   1.0235455829905817E+02
   9.1000000000000000E+06   1.2274785210272507E+00   8.1467820647739020E-01   1.0703464502607022E+02
   9.2000000000000000E+06   1.2588099830922550E+00   7.9440107198984033E-01   1.1010807872476927E+02
   9.3000000000000000E+06   1.2906146921826824E+00   7.7482459021817285E-01   1.1324071348191090E+02
   9.4000000000000000E+06   1.3228957122393064E+00   7.5591748521678204E-01   1.1643335565894695E+02
   9.5000000000000000E+06   1.3556529108879103E+00   7.3765194023375158E-01   1.1968612560622184E+02
   9.6000000000000000E+06   1.3992401549450735E+00   7.1467360085821341E-01   1.2490678515420424E+02
   9.7000000000000000E+06   1.4334788958315765E+00   6.9760357331238521E-01   1.2837679864640978E+02
   9.8000000000000000E+06   1.4682304284661816E+00   6.8109200069138442E-01   1.3191371349376382E+02
   9.9000000000000000E+06   1.5035019109318923E+00   6.6511388693891693E-01   1.3551895761730827E+02
   1.0000000000000000E+07   1.5392960798477604E+00   6.4964759742576761E-01   1.3919293862945835E+02
   1.1000000000000000E+07   1.9551616853970442E+00   5.1146665131018321E-01   1.8553723626112608E+02
   1.2000000000000000E+07   2.4303334584054381E+00   4.1146617001936370E-01   2.4052840248677046E+02
   1.3000000000000000E+07   2.9942992122033236E+00   3.3396796015724850E-01   3.1102853413861868E+02
   1.4000000000000000E+07   3.6280372306965130E+00   2.7563112956479213E-01   3.9327772393000998E+02
   1.5000000000000000E+07   4.3389812681446021E+00   2.3046884468980702E-01   4.9050403955116531E+02
   1.6000000000000000E+07   5.1129198818890060E+00   1.9558295907240830E-01   6.0171742488406176E+02
   1.7000000000000000E+07   5.9249791961897786E+00   1.6877696391627464E-01   7.2386553851092299E+02
   1.8000000000000000E+07   6.7345908244796746E+00   1.4848712060799354E-01   8.4875050852276468E+02
   1.9000000000000000E+07   7.5378969823415440E+00   1.3266299636922921E-01   9.7936874150898450E+02
   2.0000000000000000E+07   8.3040032777631065E+00   1.2042384456637348E-01   1.1080127608679395E+03
   2.1000000000000000E+07   9.0119592932030042E+00   1.1096366144865076E-01   1.2277690336666583E+03
   2.2000000000000000E+07   9.6826750506413930E+00   1.0327724464261133E-01   1.3466602839925972E+03
   2.3000000000000000E+07   1.0303097159375428E+01   9.7058193718967123E-02   1.4589500164012168E+03
   2.4000000000000000E+07   1.0867473714904410E+01   9.2017705883983919E-02   1.5604948693151068E+03
   2.5000000000000000E+07   1.1399593259370798E+01   8.7722428094350741E-02   1.6605540819748257E+03
   2.6000000000000000E+07   1.1883134029728618E+01   8.4152884037010031E-02   1.7500146885496192E+03
   2.7000000000000000E+07   1.2341952113916896E+01   8.1024459564414536E-02   1.8390699808280876E+03
   2.8000000000000000E+07   1.2759863319592082E+01   7.8370745434596781E-02   1.9181989529874734E+03
   2.9000000000000000E+07   1.3147743661661737E+01   7.6058677879152575E-02   1.9916676187860605E+03
   3.0000000000000000E+07   1.3523663628366455E+01   7.3944459687865796E-02   2.0682065634761775E+03
   3.1000000000000000E+07   1.3864322077131009E+01   7.2127580017019743E-02   2.1340378438425018E+03
   3.2000000000000000E+07   1.4195066609357143E+01   7.0447010043673722E-02   2.2027351545640995E+03
   3.3000000000000000E+07   1.4497156205823384E+01   6.8979045669543701E-02   2.2622935032410696E+03
   3.4000000000000000E+07   1.4780071389459001E+01   6.7658671846009488E-02   2.3175696358413006E+03
   3.5000000000000000E+07   1.5059956496373262E+01   6.6401254229440834E-02   2.3782019212799141E+03
   3.6000000000000000E+07   1.5314485776534541E+01   6.5297654429392560E-02   2.4291373472976406E+03
   3.7000000000000000E+07   1.5553691601733135E+01   6.4293418283320664E-02   2.4762749191892908E+03
   3.8000000000000000E+07   1.5794039730681749E+01   6.3315023708429979E-02   2.5304606414320647E+03
   3.9000000000000000E+07   1.6011641138454454E+01   6.2454559863844579E-02   2.5745316236895583E+03
   4.0000000000000000E+07   1.6217324916810917E+01   6.1662450812920315E-02   2.6155908911996985E+03
   4.1000000000000000E+07   1.6425410313472060E+01   6.0881279731551302E-02   2.6639753659922862E+03
   4.2000000000000000E+07   1.6614053262016977E+01   6.0190008075043232E-02   2.7027494912468355E+03
   4.3000000000000000E+07   1.6793143162754546E+01   5.9548113793128181E-02   2.7390552876484662E+03
   4.4000000000000000E+07   1.6963876567656353E+01   5.8948790154876453E-02   2.7733614408792992E+03
   4.5000000000000000E+07   1.7139940409845156E+01   5.8343260016563515E-02   2.8168007373314058E+03
   4.6000000000000000E+07   1.7297327272646942E+01   5.7812399814007459E-02   2.8491893213165467E+03
   4.7000000000000000E+07   1.7448383910384042E+01   5.7311898060935666E-02   2.8803887417715678E+03
   4.8000000000000000E+07   1.7591873898284046E+01   5.6844427477253726E-02   2.9090223699385633E+03
   4.9000000000000000E+07   1.7742399920678807E+01   5.6362160951771691E-02   2.9481675601761503E+03
   5.0000000000000000E+07   1.7876100499038557E+01   5.5940611883099664E-02   2.9759629231501835E+03
   5.1000000000000000E+07   1.8005440312131253E+01   5.5538769542128073E-02   3.0033647107798852E+03
   5.2000000000000000E+07   1.8128160052903809E+01   5.5162796283885304E-02   3.0280504650677281E+03
   5.3000000000000000E+07   1.8257278027249416E+01   5.4772677422531259E-02   3.0627640869540105E+03
   5.4000000000000000E+07   1.8372148756501186E+01   5.4430214628331877E-02   3.0868755910150458E+03
   5.5000000000000000E+07   1.8483833197102232E+01   5.4101332193193200E-02   3.1110521929652223E+03
   5.6000000000000000E+07   1.8591062975683414E+01   5.3789285814801011E-02   3.1337952620944766E+03
   5.7000000000000000E+07   1.8691161734817442E+01   5.3501222352446101E-02   3.1522786022724813E+03
   5.8000000000000000E+07   1.8801513759066154E+01   5.3187206775720218E-02   3.1849428875249546E+03
   5.9000000000000000E+07   1.8897901190378661E+01   5.2915929124929609E-02   3.2055537635635378E+03
   6.0000000000000000E+07   1.8992525031361836E+01   5.2652293381144820E-02   3.2270145440140273E+03
   6.1000000000000000E+07   1.9082217589892782E+01   5.2404810671987469E-02   3.2457579065951354E+03
   6.2000000000000000E+07   1.9166143808619513E+01   5.2175336363190293E-02   3.2607184531844082E+03
   6.3000000000000000E+07   1.9245506074828810E+01   5.1960182086762570E-02   3.2730821088132129E+03
   6.4000000000000000E+07   1.9341754448165045E+01   5.1701618003679617E-02   3.3079174699833020E+03
   6.5000000000000000E+07   1.9422482566347586E+01   5.1486724036640542E-02   3.3269661448409965E+03
   6.6000000000000000E+07   1.9499487643872122E+01   5.1283398736594939E-02   3.3439556655034849E+03
   6.7000000000000000E+07   1.9571412586275002E+01   5.1094932243228981E-02   3.3571541159383273E+03
   6.8000000000000000E+07   1.9639694149116981E+01   5.0917289872610419E-02   3.3681647681418640E+03
   6.9000000000000000E+07   1.9704425832532209E+01   5.0750019741706454E-02   3.3770029746249065E+03
   7.0000000000000000E+07   1.9788411792024952E+01   5.0534626553658854E-02   3.4128281647200406E+03
   7.1000000000000000E+07   1.9856010406034283E+01   5.0362584403969596E-02   3.4297222004018804E+03
   7.2000000000000000E+07   1.9919363435176912E+01   5.0202407484269025E-02   3.4431707189352937E+03
   7.3000000000000000E+07   1.9978872439657785E+01   5.0052874756586062E-02   3.4536096367442274E+03
   7.4000000000000000E+07   2.0035734787371350E+01   4.9910822368756172E-02   3.4624858563828393E+03
   7.5000000000000000E+07   2.0089742920627657E+01   4.9776644925268038E-02   3.4694649504122153E+03
   7.6000000000000000E+07   2.0160392462733633E+01   4.9602208977255494E-02   3.5018258565477495E+03
   7.7000000000000000E+07   2.0217520645633694E+01   4.9462049156653962E-02   3.5170771438134439E+03
   7.8000000000000000E+07   2.0271422139962898E+01   4.9330530097767993E-02   3.5295964640738293E+03
   7.9000000000000000E+07   2.0321691458658325E+01   4.9208502256535197E-02   3.5387314808949809E+03
   8.0000000000000000E+07   2.0369817894287440E+01   4.9092240548720988E-02   3.5465212649628775E+03
   8.1000000000000000E+07   2.0415815346962006E+01   4.8981634238223361E-02   3.5529172761872214E+03
   8.2000000000000000E+07   2.0459580644040010E+01   4.8876857126165282E-02   3.5577287682334995E+03
   8.3000000000000000E+07   2.0520221368879906E+01   4.8732417746553049E-02   3.5902034576749252E+03
   8.4000000000000000E+07   2.0567518383413528E+01   4.8620352798927860E-02   3.6038068157374555E+03
   8.5000000000000000E+07   2.0611583445760225E+01   4.8516408389074971E-02   3.6140187892097142E+03
   8.6000000000000000E+07   2.0652737901011882E+01   4.8419730342435865E-02   3.6212802129523952E+03
   8.7000000000000000E+07   2.0692310427908005E+01   4.8327131157441285E-02   3.6275862071612942E+03
   8.8000000000000000E+07   2.0730299897886109E+01   4.8238568902805465E-02   3.6328659224574349E+03
   8.9000000000000000E+07   2.0766436827292381E+01   4.8154626059187286E-02   3.6366807343633745E+03
   9.0000000000000000E+07   2.0801082557085717E+01   4.8074420994947610E-02   3.6395399583016947E+03
   9.1000000000000000E+07   2.0854643092404572E+01   4.7950952484255564E-02   3.6756653787936930E+03
   9.2000000000000000E+07   2.0892370060785460E+01   4.7864363740951495E-02   3.6865826691081311E+03
   9.3000000000000000E+07   2.0927010069677269E+01   4.7785134936642285E-02   3.6936771427343588E+03
   9.4000000000000000E+07   2.0959793355505397E+01   4.7710394040566033E-02   3.6989619664866950E+03
   9.5000000000000000E+07   2.0991579263172859E+01   4.7638149920162368E-02   3.7038563432548749E+03
   9.6000000000000000E+07   2.1022041207240271E+01   4.7569119960415018E-02   3.7077719612352525E+03
   9.7000000000000000E+07   2.1051021259809048E+01   4.7503633560487465E-02   3.7103996198680520E+03
   9.8000000000000000E+07   2.1078850949232844E+01   4.7440916130031971E-02   3.7122599429069901E+03
   9.9000000000000000E+07   2.1105715772274340E+01   4.7380530032232152E-02   3.7136497579822831E+03
   1.0000000000000000E+08   2.1153756690730656E+01   4.7272927197758170E-02   3.7552727366326958E+03
   1.1000000000000000E+08   2.1410620941156409E+01   4.6705791613813379E-02   3.8250575655176758E+03
   1.2000000000000000E+08   2.1607032094678527E+01   4.6281228982220306E-02   3.8818323706784377E+03
   1.3000000000000000E+08   2.1738962448702210E+01   4.6000355461292906E-02   3.8878818703729676E+03
   1.4000000000000000E+08   2.1853189106501613E+01   4.5759911522592685E-02   3.9327412224721952E+03
   1.5000000000000000E+08   2.1936565754264855E+01   4.5585986940803735E-02   3.9725860541279926E+03
   1.6000000000000000E+08   2.1992877672845939E+01   4.5469265772103820E-02   4.0034773069322364E+03
   1.7000000000000000E+08   2.0276759076233422E+01   4.9317546075304981E-02   3.3917772746129190E+03
   1.8000000000000000E+08   2.0309166661043260E+01   4.9238849465851553E-02   3.3969183465125939E+03
   1.9000000000000000E+08   2.0327164873598377E+01   4.9195252078603181E-02   3.3996847430032408E+03
   2.0000000000000000E+08   2.0332913965602462E+01   4.9181342216453448E-02   3.4004344760185199E+03
   2.1000000000000000E+08   2.0328195346817939E+01   4.9192758281739676E-02   3.3994599060075216E+03
   2.2000000000000000E+08   2.0314491264165095E+01   4.9225943539329839E-02   3.3970036598985744E+03
   2.3000000000000000E+08   2.0293045063869485E+01   4.9277966754257031E-02   3.3932708583149551E+03
   2.4000000000000000E+08   2.0264906706188032E+01   4.9346390511368264E-02   3.3884353889946537E+03
   2.5000000000000000E+08   2.0230968069118049E+01   4.9429171979489671E-02   3.3826440591168871E+03
   2.6000000000000000E+08   2.0191991293892801E+01   4.9524585537160798E-02   3.3760225651789360E+03
   2.7000000000000000E+08   2.0148630697042201E+01   4.9631164272954748E-02   3.3686773725747721E+03
   2.8000000000000000E+08   2.0101451791211094E+01   4.9747650586970421E-02   3.3607050473927334E+03
   2.9000000000000000E+08   2.0050943923165015E+01   4.9872963778263439E-02   3.3521853550393025E+03
   3.0000000000000000E+08   1.9997532693256982E+01   5.0006169027901760E-02   3.3431865420370095E+03
   3.1000000000000000E+08   1.9941590173680577E+01   5.0146452278405855E-02   3.3337705626717739E+03
   3.2000000000000000E+08   1.9883442433080358E+01   5.0293102080567614E-02   3.3239922878294233E+03
   3.3000000000000000E+08   1.9823375801208812E+01   5.0445494754683566E-02   3.3138985783616477E+03
   3.4000000000000000E+08   1.9761642685337861E+01   5.0603080721723079E-02   3.3035311304957550E+03
   3.5000000000000000E+08   1.9698466021680414E+01   5.0765374263122109E-02   3.2929261913829428E+03
   3.6000000000000000E+08   1.9634043381801007E+01   5.0931944101076515E-02   3.2821166672098279E+03
   3.7000000000000000E+08   1.9568550324581750E+01   5.1102405820211097E-02   3.2711332009214543E+03
   3.8000000000000000E+08   1.9502142432006160E+01   5.1276417628805693E-02   3.2599989771384489E+03
   3.9000000000000000E+08   1.9434958799168687E+01   5.1453672237410368E-02   3.2487380185618522E+03
   4.0000000000000000E+08   1.9367123241060682E+01   5.1633894593073958E-02   3.2373692329560185E+03
   4.1000000000000000E+08   1.9298747034901794E+01   5.1816835475976736E-02   3.2259142805859715E+03
   4.2000000000000000E+08   1.9229929326894712E+01   5.2002271199271338E-02   3.2143890208684043E+03
   4.3000000000000000E+08   1.9160758758685297E+01   5.2190000020052155E-02   3.2028057815901639E+03
   4.4000000000000000E+08   1.9091315217800894E+01   5.2379838088241940E-02   3.1911785552333631E+03
   4.5000000000000000E+08   1.9021670381665857E+01   5.2571618576876179E-02   3.1795193859678261E+03
   4.6000000000000000E+08   1.8951888636083826E+01   5.2765189749797825E-02   3.1678387702165319E+03
   4.7000000000000000E+08   1.8882027958258078E+01   5.2960413055772905E-02   3.1561467636553302E+03
   4.8000000000000000E+08   1.8812140440956934E+01   5.3157162160178531E-02   3.1444516649735979E+03
   4.9000000000000000E+08   1.8742273003762229E+01   5.3355321406281152E-02   3.1327611106825966E+03
   5.0000000000000000E+08   1.8672467916892543E+01   5.3554784747833130E-02   3.1210821199479597E+03
   5.1000000000000000E+08   1.8602763229794679E+01   5.3755454909965937E-02   3.1094207709224997E+03
   5.2000000000000000E+08   1.8533193263485888E+01   5.3957242326404753E-02   3.0977830255623817E+03
   5.3000000000000000E+08   1.8463788934210893E+01   5.4160064522138035E-02   3.0861743443726741E+03
   5.4000000000000000E+08   1.8394577962878682E+01   5.4363845803804677E-02   3.0745984475361561E+03
   5.5000000000000000E+08   1.8325585483893622E+01   5.4568515744225540E-02   3.0630606789429298E+03
   5.6000000000000000E+08   1.8256833753480294E+01   5.4774010296794788E-02   3.0515620655752414E+03
   5.7000000000000000E+08   1.8188343278921366E+01   5.4980268662452023E-02   3.0401091130678819E+03
   5.8000000000000000E+08   1.8120132164331242E+01   5.5187235442380508E-02   3.0287043909929253E+03
   5.9000000000000000E+08   1.8052216550848595E+01   5.5394859527817510E-02   3.0173491643638854E+03
   6.0000000000000000E+08   1.7984610995093728E+01   5.5603093126273574E-02   3.0060458070380441E+03
   6.1000000000000000E+08   1.7917328581796838E+01   5.5811891568252711E-02   2.9947974438580009E+03
   6.2000000000000000E+08   1.7850380839228585E+01   5.6021213721242705E-02   2.9836053010265637E+03
   6.3000000000000000E+08   1.7783778076124857E+01   5.6231021086712941E-02   2.9724712251059004E+03
   6.4000000000000000E+08   1.7717529411943605E+01   5.6441277829960189E-02   2.9613967083180478E+03
   6.5000000000000000E+08   1.7651642914731205E+01   5.6651950463231314E-02   2.9503833390068444E+03
   6.6000000000000000E+08   1.7586125659519684E+01   5.6863007768779492E-02   2.9394323767411825E+03
   6.7000000000000000E+08   1.7520983759849958E+01   5.7074420803444874E-02   2.9285440434825437E+03
   6.8000000000000000E+08   1.7456222623136508E+01   5.7286162166298137E-02   2.9177198679776866E+03
   6.9000000000000000E+08   1.7391846866920343E+01   5.7498206352197198E-02   2.9069607016369350E+03
   7.0000000000000000E+08   1.7327860368301838E+01   5.7710529675626766E-02   2.8962664841327564E+03
   7.1000000000000000E+08   1.7264266475049940E+01   5.7923109646458790E-02   2.8856383424180131E+03
   7.2000000000000000E+08   1.7201067904896071E+01   5.8135925369805823E-02   2.8750764990665220E+03
   7.3000000000000000E+08   1.7138266849399667E+01   5.8348957265479215E-02   2.8645810198762506E+03
   7.4000000000000000E+08   1.7075865119934985E+01   5.8562186628691740E-02   2.8541533021225860E+03
   7.5000000000000000E+08   1.7013863937520899E+01   5.8775596400220821E-02   2.8437924591554824E+03
   7.6000000000000000E+08   1.6952264236626313E+01   5.8989170180549950E-02   2.8334991798073966E+03
   7.7000000000000000E+08   1.6891066493524399E+01   5.9202892865490436E-02   2.8232727148912413E+03
   7.8000000000000000E+08   1.6830270977415459E+01   5.9416749815965543E-02   2.8131141792274880E+03
   7.9000000000000000E+08   1.6769877519761884E+01   5.9630727703382728E-02   2.8030226356477287E+03
   8.0000000000000000E+08   1.6709885783760367E+01   5.9844813599615264E-02   2.7929988095119052E+03
   8.1000000000000000E+08   1.6650295065432445E+01   6.0058995715703133E-02   2.7830416368273914E+03
   8.2000000000000000E+08   1.6591104496274674E+01   6.0273262712831309E-02   2.7731510765256171E+03
   8.3000000000000000E+08   1.6532313120513038E+01   6.0487603441239914E-02   2.7633291104148502E+03
   8.4000000000000000E+08   1.6473919461051523E+01   6.0702008551410669E-02   2.7535723708195924E+03
   8.5000000000000000E+08   1.6415922185543874E+01   6.0916468090998648E-02   2.7438826921232308E+03
   8.6000000000000000E+08   1.6358319609414014E+01   6.1130973344261617E-02   2.7342587358507735E+03
   8.7000000000000000E+08   1.6301109992838249E+01   6.1345515761769692E-02   2.7247006442052771E+03
   8.8000000000000000E+08   1.6244291420939390E+01   6.1560087423140508E-02   2.7152078208663729E+03
   8.9000000000000000E+08   1.6187861889083933E+01   6.1774680736208697E-02   2.7057801675509650E+03
   9.0000000000000000E+08   1.6131819271128879E+01   6.1989288572659652E-02   2.6964173492571267E+03
   9.1000000000000000E+08   1.6076161344680063E+01   6.2203904188291879E-02   2.6871190462594277E+03
   9.2000000000000000E+08   1.6020885792762719E+01   6.2418521231312973E-02   2.6778848107721801E+03
   9.3000000000000000E+08   1.5965990199368903E+01   6.2633133774535804E-02   2.6687138165099132E+03
   9.4000000000000000E+08   1.5911472131772859E+01   6.2847736005718025E-02   2.6596062061903381E+03
   9.5000000000000000E+08   1.5857329050311652E+01   6.3062322590849346E-02   2.6505613196906006E+03
   9.6000000000000000E+08   1.5803558379330614E+01   6.3276888406847323E-02   2.6415788551881865E+03
   9.7000000000000000E+08   1.5750157421351114E+01   6.3491428894824092E-02   2.6326571318834576E+03
   9.8000000000000000E+08   1.5697123660884156E+01   6.3705938846102844E-02   2.6237987468414613E+03
   9.9000000000000000E+08   1.5644454230453809E+01   6.3920414561562652E-02   2.6150003133553446E+03
   1.0000000000000000E+09   1.5592146443428909E+01   6.4134851710646673E-02   2.6062625101353428E+03
   1.1000000000000000E+09   1.5088339462286257E+01   6.6276345551445820E-02   2.5221065967082122E+03
   1.2000000000000000E+09   1.4617576447417903E+01   6.8410793239028586E-02   2.4434757454049109E+03
   1.3000000000000000E+09   1.4177062095322318E+01   7.0536475983267885E-02   2.3699013141425876E+03
   1.4000000000000000E+09   1.3764165654095841E+01   7.2652424064834423E-02   2.3009421969215068E+03
   1.5000000000000000E+09   1.3376472690846722E+01   7.4758123693122930E-02   2.2361945264907422E+03
   1.6000000000000000E+09   1.3011795752918122E+01   7.6853342842838027E-02   2.1752925962291552E+03
   1.7000000000000000E+09   1.2668165974881928E+01   7.8938024808229632E-02   2.1179066054391124E+03
   1.8000000000000000E+09   1.2343816576878620E+01   8.1012221282768776E-02   2.0637415057644562E+03
   1.9000000000000000E+09   1.2037163494270990E+01   8.3076050306697555E-02   2.0125323984060255E+03
   2.0000000000000000E+09   1.1746785960881025E+01   8.5129668943503822E-02   1.9640418927527567E+03
   2.1000000000000000E+09   1.1471408196631925E+01   8.7173255703132085E-02   1.9180568081697870E+03
   2.2000000000000000E+09   1.1209882742437308E+01   8.9206999125360634E-02   1.8743852615877795E+03
   2.3000000000000000E+09   1.0961175585135319E+01   9.1231090336343232E-02   1.8328543907437363E+03
   2.4000000000000000E+09   1.0724353028977610E+01   9.3245718161082736E-02   1.7933089482538210E+03
   2.5000000000000000E+09   1.0498570100614847E+01   9.5251066613484370E-02   1.7556070374771912E+03
   2.6000000000000000E+09   1.0283060501701069E+01   9.7247312688141407E-02   1.7196206785403438E+03
   2.7000000000000000E+09   1.0077127767461029E+01   9.9234625488126962E-02   1.6852337759769307E+03
   2.8000000000000000E+09   9.8801375440889174E+00   1.0121316586308857E-01   1.6523403732295260E+03
   2.9000000000000000E+09   9.6915108417213265E+00   1.0318308634553293E-01   1.6208433562487805E+03
   3.0000000000000000E+09   9.5107181515087245E+00   1.0514453105114528E-01   1.5906546148498001E+03
   3.1000000000000000E+09   9.3372742518222616E+00   1.0709763610133229E-01   1.5616934372915691E+03
   3.2000000000000000E+09   9.1707336435168934E+00   1.0904253016953933E-01   1.5338848237849024E+03
   3.3000000000000000E+09   9.0106865880687081E+00   1.1097933439657384E-01   1.5071612780436428E+03
   3.4000000000000000E+09   8.8567555086398428E+00   1.1290816360737195E-01   1.4814583694059907E+03
   3.5000000000000000E+09   8.7085919438557085E+00   1.1482912581586095E-01   1.4567187783104316E+03
   3.6000000000000000E+09   8.5658737233712241E+00   1.1674232335127580E-01   1.4328884188987972E+03
   3.7000000000000000E+09   8.4283025353588581E+00   1.1864785296977032E-01   1.4099175351762781E+03
   3.8000000000000000E+09   8.2956017346463167E+00   1.2054580631848948E-01   1.3877599702514435E+03
   3.9000000000000000E+09   8.1675143911587043E+00   1.2243627033978606E-01   1.3663727285385610E+03
   4.0000000000000000E+09   8.0438015506320202E+00   1.2431932758478209E-01   1.3457158374179248E+03
   4.1000000000000000E+09   7.9242406786086770E+00   1.2619505648023530E-01   1.3257523876695104E+03
   4.2000000000000000E+09   7.8086242547841769E+00   1.2806353172741300E-01   1.3064478164267578E+03
   4.3000000000000000E+09   7.6967585132992244E+00   1.2992482462222255E-01   1.2877695635885418E+03
   4.4000000000000000E+09   7.5884623150138504E+00   1.3177900324041800E-01   1.2696872227393001E+03
   4.5000000000000000E+09   7.4835661307318642E+00   1.3362613258582964E-01   1.2521727536559083E+03
   4.6000000000000000E+09   7.3819111059652229E+00   1.3546627501270148E-01   1.2351994667015160E+03
   4.7000000000000000E+09   7.2833482353165682E+00   1.3729949024695171E-01   1.2187426474609879E+03
   4.8000000000000000E+09   7.1877375950438749E+00   1.3912583574134998E-01   1.2027787482141500E+03
   4.9000000000000000E+09   7.0949476620197123E+00   1.4094536670836147E-01   1.1872858269482397E+03
   5.0000000000000000E+09   7.0048546837145196E+00   1.4275813634291157E-01   1.1722432219683865E+03
   5.1000000000000000E+09   6.9173421089265963E+00   1.4456419593727105E-01   1.1576315272507247E+03
   5.2000000000000000E+09   6.8323000648440404E+00   1.4636359505718327E-01   1.1434323868781003E+03
   5.3000000000000000E+09   6.7496248797198275E+00   1.4815638169828327E-01   1.1296282341285198E+03
   5.4000000000000000E+09   6.6692186579222090E+00   1.4994260216856489E-01   1.1162032193576922E+03
   5.5000000000000000E+09   6.5909888655088311E+00   1.5172230152490163E-01   1.1031417116066721E+03
   5.6000000000000000E+09   6.5148479711175833E+00   1.5349552352308476E-01   1.0904289051299215E+03
   5.7000000000000000E+09   6.4407131132452644E+00   1.5526231061953524E-01   1.0780510899919618E+03
   5.8000000000000000E+09   6.3685057877452680E+00   1.5702270412068578E-01   1.0659952999833861E+03
   5.9000000000000000E+09   6.2981515586497121E+00   1.5877674436503947E-01   1.0542488836119005E+03
   6.0000000000000000E+09   6.2295797993474116E+00   1.6052447070422896E-01   1.0427997737140151E+03
   6.1000000000000000E+09   6.1627234621073352E+00   1.6226592125197378E-01   1.0316377089022967E+03
   6.2000000000000000E+09   6.0975188231517574E+00   1.6400113374034792E-01   1.0207510570641274E+03
   6.3000000000000000E+09   6.0339053060024286E+00   1.6573014478785683E-01   1.0101298863205809E+03
   6.4000000000000000E+09   5.9718252816620074E+00   1.6745299013866863E-01   9.9976513040320992E+02
   6.5000000000000000E+09   5.9112238807887092E+00   1.6916970498274791E-01   9.8964754873503887E+02
   6.6000000000000000E+09   5.8520488304285454E+00   1.7088032396455075E-01   9.7976780884249990E+02
   6.7000000000000000E+09   5.7942503139014230E+00   1.7258488084313939E-01   9.7011797974375668E+02
   6.8000000000000000E+09   5.7377808163977688E+00   1.7428340886465044E-01   9.6069012322069989E+02
   6.9000000000000000E+09   5.6825949944223400E+00   1.7597594074213174E-01   9.5147652698460809E+02
   7.0000000000000000E+09   5.6286495561813386E+00   1.7766250856776258E-01   9.4247017481592138E+02
   7.1000000000000000E+09   5.5759031400190020E+00   1.7934314404116286E-01   9.3366390124295935E+02
   7.2000000000000000E+09   5.5243162148296978E+00   1.8101787825171189E-01   9.2505135603293127E+02
   7.3000000000000000E+09   5.4738509712075931E+00   1.8268674197744716E-01   9.1662593768563261E+02
   7.4000000000000000E+09   5.4244712371801986E+00   1.8434976540125039E-01   9.0838188321786697E+02
   7.5000000000000000E+09   5.3761423848132441E+00   1.8600697831680255E-01   9.0031362761415005E+02
   7.6000000000000000E+09   5.3288312427860758E+00   1.8765841034162112E-01   8.9241508005817218E+02
   7.7000000000000000E+09   5.2825060301129172E+00   1.8930409057737024E-01   8.8468092445062541E+02
   7.8000000000000000E+09   5.2371362844410525E+00   1.9094404760305525E-01   8.7710659082770724E+02
   7.9000000000000000E+09   5.1926927842891688E+00   1.9257830985602797E-01   8.6968705024181497E+02
   8.0000000000000000E+09   5.1491474907169739E+00   1.9420690547373676E-01   8.6241739446405597E+02
   8.1000000000000000E+09   5.1064734906892246E+00   1.9582986219811541E-01   8.5529321808299824E+02
   8.2000000000000000E+09   5.0646449384162544E+00   1.9744720748631717E-01   8.4831020157809564E+02
   8.3000000000000000E+09   5.0236370023185799E+00   1.9905896853981808E-01   8.4146414277333679E+02
   8.4000000000000000E+09   4.9834258185991942E+00   2.0066517219295002E-01   8.3475128466846456E+02
   8.5000000000000000E+09   4.9439884385791242E+00   2.0226584516192656E-01   8.2816755234337268E+02
   8.6000000000000000E+09   4.9053027912867195E+00   2.0386101379435706E-01   8.2170940399765243E+02
   8.7000000000000000E+09   4.8673476359168824E+00   2.0545070432628468E-01   8.1537299703505664E+02
   8.8000000000000000E+09   4.8301025316391559E+00   2.0703494251925075E-01   8.0915537073430050E+02
   8.9000000000000000E+09   4.7935477913606128E+00   2.0861375405546079E-01   8.0305324080927289E+02
   9.0000000000000000E+09   4.7576644475956549E+00   2.1018716452467820E-01   7.9706305401177406E+02
   9.1000000000000000E+09   4.7224342256623277E+00   2.1175519916526711E-01   7.9118172792633982E+02
   9.2000000000000000E+09   4.6878395109321902E+00   2.1331788293263210E-01   7.8540668172393885E+02
   9.3000000000000000E+09   4.6538633166264871E+00   2.1487524062586449E-01   7.7973512312956336E+02
   9.4000000000000000E+09   4.6204892532250890E+00   2.1642729702314595E-01   7.7416392956326843E+02
   9.5000000000000000E+09   4.5877015099851031E+00   2.1797407652252584E-01   7.6869067151416573E+02
   9.6000000000000000E+09   4.5554848244072472E+00   2.1951560339795856E-01   7.6331275450843236E+02
   9.7000000000000000E+09   4.5238244603720315E+00   2.2105190171719483E-01   7.5802780128853578E+02
   9.8000000000000000E+09   4.4927061833657760E+00   2.2258299545661267E-01   7.5283329685070862E+02
   9.9000000000000000E+09   4.4621162430914083E+00   2.2410890831189734E-01   7.4772704811998574E+02
   1.0000000000000000E+10   4.4320413495558668E+00   2.2562966387942429E-01   7.4270682101673742E+02
   1.1000000000000000E+10   4.1569905101286260E+00   2.4055864394288889E-01   6.9679595054975243E+02
   1.2000000000000000E+10   3.9216191462401162E+00   2.5499671505805405E-01   6.5751144388387581E+02
   1.3000000000000000E+10   3.7179539897850864E+00   2.6896513586436405E-01   6.2352198366075265E+02
   1.4000000000000000E+10   3.5400237615010006E+00   2.8248397959227017E-01   5.9383029299826774E+02
   1.5000000000000000E+10   3.3832676169847509E+00   2.9557224352569073E-01   5.6767474080823490E+02
   1.6000000000000000E+10   3.2441418240303088E+00   3.0824792941933277E-01   5.4446363119309081E+02
   1.7000000000000000E+10   3.1198511868320566E+00   3.2052810859078668E-01   5.2373006417641432E+02
   1.8000000000000000E+10   3.0081613415405024E+00   3.3242897785791387E-01   5.0510093925438571E+02
   1.9000000000000000E+10   2.9072648459267971E+00   3.4396591057090758E-01   4.8827452310891601E+02
   2.0000000000000000E+10   2.8156838929862582E+00   3.5515350373348198E-01   4.7300380773812657E+02
   2.1000000000000000E+10   2.7321984674715662E+00   3.6600562217774069E-01   4.5908515505298197E+02
   2.2000000000000000E+10   2.6557925032525551E+00   3.7653544046656429E-01   4.4634886820509098E+02
   2.3000000000000000E+10   2.5856129940670254E+00   3.8675548208282162E-01   4.3465239737460763E+02
   2.4000000000000000E+10   2.5209385552692920E+00   3.9667765718041392E-01   4.2387547098120160E+02
   2.5000000000000000E+10   2.4611549925773062E+00   4.0631329721855769E-01   4.1391547778913218E+02
   2.6000000000000000E+10   2.4057361093659835E+00   4.1567318880354831E-01   4.0468432785908749E+02
   2.7000000000000000E+10   2.3542285005171455E+00   4.2476760424076659E-01   3.9610636460028661E+02
   2.8000000000000000E+10   2.3062393902312976E+00   4.3360633082401218E-01   3.8811619653238591E+02
   2.9000000000000000E+10   2.2614268257405516E+00   4.4219869889998725E-01   3.8065650341536173E+02
   3.0000000000000000E+10   2.2194917174830811E+00   4.5055360744216116E-01   3.7367733675374546E+02
   3.1000000000000000E+10   2.1801713321803295E+00   4.5867954744635947E-01   3.6713490046195699E+02
   3.2000000000000000E+10   2.1432339259989326E+00   4.6658462609671209E-01   3.6099043938044497E+02
   3.3000000000000000E+10   2.1084743144332543E+00   4.7427658622855667E-01   3.5520972595253983E+02
   3.4000000000000000E+10   2.0757101673646283E+00   4.8176282783719476E-01   3.4976220486647344E+02
   3.5000000000000000E+10   2.0447789187389809E+00   4.8905042537151261E-01   3.4462086911736498E+02
   3.6000000000000000E+10   2.0155351564857344E+00   4.9614614599111706E-01   3.3976134939569931E+02
   3.7000000000000000E+10   1.9878484184539167E+00   5.0305646583342978E-01   3.3516179914149649E+02
   3.8000000000000000E+10   1.9616013203996523E+00   5.0978758507170174E-01   3.3080271378374209E+02
   3.9000000000000000E+10   1.9366879584108223E+00   5.1634544205074973E-01   3.2666642147548123E+02
   4.0000000000000000E+10   1.9130125345933724E+00   5.2273572802938217E-01   3.2273674917843073E+02
   4.1000000000000000E+10   1.8904881869918797E+00   5.2896389772801866E-01   3.1899942930460759E+02
   4.2000000000000000E+10   1.8690359617533510E+00   5.3503518416087381E-01   3.1544109992555559E+02
   4.3000000000000000E+10   1.8485839448447006E+00   5.4095460624808689E-01   3.1204978729048349E+02
   4.4000000000000000E+10   1.8290664823524698E+00   5.4672698321705693E-01   3.0881452903478220E+02
   4.5000000000000000E+10   1.8104235257663490E+00   5.5235694066486563E-01   3.0572533634456357E+02
   4.6000000000000000E+10   1.7926000363465440E+00   5.5784892319765689E-01   3.0277294781591343E+02
   4.7000000000000000E+10   1.7755454788814005E+00   5.6320720133285651E-01   2.9994896566841157E+02
   4.8000000000000000E+10   1.7592133710460500E+00   5.6843587961441411E-01   2.9724561782443556E+02
   4.9000000000000000E+10   1.7435608795684006E+00   5.7353890633720761E-01   2.9465573844565330E+02
   5.0000000000000000E+10   1.7285484751110676E+00   5.7852007878213851E-01   2.9217275523187789E+02
   5.1000000000000000E+10   1.7141396174213028E+00   5.8338305108680022E-01   2.8979053191846856E+02
   5.2000000000000000E+10   1.7003004806790858E+00   5.8813133993857869E-01   2.8750343524688788E+02
   5.3000000000000000E+10   1.6869996986366071E+00   5.9276833351433089E-01   2.8530620838296483E+02
   5.4000000000000000E+10   1.6742081538251876E+00   5.9729729407614340E-01   2.8319396482953022E+02
   5.5000000000000000E+10   1.6618987762821265E+00   6.0172136490594452E-01   2.8116231177200950E+02
   5.6000000000000000E+10   1.6500463633669757E+00   6.0604357683590548E-01   2.7920686911204109E+02
   5.7000000000000000E+10   1.6386274287550240E+00   6.1026685044553886E-01   2.7732377069983477E+02
   5.8000000000000000E+10   1.6276200522298612E+00   6.1439400345921447E-01   2.7550946923413744E+02
   5.9000000000000000E+10   1.6170037586629886E+00   6.1842775234291669E-01   2.7376038575115217E+02
   6.0000000000000000E+10   1.6067593916480620E+00   6.2237072034431651E-01   2.7207340447363771E+02
   6.1000000000000000E+10   1.5968690126726068E+00   6.2622543994785507E-01   2.7044549800847943E+02
   6.2000000000000000E+10   1.5873158155327052E+00   6.2999435286568906E-01   2.6887387687850014E+02
   6.3000000000000000E+10   1.5780840190432215E+00   6.3367982181727645E-01   2.6735588209201427E+02
   6.4000000000000000E+10   1.5691588130480136E+00   6.3728412426116987E-01   2.6588906984290247E+02
   6.5000000000000000E+10   1.5605262626152461E+00   6.4080946534288097E-01   2.6447108460894469E+02
   6.6000000000000000E+10   1.5521732634577678E+00   6.4425797270357932E-01   2.6309974797957256E+02
   6.7000000000000000E+10   1.5440874687832209E+00   6.4763170494999545E-01   2.6177298530387355E+02
   6.8000000000000000E+10   1.5362572379812631E+00   6.5093265325412686E-01   2.6048888252401269E+02
   6.9000000000000000E+10   1.5286715903592458E+00   6.5416274254497975E-01   2.5924562410808272E+02
   7.0000000000000000E+10   1.5213201585399165E+00   6.5732383442532427E-01   2.5804139914177529E+02
   7.1000000000000000E+10   1.5141931422026205E+00   6.6041773148262350E-01   2.5687462553836053E+02
   7.2000000000000000E+10   1.5072812750639730E+00   6.6344617726214206E-01   2.5574374101488570E+02
   7.3000000000000000E+10   1.5005757834445141E+00   6.6641086110595393E-01   2.5464730709914778E+02
   7.4000000000000000E+10   1.4940683607078007E+00   6.6931341717607862E-01   2.5358390235737579E+02
   7.5000000000000000E+10   1.4877511314393230E+00   6.7215542900145631E-01   2.5255226862505577E+02
   7.6000000000000000E+10   1.4816166223680636E+00   6.7493843204978565E-01   2.5155101194586300E+02
   7.7000000000000000E+10   1.4756577477259867E+00   6.7766391057887032E-01   2.5057914629416447E+02
   7.8000000000000000E+10   1.4698677707007344E+00   6.8033330611995613E-01   2.4963539268276622E+02
   7.9000000000000000E+10   1.4642402902508533E+00   6.8294801519816151E-01   2.4871869504350846E+02
   8.0000000000000000E+10   1.4587692233431833E+00   6.8550938969511344E-01   2.4782813432259306E+02
   8.1000000000000000E+10   1.4534487777219467E+00   6.8801874226853976E-01   2.4696271967432338E+02
   8.2000000000000000E+10   1.4482734352907913E+00   6.9047734746250822E-01   2.4612145186587080E+02
   8.3000000000000000E+10   1.4432379450167967E+00   6.9288643875585043E-01   2.4530346677448196E+02
   8.4000000000000000E+10   1.4383372982135738E+00   6.9524721443433890E-01   2.4450804878102559E+02
   8.5000000000000000E+10   1.4335667163116130E+00   6.9756083802843472E-01   2.4373422371290027E+02
   8.6000000000000000E+10   1.4289216444366402E+00   6.9982843628508085E-01   2.4298134566338973E+02
   8.7000000000000000E+10   1.4243977274117148E+00   7.0205110606088139E-01   2.4224871401534133E+02
   8.8000000000000000E+10   1.4199908055922552E+00   7.0422991195560336E-01   2.4153553221031743E+02
   8.9000000000000000E+10   1.4156969106744439E+00   7.0636588415213530E-01   2.4084115188019393E+02
   9.0000000000000000E+10   1.4115122358839902E+00   7.0846002930589436E-01   2.4016501159549242E+02
   9.1000000000000000E+10   1.4074331510377223E+00   7.1051331941604801E-01   2.3950648507031346E+02
   9.2000000000000000E+10   1.4034561776845358E+00   7.1252670079790470E-01   2.3886491488348625E+02
   9.3000000000000000E+10   1.3995779791444514E+00   7.1450109597415257E-01   2.3823986683975730E+02
   9.4000000000000000E+10   1.3957953646816992E+00   7.1643739856382371E-01   2.3763065144711737E+02
   9.5000000000000000E+10   1.3921052763862150E+00   7.1833647710603743E-01   2.3703691415002118E+02
   9.6000000000000000E+10   1.3885047770844885E+00   7.2019917864434657E-01   2.3645807257518140E+02
   9.7000000000000000E+10   1.3849910615113730E+00   7.2202632045058046E-01   2.3589368693737507E+02
   9.8000000000000000E+10   1.3815614172282116E+00   7.2381870797048786E-01   2.3534331799599116E+02
   9.9000000000000000E+10   1.3782132581389310E+00   7.2557711522115909E-01   2.3480646862652767E+02
   1.0000000000000000E+11   1.3749440933604864E+00   7.2730229892905007E-01   2.3428280839228381E+02
   1.1000000000000000E+11   1.3461134054542196E+00   7.4287946019122342E-01   2.2968856470674811E+02
   1.2000000000000000E+11   1.3230439777527914E+00   7.5583277412933325E-01   2.2605224513413233E+02
   1.3000000000000000E+11   1.3043647308934052E+00   7.6665673052587446E-01   2.2314494856878895E+02
   1.4000000000000000E+11   1.2890960492391217E+00   7.7573738635708478E-01   2.2080304865651601E+02
   1.5000000000000000E+11   1.2765205087583036E+00   7.8337950165228420E-01   2.1890692814733509E+02
   1.6000000000000000E+11   1.2661015466028356E+00   7.8982606306987713E-01   2.1736693168696493E+02
   1.7000000000000000E+11   1.2574304684063120E+00   7.9527260164724378E-01   2.1611499175433747E+02
   1.8000000000000000E+11   1.2501910726161007E+00   7.9987773221531611E-01   2.1509839095097507E+02
   1.9000000000000000E+11   1.2441352371549712E+00   8.0377114170220931E-01   2.1427580581068648E+02
   2.0000000000000000E+11   1.2390659137690685E+00   8.0705956712031357E-01   2.1361440061666167E+02
   2.1000000000000000E+11   1.2348248640085502E+00   8.0983144180766675E-01   2.1308782614748549E+02
   2.2000000000000000E+11   1.2312837201028783E+00   8.1216049857009920E-01   2.1267479951833459E+02
   2.3000000000000000E+11   1.2283375071296949E+00   8.1410849558501219E-01   2.1235782024032156E+02
   2.4000000000000000E+11   1.2258996258458099E+00   8.1572746978371069E-01   2.1212261229500817E+02
   2.5000000000000000E+11   1.2238981044201405E+00   8.1706148280520552E-01   2.1195724806232565E+02
   2.6000000000000000E+11   1.2222727976715624E+00   8.1814796329019734E-01   2.1185166774185723E+02
   2.7000000000000000E+11   1.2209730888805432E+00   8.1901887036417520E-01   2.1179760777908456E+02
   2.8000000000000000E+11   1.2199560898419379E+00   8.1970163379369165E-01   2.1178799338392611E+02
   2.9000000000000000E+11   1.2191853860842439E+00   8.2021980530112892E-01   2.1181676659045419E+02
   3.0000000000000000E+11   1.2186298280797592E+00   8.2059373318946061E-01   2.1187881619674312E+02
   3.1000000000000000E+11   1.2182627011178784E+00   8.2084102146638793E-01   2.1196983146526381E+02
   3.2000000000000000E+11   1.2180609304303465E+00   8.2097699303654348E-01   2.1208592387023731E+02
   3.3000000000000000E+11   1.2180045719262547E+00   8.2101498060759837E-01   2.1222391122684749E+02
   3.4000000000000000E+11   1.2180763374869288E+00   8.2096660876209759E-01   2.1238096944051256E+02
   3.5000000000000000E+11   1.2182611518752406E+00   8.2084206531639281E-01   2.1255465985032407E+02
   3.6000000000000000E+11   1.2185457814250242E+00   8.2065033193135639E-01   2.1274275845554314E+02
   3.7000000000000000E+11   1.2189187255207958E+00   8.2039924324957736E-01   2.1294348662361074E+02
   3.8000000000000000E+11   1.2193697937699992E+00   8.2009576185107869E-01   2.1315517736001587E+02
   3.9000000000000000E+11   1.2198899991731798E+00   8.1974604323158873E-01   2.1337642771838122E+02
   4.0000000000000000E+11   1.2204715463783660E+00   8.1935543927050636E-01   2.1360588866043582E+02
   4.1000000000000000E+11   1.2211073792323890E+00   8.1892879938914054E-01   2.1384251532731167E+02
   4.2000000000000000E+11   1.2217913054076723E+00   8.1847038489632440E-01   2.1408532817250986E+02
   4.3000000000000000E+11   1.2225177555547693E+00   8.1798402964397665E-01   2.1433343523777455E+02
   4.4000000000000000E+11   1.2232818938092782E+00   8.1747306574285816E-01   2.1458602967175537E+02
   4.5000000000000000E+11   1.2240793130906746E+00   8.1694052771392955E-01   2.1484248443980010E+02
   4.6000000000000000E+11   1.2249061717728964E+00   8.1638906150062662E-01   2.1510220231928298E+02
   4.7000000000000000E+11   1.2257587645423056E+00   8.1582121125880502E-01   2.1536452950810940E+02
   4.8000000000000000E+11   1.2266341903173994E+00   8.1523897498833275E-01   2.1562912702294722E+02
   4.9000000000000000E+11   1.2275295672941977E+00   8.1464432844926638E-01   2.1589549316783427E+02
   5.0000000000000000E+11   1.2284422302381508E+00   8.1403909389059026E-01   2.1616321624631505E+02
   5.1000000000000000E+11   1.2293701058444735E+00   8.1342469224358160E-01   2.1643200699153721E+02
   5.2000000000000000E+11   1.2303110006843121E+00   8.1280261612209392E-01   2.1670150975641110E+02
   5.3000000000000000E+11   1.2312631587282770E+00   8.1217406117540347E-01   2.1697151184107781E+02
   5.4000000000000000E+11   1.2322249559839225E+00   8.1154012921407492E-01   2.1724178047964645E+02
   5.5000000000000000E+11   1.2331946733912227E+00   8.1090197807135433E-01   2.1751201055061256E+02
   5.6000000000000000E+11   1.2341712356857450E+00   8.1026033591227575E-01   2.1778204199194630E+02
   5.7000000000000000E+11   1.2351532975435986E+00   8.0961610351422963E-01   2.1805176290044105E+02
   5.8000000000000000E+11   1.2361397665580089E+00   8.0897001055509099E-01   2.1832092502753520E+02
   5.9000000000000000E+11   1.2371296297118579E+00   8.0832273028082913E-01   2.1858944655035918E+02
   6.0000000000000000E+11   1.2381219503776626E+00   8.0767488186036240E-01   2.1885722186283115E+02
   6.1000000000000000E+11   1.2391159491302748E+00   8.0702697814671165E-01   2.1912405574314636E+02
   6.2000000000000000E+11   1.2401108548846400E+00   8.0637952329916840E-01   2.1938994086065233E+02
   6.3000000000000000E+11   1.2411060410834989E+00   8.0573292442198530E-01   2.1965472907395230E+02
   6.4000000000000000E+11   1.2421009646711594E+00   8.0508753188573978E-01   2.1991838575085379E+02
   6.5000000000000000E+11   1.2430948255135952E+00   8.0444386017522174E-01   2.2018083477504408E+02
   6.6000000000000000E+11   1.2440875231859281E+00   8.0380196840102125E-01   2.2044197917070497E+02
   6.7000000000000000E+11   1.2450782418993138E+00   8.0316237674713742E-01   2.2070182355854286E+02
   6.8000000000000000E+11   1.2460668048321026E+00   8.0252519056130545E-01   2.2096027734432369E+02
   6.9000000000000000E+11   1.2470526246251521E+00   8.0189077850711177E-01   2.2121730087867826E+02
   7.0000000000000000E+11   1.2480357436804983E+00   8.0125910260467970E-01   2.2147289158423538E+02
   7.1000000000000000E+11   1.2490152675918906E+00   8.0063072561795545E-01   2.2172696951825202E+02
   7.2000000000000000E+11   1.2499916706098657E+00   8.0000533084520820E-01   2.2197956699012357E+02
   7.3000000000000000E+11   1.2509639971133764E+00   7.9938351727749124E-01   2.2223060730813620E+02
   7.4000000000000000E+11   1.2519326065904712E+00   7.9876504113381352E-01   2.2248008619520132E+02
   7.5000000000000000E+11   1.2528969302444060E+00   7.9815025151743924E-01   2.2272804198689454E+02
   7.6000000000000000E+11   1.2538570637795092E+00   7.9753907274382130E-01   2.2297441919359301E+02
   7.7000000000000000E+11   1.2548127032327627E+00   7.9693168344862075E-01   2.2321919675396700E+02
   7.8000000000000000E+11   1.2557635719410720E+00   7.9632824390205048E-01   2.2346234232517224E+02
   7.9000000000000000E+11   1.2567098371460810E+00   7.9572863237145119E-01   2.2370396478624917E+02
   8.0000000000000000E+11   1.2576512197106269E+00   7.9513301011236670E-01   2.2394395672213605E+02
   8.1000000000000000E+11   1.2585877388850533E+00   7.9454134908852003E-01   2.2418234481153735E+02
   8.2000000000000000E+11   1.2595192038967211E+00   7.9395375386590683E-01   2.2441913631963106E+02
   8.3000000000000000E+11   1.2604454603988802E+00   7.9337030551368759E-01   2.2465430942620128E+02
   8.4000000000000000E+11   1.2613667585954211E+00   7.9279083041124165E-01   2.2488790698491292E+02
   8.5000000000000000E+11   1.2622827337615179E+00   7.9221554193335686E-01   2.2511990913218355E+02
   8.6000000000000000E+11   1.2631934217294571E+00   7.9164440124370272E-01   2.2535032610152211E+02
   8.7000000000000000E+11   1.2640988504607402E+00   7.9107737471283912E-01   2.2557913304547077E+02
   8.8000000000000000E+11   1.2649992238191368E+00   7.9051431903722269E-01   2.2580644370758890E+02
   8.9000000000000000E+11   1.2658941605279632E+00   7.8995545692614044E-01   2.2603215359290809E+02
   9.0000000000000000E+11   1.2667836042822149E+00   7.8940080738305762E-01   2.2625628017119749E+02
   9.1000000000000000E+11   1.2676679007191349E+00   7.8885013924602054E-01   2.2647892248180793E+02
   9.2000000000000000E+11   1.2685466312568892E+00   7.8830369760171115E-01   2.2669997443032375E+02
   9.3000000000000000E+11   1.2694200942278520E+00   7.8776128134970835E-01   2.2691955325973868E+02
   9.4000000000000000E+11   1.2702880667827805E+00   7.8722301354264423E-01   2.2713755262265730E+02
   9.5000000000000000E+11   1.2711510461564302E+00   7.8668857097958000E-01   2.2735414117151620E+02
   9.6000000000000000E+11   1.2720084281528985E+00   7.8615831300120742E-01   2.2756918654109046E+02
   9.7000000000000000E+11   1.2728606812878223E+00   7.8563193497991146E-01   2.2778277604786163E+02
   9.8000000000000000E+11   1.2737073765678750E+00   7.8510968719879348E-01   2.2799487622231558E+02
   9.9000000000000000E+11   1.2745489455909897E+00   7.8459128890990903E-01   2.2820552215455513E+02
   1.0000000000000000E+12   1.2753852844497187E+00   7.8407679012186737E-01   2.2841477233394571E+02
   1.1000000000000000E+12   1.2834654961861249E+00   7.7914054017933854E-01   2.3043078581285673E+02
   1.2000000000000000E+12   1.2910562688749962E+00   7.7455957893406346E-01   2.3231749360779662E+02
   1.3000000000000000E+12   1.2981951193210792E+00   7.7030023077191434E-01   2.3408755076801228E+02
   1.4000000000000000E+12   1.3049229568754797E+00   7.6632876656136850E-01   2.3575282025676097E+02
   1.5000000000000000E+12   1.3112764520178497E+00   7.6261569287022302E-01   2.3732371389310970E+02
   1.6000000000000000E+12   1.3172894784632920E+00   7.5913458381719434E-01   2.3880947863810471E+02
   1.7000000000000000E+12   1.3229938324451445E+00   7.5586142238608156E-01   2.4021830480138840E+02
   1.8000000000000000E+12   1.3284161413215110E+00   7.5277615868563463E-01   2.4155728127026632E+02
   1.9000000000000000E+12   1.3335817887220334E+00   7.4986026988138210E-01   2.4283272701884354E+02
   2.0000000000000000E+12   1.3385120158646764E+00   7.4709826146312319E-01   2.4405012107720020E+02
   2.1000000000000000E+12   1.3432252954655723E+00   7.4447674814923159E-01   2.4521426898885642E+02
   2.2000000000000000E+12   1.3477406862325598E+00   7.4198249723793297E-01   2.4632962393308190E+02
   2.3000000000000000E+12   1.3520730903490368E+00   7.3960498669628194E-01   2.4739998955935124E+02
   2.4000000000000000E+12   1.3562333441436987E+00   7.3733624403061859E-01   2.4842848934522735E+02
   2.5000000000000000E+12   1.3602381358729716E+00   7.3516539025589200E-01   2.4941864109373765E+02
   2.6000000000000000E+12   1.3640963522508962E+00   7.3308604509490816E-01   2.5037290074631355E+02
   2.7000000000000000E+12   1.3678178905084368E+00   7.3109147565564181E-01   2.5129375451110465E+02
   2.8000000000000000E+12   1.3714107239164779E+00   7.2917615602727526E-01   2.5218333013664571E+02
   2.9000000000000000E+12   1.3748875028464831E+00   7.2733223476805287E-01   2.5304403952147536E+02
   3.0000000000000000E+12   1.3782501474783777E+00   7.2555769490000244E-01   2.5387722618313705E+02
   3.1000000000000000E+12   1.3815065063219276E+00   7.2384747768026336E-01   2.5468465867546945E+02
   3.2000000000000000E+12   1.3846672531693023E+00   7.2219516834181308E-01   2.5546821925530233E+02
   3.3000000000000000E+12   1.3877350885037485E+00   7.2059862742117220E-01   2.5622906881937149E+02
   3.4000000000000000E+12   1.3907129715810964E+00   7.1905563580319798E-01   2.5696827486863589E+02
   3.5000000000000000E+12   1.3936110200679228E+00   7.1756034187449336E-01   2.5768747677903372E+02
   3.6000000000000000E+12   1.3964241450027373E+00   7.1611480192362331E-01   2.5838694161152472E+02
   3.7000000000000000E+12   1.3991680663361581E+00   7.1471042261462281E-01   2.5906865760394226E+02
   3.8000000000000000E+12   1.4018431938520644E+00   7.1334654573750389E-01   2.5973327623379481E+02
   3.9000000000000000E+12   1.4044434394226941E+00   7.1202582598203945E-01   2.6038081239149955E+02
   4.0000000000000000E+12   1.4069895697140302E+00   7.1073732280989799E-01   2.6101356740021339E+02
   4.1000000000000000E+12   1.4094658157505016E+00   7.0948865082444568E-01   2.6163069233275951E+02
   4.2000000000000000E+12   1.4118871738650900E+00   7.0827189205385699E-01   2.6223389219956709E+02
   4.3000000000000000E+12   1.4142564372663939E+00   7.0708534438980031E-01   2.6282383167677062E+02
   4.4000000000000000E+12   1.4165723188247548E+00   7.0592936676162099E-01   2.6340074110861406E+02
   4.5000000000000000E+12   1.4188334613247697E+00   7.0480435319469892E-01   2.6396502427986223E+02
   4.6000000000000000E+12   1.4210476825943352E+00   7.0370615444398776E-01   2.6451753674351193E+02
   4.7000000000000000E+12   1.4232100811185611E+00   7.0263695660029180E-01   2.6505825767649128E+02
   4.8000000000000000E+12   1.4253323652660430E+00   7.0159074779260122E-01   2.6558843914642949E+02
   4.9000000000000000E+12   1.4274103922328969E+00   7.0056937054780788E-01   2.6610805842576809E+02
   5.0000000000000000E+12   1.4294593589723326E+00   6.9956518436377269E-01   2.6661863110198112E+02
   5.1000000000000000E+12   1.4314522392428923E+00   6.9859124362326541E-01   2.6711817106753881E+02
   5.2000000000000000E+12   1.4334151868448017E+00   6.9763457871628631E-01   2.6760910237869615E+02
   5.3000000000000000E+12   1.4353358789860109E+00   6.9670104025160118E-01   2.6809060049983452E+02
   5.4000000000000000E+12   1.4372229441139119E+00   6.9578627595353904E-01   2.6856363030224759E+02
   5.5000000000000000E+12   1.4390867481481389E+00   6.9488514246054378E-01   2.6902925306919661E+02
   5.6000000000000000E+12   1.4409017003504858E+00   6.9400986879032733E-01   2.6948552239295896E+02
   5.7000000000000000E+12   1.4426994011001479E+00   6.9314508568967170E-01   2.6993525589766057E+02
   5.8000000000000000E+12   1.4444511598234535E+00   6.9230447370904813E-01   2.7037624212662899E+02
   5.9000000000000000E+12   1.4461790460802075E+00   6.9147731237736276E-01   2.7081047784946406E+02
   6.0000000000000000E+12   1.4478818099674136E+00   6.9066410884912388E-01   2.7123803271474532E+02
   6.1000000000000000E+12   1.4495600379355007E+00   6.8986449255611715E-01   2.7165909841787584E+02
   6.2000000000000000E+12   1.4512069416433639E+00   6.8908159911886058E-01   2.7207325353551983E+02
   6.3000000000000000E+12   1.4528242505375990E+00   6.8831450165425234E-01   2.7248076465392097E+02
   6.4000000000000000E+12   1.4544156153909900E+00   6.8756137476643531E-01   2.7288208362285712E+02
   6.5000000000000000E+12   1.4559900167075890E+00   6.8681789608783650E-01   2.7327807112803839E+02
   6.6000000000000000E+12   1.4575468692708478E+00   6.8608428386269327E-01   2.7366880573323022E+02
   6.7000000000000000E+12   1.4590662552462978E+00   6.8536983595114054E-01   2.7405274461419862E+02
   6.8000000000000000E+12   1.4605599791156236E+00   6.8466890391280277E-01   2.7443096485044907E+02
   6.9000000000000000E+12   1.4620515185284513E+00   6.8397042602609237E-01   2.7480554350445908E+02
   7.0000000000000000E+12   1.4635051593902104E+00   6.8329106568825759E-01   2.7517358877257436E+02
   7.1000000000000000E+12   1.4649367658879999E+00   6.8262332087339672E-01   2.7553652331300725E+02
   7.2000000000000000E+12   1.4663660828207077E+00   6.8195794468758864E-01   2.7589609623277374E+02
   7.3000000000000000E+12   1.4677755362707645E+00   6.8130308435357889E-01   2.7625092352319587E+02
   7.4000000000000000E+12   1.4691490710422159E+00   6.8066612143762861E-01   2.7659974108363252E+02
   7.5000000000000000E+12   1.4705037918437958E+00   6.8003904889367683E-01   2.7694406258513595E+02
   7.6000000000000000E+12   1.4718557477806828E+00   6.7941440695383104E-01   2.7728529916916528E+02
   7.7000000000000000E+12   1.4731787114028427E+00   6.7880427015385292E-01   2.7762134622251773E+02
   7.8000000000000000E+12   1.4744995475501081E+00   6.7819620674791492E-01   2.7795451194025731E+02
   7.9000000000000000E+12   1.4757882209110784E+00   6.7760399888721823E-01   2.7828236682770915E+02
   8.0000000000000000E+12   1.4770507696396575E+00   6.7702479871017629E-01   2.7860547778056991E+02
   8.1000000000000000E+12   1.4783137066333643E+00   6.7644641019892104E-01   2.7892611764651207E+02
   8.2000000000000000E+12   1.4795784817330970E+00   6.7586816944556738E-01   2.7924447547527626E+02
   8.3000000000000000E+12   1.4808025971169452E+00   6.7530945849700319E-01   2.7955705461225909E+02
   8.4000000000000000E+12   1.4820283350549859E+00   6.7475093177816903E-01   2.7986744640230143E+02
   8.5000000000000000E+12   1.4832253136427753E+00   6.7420640060680848E-01   2.8017317975967535E+02
   8.6000000000000000E+12   1.4844240652529883E+00   6.7366194297690229E-01   2.8047684640941719E+02
   8.7000000000000000E+12   1.4855666504375284E+00   6.7314381330886808E-01   2.8077365255469431E+02
   8.8000000000000000E+12   1.4867424973831416E+00   6.7261143187884187E-01   2.8107113209551324E+02
   8.9000000000000000E+12   1.4878818007591375E+00   6.7209639871244253E-01   2.8136350858723586E+02
   9.0000000000000000E+12   1.4890347957599892E+00   6.7157597851137496E-01   2.8165500631744362E+02
   9.1000000000000000E+12   1.4901639128233375E+00   6.7106711643912464E-01   2.8194254248000664E+02
   9.2000000000000000E+12   1.4912496663961479E+00   6.7057852386090788E-01   2.8222452514985110E+02
   9.3000000000000000E+12   1.4923579030659990E+00   6.7008054699582043E-01   2.8250650798417945E+02
   9.4000000000000000E+12   1.4934583034360751E+00   6.6958682254419122E-01   2.8278598507918969E+02
   9.5000000000000000E+12   1.4945386705829518E+00   6.6910279384737870E-01   2.8306199826200526E+02
   9.6000000000000000E+12   1.4955759936371968E+00   6.6863870793220581E-01   2.8333264513482942E+02
   9.7000000000000000E+12   1.4966371549262081E+00   6.6816462274004240E-01   2.8360354906268844E+02
   9.8000000000000000E+12   1.4976905495778445E+00   6.6769467182781594E-01   2.8387212696961927E+02
   9.9000000000000000E+12   1.4987258422993663E+00   6.6723344041748556E-01   2.8413753902716797E+02
   1.0000000000000000E+13   1.4997416851986980E+00   6.6678149301925416E-01   2.8439969464030366E+02
   1.1000000000000000E+13   1.5094446698297621E+00   6.6249530041586879E-01   2.8690088213112540E+02
   1.2000000000000000E+13   1.5183097101850178E+00   6.5862715182012666E-01   2.8920095828876413E+02
   1.3000000000000000E+13   1.5264134135461667E+00   6.5513051125304134E-01   2.9132797066762743E+02
   1.4000000000000000E+13   1.5340027505485572E+00   6.5188931352463453E-01   2.9331937601794516E+02
   1.5000000000000000E+13   1.5410518392918786E+00   6.4890743744188739E-01   2.9518634556536574E+02
   1.6000000000000000E+13   1.5475805346186109E+00   6.4616992630140724E-01   2.9694123998355997E+02
   1.7000000000000000E+13   1.5537611203417567E+00   6.4359957712163995E-01   2.9860715865652213E+02
   1.8000000000000000E+13   1.5595847092456210E+00   6.4119633519855757E-01   3.0019053682155533E+02
   1.9000000000000000E+13   1.5650938618269241E+00   6.3893931500868995E-01   3.0170092425994818E+02
   2.0000000000000000E+13   1.5703207762690972E+00   6.3681256410291276E-01   3.0314600785467343E+02
   2.1000000000000000E+13   1.5752929475370940E+00   6.3480256263665702E-01   3.0453235686060265E+02
   2.2000000000000000E+13   1.5800340410130391E+00   6.3289775665772996E-01   3.0586557522959089E+02
   2.3000000000000000E+13   1.5845645718431993E+00   6.3108819783644332E-01   3.0715045822720282E+02
   2.4000000000000000E+13   1.5889024402025960E+00   6.2936526164091822E-01   3.0839120975164684E+02
   2.5000000000000000E+13   1.5930633571803015E+00   6.2772142457032298E-01   3.0959146994808384E+02
   2.6000000000000000E+13   1.5970611882002770E+00   6.2615008578781939E-01   3.1075440558503823E+02
   2.7000000000000000E+13   1.6009082303686724E+00   6.2464542378529131E-01   3.1188285628141944E+02
   2.8000000000000000E+13   1.6046154414657967E+00   6.2320227897502489E-01   3.1297930322867632E+02
   2.9000000000000000E+13   1.6081926265184967E+00   6.2181605829449349E-01   3.1404592856477774E+02
   3.0000000000000000E+13   1.6116485947524741E+00   6.2048265562108196E-01   3.1508471219329715E+02
   3.1000000000000000E+13   1.6149912893234613E+00   6.1919838615285150E-01   3.1609742562700035E+02
   3.2000000000000000E+13   1.6182278979330529E+00   6.1795993090793366E-01   3.1708562406147126E+02
   3.3000000000000000E+13   1.6213649451086114E+00   6.1676429049291703E-01   3.1805077114864844E+02
   3.4000000000000000E+13   1.6244083715372293E+00   6.1560874563436796E-01   3.1899410619075923E+02
   3.5000000000000000E+13   1.6273636018863276E+00   6.1449082358783813E-01   3.1991683963593368E+02
   3.6000000000000000E+13   1.6302356025107563E+00   6.1340826961445416E-01   3.2082000479416905E+02
   3.7000000000000000E+13   1.6330289320622100E+00   6.1235902216207971E-01   3.2170461338734901E+02
   3.8000000000000000E+13   1.6357477846199426E+00   6.1134119171822376E-01   3.2257151636864961E+02
   3.9000000000000000E+13   1.6383960274149076E+00   6.1035304240685884E-01   3.2342153671800014E+02
   4.0000000000000000E+13   1.6409772344334947E+00   6.0939297573206397E-01   3.2425543329681045E+02
   4.1000000000000000E+13   1.6434947151060175E+00   6.0845951666810971E-01   3.2507390445705340E+02
   4.2000000000000000E+13   1.6459515397976354E+00   6.0755130137242497E-01   3.2587760444535081E+02
   4.3000000000000000E+13   1.6483505613451686E+00   6.0666706673362658E-01   3.2666708567357512E+02
   4.4000000000000000E+13   1.6506944375572112E+00   6.0580563988563219E-01   3.2744294032460539E+02
   4.5000000000000000E+13   1.6529856455650234E+00   6.0496593100067741E-01   3.2820567865125679E+02
   4.6000000000000000E+13   1.6552265004029305E+00   6.0414692476018894E-01   3.2895579075581588E+02
   4.7000000000000000E+13   1.6574191668218770E+00   6.0334767451586391E-01   3.2969369497932678E+02
   4.8000000000000000E+13   1.6595656734480275E+00   6.0256729576861612E-01   3.3041983921991567E+02
   4.9000000000000000E+13   1.6616679238982675E+00   6.0180496091782498E-01   3.3113460779482125E+02
   5.0000000000000000E+13   1.6637277056860462E+00   6.0105989494695899E-01   3.3183839142311530E+02
   5.1000000000000000E+13   1.6657467004294293E+00   6.0033137075534970E-01   3.3253152906343325E+02
   5.2000000000000000E+13   1.6677264915699226E+00   5.9961870549807317E-01   3.3321435151133494E+02
   5.3000000000000000E+13   1.6696685730953915E+00   5.9892125665760387E-01   3.3388719752377824E+02
   5.4000000000000000E+13   1.6715743541272572E+00   5.9823841968555946E-01   3.3455034313061378E+02
   5.5000000000000000E+13   1.6734451661995031E+00   5.9756962474669051E-01   3.3520407866252305E+02
   5.6000000000000000E+13   1.6752822700325960E+00   5.9691433371436753E-01   3.3584868402954646E+02
   5.7000000000000000E+13   1.6770868585808330E+00   5.9627203855512279E-01   3.3648439552694458E+02
   5.8000000000000000E+13   1.6788600622644081E+00   5.9564225898090817E-01   3.3711146648632678E+02
   5.9000000000000000E+13   1.6806029543522385E+00   5.9502454009753547E-01   3.3773013436637382E+02
   6.0000000000000000E+13   1.6823165538221232E+00   5.9441845099131885E-01   3.3834061608733532E+02
   6.1000000000000000E+13   1.6840018282979927E+00   5.9382358332157648E-01   3.3894315153881917E+02
   6.2000000000000000E+13   1.6856596994601498E+00   5.9323954907402754E-01   3.3953790436511377E+02
   6.3000000000000000E+13   1.6872910440423432E+00   5.9266597990364533E-01   3.4012509225161790E+02
   6.4000000000000000E+13   1.6888966974190269E+00   5.9210252558856968E-01   3.4070490948447406E+02
   6.5000000000000000E+13   1.6904774556997861E+00   5.9154885303456617E-01   3.4127750082444840E+02
   6.6000000000000000E+13   1.6920340799883034E+00   5.9100464454410573E-01   3.4184308224563176E+02
   6.7000000000000000E+13   1.6935672954327083E+00   5.9046959792908560E-01   3.4240180457082459E+02
   6.8000000000000000E+13   1.6950777958128664E+00   5.8994342470308558E-01   3.4295383456595539E+02
   6.9000000000000000E+13   1.6965662441424922E+00   5.8942584968465961E-01   3.4349930380972773E+02
   7.0000000000000000E+13   1.6980332756879755E+00   5.8891660977305638E-01   3.4403838254983316E+02
   7.1000000000000000E+13   1.6994794968989999E+00   5.8841545415797980E-01   3.4457119772071059E+02
   7.2000000000000000E+13   1.7009054905379237E+00   5.8792214239001772E-01   3.4509790806744252E+02
   7.3000000000000000E+13   1.7023118145340839E+00   5.8743644464084055E-01   3.4561865215825821E+02
   7.4000000000000000E+13   1.7036990039478777E+00   5.8695814089387921E-01   3.4613352664360065E+02
   7.5000000000000000E+13   1.7050675728566382E+00   5.8648702017399745E-01   3.4664268672732459E+02
   7.6000000000000000E+13   1.7064180137594429E+00   5.8602288064041275E-01   3.4714621691953147E+02
   7.7000000000000000E+13   1.7077508015481619E+00   5.8556552811654361E-01   3.4764428129282464E+02
   7.8000000000000000E+13   1.7090663917180293E+00   5.8511477660897404E-01   3.4813696719590587E+02
   7.9000000000000000E+13   1.7103652211039020E+00   5.8467044796115608E-01   3.4862438204971284E+02
   8.0000000000000000E+13   1.7116477129332548E+00   5.8423237003968398E-01   3.4910664782132989E+02
   8.1000000000000000E+13   1.7129142722131230E+00   5.8380037823374431E-01   3.4958385269082487E+02
   8.2000000000000000E+13   1.7141652903430431E+00   5.8337431380370419E-01   3.5005611087236548E+02
   8.3000000000000000E+13   1.7154011439249708E+00   5.8295402421845344E-01   3.5052350986534685E+02
   8.4000000000000000E+13   1.7166221958072978E+00   5.8253936273363716E-01   3.5098614139911922E+02
   8.5000000000000000E+13   1.7178287974379969E+00   5.8213018753173740E-01   3.5144411244093220E+02
   8.6000000000000000E+13   1.7190212857064708E+00   5.8172636273612366E-01   3.5189747893984838E+02
   8.7000000000000000E+13   1.7201999874621374E+00   5.8132775682397841E-01   3.5234637808190791E+02
   8.8000000000000000E+13   1.7213652173475933E+00   5.8093424331001298E-01   3.5279085053552973E+02
   8.9000000000000000E+13   1.7225172809406015E+00   5.8054569963671887E-01   3.5323098731597872E+02
   9.0000000000000000E+13   1.7236564713342972E+00   5.8016200828340903E-01   3.5366687986161156E+02
   9.1000000000000000E+13   1.7247830732844123E+00   5.7978305532402608E-01   3.5409860705174884E+02
   9.2000000000000000E+13   1.7258973622999609E+00   5.7940873069496013E-01   3.5452622981796469E+02
   9.3000000000000000E+13   1.7269996045563114E+00   5.7903892818603919E-01   3.5494982409853287E+02
   9.4000000000000000E+13   1.7280900576742078E+00   5.7867354514259206E-01   3.5536948733113246E+02
   9.5000000000000000E+13   1.7291689708092988E+00   5.7831248240128463E-01   3.5578524843150126E+02
   9.6000000000000000E+13   1.7302365860859910E+00   5.7795564377824404E-01   3.5619719616829315E+02
   9.7000000000000000E+13   1.7312931376897374E+00   5.7760293634295501E-01   3.5660540183293830E+02
   9.8000000000000000E+13   1.7323388522270355E+00   5.7725427026844911E-01   3.5700992282379656E+02
   9.9000000000000000E+13   1.7333739495918195E+00   5.7690955851475867E-01   3.5741082332303495E+02
   1.0000000000000000E+14   1.7343986439385979E+00   5.7656871647980990E-01   3.5780816524250770E+02
