   1.0000000000000000E+03   0.0000000000000000E+00   1.0000000000000000E+30   0.0000000000000000E+00
   2.0000000000000000E+03   0.0000000000000000E+00   1.0000000000000000E+30   0.0000000000000000E+00
   3.0000000000000000E+03   0.0000000000000000E+00   1.0000000000000000E+30   0.0000000000000000E+00
   4.0000000000000000E+03   0.0000000000000000E+00   1.0000000000000000E+30   0.0000000000000000E+00
   5.0000000000000000E+03   0.0000000000000000E+00   1.0000000000000000E+30   0.0000000000000000E+00
   5.9890000000000000E+03   0.0000000000000000E+00   1.0000000000000000E+30   0.0000000000000000E+00
   5.9910000000000009E+03   0.0000000000000000E+00   1.0000000000000000E+30   0.0000000000000000E+00
   6.0000000000000000E+03   0.0000000000000000E+00   1.0000000000000000E+30   0.0000000000000000E+00
   7.0000000000000000E+03   0.0000000000000000E+00   1.0000000000000000E+30   0.0000000000000000E+00
   8.0000000000000000E+03   0.0000000000000000E+00   1.0000000000000000E+30   0.0000000000000000E+00
   9.0000000000000000E+03   0.0000000000000000E+00   1.0000000000000000E+30   0.0000000000000000E+00
   9.0690000000000000E+03   0.0000000000000000E+00   1.0000000000000000E+30   0.0000000000000000E+00
   9.0710000000000000E+03   0.0000000000000000E+00   1.0000000000000000E+30   0.0000000000000000E+00
   1.0000000000000000E+04   0.0000000000000000E+00   1.0000000000000000E+30   0.0000000000000000E+00
   1.1000000000000000E+04   0.0000000000000000E+00   1.0000000000000000E+30   0.0000000000000000E+00
   1.2000000000000000E+04   0.0000000000000000E+00   1.0000000000000000E+30   0.0000000000000000E+00
   1.3000000000000000E+04   0.0000000000000000E+00   1.0000000000000000E+30   0.0000000000000000E+00
   1.4000000000000000E+04   0.0000000000000000E+00   1.0000000000000000E+30   0.0000000000000000E+00
   1.5000000000000000E+04   0.0000000000000000E+00   1.0000000000000000E+30   0.0000000000000000E+00
   1.6000000000000000E+04   0.0000000000000000E+00   1.0000000000000000E+30   0.0000000000000000E+00
   1.7000000000000000E+04   0.0000000000000000E+00   1.0000000000000000E+30   0.0000000000000000E+00
   1.8000000000000000E+04   0.0000000000000000E+00   1.0000000000000000E+30   0.0000000000000000E+00
   1.9000000000000000E+04   0.0000000000000000E+00   1.0000000000000000E+30   0.0000000000000000E+00
   2.0000000000000000E+04   0.0000000000000000E+00   1.0000000000000000E+30   0.0000000000000000E+00
   2.1000000000000000E+04   0.0000000000000000E+00   1.0000000000000000E+30   0.0000000000000000E+00
   2.2000000000000000E+04   0.0000000000000000E+00   1.0000000000000000E+30   0.0000000000000000E+00
   2.3000000000000000E+04   0.0000000000000000E+00   1.0000000000000000E+30   0.0000000000000000E+00
   2.4000000000000000E+04   0.0000000000000000E+00   1.0000000000000000E+30   0.0000000000000000E+00
   2.5000000000000000E+04   0.0000000000000000E+00   1.0000000000000000E+30   0.0000000000000000E+00
   2.6000000000000000E+04   0.0000000000000000E+00   1.0000000000000000E+30   0.0000000000000000E+00
   2.7000000000000000E+04   0.0000000000000000E+00   1.0000000000000000E+30   0.0000000000000000E+00
   2.8000000000000000E+04   0.0000000000000000E+00   1.0000000000000000E+30   0.0000000000000000E+00
   2.9000000000000000E+04   0.0000000000000000E+00   1.0000000000000000E+30   0.0000000000000000E+00
   3.0000000000000000E+04   0.0000000000000000E+00   1.0000000000000000E+30   0.0000000000000000E+00
   3.1000000000000000E+04   0.0000000000000000E+00   1.0000000000000000E+30   0.0000000000000000E+00
   3.2000000000000000E+04   0.0000000000000000E+00   1.0000000000000000E+30   0.0000000000000000E+00
   3.3000000000000000E+04   0.0000000000000000E+00   1.0000000000000000E+30   0.0000000000000000E+00
   3.4000000000000000E+04   0.0000000000000000E+00   1.0000000000000000E+30   0.0000000000000000E+00
   3.5000000000000000E+04   0.0000000000000000E+00   1.0000000000000000E+30   0.0000000000000000E+00
   3.6000000000000000E+04   0.0000000000000000E+00   1.0000000000000000E+30   0.0000000000000000E+00
   3.7000000000000000E+04   0.0000000000000000E+00   1.0000000000000000E+30   0.0000000000000000E+00
   3.8000000000000000E+04   0.0000000000000000E+00   1.0000000000000000E+30   0.0000000000000000E+00
   3.9000000000000000E+04   0.0000000000000000E+00   1.0000000000000000E+30   0.0000000000000000E+00
   4.0000000000000000E+04   0.0000000000000000E+00   1.0000000000000000E+30   0.0000000000000000E+00
   4.1000000000000000E+04   0.0000000000000000E+00   1.0000000000000000E+30   0.0000000000000000E+00
   4.2000000000000000E+04   0.0000000000000000E+00   1.0000000000000000E+30   0.0000000000000000E+00
   4.3000000000000000E+04   0.0000000000000000E+00   1.0000000000000000E+30   0.0000000000000000E+00
   4.4000000000000000E+04   0.0000000000000000E+00   1.0000000000000000E+30   0.0000000000000000E+00
   4.5000000000000000E+04   0.0000000000000000E+00   1.0000000000000000E+30   0.0000000000000000E+00
   4.6000000000000000E+04   0.0000000000000000E+00   1.0000000000000000E+30   0.0000000000000000E+00
   4.7000000000000000E+04   0.0000000000000000E+00   1.0000000000000000E+30   0.0000000000000000E+00
   4.8000000000000000E+04   0.0000000000000000E+00   1.0000000000000000E+30   0.0000000000000000E+00
   4.9000000000000000E+04   0.0000000000000000E+00   1.0000000000000000E+30   0.0000000000000000E+00
   5.0000000000000000E+04   0.0000000000000000E+00   1.0000000000000000E+30   0.0000000000000000E+00
   5.1000000000000000E+04   0.0000000000000000E+00   1.0000000000000000E+30   0.0000000000000000E+00
   5.2000000000000000E+04   0.0000000000000000E+00   1.0000000000000000E+30   0.0000000000000000E+00
   5.3000000000000000E+04   0.0000000000000000E+00   1.0000000000000000E+30   0.0000000000000000E+00
   5.4000000000000000E+04   0.0000000000000000E+00   1.0000000000000000E+30   0.0000000000000000E+00
   5.5000000000000000E+04   0.0000000000000000E+00   1.0000000000000000E+30   0.0000000000000000E+00
   5.6000000000000000E+04   0.0000000000000000E+00   1.0000000000000000E+30   0.0000000000000000E+00
   5.7000000000000000E+04   0.0000000000000000E+00   1.0000000000000000E+30   0.0000000000000000E+00
   5.8000000000000000E+04   0.0000000000000000E+00   1.0000000000000000E+30   0.0000000000000000E+00
   5.9000000000000000E+04   0.0000000000000000E+00   1.0000000000000000E+30   0.0000000000000000E+00
   6.0000000000000000E+04   0.0000000000000000E+00   1.0000000000000000E+30   0.0000000000000000E+00
   6.1000000000000000E+04   0.0000000000000000E+00   1.0000000000000000E+30   0.0000000000000000E+00
   6.2000000000000000E+04   0.0000000000000000E+00   1.0000000000000000E+30   0.0000000000000000E+00
   6.3000000000000000E+04   0.0000000000000000E+00   1.0000000000000000E+30   0.0000000000000000E+00
   6.4000000000000000E+04   0.0000000000000000E+00   1.0000000000000000E+30   0.0000000000000000E+00
   6.5000000000000000E+04   0.0000000000000000E+00   1.0000000000000000E+30   0.0000000000000000E+00
   6.6000000000000000E+04   0.0000000000000000E+00   1.0000000000000000E+30   0.0000000000000000E+00
   6.7000000000000000E+04   0.0000000000000000E+00   1.0000000000000000E+30   0.0000000000000000E+00
   6.8000000000000000E+04   0.0000000000000000E+00   1.0000000000000000E+30   0.0000000000000000E+00
   6.9000000000000000E+04   0.0000000000000000E+00   1.0000000000000000E+30   0.0000000000000000E+00
   7.0000000000000000E+04   0.0000000000000000E+00   1.0000000000000000E+30   0.0000000000000000E+00
   7.1000000000000000E+04   0.0000000000000000E+00   1.0000000000000000E+30   0.0000000000000000E+00
   7.2000000000000000E+04   0.0000000000000000E+00   1.0000000000000000E+30   0.0000000000000000E+00
   7.3000000000000000E+04   0.0000000000000000E+00   1.0000000000000000E+30   0.0000000000000000E+00
   7.4000000000000000E+04   0.0000000000000000E+00   1.0000000000000000E+30   0.0000000000000000E+00
   7.5000000000000000E+04   0.0000000000000000E+00   1.0000000000000000E+30   0.0000000000000000E+00
   7.6000000000000000E+04   0.0000000000000000E+00   1.0000000000000000E+30   0.0000000000000000E+00
   7.6999000000000000E+04   0.0000000000000000E+00   1.0000000000000000E+30   0.0000000000000000E+00
   7.7001000000000000E+04   0.0000000000000000E+00   1.0000000000000000E+30   0.0000000000000000E+00
   7.8000000000000000E+04   0.0000000000000000E+00   1.0000000000000000E+30   0.0000000000000000E+00
   7.9000000000000000E+04   0.0000000000000000E+00   1.0000000000000000E+30   0.0000000000000000E+00
   8.0000000000000000E+04   0.0000000000000000E+00   1.0000000000000000E+30   0.0000000000000000E+00
   8.1000000000000000E+04   0.0000000000000000E+00   1.0000000000000000E+30   0.0000000000000000E+00
   8.2000000000000000E+04   0.0000000000000000E+00   1.0000000000000000E+30   0.0000000000000000E+00
   8.3000000000000000E+04   0.0000000000000000E+00   1.0000000000000000E+30   0.0000000000000000E+00
   8.4000000000000000E+04   0.0000000000000000E+00   1.0000000000000000E+30   0.0000000000000000E+00
   8.5000000000000000E+04   0.0000000000000000E+00   1.0000000000000000E+30   0.0000000000000000E+00
   8.6000000000000000E+04   0.0000000000000000E+00   1.0000000000000000E+30   0.0000000000000000E+00
   8.7000000000000000E+04   0.0000000000000000E+00   1.0000000000000000E+30   0.0000000000000000E+00
   8.8000000000000000E+04   0.0000000000000000E+00   1.0000000000000000E+30   0.0000000000000000E+00
   8.9000000000000000E+04   0.0000000000000000E+00   1.0000000000000000E+30   0.0000000000000000E+00
   9.0000000000000000E+04   0.0000000000000000E+00   1.0000000000000000E+30   0.0000000000000000E+00
   9.1000000000000000E+04   0.0000000000000000E+00   1.0000000000000000E+30   0.0000000000000000E+00
   9.2000000000000000E+04   0.0000000000000000E+00   1.0000000000000000E+30   0.0000000000000000E+00
   9.3000000000000000E+04   0.0000000000000000E+00   1.0000000000000000E+30   0.0000000000000000E+00
   9.4000000000000000E+04   0.0000000000000000E+00   1.0000000000000000E+30   0.0000000000000000E+00
   9.5000000000000000E+04   0.0000000000000000E+00   1.0000000000000000E+30   0.0000000000000000E+00
   9.6000000000000000E+04   0.0000000000000000E+00   1.0000000000000000E+30   0.0000000000000000E+00
   9.7000000000000000E+04   0.0000000000000000E+00   1.0000000000000000E+30   0.0000000000000000E+00
   9.8000000000000000E+04   0.0000000000000000E+00   1.0000000000000000E+30   0.0000000000000000E+00
   9.9000000000000000E+04   0.0000000000000000E+00   1.0000000000000000E+30   0.0000000000000000E+00
   1.0000000000000000E+05   0.0000000000000000E+00   1.0000000000000000E+30   0.0000000000000000E+00
   1.1000000000000000E+05   0.0000000000000000E+00   1.0000000000000000E+30   0.0000000000000000E+00
   1.2000000000000000E+05   0.0000000000000000E+00   1.0000000000000000E+30   0.0000000000000000E+00
   1.2099900000000000E+05   0.0000000000000000E+00   1.0000000000000000E+30   0.0000000000000000E+00
   1.2100100000000000E+05   0.0000000000000000E+00   1.0000000000000000E+30   0.0000000000000000E+00
   1.3000000000000000E+05   0.0000000000000000E+00   1.0000000000000000E+30   0.0000000000000000E+00
   1.4000000000000000E+05   0.0000000000000000E+00   1.0000000000000000E+30   0.0000000000000000E+00
   1.5000000000000000E+05   0.0000000000000000E+00   1.0000000000000000E+30   0.0000000000000000E+00
   1.6000000000000000E+05   0.0000000000000000E+00   1.0000000000000000E+30   0.0000000000000000E+00
   1.7000000000000000E+05   0.0000000000000000E+00   1.0000000000000000E+30   0.0000000000000000E+00
   1.8000000000000000E+05   0.0000000000000000E+00   1.0000000000000000E+30   0.0000000000000000E+00
   1.9000000000000000E+05   0.0000000000000000E+00   1.0000000000000000E+30   0.0000000000000000E+00
   2.0000000000000000E+05   0.0000000000000000E+00   1.0000000000000000E+30   0.0000000000000000E+00
   2.1000000000000000E+05   0.0000000000000000E+00   1.0000000000000000E+30   0.0000000000000000E+00
   2.2000000000000000E+05   0.0000000000000000E+00   1.0000000000000000E+30   0.0000000000000000E+00
   2.3000000000000000E+05   0.0000000000000000E+00   1.0000000000000000E+30   0.0000000000000000E+00
   2.4000000000000000E+05   0.0000000000000000E+00   1.0000000000000000E+30   0.0000000000000000E+00
   2.5000000000000000E+05   0.0000000000000000E+00   1.0000000000000000E+30   0.0000000000000000E+00
   2.6000000000000000E+05   0.0000000000000000E+00   1.0000000000000000E+30   0.0000000000000000E+00
   2.7000000000000000E+05   0.0000000000000000E+00   1.0000000000000000E+30   0.0000000000000000E+00
   2.8000000000000000E+05   0.0000000000000000E+00   1.0000000000000000E+30   0.0000000000000000E+00
   2.9000000000000000E+05   0.0000000000000000E+00   1.0000000000000000E+30   0.0000000000000000E+00
   3.0000000000000000E+05   0.0000000000000000E+00   1.0000000000000000E+30   0.0000000000000000E+00
   3.1000000000000000E+05   0.0000000000000000E+00   1.0000000000000000E+30   0.0000000000000000E+00
   3.2000000000000000E+05   0.0000000000000000E+00   1.0000000000000000E+30   0.0000000000000000E+00
   3.3000000000000000E+05   0.0000000000000000E+00   1.0000000000000000E+30   0.0000000000000000E+00
   3.4000000000000000E+05   0.0000000000000000E+00   1.0000000000000000E+30   0.0000000000000000E+00
   3.5000000000000000E+05   0.0000000000000000E+00   1.0000000000000000E+30   0.0000000000000000E+00
   3.6000000000000000E+05   0.0000000000000000E+00   1.0000000000000000E+30   0.0000000000000000E+00
   3.7000000000000000E+05   0.0000000000000000E+00   1.0000000000000000E+30   0.0000000000000000E+00
   3.8000000000000000E+05   0.0000000000000000E+00   1.0000000000000000E+30   0.0000000000000000E+00
   3.9000000000000000E+05   0.0000000000000000E+00   1.0000000000000000E+30   0.0000000000000000E+00
   4.0000000000000000E+05   0.0000000000000000E+00   1.0000000000000000E+30   0.0000000000000000E+00
   4.1000000000000000E+05   0.0000000000000000E+00   1.0000000000000000E+30   0.0000000000000000E+00
   4.2000000000000000E+05   0.0000000000000000E+00   1.0000000000000000E+30   0.0000000000000000E+00
   4.3000000000000000E+05   9.0197389681448393E-04   1.1086795344429772E+03   7.0082671442532232E-02
   4.4000000000000000E+05   2.0335360801589748E-03   4.9175424510875837E+02   1.5983224929495701E-01
   4.5000000000000000E+05   3.1585056480080104E-03   3.1660541770146108E+02   2.5093401760037215E-01
   4.6000000000000000E+05   4.3346772674989400E-03   2.3069768250059110E+02   3.4805575238689468E-01
   4.7000000000000000E+05   5.5016478255653775E-03   1.8176372456141993E+02   4.4615125882537671E-01
   4.8000000000000000E+05   6.7767897899698179E-03   1.4756249359838176E+02   5.5530197952451221E-01
   4.9000000000000000E+05   7.9813769743649135E-03   1.2529166373319578E+02   6.5997817915896906E-01
   5.0000000000000000E+05   9.2921147306743376E-03   1.0761812880967616E+02   7.7576777065213998E-01
   5.1000000000000000E+05   1.0589541486229502E-02   9.4432794970432553E+01   8.9199589951709923E-01
   5.2000000000000000E+05   1.1932034898322194E-02   8.3808001612584434E+01   1.0139848037979398E+00
   5.3000000000000000E+05   1.3318664215047524E-02   7.5082604670684077E+01   1.1417507396903914E+00
   5.4000000000000000E+05   1.4689558478711999E-02   6.8075565473883557E+01   1.2694987880031097E+00
   5.5000000000000000E+05   1.6103069856775652E-02   6.2099960373657112E+01   1.4028585962089566E+00
   5.6000000000000000E+05   1.7558482609966872E-02   5.6952529567239573E+01   1.5418527657733778E+00
   5.7000000000000000E+05   1.9054915148971466E-02   5.2479897820693132E+01   1.6864829535414836E+00
   5.8000000000000000E+05   2.0533044361884245E-02   4.8701984098194082E+01   1.8305635012309218E+00
   5.9000000000000000E+05   2.2109465136831253E-02   4.5229497584459473E+01   1.9864097056823167E+00
   6.0000000000000000E+05   2.3666512862765967E-02   4.2253795723884586E+01   2.1415467808773001E+00
   6.1000000000000000E+05   2.5203707307214343E-02   3.9676702629924556E+01   2.2956835916313563E+00
   6.2000000000000000E+05   2.6837226133099839E-02   3.7261675071800532E+01   2.4617232941025784E+00
   6.3000000000000000E+05   2.8450051030008115E-02   3.5149321839361036E+01   2.6266129506061584E+00
   6.4000000000000000E+05   3.0099701596350503E-02   3.3222920725607693E+01   2.7968300912891020E+00
   6.5000000000000000E+05   3.1785872560825795E-02   3.1460517501490301E+01   2.9724091518559201E+00
   6.6000000000000000E+05   3.3507874103740891E-02   2.9843731563034556E+01   3.1533428092522922E+00
   6.7000000000000000E+05   3.5265086651263808E-02   2.8356657957174274E+01   3.3396301082326585E+00
   6.8000000000000000E+05   3.6999975487153808E-02   2.7027044932697180E+01   3.5241956078734691E+00
   6.9000000000000000E+05   3.8769566891471513E-02   2.5793427169287749E+01   3.7139760723451700E+00
   7.0000000000000000E+05   4.0573232080531776E-02   2.4646791707773001E+01   3.9089619259097481E+00
   7.1000000000000000E+05   4.2410605773075434E-02   2.3579007697995550E+01   4.1091684320267463E+00
   7.2000000000000000E+05   4.4281352444015619E-02   2.2582869420356754E+01   4.3146151723306918E+00
   7.3000000000000000E+05   4.6184826847061003E-02   2.1652132708247574E+01   4.5252821150949485E+00
   7.4000000000000000E+05   4.8064781475084493E-02   2.0805254269560628E+01   4.7336346759194097E+00
   7.5000000000000000E+05   4.9976955629304952E-02   2.0009221998581101E+01   4.9470572158784121E+00
   7.6000000000000000E+05   5.1977033882766074E-02   1.9239266370133681E+01   5.1733234685836580E+00
   7.7000000000000000E+05   5.3952696615289238E-02   1.8534754752492166E+01   5.3970296455521716E+00
   7.8000000000000000E+05   5.5959699563394118E-02   1.7870003016494881E+01   5.6258570011555404E+00
   7.9000000000000000E+05   5.7942484432499844E-02   1.7258493656152268E+01   5.8518537842722687E+00
   8.0000000000000000E+05   6.0011253242953026E-02   1.6663541352011801E+01   6.0908593049276840E+00
   8.1000000000000000E+05   6.2110136645180815E-02   1.6100431491766667E+01   6.3349796057670815E+00
   8.2000000000000000E+05   6.4184543978807754E-02   1.5580074859302218E+01   6.5760980645235536E+00
   8.3000000000000000E+05   6.6343224654201005E-02   1.5073129248876176E+01   6.8304363144004094E+00
   8.4000000000000000E+05   6.8477342125297241E-02   1.4603370530506838E+01   7.0816626319022831E+00
   8.5000000000000000E+05   7.0640688112885999E-02   1.4156147493948096E+01   7.3378876826049932E+00
   8.6000000000000000E+05   7.2833298021776433E-02   1.3729983773369842E+01   7.5991541825181264E+00
   8.7000000000000000E+05   7.5054859895536161E-02   1.3323587591687378E+01   7.8654718703241810E+00
   8.8000000000000000E+05   7.7304967194742419E-02   1.2935779372117903E+01   8.1368229971189390E+00
   8.9000000000000000E+05   7.9530488668313443E-02   1.2573794235950928E+01   8.4046366413737115E+00
   9.0000000000000000E+05   8.1837392043321425E-02   1.2219353220232634E+01   8.6860611066432725E+00
   9.1000000000000000E+05   8.4119530804352735E-02   1.1887845669584447E+01   8.9638223048873051E+00
   9.2000000000000000E+05   8.6482303643225442E-02   1.1563059237244714E+01   9.2553579036113156E+00
   9.3000000000000000E+05   8.8820177326016631E-02   1.1258703034666050E+01   9.5431147026762098E+00
   9.4000000000000000E+05   9.1185802808264896E-02   1.0966619464903831E+01   9.8358713057575002E+00
   9.5000000000000000E+05   9.3630622721926626E-02   1.0680266465490654E+01   1.0142591093931001E+01
   9.6000000000000000E+05   9.6050777287963518E-02   1.0411159891001880E+01   1.0445413706478508E+01
   9.7000000000000000E+05   9.8498008856554492E-02   1.0152489493024465E+01   1.0753263919057916E+01
   9.8000000000000000E+05   1.0097198978335332E-01   9.9037366911914066E+00   1.1066126386446363E+01
   9.9000000000000000E+05   1.0342193766594296E-01   9.6691284515480707E+00   1.1374866284566449E+01
   1.0000000000000000E+06   1.0594942170006090E-01   9.4384658637492631E+00   1.1697795086762246E+01
   1.1000000000000000E+06   1.3235517424235133E-01   7.5554280799701283E+00   1.5149439060446488E+01
   1.2000000000000000E+06   1.6095188797204735E-01   6.2130367813620868E+00   1.9044841116565962E+01
   1.3000000000000000E+06   1.9171563328121205E-01   5.2160587161568692E+00   2.3402418326920063E+01
   1.4000000000000000E+06   2.2467643361914941E-01   4.4508450837131726E+00   2.8255963406935294E+01
   1.5000000000000000E+06   2.5977328029823371E-01   3.8495106149945304E+00   3.3620625811728139E+01
   1.5639990000000000E+06   2.8337061874261887E-01   3.5289473708926917E+00   3.7342010803842108E+01
   1.5640010000000000E+06   2.8337132665806020E-01   3.5289385549113259E+00   3.7342118645731993E+01
   1.6000000000000000E+06   2.9697472954854065E-01   3.3672898752031686E+00   3.9521721011828582E+01
   1.7000000000000000E+06   3.3618130473170232E-01   2.9745853975969143E+00   4.5969979106650840E+01
   1.8000000000000000E+06   3.7725686986002699E-01   2.6507138236370049E+00   5.2969298375052823E+01
   1.9000000000000000E+06   4.2004708589005418E-01   2.3806854840596290E+00   6.0524601822774997E+01
   2.0000000000000000E+06   4.6426558353728753E-01   2.1539395455094832E+00   6.8603326161195668E+01
   2.1000000000000000E+06   5.0966045170701768E-01   1.9620906363259634E+00   7.7191757984914020E+01
   2.2000000000000000E+06   5.5581711989714155E-01   1.7991529303470506E+00   8.6221931245494460E+01
   2.3000000000000000E+06   6.0230688764467288E-01   1.6602831887088494E+00   9.5619735858199817E+01
   2.4000000000000000E+06   6.4870208271395435E-01   1.5415396784550650E+00   1.0530835714325293E+02
   2.5000000000000000E+06   6.9451731150991480E-01   1.4398489187057857E+00   1.1517609996922924E+02
   2.6000000000000000E+06   7.3935359078714202E-01   1.3525328238892635E+00   1.2513261435493379E+02
   2.7000000000000000E+06   7.8283476811340658E-01   1.2774087722367660E+00   1.3507747173499635E+02
   2.8000000000000000E+06   8.2465486159421786E-01   1.2126285147544102E+00   1.4491873150132992E+02
   2.9000000000000000E+06   8.6458335424420008E-01   1.1566264780498561E+00   1.5457628468207491E+02
   3.0000000000000000E+06   9.0248982864704985E-01   1.1080457288910732E+00   1.6399750526389829E+02
   3.1000000000000000E+06   9.3824009361744543E-01   1.0658252688226479E+00   1.7310584905562862E+02
   3.2000000000000000E+06   9.7182985651822251E-01   1.0289867030662165E+00   1.8187728843242621E+02
   3.3000000000000000E+06   1.0032969548167192E+00   9.9671387937450551E-01   1.9029980961841676E+02
   3.4000000000000000E+06   1.0326699222785125E+00   9.6836363529749325E-01   1.9834632381963061E+02
   3.5000000000000000E+06   1.0600246557770745E+00   9.4337428337167129E-01   2.0601114610846150E+02
   3.6000000000000000E+06   1.0854709581659177E+00   9.2125910184613802E-01   2.1330721089021452E+02
   3.7000000000000000E+06   1.1090895057262240E+00   9.0164048513398132E-01   2.2022772030298870E+02
   3.8000000000000000E+06   1.1310027263077702E+00   8.8417116664657680E-01   2.2679397756533510E+02
   3.9000000000000000E+06   1.1512976253338321E+00   8.6858513211128929E-01   2.3300527762832746E+02
   4.0000000000000000E+06   1.1700772027702335E+00   8.5464446075219258E-01   2.3887447885597149E+02
   4.1000000000000000E+06   1.1874589646230147E+00   8.4213436404303244E-01   2.4442852532546127E+02
   4.2000000000000000E+06   1.2035362732833310E+00   8.3088480355638172E-01   2.4968136920181476E+02
   4.3000000000000000E+06   1.2183833094258212E+00   8.2075976604707679E-01   2.5463579472080400E+02
   4.4000000000000000E+06   1.2320999368106456E+00   8.1162247486884220E-01   2.5931838835310140E+02
   4.5000000000000000E+06   1.2447496254035262E+00   8.0337441328879100E-01   2.6373104971015999E+02
   4.6000000000000000E+06   1.2564211570936459E+00   7.9591146197601503E-01   2.6790015343702743E+02
   4.7000000000000000E+06   1.2671665936625454E+00   7.8916221829180155E-01   2.7182562107302448E+02
   4.8000000000000000E+06   1.2770795742988084E+00   7.8303656257994636E-01   2.7554566676580458E+02
   4.9000000000000000E+06   1.2861885799274979E+00   7.7749096486019953E-01   2.7904709658286845E+02
   5.0000000000000000E+06   1.2945479471015078E+00   7.7247042277499234E-01   2.8234094409837689E+02
   5.1000000000000000E+06   1.3022223564245916E+00   7.6791800959831524E-01   2.8545081825709121E+02
   5.2000000000000000E+06   1.3092578073289038E+00   7.6379151180328708E-01   2.8838685691746934E+02
   5.3000000000000000E+06   1.3156952633484289E+00   7.6005441978639643E-01   2.9115753532402852E+02
   5.4000000000000000E+06   1.3215633238928262E+00   7.5667959447783251E-01   2.9376077622581784E+02
   5.5000000000000000E+06   1.3269223883926773E+00   7.5362357945540170E-01   2.9622870834399862E+02
   5.6000000000000000E+06   1.3317703713662776E+00   7.5088019789334204E-01   2.9853321170338938E+02
   5.7000000000000000E+06   1.3361744555815371E+00   7.4840526685924014E-01   3.0071787006268784E+02
   5.8000000000000000E+06   1.3401393891168942E+00   7.4619103663460395E-01   3.0276523873449014E+02
   5.9000000000000000E+06   1.3437164986604093E+00   7.4420460044728909E-01   3.0470660724394315E+02
   6.0000000000000000E+06   1.3469067346984513E+00   7.4244190353972983E-01   3.0652347820213799E+02
   6.1000000000000000E+06   1.3497349157056802E+00   7.4088622022285866E-01   3.0822242224020994E+02
   6.2000000000000000E+06   1.3522435240798891E+00   7.3951176854807499E-01   3.0983220840535796E+02
   6.3000000000000000E+06   1.3544320260520664E+00   7.3831685958787174E-01   3.1133470150883238E+02
   6.4000000000000000E+06   1.3563291361734104E+00   7.3728416896011251E-01   3.1274633657877780E+02
   6.5000000000000000E+06   1.3579524418590756E+00   7.3640281439530508E-01   3.1407158549328670E+02
   6.6000000000000000E+06   1.3593181036121573E+00   7.3566297494506239E-01   3.1531479018488568E+02
   6.7000000000000000E+06   1.3604409597546723E+00   7.3505578675044425E-01   3.1647979108781749E+02
   6.8000000000000000E+06   1.3613270826539050E+00   7.3457731998580511E-01   3.1755983440663931E+02
   6.9000000000000000E+06   1.3619981907142849E+00   7.3421536593639769E-01   3.1856921118271021E+02
   7.0000000000000000E+06   1.3624660556577648E+00   7.3396323955918663E-01   3.1951083651135622E+02
   7.1000000000000000E+06   1.3627438873275366E+00   7.3381360158664166E-01   3.2038917633394459E+02
   7.2000000000000000E+06   1.3628414467587320E+00   7.3376107131047152E-01   3.2120634648633080E+02
   7.3000000000000000E+06   1.3627695117430267E+00   7.3379980354929386E-01   3.2196587669080304E+02
   7.4000000000000000E+06   1.3625290297815764E+00   7.3392931683834117E-01   3.2265882911603870E+02
   7.5000000000000000E+06   1.3621456857060239E+00   7.3413586409568421E-01   3.2331037274541615E+02
   7.6000000000000000E+06   1.3616117499010518E+00   7.3442374456056947E-01   3.2390065467587624E+02
   7.7000000000000000E+06   1.3609430551931878E+00   7.3478460115147781E-01   3.2444286846472642E+02
   7.8000000000000000E+06   1.3601472938915691E+00   7.3521449073273692E-01   3.2493934170584134E+02
   7.9000000000000000E+06   1.3592315038001326E+00   7.3570984575048859E-01   3.2539254069271294E+02
   8.0000000000000000E+06   1.3581945382497540E+00   7.3627155156186719E-01   3.2579276665094750E+02
   8.1000000000000000E+06   1.3570585212074517E+00   7.3688789714849112E-01   3.2616476984475122E+02
   8.2000000000000000E+06   1.3558133903546263E+00   7.3756462881550411E-01   3.2648736319727664E+02
   8.3000000000000000E+06   1.3544798623585022E+00   7.3829078437440909E-01   3.2678482254543655E+02
   8.4000000000000000E+06   1.3530488888882060E+00   7.3907159468694106E-01   3.2703660191593787E+02
   8.5000000000000000E+06   1.3515326642648451E+00   7.3990072636826854E-01   3.2725529528112730E+02
   8.6000000000000000E+06   1.3499352734534604E+00   7.4077625769549582E-01   3.2744216008334223E+02
   8.7000000000000000E+06   1.3482620561198950E+00   7.4169557428461408E-01   3.2759894930153672E+02
   8.8000000000000000E+06   1.3465164823339761E+00   7.4265708078571480E-01   3.2772658816473802E+02
   8.9000000000000000E+06   1.3446966583658648E+00   7.4366214400744080E-01   3.2781622941734582E+02
   9.0000000000000000E+06   1.3428187767588138E+00   7.4470212757503917E-01   3.2788971127780411E+02
   9.1000000000000000E+06   1.3408800592318166E+00   7.4577885853034098E-01   3.2793785897969906E+02
   9.2000000000000000E+06   1.3388779931486756E+00   7.4689404495197731E-01   3.2795141081315012E+02
   9.3000000000000000E+06   1.3368212467886686E+00   7.4804316762784451E-01   3.2794124872864768E+02
   9.4000000000000000E+06   1.3347196877966765E+00   7.4922098560693018E-01   3.2791926202311248E+02
   9.5000000000000000E+06   1.3325638134702775E+00   7.5043310488507786E-01   3.2786568922567426E+02
   9.6000000000000000E+06   1.3303625791099438E+00   7.5167478077219596E-01   3.2779189367802422E+02
   9.7000000000000000E+06   1.3281184509912374E+00   7.5294488925566316E-01   3.2769854492940476E+02
   9.8000000000000000E+06   1.3258338829939424E+00   7.5424230201587705E-01   3.2758640314295013E+02
   9.9000000000000000E+06   1.3235054125610797E+00   7.5556925609010328E-01   3.2744618978913007E+02
   1.0000000000000000E+07   1.3211472642157525E+00   7.5691789029560697E-01   3.2729942005542182E+02
   1.1000000000000000E+07   1.2959766621125017E+00   7.7161883329747161E-01   3.2496718189477491E+02
   1.2000000000000000E+07   1.2689795793026957E+00   7.8803474564145481E-01   3.2148146878630922E+02
   1.3000000000000000E+07   1.1852932261637976E+00   8.4367309111898070E-01   2.6413565601755528E+02
   1.4000000000000000E+07   1.1602563507211148E+00   8.6187849726354604E-01   2.5849973394789055E+02
   1.5000000000000000E+07   1.1353384681754033E+00   8.8079460709817681E-01   2.5290397237278313E+02
   1.6000000000000000E+07   1.1107932115644115E+00   9.0025757232674020E-01   2.4740158206915626E+02
   1.7000000000000000E+07   1.0867822477813753E+00   9.2014752913149089E-01   2.4202618690756600E+02
   1.8000000000000000E+07   1.0634056861310419E+00   9.4037488518447854E-01   2.3679832178845768E+02
   1.9000000000000000E+07   1.0407219737732492E+00   9.6087141926521735E-01   2.3172968535711425E+02
   2.0000000000000000E+07   1.0187611605646603E+00   9.8158433861547933E-01   2.2682595928749097E+02
   2.1000000000000000E+07   9.9753389568806361E-01   1.0024722010175258E+00   2.2208873798215186E+02
   2.2000000000000000E+07   9.7703760251986016E-01   1.0235020611498657E+00   2.1751684043601543E+02
   2.3000000000000000E+07   9.5726076678921546E-01   1.0446474301397914E+00   2.1310722558035440E+02
   2.4000000000000000E+07   9.3818593698854580E-01   1.0658867934109835E+00   2.0885562706515321E+02
   2.5000000000000000E+07   9.1979183737401260E-01   1.0872025162290853E+00   2.0475699876069220E+02
   2.6000000000000000E+07   9.0205486362316056E-01   1.1085800213785630E+00   2.0080583853530013E+02
   2.7000000000000000E+07   8.8495013921425258E-01   1.1300071672827809E+00   1.9699640955473529E+02
   2.8000000000000000E+07   8.6845225916361790E-01   1.1514737735417628E+00   1.9332288489181087E+02
   2.9000000000000000E+07   8.5253581816553059E-01   1.1729712449522414E+00   1.8977947762721575E+02
   3.0000000000000000E+07   8.3717576995449483E-01   1.1944922869116907E+00   1.8636049461121200E+02
   3.1000000000000000E+07   8.2234767897977612E-01   1.2160306711640796E+00   1.8306040548631671E+02
   3.2000000000000000E+07   8.0802788233164524E-01   1.2375810561318752E+00   1.7987386342928608E+02
   3.3000000000000000E+07   7.9419359381865595E-01   1.2591388394255134E+00   1.7679572750623802E+02
   3.4000000000000000E+07   7.8082296500437998E-01   1.2807000367802843E+00   1.7382108180476550E+02
   3.5000000000000000E+07   7.6789511108706587E-01   1.3022611884901265E+00   1.7094522738161689E+02
   3.6000000000000000E+07   7.5539011823434943E-01   1.3238192767697339E+00   1.6816369400687634E+02
   3.7000000000000000E+07   7.4328903147544478E-01   1.3453716625078922E+00   1.6547222807529280E+02
   3.8000000000000000E+07   7.3157383308380763E-01   1.3669160305866792E+00   1.6286678806170934E+02
   3.9000000000000000E+07   7.2022741407622248E-01   1.3884503428443076E+00   1.6034354351604222E+02
   4.0000000000000000E+07   7.0923353864727245E-01   1.4099728023399869E+00   1.5789885848481160E+02
   4.1000000000000000E+07   6.9857680756023077E-01   1.4314818201487185E+00   1.5552928720859200E+02
   4.2000000000000000E+07   6.8824261932197117E-01   1.4529759883006952E+00   1.5323156505661851E+02
   4.3000000000000000E+07   6.7821713033578512E-01   1.4744540579576639E+00   1.5100259525681111E+02
   4.4000000000000000E+07   6.6848721679834400E-01   1.4959149178489981E+00   1.4883944699347333E+02
   4.5000000000000000E+07   6.5904043574579030E-01   1.5173575789296898E+00   1.4673934143275230E+02
   4.6000000000000000E+07   6.4986498777454316E-01   1.5387811604137827E+00   1.4469964168332561E+02
   4.7000000000000000E+07   6.4094968220712323E-01   1.5601848752876823E+00   1.4271785192085986E+02
   4.8000000000000000E+07   6.3228390182708250E-01   1.5815680220710111E+00   1.4079160071401111E+02
   4.9000000000000000E+07   6.2385757130097486E-01   1.6029299731261233E+00   1.3891864188924842E+02
   5.0000000000000000E+07   6.1566112556869546E-01   1.6242701682297791E+00   1.3709684154886119E+02
   5.1000000000000000E+07   6.0768548077650264E-01   1.6455881070618912E+00   1.3532417290310499E+02
   5.2000000000000000E+07   5.9992200696054498E-01   1.6668833421637874E+00   1.3359871282555937E+02
   5.3000000000000000E+07   5.9236250173722260E-01   1.6881554741687705E+00   1.3191863355410030E+02
   5.4000000000000000E+07   5.8499916559409570E-01   1.7094041475844679E+00   1.3028219515935393E+02
   5.5000000000000000E+07   5.7782457923658870E-01   1.7306290454469451E+00   1.2868774406888215E+02
   5.6000000000000000E+07   5.7083168203583623E-01   1.7518298851835998E+00   1.2713370937928801E+02
   5.7000000000000000E+07   5.6401375097684237E-01   1.7730064174287461E+00   1.2561859109109986E+02
   5.8000000000000000E+07   5.5736438235712449E-01   1.7941584206923045E+00   1.2414096367917803E+02
   5.9000000000000000E+07   5.5087747339430182E-01   1.8152857001728038E+00   1.2269946720729077E+02
   6.0000000000000000E+07   5.4454720582319005E-01   1.8363880840932860E+00   1.2129280778975659E+02
   6.1000000000000000E+07   5.3836802950297780E-01   1.8574654236493235E+00   1.1991974732231134E+02
   6.2000000000000000E+07   5.3233464828120969E-01   1.8785175889429291E+00   1.1857910720139419E+02
   6.3000000000000000E+07   5.2644200592363755E-01   1.8995444678574036E+00   1.1726976325655974E+02
   6.4000000000000000E+07   5.2068527271031873E-01   1.9205459658858959E+00   1.1599063848187559E+02
   6.5000000000000000E+07   5.1505983369850783E-01   1.9415220030249027E+00   1.1474070577880303E+02
   6.6000000000000000E+07   5.0956127717489896E-01   1.9624725127156117E+00   1.1351898469922938E+02
   6.7000000000000000E+07   5.0418538352110942E-01   1.9833974420603802E+00   1.1232453478862422E+02
   6.8000000000000000E+07   4.9892811547538007E-01   2.0042967493367203E+00   1.1115645787908018E+02
   6.9000000000000000E+07   4.9378560842047453E-01   2.0251704038090708E+00   1.1001389360982569E+02
   7.0000000000000000E+07   4.8875416162773977E-01   2.0460183841087196E+00   1.0889601976818223E+02
   7.1000000000000000E+07   4.8383022952774285E-01   2.0668406787564315E+00   1.0780204642272619E+02
   7.2000000000000000E+07   4.7901041403786376E-01   2.0876372844807385E+00   1.0673121713461246E+02
   7.3000000000000000E+07   4.7429145721187410E-01   2.1084082051119108E+00   1.0568280863738502E+02
   7.4000000000000000E+07   4.6967023387611107E-01   2.1291534525131919E+00   1.0465612466426103E+02
   7.5000000000000000E+07   4.6514374526158259E-01   2.1498730450253194E+00   1.0365049753483048E+02
   7.6000000000000000E+07   4.6070911291838867E-01   2.1705670062948004E+00   1.0266528871693552E+02
   7.7000000000000000E+07   4.5636357242801262E-01   2.1912353667486055E+00   1.0169988178305316E+02
   7.8000000000000000E+07   4.5210446823265249E-01   2.2118781614991718E+00   1.0075368613368954E+02
   7.9000000000000000E+07   4.4792924838010839E-01   2.2324954300626736E+00   9.9826135455310961E+01
   8.0000000000000000E+07   4.4383545934747759E-01   2.2530872172092558E+00   9.8916683109242911E+01
   8.1000000000000000E+07   4.3982074162083634E-01   2.2736535714863737E+00   9.8024804425349018E+01
   8.2000000000000000E+07   4.3588282519212607E-01   2.2941945454245083E+00   9.7149994216819081E+01
   8.3000000000000000E+07   4.3201952553740969E-01   2.3147101945358890E+00   9.6291767897388112E+01
   8.4000000000000000E+07   4.2822873942934653E-01   2.3352005783931982E+00   9.5449656780847121E+01
   8.5000000000000000E+07   4.2450844143573713E-01   2.3556657592435224E+00   9.4623210495095933E+01
   8.6000000000000000E+07   4.2085668038442819E-01   2.3761058018291599E+00   9.3811996038658265E+01
   8.7000000000000000E+07   4.1727157585811314E-01   2.3965207741349603E+00   9.3015594359125117E+01
   8.8000000000000000E+07   4.1375131521410352E-01   2.4169107462112382E+00   9.2233602391189422E+01
   8.9000000000000000E+07   4.1029415060269259E-01   2.4372757898962782E+00   9.1465632623804808E+01
   9.0000000000000000E+07   4.0689839592105276E-01   2.4576159798723367E+00   9.0711309101300884E+01
   9.1000000000000000E+07   4.0356242435189149E-01   2.4779313921655826E+00   8.9970270500652788E+01
   9.2000000000000000E+07   4.0028466568529514E-01   2.4982221047313433E+00   8.9242167557851587E+01
   9.3000000000000000E+07   3.9706360397397389E-01   2.5184881968319277E+00   8.8526663834784188E+01
   9.4000000000000000E+07   3.9389777511541541E-01   2.5387297496336241E+00   8.7823433241834081E+01
   9.5000000000000000E+07   3.9078576477860427E-01   2.5589468453809725E+00   8.7132161460529247E+01
   9.6000000000000000E+07   3.8772620630785831E-01   2.5791395673832542E+00   8.6452545187990822E+01
   9.7000000000000000E+07   3.8471777865936124E-01   2.5993080004899518E+00   8.5784290167761313E+01
   9.8000000000000000E+07   3.8175920461698987E-01   2.6194522303745811E+00   8.5127112406339293E+01
   9.9000000000000000E+07   3.7884924902499539E-01   2.6395723432832328E+00   8.4480738174839118E+01
   1.0000000000000000E+08   3.7598671694182106E-01   2.6596684269426913E+00   8.3844901023169456E+01
   1.1000000000000000E+08   3.4973260693763736E-01   2.8593273265432622E+00   7.8013389902610513E+01
   1.2000000000000000E+08   3.2715200848118298E-01   3.0566830527574704E+00   7.2998057834674441E+01
   1.3000000000000000E+08   3.0751937369508792E-01   3.2518276425456101E+00   6.8637664998743119E+01
   1.4000000000000000E+08   2.9028826670141028E-01   3.4448515999738891E+00   6.4810788110996668E+01
   1.5000000000000000E+08   2.7503944071334502E-01   3.6358421810573431E+00   6.1424273488332744E+01
   1.6000000000000000E+08   2.6144593877514549E-01   3.8248825156165163E+00   5.8405477839723893E+01
   1.7000000000000000E+08   2.4924906135208427E-01   4.0120512172658493E+00   5.5696926137037167E+01
   1.8000000000000000E+08   2.3824145693908275E-01   4.1974222826201721E+00   5.3252552880665547E+01
   1.9000000000000000E+08   2.2825499353521325E-01   4.3810651609938542E+00   5.1035006778554880E+01
   2.0000000000000000E+08   2.1915190774739166E-01   4.5630449229429635E+00   4.9013683943735927E+01
   2.1000000000000000E+08   2.1081824432595392E-01   4.7434224831787466E+00   4.7163269713696678E+01
   2.2000000000000000E+08   2.0315892424296259E-01   4.9222548491351352E+00   4.5462643322450717E+01
   2.3000000000000000E+08   1.9609398898014060E-01   5.0995953787307320E+00   4.3894043103063922E+01
   2.4000000000000000E+08   1.8955570666102714E-01   5.2754940361054361E+00   4.2442423101935852E+01
   2.5000000000000000E+08   1.8348631806502583E-01   5.4499976376745956E+00   4.1094953494359125E+01
   2.6000000000000000E+08   1.7783626339301847E-01   5.6231500871675326E+00   3.9840625591164809E+01
   2.7000000000000000E+08   1.7256277441718443E-01   5.7949925954622143E+00   3.8669939466894277E+01
   2.8000000000000000E+08   1.6762874711053849E-01   5.9655638858922915E+00   3.7574652881203463E+01
   2.9000000000000000E+08   1.6300183174525426E-01   6.1349003829775359E+00   3.6547580666423364E+01
   3.0000000000000000E+08   1.5865369297435211E-01   6.3030363885803764E+00   3.5582428682929930E+01
   3.1000000000000000E+08   1.5455940407269766E-01   6.4700042420559924E+00   3.4673660338078903E+01
   3.2000000000000000E+08   1.5069694771913580E-01   6.6358344686832575E+00   3.3816384823474692E+01
   3.3000000000000000E+08   1.4704680214520852E-01   6.8005559142489993E+00   3.3006266229500774E+01
   3.4000000000000000E+08   1.4359159602642535E-01   6.9641958699029214E+00   3.2239445967778373E+01
   3.5000000000000000E+08   1.4031581920493355E-01   7.1267801853437769E+00   3.1512479048623668E+01
   3.6000000000000000E+08   1.3720557894113902E-01   7.2883333733025433E+00   3.0822279463524389E+01
   3.7000000000000000E+08   1.3424839357765977E-01   7.4488787042470044E+00   3.0166075014573543E+01
   3.8000000000000000E+08   1.3143301704107657E-01   7.6084382943706732E+00   2.9541367739796041E+01
   3.9000000000000000E+08   1.2874928896994917E-01   7.7670331851961221E+00   2.8945900969598849E+01
   4.0000000000000000E+08   1.2618800617100923E-01   7.9246834175730321E+00   2.8377630301198025E+01
   4.1000000000000000E+08   1.2374081197403541E-01   8.0814080984843581E+00   2.7834699808590337E+01
   4.2000000000000000E+08   1.2140010060883186E-01   8.2372254634461992E+00   2.7315420173939224E+01
   4.3000000000000000E+08   1.1915893429575286E-01   8.3921529334762006E+00   2.6818250293750577E+01
   4.4000000000000000E+08   1.1701097111460088E-01   8.5462071673655053E+00   2.6341781667413986E+01
   4.5000000000000000E+08   1.1495040204374683E-01   8.6994041101259363E+00   2.5884724106933714E+01
   4.6000000000000000E+08   1.1297189583706516E-01   8.8517590378607096E+00   2.5445893194773110E+01
   4.7000000000000000E+08   1.1107055063867566E-01   9.0032865980209884E+00   2.5024200502887624E+01
   4.8000000000000000E+08   1.0924185135557501E-01   9.1540008484941016E+00   2.4618643076673941E+01
   4.9000000000000000E+08   1.0748163204523992E-01   9.3039152920481492E+00   2.4228295620805394E+01
   5.0000000000000000E+08   1.0578604261006885E-01   9.4530429093187269E+00   2.3852302966240735E+01
   5.1000000000000000E+08   1.0415151925410041E-01   9.6013961885690922E+00   2.3489873651162977E+01
   5.2000000000000000E+08   1.0257475819762649E-01   9.7489871540651549E+00   2.3140273795377688E+01
   5.3000000000000000E+08   1.0105269225165286E-01   9.8958273918094815E+00   2.2802822264076088E+01
   5.4000000000000000E+08   9.9582469883251923E-02   1.0041928074011178E+01   2.2476885493180699E+01
   5.5000000000000000E+08   9.8161436481720654E-02   1.0187299980947378E+01   2.2161874112621366E+01
   5.6000000000000000E+08   9.6787117538514073E-02   1.0331953522658370E+01   2.1857238439819543E+01
   5.7000000000000000E+08   9.5457203537537505E-02   1.0475898758198600E+01   2.1562465508610728E+01
   5.8000000000000000E+08   9.4169536349097929E-02   1.0619145413362538E+01   2.1277075960301225E+01
   5.9000000000000000E+08   9.2922096943806223E-02   1.0761702898340111E+01   2.1000621432282017E+01
   6.0000000000000000E+08   9.1712994294556080E-02   1.0903580323506660E+01   2.0732681876386760E+01
   6.1000000000000000E+08   9.0540455332040318E-02   1.1044786513748862E+01   2.0472863559143313E+01
   6.2000000000000000E+08   8.9402815822953716E-02   1.1185330023388987E+01   2.0220796655732251E+01
   6.3000000000000000E+08   8.8298512102633897E-02   1.1325219147947235E+01   1.9976134072326275E+01
   6.4000000000000000E+08   8.7226073532509343E-02   1.1464461937832132E+01   1.9738549078252213E+01
   6.5000000000000000E+08   8.6184115650338053E-02   1.1603066208362002E+01   1.9507734205729669E+01
   6.6000000000000000E+08   8.5171333900453949E-02   1.1741039551743716E+01   1.9283399734633523E+01
   6.7000000000000000E+08   8.4186497917360700E-02   1.1878389346728996E+01   1.9065272359065766E+01
   6.8000000000000000E+08   8.3228446292311284E-02   1.2015122768095949E+01   1.8853094158964254E+01
   6.9000000000000000E+08   8.2296081777385580E-02   1.2151246795747129E+01   1.8646621455092546E+01
   7.0000000000000000E+08   8.1388366884613511E-02   1.2286768223494731E+01   1.8445623696617307E+01
   7.1000000000000000E+08   8.0504319850916647E-02   1.2421693666276145E+01   1.8249882949984844E+01
   7.2000000000000000E+08   7.9643010916342377E-02   1.2556029568626025E+01   1.8059192695648349E+01
   7.3000000000000000E+08   7.8803558906417256E-02   1.2689782211328104E+01   1.7873357235545196E+01
   7.4000000000000000E+08   7.7985128080579086E-02   1.2822957717870745E+01   1.7692190915192572E+01
   7.5000000000000000E+08   7.7186925217847327E-02   1.2955562061549486E+01   1.7515517601396802E+01
   7.6000000000000000E+08   7.6408196932338759E-02   1.3087601070936453E+01   1.7343169937871501E+01
   7.7000000000000000E+08   7.5648227185263664E-02   1.3219080435962960E+01   1.7174988891325690E+01
   7.8000000000000000E+08   7.4906334986031373E-02   1.3350005712954472E+01   1.7010823214301325E+01
   7.9000000000000000E+08   7.4181872258922435E-02   1.3480382329925925E+01   1.6850528995093715E+01
   8.0000000000000000E+08   7.3474221865443792E-02   1.3610215591412988E+01   1.6693969188474131E+01
   8.1000000000000000E+08   7.2782795764151823E-02   1.3739510683822022E+01   1.6541013118677874E+01
   8.2000000000000000E+08   7.2107033311451477E-02   1.3868272678487633E+01   1.6391536224230887E+01
   8.3000000000000000E+08   7.1446399669650620E-02   1.3996506536700764E+01   1.6245419876199445E+01
   8.4000000000000000E+08   7.0800384328556482E-02   1.4124217113842167E+01   1.6102550643795201E+01
   8.5000000000000000E+08   7.0168499732960465E-02   1.4251409162312004E+01   1.5962820185332754E+01
   8.6000000000000000E+08   6.9550279992231026E-02   1.4378087336409044E+01   1.5826125059697581E+01
   8.7000000000000000E+08   6.8945279688130717E-02   1.4504256194527489E+01   1.5692366323835776E+01
   8.8000000000000000E+08   6.8353072751925592E-02   1.4629920203138621E+01   1.5561449380963696E+01
   8.9000000000000000E+08   6.7773251419157604E-02   1.4755083739679165E+01   1.5433283653742912E+01
   9.0000000000000000E+08   6.7205425250426346E-02   1.4879751095595608E+01   1.5307782494085805E+01
   9.1000000000000000E+08   6.6649220214661395E-02   1.5003926479248166E+01   1.5184862664858519E+01
   9.2000000000000000E+08   6.6104277832287242E-02   1.5127614018219729E+01   1.5064444676014958E+01
   9.3000000000000000E+08   6.5570254366844632E-02   1.5250817762659873E+01   1.4946452125063077E+01
   9.4000000000000000E+08   6.5046820071036279E-02   1.5373541687478665E+01   1.4830811837432941E+01
   9.5000000000000000E+08   6.4533658479063449E-02   1.5495789694372101E+01   1.4717453473126731E+01
   9.6000000000000000E+08   6.4030465740720480E-02   1.5617565613989365E+01   1.4606309584033488E+01
   9.7000000000000000E+08   6.3536949991503625E-02   1.5738873208955161E+01   1.4497315323993750E+01
   9.8000000000000000E+08   6.3052830765936749E-02   1.5859716175347891E+01   1.4390408415924112E+01
   9.9000000000000000E+08   6.2577838442337261E-02   1.5980098144832159E+01   1.4285528936414565E+01
   1.0000000000000000E+09   6.2111713719670746E-02   1.6100022686756116E+01   1.4182619376627409E+01
   1.1000000000000000E+09   5.7887610840382575E-02   1.7274853556443500E+01   1.3250635093617470E+01
   1.2000000000000000E+09   5.4325782838193622E-02   1.8407465990475380E+01   1.2465781876727817E+01
   1.3000000000000000E+09   5.1280397121126968E-02   1.9500629014981069E+01   1.1795671486464059E+01
   1.4000000000000000E+09   4.8645798861106558E-02   2.0556759749288922E+01   1.1216838746931005E+01
   1.5000000000000000E+09   4.6343507963753826E-02   2.1577995364142911E+01   1.0711853933174773E+01
   1.6000000000000000E+09   4.4313972945842842E-02   2.2566245667526221E+01   1.0267491294641108E+01
   1.7000000000000000E+09   4.2511164225215545E-02   2.3523232501989419E+01   9.8735280956966331E+00
   1.8000000000000000E+09   4.0898925799588072E-02   2.4450519920747453E+01   9.5219345079123503E+00
   1.9000000000000000E+09   3.9448451111367987E-02   2.5349537734114659E+01   9.2063127863027550E+00
   2.0000000000000000E+09   3.8136497846531364E-02   2.6221600211539965E+01   8.9215012127793294E+00
   2.1000000000000000E+09   3.6944100543457425E-02   2.7067921137332821E+01   8.6632877337967269E+00
   2.2000000000000000E+09   3.5855625854245260E-02   2.7889626137472693E+01   8.4282003687530391E+00
   2.3000000000000000E+09   3.4858068397942199E-02   2.8687762861209887E+01   8.2133507688060394E+00
   2.4000000000000000E+09   3.3940518485084503E-02   2.9463309478889077E+01   8.0163160538332239E+00
   2.5000000000000000E+09   3.3093754528690969E-02   3.0217181889502442E+01   7.8350482014162814E+00
   2.6000000000000000E+09   3.2309927320525476E-02   3.0950239846709028E+01   7.6678039747818740E+00
   2.7000000000000000E+09   3.1582312831503173E-02   3.1663292214701453E+01   7.5130900770928557E+00
   2.8000000000000000E+09   3.0905116714906818E-02   3.2357101551331745E+01   7.3696196954888240E+00
   2.9000000000000000E+09   3.0273318362397179E-02   3.3032388059648959E+01   7.2362777321175340E+00
   3.0000000000000000E+09   2.9682545390122137E-02   3.3689833094057484E+01   7.1120932258667944E+00
   3.1000000000000000E+09   2.9128971871883517E-02   3.4330082242457770E+01   6.9962163741032981E+00
   3.2000000000000000E+09   2.8609235226843461E-02   3.4953748049221552E+01   6.8879005284551695E+00
   3.3000000000000000E+09   2.8120367859931675E-02   3.5561412460214875E+01   6.7864865154890976E+00
   3.4000000000000000E+09   2.7659740595023963E-02   3.6153629010530267E+01   6.6913904253477092E+00
   3.5000000000000000E+09   2.7225015585164113E-02   3.6730924794949829E+01   6.6020931735906361E+00
   3.6000000000000000E+09   2.6814106912869600E-02   3.7293802223188862E+01   6.5181313708455129E+00
   3.7000000000000000E+09   2.6425147409793497E-02   3.7842740647470798E+01   6.4390903439942901E+00
   3.8000000000000000E+09   2.6056460613644351E-02   3.8378197823090161E+01   6.3645978972822981E+00
   3.9000000000000000E+09   2.5706536936717581E-02   3.8900611251594292E+01   6.2943186481594893E+00
   4.0000000000000000E+09   2.5374013340867623E-02   3.9410399394304363E+01   6.2279498848447767E+00
   4.1000000000000000E+09   2.5057655920885536E-02   3.9907962786195853E+01   6.1652176858162226E+00
   4.2000000000000000E+09   2.4756344887216980E-02   4.0393685116107484E+01   6.1058731972593945E+00
   4.3000000000000000E+09   2.4469061671548293E-02   4.0867934104835847E+01   6.0496903604403531E+00
   4.4000000000000000E+09   2.4194877681438257E-02   4.1331062432573354E+01   5.9964628445135597E+00
   4.5000000000000000E+09   2.3932944529511339E-02   4.1783408588396462E+01   5.9460022371810766E+00
   4.6000000000000000E+09   2.3682485584014517E-02   4.2225297528524280E+01   5.8981361230331633E+00
   4.7000000000000000E+09   2.3442788466980349E-02   4.2657041478172310E+01   5.8527062402527203E+00
   4.8000000000000000E+09   2.3213198557289424E-02   4.3078940523083560E+01   5.8095671597307357E+00
   4.9000000000000000E+09   2.2993113209063127E-02   4.3491283277195933E+01   5.7685851540688873E+00
   5.0000000000000000E+09   2.2781976716239567E-02   4.3894347380628083E+01   5.7296367313883803E+00
   5.1000000000000000E+09   2.2579275793467187E-02   4.4288400086300733E+01   5.6926078718777955E+00
   5.2000000000000000E+09   2.2384535597716106E-02   4.4673698752188102E+01   5.6573931957042580E+00
   5.3000000000000000E+09   2.2197316189815828E-02   4.5050491304836306E+01   5.6238949457204770E+00
   5.4000000000000000E+09   2.2017209356730683E-02   4.5419016724492344E+01   5.5920224903088442E+00
   5.5000000000000000E+09   2.1843835848139086E-02   4.5779505346593780E+01   5.5616914966589235E+00
   5.6000000000000000E+09   2.1676842810584841E-02   4.6132179337098776E+01   5.5328237441877715E+00
   5.7000000000000000E+09   2.1515901500653540E-02   4.6477253112988336E+01   5.5053461580211200E+00
   5.8000000000000000E+09   2.1360705334777391E-02   4.6814933511202881E+01   5.4791906604400937E+00
   5.9000000000000000E+09   2.1210967947030198E-02   4.7145420355039136E+01   5.4542936787606866E+00
   6.0000000000000000E+09   2.1066421647471582E-02   4.7468906524996925E+01   5.4305956946285869E+00
   6.1000000000000000E+09   2.0926815856823437E-02   4.7785578410101905E+01   5.4080410405583699E+00
   6.2000000000000000E+09   2.0791915756410515E-02   4.8095616186386408E+01   5.3865776519884694E+00
   6.3000000000000000E+09   2.0661501139213896E-02   4.8399193904748728E+01   5.3661565825066120E+00
   6.4000000000000000E+09   2.0535365193229814E-02   4.8696479979313168E+01   5.3467319011335013E+00
   6.5000000000000000E+09   2.0413313555434819E-02   4.8987637273310838E+01   5.3282604808517036E+00
   6.6000000000000000E+09   2.0295163376381650E-02   4.9272823354737959E+01   5.3107016303323018E+00
   6.7000000000000000E+09   2.0180742494026512E-02   4.9552190673658295E+01   5.2940171288031133E+00
   6.8000000000000000E+09   2.0069888615221541E-02   4.9825886888160078E+01   5.2781709845463762E+00
   6.9000000000000000E+09   1.9962448676914057E-02   5.0094054902015536E+01   5.2631291998785068E+00
   7.0000000000000000E+09   1.9858278144336244E-02   5.0356833192267928E+01   5.2488596348431917E+00
   7.1000000000000000E+09   1.9757240495547938E-02   5.0614355796566755E+01   5.2353320301351314E+00
   7.2000000000000000E+09   1.9659206619882071E-02   5.0866752628189168E+01   5.2225176300444840E+00
   7.3000000000000000E+09   1.9564054267678224E-02   5.1114149772733981E+01   5.2103892899250912E+00
   7.4000000000000000E+09   1.9471667769624033E-02   5.1356669178590273E+01   5.1989213923894804E+00
   7.5000000000000000E+09   1.9381937430352339E-02   5.1594429276919890E+01   5.1880895360376087E+00
   7.6000000000000000E+09   1.9294759237234838E-02   5.1827544863592287E+01   5.1778706113612385E+00
   7.7000000000000000E+09   1.9210034434541581E-02   5.2056127406096643E+01   5.1682427451869168E+00
   7.8000000000000000E+09   1.9127669317758830E-02   5.2280284826524237E+01   5.1591850315931680E+00
   7.9000000000000000E+09   1.9047574744386883E-02   5.2500122111067682E+01   5.1506776656861506E+00
   8.0000000000000000E+09   1.8969666013454671E-02   5.2715740977765620E+01   5.1427019416918984E+00
   8.1000000000000000E+09   1.8893862477487713E-02   5.2927240324285911E+01   5.1352398825794863E+00
   8.2000000000000000E+09   1.8820087376271281E-02   5.3134716115123830E+01   5.1282745072460845E+00
   8.3000000000000000E+09   1.8748267627603843E-02   5.3338261425693496E+01   5.1217894771647723E+00
   8.4000000000000000E+09   1.8678333456530371E-02   5.3537966988718544E+01   5.1157693267732096E+00
   8.5000000000000000E+09   1.8610218436576283E-02   5.3733920609691133E+01   5.1101993371369758E+00
   8.6000000000000000E+09   1.8543859109367830E-02   5.3926207813713845E+01   5.1050654264235691E+00
   8.7000000000000000E+09   1.8479194880232183E-02   5.4114911741622137E+01   5.1003541030580699E+00
   8.8000000000000000E+09   1.8416167909745155E-02   5.4300113080031011E+01   5.0960525697232306E+00
   8.9000000000000000E+09   1.8354722861517941E-02   5.4481890440120758E+01   5.0921484616207007E+00
   9.0000000000000000E+09   1.8294806909244912E-02   5.4660320000134590E+01   5.0886300672124909E+00
   9.1000000000000000E+09   1.8236369369578481E-02   5.4835476280063652E+01   5.0854861562570699E+00
   9.2000000000000000E+09   1.8179361891250894E-02   5.5007431282902509E+01   5.0827059980884783E+00
   9.3000000000000000E+09   1.8123738036173911E-02   5.5176255472467062E+01   5.0802792637307190E+00
   9.4000000000000000E+09   1.8069453414555136E-02   5.5342017107971266E+01   5.0781961282263230E+00
   9.5000000000000000E+09   1.8016465388779202E-02   5.5504782898359636E+01   5.0764470057547628E+00
   9.6000000000000000E+09   1.7964733182830803E-02   5.5664617438110184E+01   5.0750230355265469E+00
   9.7000000000000000E+09   1.7914217562474116E-02   5.5821583974437964E+01   5.0739153198712135E+00
   9.8000000000000000E+09   1.7864880962688044E-02   5.5975743812039092E+01   5.0731156016416472E+00
   9.9000000000000000E+09   1.7816687276642994E-02   5.6127156775713438E+01   5.0726158450647461E+00
   1.0000000000000000E+10   1.7769601852615759E-02   5.6275881040789670E+01   5.0724083145403194E+00
   1.1000000000000000E+10   1.7352964629875331E-02   5.7627040758117680E+01   5.0849122300183138E+00
   1.2000000000000000E+10   1.7017366141982758E-02   5.8763500277104953E+01   5.1200284953540054E+00
   1.3000000000000000E+10   1.6743687031566534E-02   5.9724002133742729E+01   5.1735114565751132E+00
   1.4000000000000000E+10   1.6518248859571667E-02   6.0539104871309654E+01   5.2423241699485592E+00
   1.5000000000000000E+10   1.6331019230950112E-02   6.1233165294718830E+01   5.3242394902294130E+00
   1.6000000000000000E+10   1.6174481880634840E-02   6.1825782574047480E+01   5.4175891006804084E+00
   1.7000000000000000E+10   1.6042901808397219E-02   6.2332862966011390E+01   5.5211003206205866E+00
   1.8000000000000000E+10   1.5931832940838778E-02   6.2767416888778413E+01   5.6337867595512918E+00
   1.9000000000000000E+10   1.5837779969143789E-02   6.3140162443743151E+01   5.7548731736985133E+00
   2.0000000000000000E+10   1.5757960804956957E-02   6.3459987772366574E+01   5.8837427491168164E+00
   2.1000000000000000E+10   1.5690136398947660E-02   6.3734308904227909E+01   6.0198991741772314E+00
   2.2000000000000000E+10   1.5632486960444041E-02   6.3969348097354512E+01   6.1629392662448028E+00
   2.3000000000000000E+10   1.5583520034474370E-02   6.4170354181068689E+01   6.3125325551136546E+00
   2.4000000000000000E+10   1.5542002242907081E-02   6.4341774268908694E+01   6.4684059502418281E+00
   2.5000000000000000E+10   1.5506905855095669E-02   6.4487397379238857E+01   6.6303321015606373E+00
   2.6000000000000000E+10   1.5477369735406084E-02   6.4610461408852743E+01   6.7981203345880914E+00
   2.7000000000000000E+10   1.5452667291340344E-02   6.4713746898595232E+01   6.9716106416343608E+00
   2.8000000000000000E+10   1.5432182144662878E-02   6.4799649889166432E+01   7.1506662951832274E+00
   2.9000000000000000E+10   1.5415388567862473E-02   6.4870242848420261E+01   7.3351713409888948E+00
   3.0000000000000000E+10   1.5401836198934859E-02   6.4927323410253962E+01   7.5250264905259607E+00
   3.1000000000000000E+10   1.5391137398616115E-02   6.4972456167528890E+01   7.7201461235382149E+00
   3.2000000000000000E+10   1.5382956748688937E-02   6.5007008492384173E+01   7.9204563738044804E+00
   3.3000000000000000E+10   1.5377004035043711E-02   6.5032173869567274E+01   8.1258930841361288E+00
   3.4000000000000000E+10   1.5373025799220020E-02   6.5049002913319583E+01   8.3364006626728511E+00
   3.5000000000000000E+10   1.5370800665194457E-02   6.5058419647871290E+01   8.5519302789360836E+00
   3.6000000000000000E+10   1.5370135143347681E-02   6.5061236656257265E+01   8.7724391067770693E+00
   3.7000000000000000E+10   1.5370858435920344E-02   6.5058175128533364E+01   8.9978897417219095E+00
   3.8000000000000000E+10   1.5372820311430752E-02   6.5049872420380225E+01   9.2282490308163165E+00
   3.9000000000000000E+10   1.5375887804742831E-02   6.5036894955199998E+01   9.4634877247307436E+00
   4.0000000000000000E+10   1.5379943677010196E-02   6.5019743960102488E+01   9.7035798796171004E+00
   4.1000000000000000E+10   1.5384883336059389E-02   6.4998867924866261E+01   9.9485024554536921E+00
   4.2000000000000000E+10   1.5390613500726326E-02   6.4974667835873291E+01   1.0198234909547894E+01
   4.3000000000000000E+10   1.5397050960464754E-02   6.4947502126719954E+01   1.0452758728058839E+01
   4.4000000000000000E+10   1.5404122209350354E-02   6.4917688032427890E+01   1.0712057726241387E+01
   4.5000000000000000E+10   1.5411760658032510E-02   6.4885513225174989E+01   1.0976117174252686E+01
   4.6000000000000000E+10   1.5419906869681246E-02   6.4851234735159707E+01   1.1244923682582796E+01
   4.7000000000000000E+10   1.5428507166228140E-02   6.4815084779487037E+01   1.1518465401289109E+01
   4.8000000000000000E+10   1.5437513515016725E-02   6.4777271224880721E+01   1.1796731099701587E+01
   4.9000000000000000E+10   1.5446883002719963E-02   6.4737979812750268E+01   1.2079712375957607E+01
   5.0000000000000000E+10   1.5456575499539950E-02   6.4697383972909407E+01   1.2367399111288940E+01
   5.1000000000000000E+10   1.5466557344930094E-02   6.4655629413729756E+01   1.2659783769024514E+01
   5.2000000000000000E+10   1.5476795321707435E-02   6.4612859394568630E+01   1.2956858741049240E+01
   5.3000000000000000E+10   1.5487261185762942E-02   6.4569195805858527E+01   1.3258618251262773E+01
   5.4000000000000000E+10   1.5497928316057678E-02   6.4524753219040406E+01   1.3565055387549984E+01
   5.5000000000000000E+10   1.5508773320895704E-02   6.4479632225499927E+01   1.3876164782156199E+01
   5.6000000000000000E+10   1.5519775074313532E-02   6.4433923508020428E+01   1.4191941576762027E+01
   5.7000000000000000E+10   1.5530912696895298E-02   6.4387716260867577E+01   1.4512380701662307E+01
   5.8000000000000000E+10   1.5542169554368842E-02   6.4341081629681753E+01   1.4837478077486008E+01
   5.9000000000000000E+10   1.5553529568812376E-02   6.4294088076649814E+01   1.5167230239499169E+01
   6.0000000000000000E+10   1.5564976215854892E-02   6.4246805528772597E+01   1.5501632323852366E+01
   6.1000000000000000E+10   1.5576498763180614E-02   6.4199279645807067E+01   1.5840681508319909E+01
   6.2000000000000000E+10   1.5588082480712298E-02   6.4151572282051788E+01   1.6184374707772072E+01
   6.3000000000000000E+10   1.5599717233435373E-02   6.4103726050666367E+01   1.6532709237299066E+01
   6.4000000000000000E+10   1.5611393656788314E-02   6.4055780155487227E+01   1.6885682076926017E+01
   6.5000000000000000E+10   1.5623100829729501E-02   6.4007779947056392E+01   1.7243291292217311E+01
   6.6000000000000000E+10   1.5634831711744769E-02   6.3959754632268137E+01   1.7605533203770076E+01
   6.7000000000000000E+10   1.5646577213718850E-02   6.3911741612293625E+01   1.7972406015917528E+01
   6.8000000000000000E+10   1.5658331424492380E-02   6.3863765103082734E+01   1.8343907643611139E+01
   6.9000000000000000E+10   1.5670086613279014E-02   6.3815856585795039E+01   1.8720035540572034E+01
   7.0000000000000000E+10   1.5681839527947251E-02   6.3768029140832560E+01   1.9100789038034453E+01
   7.1000000000000000E+10   1.5693581131817329E-02   6.3720319256679396E+01   1.9486165548947817E+01
   7.2000000000000000E+10   1.5705308863176594E-02   6.3672736952321088E+01   1.9876163516615286E+01
   7.3000000000000000E+10   1.5717018861338479E-02   6.3625297444915013E+01   2.0270781893328014E+01
   7.4000000000000000E+10   1.5728704031535333E-02   6.3578028933283115E+01   2.0670017380847359E+01
   7.5000000000000000E+10   1.5740363591303746E-02   6.3530933971085737E+01   2.1073869383560961E+01
   7.6000000000000000E+10   1.5751992960081573E-02   6.3484030403910339E+01   2.1482337385282559E+01
   7.7000000000000000E+10   1.5763589511632894E-02   6.3437328107411105E+01   2.1895417940053335E+01
   7.8000000000000000E+10   1.5775149841179004E-02   6.3390840028005854E+01   2.2313111347539390E+01
   7.9000000000000000E+10   1.5786671376819633E-02   6.3344575694934065E+01   2.2735416541026176E+01
   8.0000000000000000E+10   1.5798152416789984E-02   6.3298541096313180E+01   2.3162329895425394E+01
   8.1000000000000000E+10   1.5809590855632251E-02   6.3252743801636392E+01   2.3593853170864769E+01
   8.2000000000000000E+10   1.5820983514206598E-02   6.3207195627379363E+01   2.4029982536297474E+01
   8.3000000000000000E+10   1.5832330754628223E-02   6.3161894196006038E+01   2.4470717757153643E+01
   8.4000000000000000E+10   1.5843629682272289E-02   6.3116850119194439E+01   2.4916058725863746E+01
   8.5000000000000000E+10   1.5854879434260276E-02   6.3072065867567169E+01   2.5366002090425148E+01
   8.6000000000000000E+10   1.5866077178810525E-02   6.3027551721198037E+01   2.5820548601765076E+01
   8.7000000000000000E+10   1.5877225368165757E-02   6.2983296943370583E+01   2.6279696747899621E+01
   8.8000000000000000E+10   1.5888319001846379E-02   6.2939320382715778E+01   2.6743445351555174E+01
   8.9000000000000000E+10   1.5899359870885574E-02   6.2895613919096824E+01   2.7211791612607477E+01
   9.0000000000000000E+10   1.5910347503619030E-02   6.2852178418638331E+01   2.7684736774577502E+01
   9.1000000000000000E+10   1.5921279339361920E-02   6.2809022986470467E+01   2.8162278164825011E+01
   9.2000000000000000E+10   1.5932153691743018E-02   6.2766153236285888E+01   2.8644416063314690E+01
   9.3000000000000000E+10   1.5942973415502548E-02   6.2723556888555386E+01   2.9131148252815702E+01
   9.4000000000000000E+10   1.5953739177933891E-02   6.2681230327692148E+01   2.9622475335629190E+01
   9.5000000000000000E+10   1.5964444733879545E-02   6.2639197082615262E+01   3.0118392739553666E+01
   9.6000000000000000E+10   1.5975094308089393E-02   6.2597439533964121E+01   3.0618902550407352E+01
   9.7000000000000000E+10   1.5985687916953772E-02   6.2555956627893430E+01   3.1124002990050958E+01
   9.8000000000000000E+10   1.5996222295454637E-02   6.2514760143346628E+01   3.1633692547351032E+01
   9.9000000000000000E+10   1.6006698080764600E-02   6.2473846570624687E+01   3.2147970851021597E+01
   1.0000000000000000E+11   1.6017119385845848E-02   6.2433198873680695E+01   3.2666834759618496E+01
   1.1000000000000000E+11   1.6118155740191081E-02   6.2041837547609227E+01   3.8107530282042404E+01
   1.2000000000000000E+11   1.6213584406243823E-02   6.1676676479687117E+01   4.4005694235131841E+01
   1.3000000000000000E+11   1.6303715674567794E-02   6.1335711439074139E+01   5.0360121176245698E+01
   1.4000000000000000E+11   1.6388930536930843E-02   6.1016794094440669E+01   5.7169508804869764E+01
   1.5000000000000000E+11   1.6469618873211800E-02   6.0717859210848061E+01   6.4432444734228540E+01
   1.6000000000000000E+11   1.6546156588672208E-02   6.0436996026292775E+01   7.2147413034877644E+01
   1.7000000000000000E+11   1.6618894291518017E-02   6.0172474922737919E+01   8.0312785745648100E+01
   1.8000000000000000E+11   1.6688137834317184E-02   5.9922803246724051E+01   8.8926839833199182E+01
   1.9000000000000000E+11   1.6754190607592371E-02   5.9686559823835218E+01   9.7987743162839280E+01
   2.0000000000000000E+11   1.6817297160941616E-02   5.9462587265361094E+01   1.0749356755379003E+02
   2.1000000000000000E+11   1.6877695837818781E-02   5.9249793906064191E+01   1.1744227480017813E+02
   2.2000000000000000E+11   1.6935599024125659E-02   5.9047217554894111E+01   1.2783176102807413E+02
   2.3000000000000000E+11   1.6991184415789947E-02   5.8854048989704211E+01   1.3865981107614823E+02
   2.4000000000000000E+11   1.7044630797014262E-02   5.8669501962763078E+01   1.4992411249204514E+02
   2.5000000000000000E+11   1.7096076203718565E-02   5.8492954060563349E+01   1.6162229421051003E+02
   2.6000000000000000E+11   1.7145681146417558E-02   5.8323725459512673E+01   1.7375188389310298E+02
   2.7000000000000000E+11   1.7193545424828104E-02   5.8161360864872222E+01   1.8631032882277032E+02
   2.8000000000000000E+11   1.7239793221593656E-02   5.8005336093442985E+01   1.9929499315096646E+02
   2.9000000000000000E+11   1.7284523719247893E-02   5.7855224491167725E+01   2.1270316160349159E+02
   3.0000000000000000E+11   1.7327830997912685E-02   5.7710627494027406E+01   2.2653208390981970E+02
   3.1000000000000000E+11   1.7369794650643564E-02   5.7571204502578816E+01   2.4077886563136883E+02
   3.2000000000000000E+11   1.7410515635675205E-02   5.7436552766475188E+01   2.5544059240267586E+02
   3.3000000000000000E+11   1.7450046300535114E-02   5.7306438205228986E+01   2.7051428191347884E+02
   3.4000000000000000E+11   1.7488422507870832E-02   5.7180686225412302E+01   2.8599685487541399E+02
   3.5000000000000000E+11   1.7525772834684254E-02   5.7058824705348080E+01   3.0188519919969735E+02
   3.6000000000000000E+11   1.7562108817645534E-02   5.6940770062604891E+01   3.1817612825832924E+02
   3.7000000000000000E+11   1.7597496023985134E-02   5.6826266568664913E+01   3.3486637755026078E+02
   3.8000000000000000E+11   1.7631954473204089E-02   5.6715209962669533E+01   3.5195264458113866E+02
   3.9000000000000000E+11   1.7665562835692972E-02   5.6607310466186618E+01   3.6943156774474602E+02
   4.0000000000000000E+11   1.7698365619203096E-02   5.6502392453401420E+01   3.8729971222085089E+02
   4.1000000000000000E+11   1.7730374432978122E-02   5.6400388146345136E+01   4.0555365079632304E+02
   4.2000000000000000E+11   1.7761635253638601E-02   5.6301122375269074E+01   4.2418983595085172E+02
   4.3000000000000000E+11   1.7792157631327282E-02   5.6204538017315272E+01   4.4320471123477483E+02
   4.4000000000000000E+11   1.7822058646341322E-02   5.6110240676673428E+01   4.6259467749260506E+02
   4.5000000000000000E+11   1.7851266719302268E-02   5.6018433634108291E+01   4.8235604801099521E+02
   4.6000000000000000E+11   1.7879866690272105E-02   5.5928828627344856E+01   5.0248513998203168E+02
   4.7000000000000000E+11   1.7907840405896575E-02   5.5841462584775265E+01   5.2297821122774440E+02
   4.8000000000000000E+11   1.7935285948673406E-02   5.5756010964183474E+01   5.4383151967031222E+02
   4.9000000000000000E+11   1.7962149826666805E-02   5.5672623246655547E+01   5.6504121975551016E+02
   5.0000000000000000E+11   1.7988458291387805E-02   5.5591200969054832E+01   5.8660348615535042E+02
   5.1000000000000000E+11   1.8014326564267612E-02   5.5511372930451593E+01   6.0851444084038633E+02
   5.2000000000000000E+11   1.8039621765247218E-02   5.5433534749961872E+01   6.3077017487051489E+02
   5.3000000000000000E+11   1.8064551706704606E-02   5.5357033832666495E+01   6.5336678275973520E+02
   5.4000000000000000E+11   1.8088922719233451E-02   5.5282451891771743E+01   6.7630025782851965E+02
   5.5000000000000000E+11   1.8112902365709966E-02   5.5209263529909357E+01   6.9956672518034804E+02
   5.6000000000000000E+11   1.8136450609201760E-02   5.5137580199547834E+01   7.2316206973432679E+02
   5.7000000000000000E+11   1.8159571276796880E-02   5.5067379331677017E+01   7.4708227109640666E+02
   5.8000000000000000E+11   1.8182316072235860E-02   5.4998493922728912E+01   7.7132339199728369E+02
   5.9000000000000000E+11   1.8204695011719629E-02   5.4930884552376767E+01   7.9588135278295567E+02
   6.0000000000000000E+11   1.8226720087128941E-02   5.4864506352196877E+01   8.2075202136401697E+02
   6.1000000000000000E+11   1.8248359350139281E-02   5.4799446942739415E+01   8.4593132910596887E+02
   6.2000000000000000E+11   1.8269646267305099E-02   5.4735597250701844E+01   8.7141522613269967E+02
   6.3000000000000000E+11   1.8290560208394705E-02   5.4673011028991688E+01   8.9719960561441337E+02
   6.4000000000000000E+11   1.8311197011991111E-02   5.4611394293073737E+01   9.2328034992921744E+02
   6.5000000000000000E+11   1.8331449542962792E-02   5.4551059786970711E+01   9.4965336901146179E+02
   6.6000000000000000E+11   1.8351482210109932E-02   5.4491511287796399E+01   9.7631447281254236E+02
   6.7000000000000000E+11   1.8371222055774759E-02   5.4432960255121564E+01   1.0032596749941190E+03
   6.8000000000000000E+11   1.8390613890682861E-02   5.4375563857964792E+01   1.0304846824927079E+03
   6.9000000000000000E+11   1.8409739534724991E-02   5.4319073776887002E+01   1.0579855186654752E+03
   7.0000000000000000E+11   1.8428619798376473E-02   5.4263423465282969E+01   1.0857580338327764E+03
   7.1000000000000000E+11   1.8447244934262252E-02   5.4208636767363032E+01   1.1137980907769493E+03
   7.2000000000000000E+11   1.8465633746246855E-02   5.4154653652396334E+01   1.1421016271129749E+03
   7.3000000000000000E+11   1.8483695222866428E-02   5.4101736040469156E+01   1.1706644897666138E+03
   7.4000000000000000E+11   1.8501603781194399E-02   5.4049368466988305E+01   1.1994825653456605E+03
   7.5000000000000000E+11   1.8519215395124886E-02   5.3997967984283306E+01   1.2285518502266320E+03
   7.6000000000000000E+11   1.8536595595384252E-02   5.3947338649876329E+01   1.2578682752142033E+03
   7.7000000000000000E+11   1.8553704060457511E-02   5.3897593533964205E+01   1.2874276368909777E+03
   7.8000000000000000E+11   1.8570656521200306E-02   5.3848392428043553E+01   1.3172260607783842E+03
   7.9000000000000000E+11   1.8587407596656856E-02   5.3799863956276553E+01   1.3472595249340293E+03
   8.0000000000000000E+11   1.8603922564497111E-02   5.3752105048445820E+01   1.3775238115254792E+03
   8.1000000000000000E+11   1.8620247206385287E-02   5.3704979795170416E+01   1.4080150960375888E+03
   8.2000000000000000E+11   1.8636342199642872E-02   5.3658598306869635E+01   1.4387293473834304E+03
   8.3000000000000000E+11   1.8652258752166050E-02   5.3612809756023367E+01   1.4696626588967006E+03
   8.4000000000000000E+11   1.8667997635356346E-02   5.3567609099437924E+01   1.5008109146310214E+03
   8.5000000000000000E+11   1.8683590263468611E-02   5.3522903569303068E+01   1.5321703843320190E+03
   8.6000000000000000E+11   1.8698916382875453E-02   5.3479034802027591E+01   1.5637370720755928E+03
   8.7000000000000000E+11   1.8714062473700787E-02   5.3435751932821553E+01   1.5955071624150673E+03
   8.8000000000000000E+11   1.8729217068465802E-02   5.3392514825603165E+01   1.6274767280590368E+03
   8.9000000000000000E+11   1.8744032425426639E-02   5.3350313171859490E+01   1.6596419417686866E+03
   9.0000000000000000E+11   1.8758655339325730E-02   5.3308725061097299E+01   1.6919990282222893E+03
   9.1000000000000000E+11   1.8773151229556848E-02   5.3267562156830600E+01   1.7245441866621991E+03
   9.2000000000000000E+11   1.8787661588787204E-02   5.3226421780814768E+01   1.7572736885928707E+03
   9.3000000000000000E+11   1.8801814400080399E-02   5.3186356312278249E+01   1.7901837589210975E+03
   9.4000000000000000E+11   1.8815858810454347E-02   5.3146657299766012E+01   1.8232707548834228E+03
   9.5000000000000000E+11   1.8829832845034217E-02   5.3107215992292737E+01   1.8565310285244120E+03
   9.6000000000000000E+11   1.8843555531078436E-02   5.3068541037847815E+01   1.8899609450078019E+03
   9.7000000000000000E+11   1.8857213340270306E-02   5.3030104817473834E+01   1.9235567179219704E+03
   9.8000000000000000E+11   1.8870748224927437E-02   5.2992069423036639E+01   1.9573149714260476E+03
   9.9000000000000000E+11   1.8884042921765119E-02   5.2954762078380654E+01   1.9912320928926133E+03
   1.0000000000000000E+12   1.8897284772964696E-02   5.2917655208892498E+01   2.0253045811626973E+03
   1.1000000000000000E+12   1.9022726146983547E-02   5.2568700840944985E+01   2.3738220874168996E+03
   1.2000000000000000E+12   1.9137513411875841E-02   5.2253392511246901E+01   2.7342499083633975E+03
   1.3000000000000000E+12   1.9242661548950980E-02   5.1967863045146970E+01   3.1036317799287367E+03
   1.4000000000000000E+12   1.9340468111257243E-02   5.1705056684638556E+01   3.4793638282137986E+03
   1.5000000000000000E+12   1.9431070164540352E-02   5.1463969381619258E+01   3.8591849150169837E+03
   1.6000000000000000E+12   1.9516229736504673E-02   5.1239405023477588E+01   4.2411571797618381E+03
   1.7000000000000000E+12   1.9596472240535193E-02   5.1029592863735232E+01   4.6236382898296424E+03
   1.8000000000000000E+12   1.9671980168062576E-02   5.0833723471493649E+01   5.0052528639516577E+03
   1.9000000000000000E+12   1.9742872766428270E-02   5.0651190018326425E+01   5.3848610344118906E+03
   2.0000000000000000E+12   1.9810731944850165E-02   5.0477690717528077E+01   5.7615293349899375E+03
   2.1000000000000000E+12   1.9874480481895516E-02   5.0315780626866768E+01   6.1345020423826973E+03
   2.2000000000000000E+12   1.9936408159852311E-02   5.0159486703015425E+01   6.5031764680478846E+03
   2.3000000000000000E+12   1.9994996910390587E-02   5.0012510853669639E+01   6.8670794582032449E+03
   2.4000000000000000E+12   2.0050787454742182E-02   4.9873352967166966E+01   7.2258472625481818E+03
   2.5000000000000000E+12   2.0104931374201458E-02   4.9739040705366193E+01   7.5792087720589216E+03
   2.6000000000000000E+12   2.0156670792614417E-02   4.9611367387436275E+01   7.9269691023754203E+03
   2.7000000000000000E+12   2.0206458962503063E-02   4.9489126316277918E+01   8.2689976451611874E+03
   2.8000000000000000E+12   2.0254437664111676E-02   4.9371896499100288E+01   8.6052163853332440E+03
   2.9000000000000000E+12   2.0300733769269750E-02   4.9259303203796058E+01   8.9355906849869152E+03
   3.0000000000000000E+12   2.0345461265988775E-02   4.9151011467687205E+01   9.2601211224610488E+03
   3.1000000000000000E+12   2.0388722937363175E-02   4.9046720732442687E+01   9.5788371620016369E+03
   3.2000000000000000E+12   2.0430611791351944E-02   4.8946160311424904E+01   9.8917915214034510E+03
   3.3000000000000000E+12   2.0471212255024934E-02   4.8849085610674408E+01   1.0199055007253588E+04
   3.4000000000000000E+12   2.0510601203021901E-02   4.8755274899141746E+01   1.0500713101971089E+04
   3.5000000000000000E+12   2.0548848829735525E-02   4.8664526576930918E+01   1.0796862381360503E+04
   3.6000000000000000E+12   2.0586019401087421E-02   4.8576656832800658E+01   1.1087608273076370E+04
   3.7000000000000000E+12   2.0622171907884491E-02   4.8491497620464962E+01   1.1373062102176182E+04
   3.8000000000000000E+12   2.0657360620696598E-02   4.8408894938790034E+01   1.1653339972151425E+04
   3.9000000000000000E+12   2.0691635583817168E-02   4.8328707315051282E+01   1.1928560551580433E+04
   4.0000000000000000E+12   2.0725043047103708E-02   4.8250804484565286E+01   1.2198844726899937E+04
   4.1000000000000000E+12   2.0757625833079954E-02   4.8175066264388057E+01   1.2464313377979428E+04
   4.2000000000000000E+12   2.0789423672424954E-02   4.8101381536920528E+01   1.2725087814342143E+04
   4.3000000000000000E+12   2.0820473488012577E-02   4.8029647384136190E+01   1.2981288114983383E+04
   4.4000000000000000E+12   2.0850809661814129E-02   4.7959768288105650E+01   1.3233033122383375E+04
   4.5000000000000000E+12   2.0880464257460700E-02   4.7891655456975528E+01   1.3480440032748089E+04
   4.6000000000000000E+12   2.0909467226801284E-02   4.7825226207496222E+01   1.3723623754153456E+04
   4.7000000000000000E+12   2.0937846588397847E-02   4.7760403429172307E+01   1.3962696766949286E+04
   4.8000000000000000E+12   2.0965628592072596E-02   4.7697115095233272E+01   1.4197769117388834E+04
   4.9000000000000000E+12   2.0992837864287212E-02   4.7635293830434868E+01   1.4428948169685686E+04
   5.0000000000000000E+12   2.1019497541467685E-02   4.7574876517727418E+01   1.4656338405113238E+04
   5.1000000000000000E+12   2.1045629383024591E-02   4.7515803961016267E+01   1.4880041541613029E+04
   5.2000000000000000E+12   2.1071253886351528E-02   4.7458020552242957E+01   1.5100156398096638E+04
   5.3000000000000000E+12   2.1096390369173948E-02   4.7401474019991610E+01   1.5316778916212661E+04
   5.4000000000000000E+12   2.1121057074709893E-02   4.7346115133479209E+01   1.5530001905736810E+04
   5.5000000000000000E+12   2.1145271241009924E-02   4.7291897493400938E+01   1.5739915865948591E+04
   5.6000000000000000E+12   2.1169049167020827E-02   4.7238777335256792E+01   1.5946607967923701E+04
   5.7000000000000000E+12   2.1192406298006776E-02   4.7186713294282860E+01   1.6150162921416560E+04
   5.8000000000000000E+12   2.1215357263186088E-02   4.7135666281484141E+01   1.6350662774621667E+04
   5.9000000000000000E+12   2.1237915946581878E-02   4.7085599289272281E+01   1.6548186759238433E+04
   6.0000000000000000E+12   2.1260095535919302E-02   4.7036477249619260E+01   1.6742811643020992E+04
   6.1000000000000000E+12   2.1281908557940162E-02   4.6988266925285032E+01   1.6934611659146663E+04
   6.2000000000000000E+12   2.1303366932622931E-02   4.6940936761909178E+01   1.7123658790975456E+04
   6.3000000000000000E+12   2.1324482006420717E-02   4.6894456789098285E+01   1.7310022474061028E+04
   6.4000000000000000E+12   2.1345264590589552E-02   4.6848798512475142E+01   1.7493769892145785E+04
   6.5000000000000000E+12   2.1365724992892160E-02   4.6803934822369712E+01   1.7674966307213330E+04
   6.6000000000000000E+12   2.1385873053428140E-02   4.6759839895322905E+01   1.7853674371806152E+04
   6.7000000000000000E+12   2.1405718157804562E-02   4.6716489146868376E+01   1.8029955180642253E+04
   6.8000000000000000E+12   2.1425269288359684E-02   4.6673859102592409E+01   1.8203867615889951E+04
   6.9000000000000000E+12   2.1444535024561874E-02   4.6631927381714391E+01   1.8375468566009153E+04
   7.0000000000000000E+12   2.1463523575762450E-02   4.6590672611147774E+01   1.8544813317905177E+04
   7.1000000000000000E+12   2.1482242805594007E-02   4.6550074359070123E+01   1.8711955184486240E+04
   7.2000000000000000E+12   2.1500700248402727E-02   4.6510113086865140E+01   1.8876945947448927E+04
   7.3000000000000000E+12   2.1518903126414638E-02   4.6470770100381721E+01   1.9039835515656272E+04
   7.4000000000000000E+12   2.1536858361000250E-02   4.6432027514785425E+01   1.9200672419491257E+04
   7.5000000000000000E+12   2.1554572606129620E-02   4.6393868172344249E+01   1.9359503580221408E+04
   7.6000000000000000E+12   2.1572052233898797E-02   4.6356275664332863E+01   1.9516374390725283E+04
   7.7000000000000000E+12   2.1589303391191601E-02   4.6319234200395670E+01   1.9671328890373636E+04
   7.8000000000000000E+12   2.1606331964797297E-02   4.6282728675523330E+01   1.9824409839371041E+04
   7.9000000000000000E+12   2.1623143628221025E-02   4.6246744561917893E+01   1.9975658590877927E+04
   8.0000000000000000E+12   2.1639743837463449E-02   4.6211267911072341E+01   2.0125115033481306E+04
   8.1000000000000000E+12   2.1656137840512686E-02   4.6176285326798890E+01   2.0272818213713133E+04
   8.2000000000000000E+12   2.1672330708400717E-02   4.6141783892785291E+01   2.0418805804192791E+04
   8.3000000000000000E+12   2.1688327304138076E-02   4.6107751233042428E+01   2.0563114355087724E+04
   8.4000000000000000E+12   2.1704132337907727E-02   4.6074175388869747E+01   2.0705779325572927E+04
   8.5000000000000000E+12   2.1719750338693937E-02   4.6041044874189502E+01   2.0846835117964962E+04
   8.6000000000000000E+12   2.1735185685473682E-02   4.6008348604462675E+01   2.0986315185029394E+04
   8.7000000000000000E+12   2.1750442594129157E-02   4.5976075919940982E+01   2.1124251864003836E+04
   8.8000000000000000E+12   2.1765525146657135E-02   4.5944216519562609E+01   2.1260676628661135E+04
   8.9000000000000000E+12   2.1780437286907768E-02   4.5912760466067439E+01   2.1395620359618948E+04
   9.0000000000000000E+12   2.1795182814956592E-02   4.5881698194050770E+01   2.1529112431006703E+04
   9.1000000000000000E+12   2.1809765420382626E-02   4.5851020436259986E+01   2.1661181887973340E+04
   9.2000000000000000E+12   2.1824188657732821E-02   4.5820718271956324E+01   2.1791856576593815E+04
   9.3000000000000000E+12   2.1838455975766620E-02   4.5790783062212164E+01   2.1921164035780872E+04
   9.4000000000000000E+12   2.1852570707979618E-02   4.5761206466882328E+01   2.2049130619531385E+04
   9.5000000000000000E+12   2.1866536087281688E-02   4.5731980411000428E+01   2.2175782000635700E+04
   9.6000000000000000E+12   2.1880355235932836E-02   4.5703097103184056E+01   2.2301143491791194E+04
   9.7000000000000000E+12   2.1894031185382752E-02   4.5674548991582526E+01   2.2425239305415442E+04
   9.8000000000000000E+12   2.1907566879176874E-02   4.5646328755499518E+01   2.2548093347261296E+04
   9.9000000000000000E+12   2.1920965154827950E-02   4.5618429340906857E+01   2.2669728421295393E+04
   1.0000000000000000E+13   2.1934228780880308E-02   4.5590843881034154E+01   2.2790167310389086E+04
   1.1000000000000000E+13   2.2060011861078994E-02   4.5330891311274591E+01   2.3933303705177179E+04
   1.2000000000000000E+13   2.2174843296469651E-02   4.5096147315692882E+01   2.4977676415751124E+04
   1.3000000000000000E+13   2.2280478326388374E-02   4.4882339838082750E+01   2.5938225997687448E+04
   1.4000000000000000E+13   2.2378281327452454E-02   4.4686184133955578E+01   2.6826805350039471E+04
   1.5000000000000000E+13   2.2469333938673727E-02   4.4505102052839312E+01   2.7652961382708574E+04
   1.6000000000000000E+13   2.2554508102272986E-02   4.4337034328814411E+01   2.8424488445414983E+04
   1.7000000000000000E+13   2.2634517046073343E-02   4.4180310892627645E+01   2.9147827477772065E+04
   1.8000000000000000E+13   2.2709951575511918E-02   4.4033559326401097E+01   2.9828358569973290E+04
   1.9000000000000000E+13   2.2781306582988912E-02   4.3895638573544886E+01   3.0470620148400940E+04
   2.0000000000000000E+13   2.2849000771917177E-02   4.3765590013418070E+01   3.1078473728952711E+04
   2.1000000000000000E+13   2.2913391508788128E-02   4.3642600861442247E+01   3.1655232077083212E+04
   2.2000000000000000E+13   2.2974786255358436E-02   4.3525976210845876E+01   3.2203756609432625E+04
   2.3000000000000000E+13   2.3033451464484642E-02   4.3415117423539570E+01   3.2726536102794755E+04
   2.4000000000000000E+13   2.3089619524857486E-02   4.3309505335219349E+01   3.3225748075828662E+04
   2.5000000000000000E+13   2.3143494392684510E-02   4.3208686771004331E+01   3.3703308303413629E+04
   2.6000000000000000E+13   2.3195255991568874E-02   4.3112264006203901E+01   3.4160910900407005E+04
   2.7000000000000000E+13   2.3245063865910184E-02   4.3019886104358704E+01   3.4600061235547044E+04
   2.8000000000000000E+13   2.3293060137973158E-02   4.2931241926850362E+01   3.5022102285028210E+04
   2.9000000000000000E+13   2.3339372006207584E-02   4.2846054286894677E+01   3.5428237736957286E+04
   3.0000000000000000E+13   2.3384113677217960E-02   4.2764075380554324E+01   3.5819550278722847E+04
   3.1000000000000000E+13   2.3427388151303942E-02   4.2685082670828642E+01   3.6197017181843919E+04
   3.2000000000000000E+13   2.3469288612320449E-02   4.2608875646747968E+01   3.6561523115837677E+04
   3.3000000000000000E+13   2.3509899625246626E-02   4.2535273052638985E+01   3.6913872342122435E+04
   3.4000000000000000E+13   2.3549298200568378E-02   4.2464110458113971E+01   3.7254797210791010E+04
   3.5000000000000000E+13   2.3587554609110061E-02   4.2395238360731845E+01   3.7584966689223489E+04
   3.6000000000000000E+13   2.3624733244694274E-02   4.2328520269094838E+01   3.7904993853681379E+04
   3.7000000000000000E+13   2.3660893175602968E-02   4.2263831402236001E+01   3.8215441678440598E+04
   3.8000000000000000E+13   2.3696088715798397E-02   4.2201057397851955E+01   3.8516828072276599E+04
   3.9000000000000000E+13   2.3730369980290884E-02   4.2140093088752685E+01   3.8809630803444976E+04
   4.0000000000000000E+13   2.3763783293320084E-02   4.2080841575469876E+01   3.9094291309616019E+04
   4.1000000000000000E+13   2.3796371496339664E-02   4.2023213503530116E+01   3.9371218483708399E+04
   4.2000000000000000E+13   2.3828174353996270E-02   4.1967126190357433E+01   3.9640791865061692E+04
   4.3000000000000000E+13   2.3859228850088971E-02   4.1912502968270545E+01   3.9903363900029559E+04
   4.4000000000000000E+13   2.3889569385545508E-02   4.1859272716947949E+01   4.0159263253492325E+04
   4.5000000000000000E+13   2.3919228088187177E-02   4.1807369214137104E+01   4.0408795923179016E+04
   4.6000000000000000E+13   2.3948234849001437E-02   4.1756730978512884E+01   4.0652248041463077E+04
   4.7000000000000000E+13   2.3976617807235562E-02   4.1707300339008796E+01   4.0889886677876209E+04
   4.8000000000000000E+13   2.4004403153083109E-02   4.1659023705888757E+01   4.1121963012297405E+04
   4.9000000000000000E+13   2.4031615585973193E-02   4.1611850706520187E+01   4.1348711698540290E+04
   5.0000000000000000E+13   2.4058278226509116E-02   4.1565734280108593E+01   4.1570353626204065E+04
   5.1000000000000000E+13   2.4084412853683144E-02   4.1520630213207532E+01   4.1787096310512025E+04
   5.2000000000000000E+13   2.4110039973400218E-02   4.1476496974010246E+01   4.1999135539345443E+04
   5.3000000000000000E+13   2.4135178951534709E-02   4.1433295440157160E+01   4.2206655174328378E+04
   5.4000000000000000E+13   2.4159848004636955E-02   4.1390988875760804E+01   4.2409829199926389E+04
   5.5000000000000000E+13   2.4184064390623358E-02   4.1349542568523759E+01   4.2608821935787804E+04
   5.6000000000000000E+13   2.4207844432873628E-02   4.1308923757045712E+01   4.2803788428284657E+04
   5.7000000000000000E+13   2.4231203572912505E-02   4.1269101511650732E+01   4.2994876088110293E+04
   5.8000000000000000E+13   2.4254156420127782E-02   4.1230046622859689E+01   4.3182223921406418E+04
   5.9000000000000000E+13   2.4276716909930836E-02   4.1191731308236818E+01   4.3365964122021483E+04
   6.0000000000000000E+13   2.4298898230650623E-02   4.1154129315155551E+01   4.3546221890779459E+04
   6.1000000000000000E+13   2.4320712878180061E-02   4.1117215807320157E+01   4.3723116706605426E+04
   6.2000000000000000E+13   2.4342172817951410E-02   4.1080967072197389E+01   4.3896761670676686E+04
   6.3000000000000000E+13   2.4363289344384149E-02   4.1045360741919062E+01   4.4067264193438947E+04
   6.4000000000000000E+13   2.4384073365521407E-02   4.1010375297425909E+01   4.4234727410423082E+04
   6.5000000000000000E+13   2.4404535094678541E-02   4.0975990573901662E+01   4.4399248816601270E+04
   6.6000000000000000E+13   2.4424684437783919E-02   4.0942187095487867E+01   4.4560921945925991E+04
   6.7000000000000000E+13   2.4444530794049717E-02   4.0908946398898358E+01   4.4719835735726148E+04
   6.8000000000000000E+13   2.4464083091725534E-02   4.0876250961485219E+01   4.4876074962391707E+04
   6.9000000000000000E+13   2.4483349950245585E-02   4.0844083919568753E+01   4.5029721083799006E+04
   7.0000000000000000E+13   2.4502339591768858E-02   4.0812429207206527E+01   4.5180851904156625E+04
   7.1000000000000000E+13   2.4521059849710244E-02   4.0781271532674666E+01   4.5329541996296764E+04
   7.2000000000000000E+13   2.4539518304115722E-02   4.0750596144842909E+01   4.5475861939805865E+04
   7.3000000000000000E+13   2.4557722129896764E-02   4.0720389078048584E+01   4.5619880140848247E+04
   7.4000000000000000E+13   2.4575678245448717E-02   4.0690636897689480E+01   4.5761662298420932E+04
   7.5000000000000000E+13   2.4593393395139305E-02   4.0661326557629188E+01   4.5901270749771160E+04
   7.6000000000000000E+13   2.4610873862469303E-02   4.0632445868773644E+01   4.6038766068007179E+04
   7.7000000000000000E+13   2.4628125848280575E-02   4.0603982867409933E+01   4.6174205937878956E+04
   7.8000000000000000E+13   2.4645155211499018E-02   4.0575926238574340E+01   4.6307645621176394E+04
   7.9000000000000000E+13   2.4661967631214716E-02   4.0548265043308938E+01   4.6439138689698506E+04
   8.0000000000000000E+13   2.4678568540256327E-02   4.0520988823511942E+01   4.6568736769830735E+04
   8.1000000000000000E+13   2.4694963281361840E-02   4.0494087341070696E+01   4.6696488853191615E+04
   8.2000000000000000E+13   2.4711156799430943E-02   4.0467551078913004E+01   4.6822442348281576E+04
   8.3000000000000000E+13   2.4727154050845340E-02   4.0441370565482181E+01   4.6946643293615074E+04
   8.4000000000000000E+13   2.4742959675668311E-02   4.0415536908601048E+01   4.7069135798665549E+04
   8.5000000000000000E+13   2.4758578285065818E-02   4.0390041321685757E+01   4.7189962420810742E+04
   8.6000000000000000E+13   2.4774014246093875E-02   4.0364875472600104E+01   4.7309163845112511E+04
   8.7000000000000000E+13   2.4789271718497048E-02   4.0340031419875423E+01   4.7426779929277938E+04
   8.8000000000000000E+13   2.4804354818290724E-02   4.0315501343441532E+01   4.7542848655362555E+04
   8.9000000000000000E+13   2.4819267472940186E-02   4.0291277778051857E+01   4.7657406894455446E+04
   9.0000000000000000E+13   2.4834013542802194E-02   4.0267353413352581E+01   4.7770490100506227E+04
   9.1000000000000000E+13   2.4848596598386011E-02   4.0243721452862779E+01   4.7882133118449026E+04
   9.2000000000000000E+13   2.4863020348311674E-02   4.0220374917881017E+01   4.7992368507021070E+04
   9.3000000000000000E+13   2.4877288141271544E-02   4.0197307452535199E+01   4.8101228881893381E+04
   9.4000000000000000E+13   2.4891403297591479E-02   4.0174512784370066E+01   4.8208745231675850E+04
   9.5000000000000000E+13   2.4905369120855066E-02   4.0151984704479965E+01   4.8314947268222320E+04
   9.6000000000000000E+13   2.4919188697646765E-02   4.0129717389010935E+01   4.8419864538922215E+04
   9.7000000000000000E+13   2.4932865062567765E-02   4.0107705130980762E+01   4.8523525003523922E+04
   9.8000000000000000E+13   2.4946401156954727E-02   4.0085942405412389E+01   4.8625955762987607E+04
   9.9000000000000000E+13   2.4959799813225873E-02   4.0064423892939764E+01   4.8727183673330452E+04
   1.0000000000000000E+14   2.4973063822357623E-02   4.0043144370004399E+01   4.8827234343048600E+04
