   1.0000000000000000E+00   0.0000000000000000E+00   1.0000000000000000E+30   0.0000000000000000E+00
   2.0000000000000000E+00   0.0000000000000000E+00   1.0000000000000000E+30   0.0000000000000000E+00
   3.0000000000000000E+00   0.0000000000000000E+00   1.0000000000000000E+30   0.0000000000000000E+00
   4.0000000000000000E+00   0.0000000000000000E+00   1.0000000000000000E+30   0.0000000000000000E+00
   5.0000000000000000E+00   0.0000000000000000E+00   1.0000000000000000E+30   0.0000000000000000E+00
   5.9889999999999999E+00   0.0000000000000000E+00   1.0000000000000000E+30   0.0000000000000000E+00
   5.9910000000000005E+00   0.0000000000000000E+00   1.0000000000000000E+30   0.0000000000000000E+00
   6.0000000000000000E+00   0.0000000000000000E+00   1.0000000000000000E+30   0.0000000000000000E+00
   7.0000000000000000E+00   0.0000000000000000E+00   1.0000000000000000E+30   0.0000000000000000E+00
   8.0000000000000000E+00   0.0000000000000000E+00   1.0000000000000000E+30   0.0000000000000000E+00
   9.0000000000000000E+00   0.0000000000000000E+00   1.0000000000000000E+30   0.0000000000000000E+00
   9.0690000000000008E+00   0.0000000000000000E+00   1.0000000000000000E+30   0.0000000000000000E+00
   9.0709999999999997E+00   0.0000000000000000E+00   1.0000000000000000E+30   0.0000000000000000E+00
   1.0000000000000000E+01   0.0000000000000000E+00   1.0000000000000000E+30   0.0000000000000000E+00
   1.1000000000000000E+01   0.0000000000000000E+00   1.0000000000000000E+30   0.0000000000000000E+00
   1.2000000000000000E+01   0.0000000000000000E+00   1.0000000000000000E+30   0.0000000000000000E+00
   1.3000000000000000E+01   0.0000000000000000E+00   1.0000000000000000E+30   0.0000000000000000E+00
   1.4000000000000000E+01   0.0000000000000000E+00   1.0000000000000000E+30   0.0000000000000000E+00
   1.5000000000000000E+01   0.0000000000000000E+00   1.0000000000000000E+30   0.0000000000000000E+00
   1.6000000000000000E+01   0.0000000000000000E+00   1.0000000000000000E+30   0.0000000000000000E+00
   1.7000000000000000E+01   0.0000000000000000E+00   1.0000000000000000E+30   0.0000000000000000E+00
   1.8000000000000000E+01   0.0000000000000000E+00   1.0000000000000000E+30   0.0000000000000000E+00
   1.9000000000000000E+01   0.0000000000000000E+00   1.0000000000000000E+30   0.0000000000000000E+00
   2.0000000000000000E+01   0.0000000000000000E+00   1.0000000000000000E+30   0.0000000000000000E+00
   2.1000000000000000E+01   0.0000000000000000E+00   1.0000000000000000E+30   0.0000000000000000E+00
   2.2000000000000000E+01   0.0000000000000000E+00   1.0000000000000000E+30   0.0000000000000000E+00
   2.3000000000000000E+01   0.0000000000000000E+00   1.0000000000000000E+30   0.0000000000000000E+00
   2.4000000000000000E+01   0.0000000000000000E+00   1.0000000000000000E+30   0.0000000000000000E+00
   2.5000000000000000E+01   0.0000000000000000E+00   1.0000000000000000E+30   0.0000000000000000E+00
   2.6000000000000000E+01   0.0000000000000000E+00   1.0000000000000000E+30   0.0000000000000000E+00
   2.7000000000000000E+01   0.0000000000000000E+00   1.0000000000000000E+30   0.0000000000000000E+00
   2.8000000000000000E+01   0.0000000000000000E+00   1.0000000000000000E+30   0.0000000000000000E+00
   2.9000000000000000E+01   0.0000000000000000E+00   1.0000000000000000E+30   0.0000000000000000E+00
   3.0000000000000000E+01   0.0000000000000000E+00   1.0000000000000000E+30   0.0000000000000000E+00
   3.1000000000000000E+01   0.0000000000000000E+00   1.0000000000000000E+30   0.0000000000000000E+00
   3.2000000000000000E+01   0.0000000000000000E+00   1.0000000000000000E+30   0.0000000000000000E+00
   3.3000000000000000E+01   0.0000000000000000E+00   1.0000000000000000E+30   0.0000000000000000E+00
   3.4000000000000000E+01   0.0000000000000000E+00   1.0000000000000000E+30   0.0000000000000000E+00
   3.5000000000000000E+01   0.0000000000000000E+00   1.0000000000000000E+30   0.0000000000000000E+00
   3.6000000000000000E+01   0.0000000000000000E+00   1.0000000000000000E+30   0.0000000000000000E+00
   3.7000000000000000E+01   0.0000000000000000E+00   1.0000000000000000E+30   0.0000000000000000E+00
   3.8000000000000000E+01   0.0000000000000000E+00   1.0000000000000000E+30   0.0000000000000000E+00
   3.9000000000000000E+01   0.0000000000000000E+00   1.0000000000000000E+30   0.0000000000000000E+00
   4.0000000000000000E+01   0.0000000000000000E+00   1.0000000000000000E+30   0.0000000000000000E+00
   4.1000000000000000E+01   0.0000000000000000E+00   1.0000000000000000E+30   0.0000000000000000E+00
   4.2000000000000000E+01   0.0000000000000000E+00   1.0000000000000000E+30   0.0000000000000000E+00
   4.3000000000000000E+01   0.0000000000000000E+00   1.0000000000000000E+30   0.0000000000000000E+00
   4.4000000000000000E+01   0.0000000000000000E+00   1.0000000000000000E+30   0.0000000000000000E+00
   4.5000000000000000E+01   0.0000000000000000E+00   1.0000000000000000E+30   0.0000000000000000E+00
   4.6000000000000000E+01   0.0000000000000000E+00   1.0000000000000000E+30   0.0000000000000000E+00
   4.7000000000000000E+01   0.0000000000000000E+00   1.0000000000000000E+30   0.0000000000000000E+00
   4.8000000000000000E+01   0.0000000000000000E+00   1.0000000000000000E+30   0.0000000000000000E+00
   4.9000000000000000E+01   0.0000000000000000E+00   1.0000000000000000E+30   0.0000000000000000E+00
   5.0000000000000000E+01   0.0000000000000000E+00   1.0000000000000000E+30   0.0000000000000000E+00
   5.1000000000000000E+01   0.0000000000000000E+00   1.0000000000000000E+30   0.0000000000000000E+00
   5.2000000000000000E+01   0.0000000000000000E+00   1.0000000000000000E+30   0.0000000000000000E+00
   5.3000000000000000E+01   0.0000000000000000E+00   1.0000000000000000E+30   0.0000000000000000E+00
   5.4000000000000000E+01   0.0000000000000000E+00   1.0000000000000000E+30   0.0000000000000000E+00
   5.5000000000000000E+01   0.0000000000000000E+00   1.0000000000000000E+30   0.0000000000000000E+00
   5.6000000000000000E+01   0.0000000000000000E+00   1.0000000000000000E+30   0.0000000000000000E+00
   5.7000000000000000E+01   0.0000000000000000E+00   1.0000000000000000E+30   0.0000000000000000E+00
   5.8000000000000000E+01   0.0000000000000000E+00   1.0000000000000000E+30   0.0000000000000000E+00
   5.9000000000000000E+01   0.0000000000000000E+00   1.0000000000000000E+30   0.0000000000000000E+00
   6.0000000000000000E+01   0.0000000000000000E+00   1.0000000000000000E+30   0.0000000000000000E+00
   6.1000000000000000E+01   0.0000000000000000E+00   1.0000000000000000E+30   0.0000000000000000E+00
   6.2000000000000000E+01   0.0000000000000000E+00   1.0000000000000000E+30   0.0000000000000000E+00
   6.3000000000000000E+01   0.0000000000000000E+00   1.0000000000000000E+30   0.0000000000000000E+00
   6.4000000000000000E+01   0.0000000000000000E+00   1.0000000000000000E+30   0.0000000000000000E+00
   6.5000000000000000E+01   0.0000000000000000E+00   1.0000000000000000E+30   0.0000000000000000E+00
   6.6000000000000000E+01   0.0000000000000000E+00   1.0000000000000000E+30   0.0000000000000000E+00
   6.7000000000000000E+01   0.0000000000000000E+00   1.0000000000000000E+30   0.0000000000000000E+00
   6.8000000000000000E+01   0.0000000000000000E+00   1.0000000000000000E+30   0.0000000000000000E+00
   6.9000000000000000E+01   0.0000000000000000E+00   1.0000000000000000E+30   0.0000000000000000E+00
   7.0000000000000000E+01   0.0000000000000000E+00   1.0000000000000000E+30   0.0000000000000000E+00
   7.1000000000000000E+01   0.0000000000000000E+00   1.0000000000000000E+30   0.0000000000000000E+00
   7.2000000000000000E+01   0.0000000000000000E+00   1.0000000000000000E+30   0.0000000000000000E+00
   7.3000000000000000E+01   0.0000000000000000E+00   1.0000000000000000E+30   0.0000000000000000E+00
   7.4000000000000000E+01   0.0000000000000000E+00   1.0000000000000000E+30   0.0000000000000000E+00
   7.5000000000000000E+01   0.0000000000000000E+00   1.0000000000000000E+30   0.0000000000000000E+00
   7.6000000000000000E+01   0.0000000000000000E+00   1.0000000000000000E+30   0.0000000000000000E+00
   7.6998999999999995E+01   0.0000000000000000E+00   1.0000000000000000E+30   0.0000000000000000E+00
   7.7001000000000005E+01   0.0000000000000000E+00   1.0000000000000000E+30   0.0000000000000000E+00
   7.8000000000000000E+01   0.0000000000000000E+00   1.0000000000000000E+30   0.0000000000000000E+00
   7.9000000000000000E+01   0.0000000000000000E+00   1.0000000000000000E+30   0.0000000000000000E+00
   8.0000000000000000E+01   0.0000000000000000E+00   1.0000000000000000E+30   0.0000000000000000E+00
   8.1000000000000000E+01   0.0000000000000000E+00   1.0000000000000000E+30   0.0000000000000000E+00
   8.2000000000000000E+01   0.0000000000000000E+00   1.0000000000000000E+30   0.0000000000000000E+00
   8.3000000000000000E+01   0.0000000000000000E+00   1.0000000000000000E+30   0.0000000000000000E+00
   8.4000000000000000E+01   0.0000000000000000E+00   1.0000000000000000E+30   0.0000000000000000E+00
   8.5000000000000000E+01   0.0000000000000000E+00   1.0000000000000000E+30   0.0000000000000000E+00
   8.6000000000000000E+01   0.0000000000000000E+00   1.0000000000000000E+30   0.0000000000000000E+00
   8.7000000000000000E+01   0.0000000000000000E+00   1.0000000000000000E+30   0.0000000000000000E+00
   8.8000000000000000E+01   0.0000000000000000E+00   1.0000000000000000E+30   0.0000000000000000E+00
   8.9000000000000000E+01   0.0000000000000000E+00   1.0000000000000000E+30   0.0000000000000000E+00
   9.0000000000000000E+01   0.0000000000000000E+00   1.0000000000000000E+30   0.0000000000000000E+00
   9.1000000000000000E+01   0.0000000000000000E+00   1.0000000000000000E+30   0.0000000000000000E+00
   9.2000000000000000E+01   0.0000000000000000E+00   1.0000000000000000E+30   0.0000000000000000E+00
   9.3000000000000000E+01   0.0000000000000000E+00   1.0000000000000000E+30   0.0000000000000000E+00
   9.4000000000000000E+01   0.0000000000000000E+00   1.0000000000000000E+30   0.0000000000000000E+00
   9.5000000000000000E+01   0.0000000000000000E+00   1.0000000000000000E+30   0.0000000000000000E+00
   9.6000000000000000E+01   0.0000000000000000E+00   1.0000000000000000E+30   0.0000000000000000E+00
   9.7000000000000000E+01   0.0000000000000000E+00   1.0000000000000000E+30   0.0000000000000000E+00
   9.8000000000000000E+01   0.0000000000000000E+00   1.0000000000000000E+30   0.0000000000000000E+00
   9.9000000000000000E+01   0.0000000000000000E+00   1.0000000000000000E+30   0.0000000000000000E+00
   1.0000000000000000E+02   0.0000000000000000E+00   1.0000000000000000E+30   0.0000000000000000E+00
   1.1000000000000000E+02   0.0000000000000000E+00   1.0000000000000000E+30   0.0000000000000000E+00
   1.2000000000000000E+02   0.0000000000000000E+00   1.0000000000000000E+30   0.0000000000000000E+00
   1.2099900000000000E+02   0.0000000000000000E+00   1.0000000000000000E+30   0.0000000000000000E+00
   1.2100100000000000E+02   0.0000000000000000E+00   1.0000000000000000E+30   0.0000000000000000E+00
   1.3000000000000000E+02   0.0000000000000000E+00   1.0000000000000000E+30   0.0000000000000000E+00
   1.4000000000000000E+02   0.0000000000000000E+00   1.0000000000000000E+30   0.0000000000000000E+00
   1.5000000000000000E+02   0.0000000000000000E+00   1.0000000000000000E+30   0.0000000000000000E+00
   1.6000000000000000E+02   0.0000000000000000E+00   1.0000000000000000E+30   0.0000000000000000E+00
   1.7000000000000000E+02   0.0000000000000000E+00   1.0000000000000000E+30   0.0000000000000000E+00
   1.8000000000000000E+02   0.0000000000000000E+00   1.0000000000000000E+30   0.0000000000000000E+00
   1.9000000000000000E+02   0.0000000000000000E+00   1.0000000000000000E+30   0.0000000000000000E+00
   2.0000000000000000E+02   0.0000000000000000E+00   1.0000000000000000E+30   0.0000000000000000E+00
   2.1000000000000000E+02   0.0000000000000000E+00   1.0000000000000000E+30   0.0000000000000000E+00
   2.2000000000000000E+02   0.0000000000000000E+00   1.0000000000000000E+30   0.0000000000000000E+00
   2.3000000000000000E+02   0.0000000000000000E+00   1.0000000000000000E+30   0.0000000000000000E+00
   2.4000000000000000E+02   0.0000000000000000E+00   1.0000000000000000E+30   0.0000000000000000E+00
   2.5000000000000000E+02   0.0000000000000000E+00   1.0000000000000000E+30   0.0000000000000000E+00
   2.6000000000000000E+02   0.0000000000000000E+00   1.0000000000000000E+30   0.0000000000000000E+00
   2.7000000000000000E+02   0.0000000000000000E+00   1.0000000000000000E+30   0.0000000000000000E+00
   2.8000000000000000E+02   0.0000000000000000E+00   1.0000000000000000E+30   0.0000000000000000E+00
   2.9000000000000000E+02   0.0000000000000000E+00   1.0000000000000000E+30   0.0000000000000000E+00
   3.0000000000000000E+02   0.0000000000000000E+00   1.0000000000000000E+30   0.0000000000000000E+00
   3.1000000000000000E+02   0.0000000000000000E+00   1.0000000000000000E+30   0.0000000000000000E+00
   3.2000000000000000E+02   0.0000000000000000E+00   1.0000000000000000E+30   0.0000000000000000E+00
   3.3000000000000000E+02   0.0000000000000000E+00   1.0000000000000000E+30   0.0000000000000000E+00
   3.4000000000000000E+02   0.0000000000000000E+00   1.0000000000000000E+30   0.0000000000000000E+00
   3.5000000000000000E+02   0.0000000000000000E+00   1.0000000000000000E+30   0.0000000000000000E+00
   3.6000000000000000E+02   0.0000000000000000E+00   1.0000000000000000E+30   0.0000000000000000E+00
   3.7000000000000000E+02   0.0000000000000000E+00   1.0000000000000000E+30   0.0000000000000000E+00
   3.8000000000000000E+02   0.0000000000000000E+00   1.0000000000000000E+30   0.0000000000000000E+00
   3.9000000000000000E+02   0.0000000000000000E+00   1.0000000000000000E+30   0.0000000000000000E+00
   4.0000000000000000E+02   0.0000000000000000E+00   1.0000000000000000E+30   0.0000000000000000E+00
   4.1000000000000000E+02   0.0000000000000000E+00   1.0000000000000000E+30   0.0000000000000000E+00
   4.2000000000000000E+02   0.0000000000000000E+00   1.0000000000000000E+30   0.0000000000000000E+00
   4.3000000000000000E+02   0.0000000000000000E+00   1.0000000000000000E+30   0.0000000000000000E+00
   4.4000000000000000E+02   0.0000000000000000E+00   1.0000000000000000E+30   0.0000000000000000E+00
   4.5000000000000000E+02   0.0000000000000000E+00   1.0000000000000000E+30   0.0000000000000000E+00
   4.6000000000000000E+02   0.0000000000000000E+00   1.0000000000000000E+30   0.0000000000000000E+00
   4.7000000000000000E+02   0.0000000000000000E+00   1.0000000000000000E+30   0.0000000000000000E+00
   4.8000000000000000E+02   0.0000000000000000E+00   1.0000000000000000E+30   0.0000000000000000E+00
   4.9000000000000000E+02   0.0000000000000000E+00   1.0000000000000000E+30   0.0000000000000000E+00
   5.0000000000000000E+02   0.0000000000000000E+00   1.0000000000000000E+30   0.0000000000000000E+00
   5.1000000000000000E+02   0.0000000000000000E+00   1.0000000000000000E+30   0.0000000000000000E+00
   5.2000000000000000E+02   0.0000000000000000E+00   1.0000000000000000E+30   0.0000000000000000E+00
   5.3000000000000000E+02   0.0000000000000000E+00   1.0000000000000000E+30   0.0000000000000000E+00
   5.4000000000000000E+02   0.0000000000000000E+00   1.0000000000000000E+30   0.0000000000000000E+00
   5.5000000000000000E+02   0.0000000000000000E+00   1.0000000000000000E+30   0.0000000000000000E+00
   5.6000000000000000E+02   0.0000000000000000E+00   1.0000000000000000E+30   0.0000000000000000E+00
   5.7000000000000000E+02   0.0000000000000000E+00   1.0000000000000000E+30   0.0000000000000000E+00
   5.8000000000000000E+02   0.0000000000000000E+00   1.0000000000000000E+30   0.0000000000000000E+00
   5.9000000000000000E+02   0.0000000000000000E+00   1.0000000000000000E+30   0.0000000000000000E+00
   6.0000000000000000E+02   0.0000000000000000E+00   1.0000000000000000E+30   0.0000000000000000E+00
   6.1000000000000000E+02   0.0000000000000000E+00   1.0000000000000000E+30   0.0000000000000000E+00
   6.2000000000000000E+02   0.0000000000000000E+00   1.0000000000000000E+30   0.0000000000000000E+00
   6.3000000000000000E+02   0.0000000000000000E+00   1.0000000000000000E+30   0.0000000000000000E+00
   6.4000000000000000E+02   0.0000000000000000E+00   1.0000000000000000E+30   0.0000000000000000E+00
   6.5000000000000000E+02   0.0000000000000000E+00   1.0000000000000000E+30   0.0000000000000000E+00
   6.6000000000000000E+02   0.0000000000000000E+00   1.0000000000000000E+30   0.0000000000000000E+00
   6.7000000000000000E+02   0.0000000000000000E+00   1.0000000000000000E+30   0.0000000000000000E+00
   6.8000000000000000E+02   0.0000000000000000E+00   1.0000000000000000E+30   0.0000000000000000E+00
   6.9000000000000000E+02   0.0000000000000000E+00   1.0000000000000000E+30   0.0000000000000000E+00
   7.0000000000000000E+02   0.0000000000000000E+00   1.0000000000000000E+30   0.0000000000000000E+00
   7.1000000000000000E+02   0.0000000000000000E+00   1.0000000000000000E+30   0.0000000000000000E+00
   7.2000000000000000E+02   0.0000000000000000E+00   1.0000000000000000E+30   0.0000000000000000E+00
   7.3000000000000000E+02   0.0000000000000000E+00   1.0000000000000000E+30   0.0000000000000000E+00
   7.4000000000000000E+02   0.0000000000000000E+00   1.0000000000000000E+30   0.0000000000000000E+00
   7.5000000000000000E+02   0.0000000000000000E+00   1.0000000000000000E+30   0.0000000000000000E+00
   7.6000000000000000E+02   0.0000000000000000E+00   1.0000000000000000E+30   0.0000000000000000E+00
   7.7000000000000000E+02   0.0000000000000000E+00   1.0000000000000000E+30   0.0000000000000000E+00
   7.8000000000000000E+02   0.0000000000000000E+00   1.0000000000000000E+30   0.0000000000000000E+00
   7.9000000000000000E+02   0.0000000000000000E+00   1.0000000000000000E+30   0.0000000000000000E+00
   8.0000000000000000E+02   0.0000000000000000E+00   1.0000000000000000E+30   0.0000000000000000E+00
   8.1000000000000000E+02   0.0000000000000000E+00   1.0000000000000000E+30   0.0000000000000000E+00
   8.2000000000000000E+02   0.0000000000000000E+00   1.0000000000000000E+30   0.0000000000000000E+00
   8.3000000000000000E+02   0.0000000000000000E+00   1.0000000000000000E+30   0.0000000000000000E+00
   8.4000000000000000E+02   0.0000000000000000E+00   1.0000000000000000E+30   0.0000000000000000E+00
   8.5000000000000000E+02   0.0000000000000000E+00   1.0000000000000000E+30   0.0000000000000000E+00
   8.6000000000000000E+02   0.0000000000000000E+00   1.0000000000000000E+30   0.0000000000000000E+00
   8.7000000000000000E+02   0.0000000000000000E+00   1.0000000000000000E+30   0.0000000000000000E+00
   8.8000000000000000E+02   0.0000000000000000E+00   1.0000000000000000E+30   0.0000000000000000E+00
   8.9000000000000000E+02   0.0000000000000000E+00   1.0000000000000000E+30   0.0000000000000000E+00
   9.0000000000000000E+02   0.0000000000000000E+00   1.0000000000000000E+30   0.0000000000000000E+00
   9.1000000000000000E+02   0.0000000000000000E+00   1.0000000000000000E+30   0.0000000000000000E+00
   9.2000000000000000E+02   0.0000000000000000E+00   1.0000000000000000E+30   0.0000000000000000E+00
   9.3000000000000000E+02   0.0000000000000000E+00   1.0000000000000000E+30   0.0000000000000000E+00
   9.4000000000000000E+02   0.0000000000000000E+00   1.0000000000000000E+30   0.0000000000000000E+00
   9.5000000000000000E+02   0.0000000000000000E+00   1.0000000000000000E+30   0.0000000000000000E+00
   9.6000000000000000E+02   0.0000000000000000E+00   1.0000000000000000E+30   0.0000000000000000E+00
   9.7000000000000000E+02   0.0000000000000000E+00   1.0000000000000000E+30   0.0000000000000000E+00
   9.8000000000000000E+02   0.0000000000000000E+00   1.0000000000000000E+30   0.0000000000000000E+00
   9.9000000000000000E+02   0.0000000000000000E+00   1.0000000000000000E+30   0.0000000000000000E+00
   1.0000000000000000E+03   0.0000000000000000E+00   1.0000000000000000E+30   0.0000000000000000E+00
   1.1000000000000000E+03   0.0000000000000000E+00   1.0000000000000000E+30   0.0000000000000000E+00
   1.2000000000000000E+03   0.0000000000000000E+00   1.0000000000000000E+30   0.0000000000000000E+00
   1.3000000000000000E+03   0.0000000000000000E+00   1.0000000000000000E+30   0.0000000000000000E+00
   1.4000000000000000E+03   0.0000000000000000E+00   1.0000000000000000E+30   0.0000000000000000E+00
   1.5000000000000000E+03   0.0000000000000000E+00   1.0000000000000000E+30   0.0000000000000000E+00
   1.5639990000000000E+03   0.0000000000000000E+00   1.0000000000000000E+30   0.0000000000000000E+00
   1.5640010000000000E+03   0.0000000000000000E+00   1.0000000000000000E+30   0.0000000000000000E+00
   1.6000000000000000E+03   1.4559972231807914E-07   6.8681449667560942E+06   2.2771796570547577E-04
   1.7000000000000000E+03   1.6194446034062944E-06   6.1749565122303541E+05   2.6005303788230088E-03
   1.8000000000000000E+03   3.8842577524917808E-06   2.5744944432652355E+05   6.3707853968448776E-03
   1.9000000000000000E+03   6.8861663884069704E-06   1.4521868098969039E+05   1.1520358829936184E-02
   2.0000000000000000E+03   1.0578429637889480E-05   9.4531989551476727E+04   1.8035513619049079E-02
   2.1000000000000000E+03   1.4931153805414971E-05   6.6974060613945156E+04   2.5928047430894934E-02
   2.2000000000000000E+03   1.9919912162203718E-05   5.0201024575671188E+04   3.5218907237178583E-02
   2.3000000000000000E+03   2.5518651225997375E-05   3.9187024076775670E+04   4.5926422927808526E-02
   2.4000000000000000E+03   3.1738260238713174E-05   3.1507713166339112E+04   5.8160394619583354E-02
   2.5000000000000000E+03   3.8454002768292934E-05   2.6005095126912132E+04   7.1716941666217227E-02
   2.6000000000000000E+03   4.5651506939718651E-05   2.1905081935640548E+04   8.6650592809439861E-02
   2.7000000000000000E+03   5.3223444942437070E-05   1.8788712400738688E+04   1.0279157635035575E-01
   2.8000000000000000E+03   6.1095406754929161E-05   1.6367842577941761E+04   1.2005456398524991E-01
   2.9000000000000000E+03   6.9145946484413105E-05   1.4462163739785099E+04   1.3822772573402986E-01
   3.0000000000000000E+03   7.7226294585833939E-05   1.2948957416162706E+04   1.5700730911989561E-01
   3.1000000000000000E+03   8.5164382198893681E-05   1.1741997935998537E+04   1.7598951877602706E-01
   3.2000000000000000E+03   9.2854076730219850E-05   1.0769586379124967E+04   1.9493286570556839E-01
   3.3000000000000000E+03   1.0018644953470596E-04   9.9813897452627698E+03   2.1355328808248214E-01
   3.4000000000000000E+03   1.0707109796376508E-04   9.3395885445988370E+03   2.3158444503828776E-01
   3.5000000000000000E+03   1.1340719202813781E-04   8.8177829123208248E+03   2.4867743596734454E-01
   3.6000000000000000E+03   1.1925965928460506E-04   8.3850650420991733E+03   2.6501952628301390E-01
   3.7000000000000000E+03   1.2451829896519356E-04   8.0309481281906119E+03   2.8016509987977506E-01
   3.8000000000000000E+03   1.2923733066929596E-04   7.7377023714524839E+03   2.9422693125914934E-01
   3.9000000000000000E+03   1.3350265460573978E-04   7.4904877581138853E+03   3.0744519948869137E-01
   4.0000000000000000E+03   1.3723725144507937E-04   7.2866513244050775E+03   3.1943667774782425E-01
   4.1000000000000000E+03   1.4052061822158887E-04   7.1163933994589079E+03   3.3041146070710770E-01
   4.2000000000000000E+03   1.4338899741951345E-04   6.9740357907259677E+03   3.4042169364036695E-01
   4.3000000000000000E+03   1.4582835552720493E-04   6.8573769236082881E+03   3.4931248331155079E-01
   4.4000000000000000E+03   1.4798733768788108E-04   6.7573348884016841E+03   3.5762485764892987E-01
   4.5000000000000000E+03   1.4983366527906311E-04   6.6740675277315959E+03   3.6514942945697232E-01
   4.6000000000000000E+03   1.5139227285866213E-04   6.6053569387493590E+03   3.7191982015932890E-01
   4.7000000000000000E+03   1.5265389116954337E-04   6.5507665237917918E+03   3.7781662145538925E-01
   4.8000000000000000E+03   1.5374415331120996E-04   6.5043123817254591E+03   3.8335548893683402E-01
   4.9000000000000000E+03   1.5457036424394897E-04   6.4695454713541412E+03   3.8804137427642732E-01
   5.0000000000000000E+03   1.5527996454393851E-04   6.4399808625473834E+03   3.9252759708614832E-01
   5.1000000000000000E+03   1.5576505879293144E-04   6.4199250316424605E+03   3.9623766791836584E-01
   5.2000000000000000E+03   1.5615930348485962E-04   6.4037170868718358E+03   3.9979275854711860E-01
   5.3000000000000000E+03   1.5637786631704937E-04   6.3947668781497723E+03   4.0272044456559408E-01
   5.4000000000000000E+03   1.5646688907538340E-04   6.3911285378609091E+03   4.0521496229548265E-01
   5.5000000000000000E+03   1.5651132048212933E-04   6.3893141845556247E+03   4.0769740261649245E-01
   5.6000000000000000E+03   1.5641839280730179E-04   6.3931100560017967E+03   4.0963848700055577E-01
   5.7000000000000000E+03   1.5623423813186915E-04   6.4006456712513454E+03   4.1125551125773918E-01
   5.8000000000000000E+03   1.5597081980025208E-04   6.4114556894723964E+03   4.1258726210058577E-01
   5.9000000000000000E+03   1.5563737371162572E-04   6.4251919455596844E+03   4.1366106386907120E-01
   6.0000000000000000E+03   1.5524236760145385E-04   6.4415405114617379E+03   4.1450287933792718E-01
   6.1000000000000000E+03   1.5488490271100205E-04   6.4564071933201176E+03   4.1568608751299485E-01
   6.2000000000000000E+03   1.5440540121024960E-04   6.4764573788343559E+03   4.1624379557677693E-01
   6.3000000000000000E+03   1.5388333160382326E-04   6.4984296192295005E+03   4.1662986661339318E-01
   6.4000000000000000E+03   1.5332395026590584E-04   6.5221382456278070E+03   4.1686121053329667E-01
   6.5000000000000000E+03   1.5273194959899893E-04   6.5474185501168686E+03   4.1695327511824953E-01
   6.6000000000000000E+03   1.5211127087946382E-04   6.5741348042014670E+03   4.1691838057770392E-01
   6.7000000000000000E+03   1.5146575660266134E-04   6.6021523440660621E+03   4.1676964849253889E-01
   6.8000000000000000E+03   1.5079798560392141E-04   6.6313883172587675E+03   4.1651356224478042E-01
   6.9000000000000000E+03   1.5011070885332522E-04   6.6617499020480336E+03   4.1615853459023466E-01
   7.0000000000000000E+03   1.4940600975082128E-04   6.6931711894842520E+03   4.1570981678041813E-01
   7.1000000000000000E+03   1.4868577641053850E-04   6.7255928854881540E+03   4.1517178330800780E-01
   7.2000000000000000E+03   1.4786769916781518E-04   6.7628021916071020E+03   4.1395257605655794E-01
   7.3000000000000000E+03   1.4714123016570401E-04   6.7961916512037042E+03   4.1338148404920194E-01
   7.4000000000000000E+03   1.4640497580789831E-04   6.8303689439635273E+03   4.1274430028433928E-01
   7.5000000000000000E+03   1.4565909649661113E-04   6.8653453443827038E+03   4.1203609875022079E-01
   7.6000000000000000E+03   1.4490332104117332E-04   6.9011530778915467E+03   4.1124891347263004E-01
   7.7000000000000000E+03   1.4413738104346205E-04   6.9378255159115743E+03   4.1037433866435180E-01
   7.8000000000000000E+03   1.4336170995869380E-04   6.9753632283552279E+03   4.0940954881269948E-01
   7.9000000000000000E+03   1.4251358379351061E-04   7.0168749769770047E+03   4.0785923922302697E-01
   8.0000000000000000E+03   1.4176150796899739E-04   7.0541010343844237E+03   4.0702851742405244E-01
   8.1000000000000000E+03   1.4099965078230461E-04   7.0922161470026822E+03   4.0609923890458149E-01
   8.2000000000000000E+03   1.4022597922834493E-04   7.1313461706806374E+03   4.0504884919297679E-01
   8.3000000000000000E+03   1.3935932083804066E-04   7.1756951310215627E+03   4.0320635476051364E-01
   8.4000000000000000E+03   1.3861787822921776E-04   7.2140766600568340E+03   4.0234616245709331E-01
   8.5000000000000000E+03   1.3786512553286490E-04   7.2534659953696246E+03   4.0136303475703627E-01
   8.6000000000000000E+03   1.3709732247150071E-04   7.2940884765118335E+03   4.0021834614909391E-01
   8.7000000000000000E+03   1.3625286544712858E-04   7.3392951900012640E+03   3.9837453945964701E-01
   8.8000000000000000E+03   1.3552080769771552E-04   7.3789406733063415E+03   3.9744765772240886E-01
   8.9000000000000000E+03   1.3477359159268167E-04   7.4198512348193672E+03   3.9635158876915927E-01
   9.0000000000000000E+03   1.3392744643609468E-04   7.4667293867740837E+03   3.9433473349588311E-01
   9.1000000000000000E+03   1.3321412661445104E-04   7.5067113782474817E+03   3.9344193888516715E-01
   9.2000000000000000E+03   1.3248419417180815E-04   7.5480702151018877E+03   3.9236033360223543E-01
   9.3000000000000000E+03   1.3165305332679862E-04   7.5957220492086026E+03   3.9030458931388529E-01
   9.4000000000000000E+03   1.3095553142563064E-04   7.6361799239301163E+03   3.8941636290095966E-01
   9.5000000000000000E+03   1.3023879679957412E-04   7.6782036119307131E+03   3.8830737919419023E-01
   9.6000000000000000E+03   1.2943422447931439E-04   7.7259318702049768E+03   3.8631618355363895E-01
   9.7000000000000000E+03   1.2874855290123926E-04   7.7670775901231491E+03   3.8539273044763245E-01
   9.8000000000000000E+03   1.2793138699553438E-04   7.8166900514797562E+03   3.8315649806999824E-01
   9.9000000000000000E+03   1.2727147953993316E-04   7.8572198863001086E+03   3.8237225413301834E-01
   1.0000000000000000E+04   1.2659262712893941E-04   7.8993541936803485E+03   3.8136054039264627E-01
   1.1000000000000000E+04   1.1966834584101726E-04   8.3564287027793307E+03   3.6670503740214105E-01
   1.2000000000000000E+04   1.1340293673472539E-04   8.8181137878221070E+03   3.5303839418833571E-01
   1.3000000000000000E+04   1.0775195392222747E-04   9.2805741668663741E+03   3.4060463629026039E-01
   1.4000000000000000E+04   1.0251282658131951E-04   9.7548768612553886E+03   3.2766569227613473E-01
   1.5000000000000000E+04   9.7765063833573759E-05   1.0228602742001049E+04   3.1582876746027411E-01
   1.6000000000000000E+04   9.3449499312181017E-05   1.0700966911115933E+04   3.0500632483723028E-01
   1.7000000000000000E+04   8.9452263174203686E-05   1.1179147005510096E+04   2.9408098249796422E-01
   1.8000000000000000E+04   8.5799899513630664E-05   1.1655025305025380E+04   2.8406673555546819E-01
   1.9000000000000000E+04   8.2452998999462895E-05   1.2128121622435034E+04   2.7491338321307673E-01
   2.0000000000000000E+04   7.9374676542747323E-05   1.2598476536297430E+04   2.6652170952905235E-01
   2.1000000000000000E+04   7.6532237696944015E-05   1.3066389146490759E+04   2.5878101644909396E-01
   2.2000000000000000E+04   7.3858176765017049E-05   1.3539462301940421E+04   2.5072675765932717E-01
   2.3000000000000000E+04   7.1416893646683951E-05   1.4002289219512035E+04   2.4414707189242829E-01
   2.4000000000000000E+04   6.9108160072482033E-05   1.4470071247030452E+04   2.3721562474918867E-01
   2.5000000000000000E+04   6.6954160266218912E-05   1.4935591694733579E+04   2.3074494599672357E-01
   2.6000000000000000E+04   6.4940176545815210E-05   1.5398787825815372E+04   2.2470962815147458E-01
   2.7000000000000000E+04   6.3053029297193978E-05   1.5859666238819438E+04   2.1907208137324122E-01
   2.8000000000000000E+04   6.1280728587920271E-05   1.6318343842229078E+04   2.1379431925641226E-01
   2.9000000000000000E+04   5.9612890330143450E-05   1.6774895403693368E+04   2.0884299263042766E-01
   3.0000000000000000E+04   5.8040021332895675E-05   1.7229490565904125E+04   2.0418595344970983E-01
   3.1000000000000000E+04   5.6226893355895675E-05   1.7785083619512210E+04   1.5869950220233203E-01
   3.2000000000000000E+04   5.4644929346963555E-05   1.8299959611084516E+04   1.5497403182467703E-01
   3.3000000000000000E+04   5.3157523337599913E-05   1.8812012622353872E+04   1.5145400966384989E-01
   3.4000000000000000E+04   5.1756454674005176E-05   1.9321261595266358E+04   1.4812263276995855E-01
   3.5000000000000000E+04   5.0434428230230056E-05   1.9827725525806731E+04   1.4496489904031751E-01
   3.6000000000000000E+04   4.9184947796842185E-05   2.0331423429185848E+04   1.4196737096400949E-01
   3.7000000000000000E+04   4.8002209688254084E-05   2.0832374311399573E+04   1.3911797572787804E-01
   3.8000000000000000E+04   4.6881012901779228E-05   2.1330597145908683E+04   1.3640583530591566E-01
   3.9000000000000000E+04   4.5816682901876157E-05   2.1826110854460199E+04   1.3382112140264985E-01
   4.0000000000000000E+04   4.4805006679501050E-05   2.2318934291276757E+04   1.3135493110121163E-01
   4.1000000000000000E+04   4.3842177188347990E-05   2.2809086230000728E+04   1.2899917984097775E-01
   4.2000000000000000E+04   4.2924745616221601E-05   2.3296585352904043E+04   1.2674650896496267E-01
   4.3000000000000000E+04   4.2049580232716295E-05   2.3781450241968389E+04   1.2459020556897484E-01
   4.4000000000000000E+04   4.1213830780225375E-05   2.4263699371517916E+04   1.2252413277982720E-01
   4.5000000000000000E+04   4.0414897556591072E-05   2.4743351102146120E+04   1.2054266890926005E-01
   4.6000000000000000E+04   3.9650404483987098E-05   2.5220423675724476E+04   1.1864065418955884E-01
   4.7000000000000000E+04   3.8918175577241801E-05   2.5694935211319891E+04   1.1681334400840079E-01
   4.8000000000000000E+04   3.8216214321461086E-05   2.6166903701877924E+04   1.1505636773385385E-01
   4.9000000000000000E+04   3.7542685547920075E-05   2.6636347011552607E+04   1.1336569236317916E-01
   5.0000000000000000E+04   3.6895899462224122E-05   2.7103282873584652E+04   1.1173759034705052E-01
   5.1000000000000000E+04   3.6274297532425691E-05   2.7567728888646227E+04   1.1016861103870806E-01
   5.2000000000000000E+04   3.5676439989281840E-05   2.8029702523582146E+04   1.0865555529912882E-01
   5.3000000000000000E+04   3.5100994727854604E-05   2.8489221110490187E+04   1.0719545285748273E-01
   5.4000000000000000E+04   3.4546727430572325E-05   2.8946301846091636E+04   1.0578554208336992E-01
   5.5000000000000000E+04   3.4012492757777926E-05   2.9400961791350084E+04   1.0442325187551445E-01
   5.6000000000000000E+04   3.3497226473573667E-05   2.9853217871303801E+04   1.0310618541228461E-01
   5.7000000000000000E+04   3.2999938393152192E-05   3.0303086875080651E+04   1.0183210554390126E-01
   5.8000000000000000E+04   3.2519706053354235E-05   3.0750585456071658E+04   1.0059892163549851E-01
   5.9000000000000000E+04   3.2055669021400607E-05   3.1195730132239409E+04   9.9404677695199492E-02
   6.0000000000000000E+04   3.1607023767983449E-05   3.1638537286543160E+04   9.8247541642721953E-02
   6.1000000000000000E+04   3.1173019040498881E-05   3.2079023167465290E+04   9.7125795592338082E-02
   6.2000000000000000E+04   3.0752951680421398E-05   3.2517203889623433E+04   9.6037827039755372E-02
   6.3000000000000000E+04   3.0346162835870073E-05   3.2953095434457042E+04   9.4982120856038452E-02
   6.4000000000000000E+04   2.9952034526485563E-05   3.3386713650978672E+04   9.3957252003403824E-02
   6.5000000000000000E+04   2.9569986522974782E-05   3.3818074256578955E+04   9.2961878897863531E-02
   6.6000000000000000E+04   2.9199473508204122E-05   3.4247192837878807E+04   9.1994737352489961E-02
   6.7000000000000000E+04   2.8839982490647222E-05   3.4674084851622196E+04   9.1054635042726234E-02
   6.8000000000000000E+04   2.8491030444403579E-05   3.5098765625601569E+04   9.0140446441844449E-02
   6.9000000000000000E+04   2.8152162152968215E-05   3.5521250359612801E+04   8.9251108180473160E-02
   7.0000000000000000E+04   2.7822948236524107E-05   3.5941554126433912E+04   8.8385614789219941E-02
   7.1000000000000000E+04   2.7502983344790939E-05   3.6359691872823678E+04   8.7543014787887716E-02
   7.2000000000000000E+04   2.7191884499446197E-05   3.6775678420536344E+04   8.6722407088711789E-02
   7.3000000000000000E+04   2.6889289571873142E-05   3.7189528467350239E+04   8.5922937684503875E-02
   7.4000000000000000E+04   2.6594855883521397E-05   3.7601256588106437E+04   8.5143796595642501E-02
   7.5000000000000000E+04   2.6308258917511525E-05   3.8010877235755484E+04   8.4384215052542413E-02
   7.6000000000000000E+04   2.6029191131304019E-05   3.8418404742410516E+04   8.3643462892620757E-02
   7.7000000000000000E+04   2.5757360861304357E-05   3.8823853320404189E+04   8.2920846152893801E-02
   7.8000000000000000E+04   2.5492491311205596E-05   3.9227237063347966E+04   8.2215704841213780E-02
   7.9000000000000000E+04   2.5234319616694672E-05   3.9628569947192642E+04   8.1527410870824518E-02
   8.0000000000000000E+04   2.4982595979881862E-05   4.0027865831288560E+04   8.0855366144402252E-02
   8.1000000000000000E+04   2.4737082867464546E-05   4.0425138459444235E+04   8.0199000775073928E-02
   8.2000000000000000E+04   2.4497554267216870E-05   4.0820401460982604E+04   7.9557771433089064E-02
   8.3000000000000000E+04   2.4263794997915150E-05   4.1213668351794287E+04   7.8931159807881124E-02
   8.4000000000000000E+04   2.4035600068272503E-05   4.1604952535386088E+04   7.8318671176205265E-02
   8.5000000000000000E+04   2.3812774080868989E-05   4.1994267303925459E+04   7.7719833067887337E-02
   8.6000000000000000E+04   2.3595130677436174E-05   4.2381625839279281E+04   7.7134194021486455E-02
   8.7000000000000000E+04   2.3382492022187361E-05   4.2767041214046490E+04   7.6561322422860734E-02
   8.8000000000000000E+04   2.3174688320183330E-05   4.3150526392584914E+04   7.6000805420243664E-02
   8.9000000000000000E+04   2.2971557367993553E-05   4.3532094232030948E+04   7.5452247909998091E-02
   9.0000000000000000E+04   2.2772944134154254E-05   4.3911757483312264E+04   7.4915271587718615E-02
   9.1000000000000000E+04   2.2578700367143549E-05   4.4289528792153018E+04   7.4389514059807982E-02
   9.2000000000000000E+04   2.2388684228790867E-05   4.4665420700071511E+04   7.3874628011065660E-02
   9.3000000000000000E+04   2.2202759951216209E-05   4.5039445645369990E+04   7.3370280424198978E-02
   9.4000000000000000E+04   2.2020797515556208E-05   4.5411615964116085E+04   7.2876151847507661E-02
   9.5000000000000000E+04   2.1842672350879546E-05   4.5781943891116091E+04   7.2391935707296948E-02
   9.6000000000000000E+04   2.1668265051826824E-05   4.6150441560880361E+04   7.1917337661855110E-02
   9.7000000000000000E+04   2.1497461113630956E-05   4.6517121008579350E+04   7.1452074994086290E-02
   9.8000000000000000E+04   2.1330150683282086E-05   4.6881994170991456E+04   7.0995876040117048E-02
   9.9000000000000000E+04   2.1166228325701164E-05   4.7245072887442439E+04   7.0548479651409715E-02
   1.0000000000000000E+05   2.1005592803876773E-05   4.7606368900735855E+04   7.0109634688104466E-02
   1.1000000000000000E+05   1.9560362626733341E-05   5.1123796582037299E+04   6.6142538743681367E-02
   1.2000000000000000E+05   1.8356980925254386E-05   5.4475188707325113E+04   6.2813233641598229E-02
   1.3000000000000000E+05   1.7339788097960140E-05   5.7670831635920666E+04   5.9980599054718975E-02
   1.4000000000000000E+05   1.6468976373728218E-05   6.0720227979392141E+04   5.7542460730588260E-02
   1.5000000000000000E+05   1.5715322131759785E-05   6.3632166850659480E+04   5.5422977440838128E-02
   1.6000000000000000E+05   1.5056887852343626E-05   6.6414787026812366E+04   5.3564642991074933E-02
   1.7000000000000000E+05   1.4476884909275193E-05   6.9075633761466888E+04   5.1923043182393942E-02
   1.8000000000000000E+05   1.3962246935445861E-05   7.1621709931322519E+04   5.0463318841068271E-02
   1.9000000000000000E+05   1.3502652611887220E-05   7.4059522135646024E+04   4.9157719450023382E-02
   2.0000000000000000E+05   1.3089840946494394E-05   7.6395122300382980E+04   4.7983873552950120E-02
   2.1000000000000000E+05   1.2717121760436130E-05   7.8634145275786475E+04   4.6923541899810378E-02
   2.2000000000000000E+05   1.2379019400901305E-05   8.0781842859636439E+04   4.5961702854158154E-02
   2.3000000000000000E+05   1.2071009214166949E-05   8.2843114627596005E+04   4.5085870976480508E-02
   2.4000000000000000E+05   1.1789319775679335E-05   8.4822535907706959E+04   4.4285582133028224E-02
   2.5000000000000000E+05   1.1530782498960083E-05   8.6724383196906740E+04   4.3551999427332989E-02
   2.6000000000000000E+05   1.1292715889962881E-05   8.8552657283161941E+04   4.2877608064929448E-02
   2.7000000000000000E+05   1.1072835479934254E-05   9.0311104306765847E+04   4.2255976544347082E-02
   2.8000000000000000E+05   1.0869183027614937E-05   9.2003234968013378E+04   4.1681567913745200E-02
   2.9000000000000000E+05   1.0680070346868080E-05   9.3632342065354387E+04   4.1149589240450042E-02
   3.0000000000000000E+05   1.0504034352305785E-05   9.5201516527836371E+04   4.0655870546936743E-02
   3.1000000000000000E+05   1.0339800793524633E-05   9.6713662087789606E+04   4.0196766685335859E-02
   3.2000000000000000E+05   1.0186254780003818E-05   9.8171508723996914E+04   3.9769077226792397E-02
   3.3000000000000000E+05   1.0042416658191954E-05   9.9577624991716002E+04   3.9369980615480367E-02
   3.4000000000000000E+05   9.9074221403182613E-06   1.0093442934368360E+05   3.8996979704682404E-02
   3.5000000000000000E+05   9.7805058356715598E-06   1.0224420053539460E+05   3.8647856440251364E-02
   3.6000000000000000E+05   9.6609875235753582E-06   1.0350908719835694E+05   3.8320633945152768E-02
   3.7000000000000000E+05   9.5482606499816252E-06   1.0473111665651111E+05   3.8013544630162190E-02
   3.8000000000000000E+05   9.4417826385443871E-06   1.0591220305344451E+05   3.7725003240524496E-02
   3.9000000000000000E+05   9.3410666908629854E-06   1.0705415485130361E+05   3.7453583968385364E-02
   4.0000000000000000E+05   9.2456748155732347E-06   1.0815868175631914E+05   3.7198000932039323E-02
   4.1000000000000000E+05   9.1552118767033257E-06   1.0922740112051752E+05   3.6957091457237357E-02
   4.2000000000000000E+05   9.0693204915894312E-06   1.1026184386441796E+05   3.6729801701660056E-02
   4.3000000000000000E+05   8.9876766401858665E-06   1.1126345996125201E+05   3.6515174247687618E-02
   4.4000000000000000E+05   8.9099858727002004E-06   1.1223362351942169E+05   3.6312337355687806E-02
   4.5000000000000000E+05   8.8359800225652136E-06   1.1317363749648741E+05   3.6120495623904389E-02
   4.6000000000000000E+05   8.7654143479157396E-06   1.1408473807490715E+05   3.5938921844505131E-02
   4.7000000000000000E+05   8.6980650378040087E-06   1.1496809872698643E+05   3.5766949880615372E-02
   4.8000000000000000E+05   8.6337270300053058E-06   1.1582483399401448E+05   3.5603968417913481E-02
   4.9000000000000000E+05   8.5722120959350721E-06   1.1665600300232871E+05   3.5449415467906246E-02
   5.0000000000000000E+05   8.5133471553092783E-06   1.1746261273703123E+05   3.5302773519366781E-02
   5.1000000000000000E+05   8.4569727890365189E-06   1.1824562109226410E+05   3.5163565250411817E-02
   5.2000000000000000E+05   8.4029419236744188E-06   1.1900593971530419E+05   3.5031349726959711E-02
   5.3000000000000000E+05   8.3511186648048400E-06   1.1974443666025545E+05   3.4905719024353195E-02
   5.4000000000000000E+05   8.3013772600348596E-06   1.2046193886576852E+05   3.4786295218158701E-02
   5.5000000000000000E+05   8.2536011751346306E-06   1.2115923446999952E+05   3.4672727697891634E-02
   5.6000000000000000E+05   8.2076822691770233E-06   1.2183707497491485E+05   3.4564690763928825E-02
   5.7000000000000000E+05   8.1635200565266086E-06   1.2249617727104321E+05   3.4461881473365964E-02
   5.8000000000000000E+05   8.1210210452004002E-06   1.2313722553286691E+05   3.4364017705232910E-02
   5.9000000000000000E+05   8.0800981425428196E-06   1.2376087299421076E+05   3.4270836419435381E-02
   6.0000000000000000E+05   8.0406701203639683E-06   1.2436774361223693E+05   3.4182092087159603E-02
   6.1000000000000000E+05   8.0026611327196397E-06   1.2495843362795973E+05   3.4097555273356221E-02
   6.2000000000000000E+05   7.9660002803909207E-06   1.2553351303057279E+05   3.4017011354385444E-02
   6.3000000000000000E+05   7.9306212168755312E-06   1.2609352693230449E+05   3.3940259356024093E-02
   6.4000000000000000E+05   7.8964617913511745E-06   1.2663899685999606E+05   3.3867110898859999E-02
   6.5000000000000000E+05   7.8634637246297142E-06   1.2717042196911636E+05   3.3797389239673688E-02
   6.6000000000000000E+05   7.8315723146030983E-06   1.2768828018549427E+05   3.3730928398770815E-02
   6.7000000000000000E+05   7.8007361680998750E-06   1.2819302927964336E+05   3.3667572364411064E-02
   6.8000000000000000E+05   7.7709069564333088E-06   1.2868510787819035E+05   3.3607174366506634E-02
   6.9000000000000000E+05   7.7420391922372662E-06   1.2916493641658043E+05   3.3549596212659183E-02
   7.0000000000000000E+05   7.7140900254606556E-06   1.2963291803692479E+05   3.3494707680385760E-02
   7.1000000000000000E+05   7.6870190566311640E-06   1.3008943943456934E+05   3.3442385960067919E-02
   7.2000000000000000E+05   7.6607881657086961E-06   1.3053487165670644E+05   3.3392515143757955E-02
   7.3000000000000000E+05   7.6353613550331227E-06   1.3096957085610811E+05   3.3344985755502064E-02
   7.4000000000000000E+05   7.6107046050324476E-06   1.3139387900284125E+05   3.3299694319304227E-02
   7.5000000000000000E+05   7.5867857414998627E-06   1.3180812455661967E+05   3.3256542961262292E-02
   7.6000000000000000E+05   7.5635743133734392E-06   1.3221262310226299E+05   3.3215439042768025E-02
   7.7000000000000000E+05   7.5410414800632132E-06   1.3260767795055511E+05   3.3176294821982706E-02
   7.8000000000000000E+05   7.5191599074679953E-06   1.3299358070664312E+05   3.3139027141081530E-02
   7.9000000000000000E+05   7.4979036719115295E-06   1.3337061180796128E+05   3.3103557137010936E-02
   8.0000000000000000E+05   7.4772481713043589E-06   1.3373904103353526E+05   3.3069809973726196E-02
   8.1000000000000000E+05   7.4571700429063616E-06   1.3409912798639355E+05   3.3037714594074494E-02
   8.2000000000000000E+05   7.4376470871259241E-06   1.3445112255069672E+05   3.3007203489666022E-02
   8.3000000000000000E+05   7.4186581968461082E-06   1.3479526532508666E+05   3.2978212487232907E-02
   8.4000000000000000E+05   7.4001832918166248E-06   1.3513178803366050E+05   3.2950680550117857E-02
   8.5000000000000000E+05   7.3822032576939145E-06   1.3546091391587944E+05   3.2924549593659862E-02
   8.6000000000000000E+05   7.3646998893505496E-06   1.3578285809663648E+05   3.2899764313358074E-02
   8.7000000000000000E+05   7.3476558381098560E-06   1.3609782793763033E+05   3.2876272024796767E-02
   8.8000000000000000E+05   7.3310545625931477E-06   1.3640602337111501E+05   3.2854022514405723E-02
   8.9000000000000000E+05   7.3148802828948364E-06   1.3670763721703098E+05   3.2832967900212111E-02
   9.0000000000000000E+05   7.2991179378263428E-06   1.3700285548445288E+05   3.2813062501815031E-02
   9.1000000000000000E+05   7.2837531449920788E-06   1.3729185765823859E+05   3.2794262718879898E-02
   9.2000000000000000E+05   7.2687721634818471E-06   1.3757481697169962E+05   3.2776526917511074E-02
   9.3000000000000000E+05   7.2541618589820842E-06   1.3785190066607113E+05   3.2759815323914761E-02
   9.4000000000000000E+05   7.2399096711257090E-06   1.3812327023750194E+05   3.2744089924814986E-02
   9.5000000000000000E+05   7.2260035829150196E-06   1.3838908167225032E+05   3.2729314374128952E-02
   9.6000000000000000E+05   7.2124320920662927E-06   1.3864948567072189E+05   3.2715453905449832E-02
   9.7000000000000000E+05   7.1991841841370083E-06   1.3890462786095167E+05   3.2702475249921190E-02
   9.8000000000000000E+05   7.1862493073080186E-06   1.3915464900209563E+05   3.2690346559121258E-02
   9.9000000000000000E+05   7.1736173487034770E-06   1.3939968517845951E+05   3.2679037332605930E-02
   1.0000000000000000E+06   7.1612786121403486E-06   1.3963986798456960E+05   3.2668518349786436E-02
   1.1000000000000000E+06   7.0521448007111626E-06   1.4180083198222995E+05   3.2601160674283501E-02
   1.2000000000000000E+06   6.9640906715583773E-06   1.4359376509614382E+05   3.2588130246711838E-02
   1.3000000000000000E+06   6.8919078649779891E-06   1.4509770292804021E+05   3.2613993218855442E-02
   1.4000000000000000E+06   6.8319286166286181E-06   1.4637155276564855E+05   3.2668039268268174E-02
   1.5000000000000000E+06   6.7815025819164678E-06   1.4745994533226261E+05   3.2742665695342385E-02
   1.6000000000000000E+06   6.7386718968452847E-06   1.4839719388447315E+05   3.2832372898783220E-02
   1.7000000000000000E+06   6.7019623620900540E-06   1.4921002923808471E+05   3.2933119155720086E-02
   1.8000000000000000E+06   6.6702452585826568E-06   1.4991952488003232E+05   3.3041894416521486E-02
   1.9000000000000000E+06   6.6426435419070436E-06   1.5054247509913938E+05   3.3156431862307843E-02
   2.0000000000000000E+06   6.6184667210137381E-06   1.5109239679712887E+05   3.3275008517650591E-02
   2.1000000000000000E+06   6.5971647446781991E-06   1.5158026799416827E+05   3.3396304829323001E-02
   2.2000000000000000E+06   6.5782947649232247E-06   1.5201507924701078E+05   3.3519304125097342E-02
   2.3000000000000000E+06   6.5614967980176931E-06   1.5240425024700342E+05   3.3643219558473499E-02
   2.4000000000000000E+06   6.5464756435573153E-06   1.5275394799400892E+05   3.3767440320285169E-02
   2.5000000000000000E+06   6.5329872763970687E-06   1.5306933225063595E+05   3.3891491563140967E-02
   2.6000000000000000E+06   6.5208284824784356E-06   1.5335474666861966E+05   3.4015004221138519E-02
   2.7000000000000000E+06   6.5098288788290460E-06   1.5361386890708483E+05   3.4137692060026995E-02
   2.8000000000000000E+06   6.4998447074124954E-06   1.5384982949817079E+05   3.4259334071292689E-02
   2.9000000000000000E+06   6.4907539636750884E-06   1.5406530668030382E+05   3.4379760857322549E-02
   3.0000000000000000E+06   6.4824525398504034E-06   1.5426260259563386E+05   3.4498844025975459E-02
   3.1000000000000000E+06   6.4748511472424051E-06   1.5444370492221945E+05   3.4616487874430849E-02
   3.2000000000000000E+06   6.4678728418691189E-06   1.5461033703795189E+05   3.4732622828708579E-02
   3.3000000000000000E+06   6.4614510213577045E-06   1.5476399909162763E+05   3.4847200239767326E-02
   3.4000000000000000E+06   6.4555277927891928E-06   1.5490600181707798E+05   3.4960188235105237E-02
   3.5000000000000000E+06   6.4500526346799635E-06   1.5503749451954942E+05   3.5071568396897790E-02
   3.6000000000000000E+06   6.4449812937975941E-06   1.5515948835450652E+05   3.5181333091240177E-02
   3.7000000000000000E+06   6.4402748706778175E-06   1.5527287578251353E+05   3.5289483313135021E-02
   3.8000000000000000E+06   6.4358990576970479E-06   1.5537844690153192E+05   3.5396026942102678E-02
   3.9000000000000000E+06   6.4318235011882120E-06   1.5547690321652338E+05   3.5500977326272214E-02
   4.0000000000000000E+06   6.4280212649656779E-06   1.5556886929578937E+05   3.5604352130400835E-02
   4.1000000000000000E+06   6.4244683771825356E-06   1.5565490267671802E+05   3.5706172396818989E-02
   4.2000000000000000E+06   6.4211434460006603E-06   1.5573550231506498E+05   3.5806461778799772E-02
   4.3000000000000000E+06   6.4180273323477958E-06   1.5581111581744970E+05   3.5905245914039541E-02
   4.4000000000000000E+06   6.4151028702435637E-06   1.5588214565326727E+05   3.6002551912352791E-02
   4.5000000000000000E+06   6.4123546269297569E-06   1.5594895450734004E+05   3.6098407936741607E-02
   4.6000000000000000E+06   6.4097686964417632E-06   1.5601186990649559E+05   3.6192842861002002E-02
   4.7000000000000000E+06   6.4073325213827744E-06   1.5607118823047893E+05   3.6285885990215004E-02
   4.8000000000000000E+06   6.4050347385700202E-06   1.5612717819907700E+05   3.6377566833012104E-02
   4.9000000000000000E+06   6.4028650449584660E-06   1.5618008391218356E+05   3.6467914916547425E-02
   5.0000000000000000E+06   6.4008140808461385E-06   1.5623012750712608E+05   3.6556959636750201E-02
   5.1000000000000000E+06   6.3988733278556517E-06   1.5627751148734079E+05   3.6644730137761435E-02
   5.2000000000000000E+06   6.3970350195884033E-06   1.5632242076804230E+05   3.6731255215534449E-02
   5.3000000000000000E+06   6.3952920631799751E-06   1.5636502447751592E+05   3.6816563241457510E-02
   5.4000000000000000E+06   6.3936379702594500E-06   1.5640547754683407E+05   3.6900682102571671E-02
   5.5000000000000000E+06   6.3920667960432550E-06   1.5644392211592797E+05   3.6983639155544756E-02
   5.6000000000000000E+06   6.3905730854842436E-06   1.5648048877986119E+05   3.7065461192042057E-02
   5.7000000000000000E+06   6.3891518255553730E-06   1.5651529769572752E+05   3.7146174413533427E-02
   5.8000000000000000E+06   6.3877984028806203E-06   1.5654845956770386E+05   3.7225804413901400E-02
   5.9000000000000000E+06   6.3865085660378756E-06   1.5658007652534786E+05   3.7304376168487939E-02
   6.0000000000000000E+06   6.3852783919530744E-06   1.5661024290816061E+05   3.7381914028440745E-02
   6.1000000000000000E+06   6.3841042558851870E-06   1.5663904596767042E+05   3.7458441719407667E-02
   6.2000000000000000E+06   6.3829828045691778E-06   1.5666656649680503E+05   3.7533982343783072E-02
   6.3000000000000000E+06   6.3819109321425083E-06   1.5669287939502540E+05   3.7608558385839375E-02
   6.4000000000000000E+06   6.3808857585295358E-06   1.5671805417661145E+05   3.7682191719186679E-02
   6.5000000000000000E+06   6.3799046100008632E-06   1.5674215542853781E+05   3.7754903616092163E-02
   6.6000000000000000E+06   6.3789650016606254E-06   1.5676524322357494E+05   3.7826714758269653E-02
   6.7000000000000000E+06   6.3780646216460188E-06   1.5678737349354813E+05   3.7897645248811049E-02
   6.8000000000000000E+06   6.3772013168500380E-06   1.5680859836708766E+05   3.7967714624986972E-02
   6.9000000000000000E+06   6.3763730800017324E-06   1.5682896647567686E+05   3.8036941871688039E-02
   7.0000000000000000E+06   6.3755780379582241E-06   1.5684852323135387E+05   3.8105345435316920E-02
   7.1000000000000000E+06   6.3748144410801366E-06   1.5686731107902835E+05   3.8172943237972518E-02
   7.2000000000000000E+06   6.3740806535772518E-06   1.5688536972602969E+05   3.8239752691795720E-02
   7.3000000000000000E+06   6.3733751447242711E-06   1.5690273635120576E+05   3.8305790713368065E-02
   7.4000000000000000E+06   6.3726964808581375E-06   1.5691944579562679E+05   3.8371073738074517E-02
   7.5000000000000000E+06   6.3720433180783513E-06   1.5693553073672060E+05   3.8435617734357067E-02
   7.6000000000000000E+06   6.3714143955804652E-06   1.5695102184746461E+05   3.8499438217800483E-02
   7.7000000000000000E+06   6.3708085295607087E-06   1.5696594794208230E+05   3.8562550265002472E-02
   7.8000000000000000E+06   6.3702246076365084E-06   1.5698033610953347E+05   3.8624968527190238E-02
   7.9000000000000000E+06   6.3696615837333936E-06   1.5699421183595737E+05   3.8686707243553671E-02
   8.0000000000000000E+06   6.3691184733943998E-06   1.5700759911709628E+05   3.8747780254273168E-02
   8.1000000000000000E+06   6.3685943494723310E-06   1.5702052056162991E+05   3.8808201013223721E-02
   8.2000000000000000E+06   6.3680883381697106E-06   1.5703299748624655E+05   3.8867982600344603E-02
   8.3000000000000000E+06   6.3675996153945012E-06   1.5704505000320214E+05   3.8927137733665587E-02
   8.4000000000000000E+06   6.3671274034032893E-06   1.5705669710103347E+05   3.8985678780985307E-02
   8.5000000000000000E+06   6.3666709677061754E-06   1.5706795671903342E+05   3.9043617771200176E-02
   8.6000000000000000E+06   6.3662296142103320E-06   1.5707884581603177E+05   3.9100966405283662E-02
   8.7000000000000000E+06   6.3658026865813965E-06   1.5708938043397421E+05   3.9157736066918802E-02
   8.8000000000000000E+06   6.3653895638039092E-06   1.5709957575674405E+05   3.9213937832787815E-02
   8.9000000000000000E+06   6.3649896579238420E-06   1.5710944616462805E+05   3.9269582482523734E-02
   9.0000000000000000E+06   6.3646024119577185E-06   1.5711900528479443E+05   3.9324680508330226E-02
   9.1000000000000000E+06   6.3642272979545479E-06   1.5712826603810937E+05   3.9379242124277007E-02
   9.2000000000000000E+06   6.3638638151979295E-06   1.5713724068259276E+05   3.9433277275277873E-02
   9.3000000000000000E+06   6.3635114885366440E-06   1.5714594085379119E+05   3.9486795645759958E-02
   9.4000000000000000E+06   6.3631698668336796E-06   1.5715437760230678E+05   3.9539806668031884E-02
   9.5000000000000000E+06   6.3628385215238176E-06   1.5716256142871798E+05   3.9592319530360263E-02
   9.6000000000000000E+06   6.3625170452715278E-06   1.5717050231608833E+05   3.9644343184762884E-02
   9.7000000000000000E+06   6.3622050507209268E-06   1.5717820976026010E+05   3.9695886354527012E-02
   9.8000000000000000E+06   6.3619021693309076E-06   1.5718569279809782E+05   3.9746957541462458E-02
   9.9000000000000000E+06   6.3616080502888107E-06   1.5719296003383942E+05   3.9797565032897692E-02
   1.0000000000000000E+07   6.3613223594965179E-06   1.5720001966370206E+05   3.9847716908427394E-02
   1.1000000000000000E+07   6.3588657306066842E-06   1.5726075095229168E+05   4.0325818132621517E-02
   1.2000000000000000E+07   6.3569787235651347E-06   1.5730743227014891E+05   4.0765926358638162E-02
   1.3000000000000000E+07   6.3554982539369716E-06   1.5734407595510563E+05   4.1173526358577316E-02
   1.4000000000000000E+07   6.3543156539338481E-06   1.5737335921940190E+05   4.1553016695518051E-02
   1.5000000000000000E+07   6.3533562556356375E-06   1.5739712362469317E+05   4.1907973233270605E-02
   1.6000000000000000E+07   6.3525673832046626E-06   1.5741666946247060E+05   4.2241339043064041E-02
   1.7000000000000000E+07   6.3519110164191012E-06   1.5743293591725276E+05   4.2555563440624375E-02
   1.8000000000000000E+07   6.3513591583228840E-06   1.5744661497997484E+05   4.2852705356599630E-02
   1.9000000000000000E+07   6.3508908250814953E-06   1.5745822555328970E+05   4.3134511315400040E-02
   2.0000000000000000E+07   6.3504900398627331E-06   1.5746816288552360E+05   4.3402475062700459E-02
   2.1000000000000000E+07   6.3501444654989763E-06   1.5747673229059725E+05   4.3657883736770722E-02
   2.2000000000000000E+07   6.3498444536419019E-06   1.5748417261252095E+05   4.3901854037626906E-02
   2.3000000000000000E+07   6.3495823715040107E-06   1.5749067284926528E+05   4.4135360865990035E-02
   2.4000000000000000E+07   6.3493521173046604E-06   1.5749638412312631E+05   4.4359260225311690E-02
   2.5000000000000000E+07   6.3491487663180422E-06   1.5750142842847793E+05   4.4574307704464772E-02
   2.6000000000000000E+07   6.3489683087968407E-06   1.5750590511129907E+05   4.4781173520872367E-02
   2.7000000000000000E+07   6.3488074534999196E-06   1.5750989572832739E+05   4.4980454860865930E-02
   2.8000000000000000E+07   6.3486634787099870E-06   1.5751346773276987E+05   4.5172686077194678E-02
   2.9000000000000000E+07   6.3485341180650841E-06   1.5751667729948054E+05   4.5358347173402917E-02
   3.0000000000000000E+07   6.3484174722105274E-06   1.5751957151170130E+05   4.5537870907919734E-02
   3.1000000000000000E+07   6.3483119398087395E-06   1.5752219006902297E+05   4.5711648777906927E-02
   3.2000000000000000E+07   6.3482161632090832E-06   1.5752456663266657E+05   4.5880036087689161E-02
   3.3000000000000000E+07   6.3481289853236994E-06   1.5752672989347094E+05   4.6043356264330322E-02
   3.4000000000000000E+07   6.3480494151447133E-06   1.5752870442600417E+05   4.6201904550306060E-02
   3.5000000000000000E+07   6.3479765999799582E-06   1.5753051137635845E+05   4.6355951177857457E-02
   3.6000000000000000E+07   6.3479098029523289E-06   1.5753216901962177E+05   4.6505744109733786E-02
   3.7000000000000000E+07   6.3478483846531011E-06   1.5753369321448411E+05   4.6651511415348630E-02
   3.8000000000000000E+07   6.3477917880957078E-06   1.5753509777610286E+05   4.6793463338915396E-02
   3.9000000000000000E+07   6.3477395263087179E-06   1.5753639478359494E+05   4.6931794106166366E-02
   4.0000000000000000E+07   6.3476911720524364E-06   1.5753759483492078E+05   4.7066683508256490E-02
   4.1000000000000000E+07   6.3476463492535444E-06   1.5753870725920258E+05   4.7198298294969750E-02
   4.2000000000000000E+07   6.3476047258379291E-06   1.5753974029439790E+05   4.7326793404085667E-02
   4.3000000000000000E+07   6.3475660077066568E-06   1.5754070123664537E+05   4.7452313049456560E-02
   4.4000000000000000E+07   6.3475299336517807E-06   1.5754159656631865E+05   4.7574991686813367E-02
   4.5000000000000000E+07   6.3474962710479348E-06   1.5754243205485269E+05   4.7694954873400142E-02
   4.6000000000000000E+07   6.3474648121875810E-06   1.5754321285561592E+05   4.7812320035122979E-02
   4.7000000000000000E+07   6.3474353711523085E-06   1.5754394358149421E+05   4.7927197152883912E-02
   4.8000000000000000E+07   6.3474077811324765E-06   1.5754462837136083E+05   4.8039689378093609E-02
   4.9000000000000000E+07   6.3473818921233030E-06   1.5754527094721314E+05   4.8149893585942377E-02
   5.0000000000000000E+07   6.3473575689382768E-06   1.5754587466344208E+05   4.8257900873824831E-02
   5.1000000000000000E+07   6.3473346894908235E-06   1.5754644254945047E+05   4.8363797011305873E-02
   5.2000000000000000E+07   6.3473131433037868E-06   1.5754697734662239E+05   4.8467662847170981E-02
   5.3000000000000000E+07   6.3472928302127575E-06   1.5754748154048546E+05   4.8569574678371551E-02
   5.4000000000000000E+07   6.3472736592350657E-06   1.5754795738876556E+05   4.8669604585065411E-02
   5.5000000000000000E+07   6.3472555475806504E-06   1.5754840694592244E+05   4.8767820735418473E-02
   5.6000000000000000E+07   6.3472384197848884E-06   1.5754883208466126E+05   4.8864287663382765E-02
   5.7000000000000000E+07   6.3472222069464842E-06   1.5754923451483814E+05   4.8959066522271999E-02
   5.8000000000000000E+07   6.3472068460561613E-06   1.5754961580011377E+05   4.9052215316619831E-02
   5.9000000000000000E+07   6.3471922794038929E-06   1.5754997737265914E+05   4.9143789114513524E-02
   6.0000000000000000E+07   6.3471784540546048E-06   1.5755032054616266E+05   4.9233840242341932E-02
   6.1000000000000000E+07   6.3471653213831603E-06   1.5755064652736700E+05   4.9322418463674397E-02
   6.2000000000000000E+07   6.3471528366613798E-06   1.5755095642631521E+05   4.9409571143797328E-02
   6.3000000000000000E+07   6.3471409586902949E-06   1.5755125126547462E+05   4.9495343401266052E-02
   6.4000000000000000E+07   6.3471296494722743E-06   1.5755153198787174E+05   4.9579778247678924E-02
   6.5000000000000000E+07   6.3471188739180837E-06   1.5755179946436058E+05   4.9662916716758446E-02
   6.6000000000000000E+07   6.3471085995846062E-06   1.5755205450013038E+05   4.9744797983701551E-02
   6.7000000000000000E+07   6.3470987964398312E-06   1.5755229784053666E+05   4.9825459475668771E-02
   6.8000000000000000E+07   6.3470894366516673E-06   1.5755253017634150E+05   4.9904936974187554E-02
   6.9000000000000000E+07   6.3470804943980559E-06   1.5755275214842506E+05   4.9983264710170859E-02
   7.0000000000000000E+07   6.3470719456958485E-06   1.5755296435203197E+05   5.0060475452178683E-02
   7.1000000000000000E+07   6.3470637682465082E-06   1.5755316734059982E+05   5.0136600588492210E-02
   7.2000000000000000E+07   6.3470559412965013E-06   1.5755336162922365E+05   5.0211670203513942E-02
   7.3000000000000000E+07   6.3470484455111698E-06   1.5755354769778560E+05   5.0285713148955344E-02
   7.4000000000000000E+07   6.3470412628603021E-06   1.5755372599379462E+05   5.0358757110235318E-02
   7.5000000000000000E+07   6.3470343765143198E-06   1.5755389693496234E+05   5.0430828668470859E-02
   7.6000000000000000E+07   6.3470277707500325E-06   1.5755406091154212E+05   5.0501953358403039E-02
   7.7000000000000000E+07   6.3470214308647778E-06   1.5755421828845955E+05   5.0572155722578095E-02
   7.8000000000000000E+07   6.3470153430983285E-06   1.5755436940725040E+05   5.0641459362066987E-02
   7.9000000000000000E+07   6.3470094945615857E-06   1.5755451458783020E+05   5.0709886983987824E-02
   8.0000000000000000E+07   6.3470038731715186E-06   1.5755465413010889E+05   5.0777460446067166E-02
   8.1000000000000000E+07   6.3469984675916746E-06   1.5755478831546707E+05   5.0844200798461324E-02
   8.2000000000000000E+07   6.3469932671777480E-06   1.5755491740810682E+05   5.0910128323036506E-02
   8.3000000000000000E+07   6.3469882619276849E-06   1.5755504165629001E+05   5.0975262570288844E-02
   8.4000000000000000E+07   6.3469834424359435E-06   1.5755516129347341E+05   5.1039622394076313E-02
   8.5000000000000000E+07   6.3469787998515318E-06   1.5755527653935004E+05   5.1103225984311842E-02
   8.6000000000000000E+07   6.3469743258393778E-06   1.5755538760080800E+05   5.1166090897763243E-02
   8.7000000000000000E+07   6.3469700125448273E-06   1.5755549467281139E+05   5.1228234087088015E-02
   8.8000000000000000E+07   6.3469658525609524E-06   1.5755559793921182E+05   5.1289671928222105E-02
   8.9000000000000000E+07   6.3469618388984422E-06   1.5755569757349556E+05   5.1350420246236629E-02
   9.0000000000000000E+07   6.3469579649577706E-06   1.5755579373947432E+05   5.1410494339760207E-02
   9.1000000000000000E+07   6.3469542245035259E-06   1.5755588659192238E+05   5.1469909004064833E-02
   9.2000000000000000E+07   6.3469506116407059E-06   1.5755597627716488E+05   5.1528678552898895E-02
   9.3000000000000000E+07   6.3469471207927669E-06   1.5755606293362263E+05   5.1586816839151256E-02
   9.4000000000000000E+07   6.3469437466812841E-06   1.5755614669231695E+05   5.1644337274417348E-02
   9.5000000000000000E+07   6.3469404843071342E-06   1.5755622767733663E+05   5.1701252847539354E-02
   9.6000000000000000E+07   6.3469373289330822E-06   1.5755630600627023E+05   5.1757576142183119E-02
   9.7000000000000000E+07   6.3469342760675064E-06   1.5755638179060988E+05   5.1813319353510703E-02
   9.8000000000000000E+07   6.3469313214494176E-06   1.5755645513612317E+05   5.1868494304004392E-02
   9.9000000000000000E+07   6.3469284610344149E-06   1.5755652614320177E+05   5.1923112458493986E-02
   1.0000000000000000E+08   6.3469256909817306E-06   1.5755659490718285E+05   5.1977184938434506E-02
   1.1000000000000000E+08   6.3469022390338410E-06   1.5755717708237859E+05   5.2490124147696174E-02
   1.2000000000000000E+08   6.3468847323613242E-06   1.5755761167383855E+05   5.2958628538382291E-02
   1.3000000000000000E+08   6.3468713685278553E-06   1.5755794342369793E+05   5.3389784977340510E-02
   1.4000000000000000E+08   6.3468609734517175E-06   1.5755820147674571E+05   5.3789109733931258E-02
   1.5000000000000000E+08   6.3468527569216230E-06   1.5755840544897472E+05   5.4160980752626750E-02
   1.6000000000000000E+08   6.3468461720319392E-06   1.5755856891673343E+05   5.4508930755248083E-02
   1.7000000000000000E+08   6.3468408310328305E-06   1.5755870150555970E+05   5.4835851696206153E-02
   1.8000000000000000E+08   6.3468364531712158E-06   1.5755881018493033E+05   5.5144140913252898E-02
   1.9000000000000000E+08   6.3468328313684129E-06   1.5755890009543460E+05   5.5435807851838118E-02
   2.0000000000000000E+08   6.3468298103591626E-06   1.5755897509144188E+05   5.5712553474267068E-02
   2.1000000000000000E+08   6.3468272720087174E-06   1.5755903810558698E+05   5.5975830335340801E-02
   2.2000000000000000E+08   6.3468251252425152E-06   1.5755909139875500E+05   5.6226888711244496E-02
   2.3000000000000000E+08   6.3468232990079848E-06   1.5755913673479788E+05   5.6466812494969279E-02
   2.4000000000000000E+08   6.3468217372718369E-06   1.5755917550472234E+05   5.6696547467043792E-02
   2.5000000000000000E+08   6.3468203954086201E-06   1.5755920881634121E+05   5.6916923806024533E-02
   2.6000000000000000E+08   6.3468192375570107E-06   1.5755923755990184E+05   5.7128674192095892E-02
   2.7000000000000000E+08   6.3468182346595479E-06   1.5755926245674837E+05   5.7332448500122861E-02
   2.8000000000000000E+08   6.3468173629918282E-06   1.5755928409583381E+05   5.7528825825225061E-02
   2.9000000000000000E+08   6.3468166030469393E-06   1.5755930296141320E+05   5.7718324401665133E-02
   3.0000000000000000E+08   6.3468159386808001E-06   1.5755931945426046E+05   5.7901409842958794E-02
   3.1000000000000000E+08   6.3468153564511926E-06   1.5755933390807637E+05   5.8078502033012493E-02
   3.2000000000000000E+08   6.3468148451023101E-06   1.5755934660228461E+05   5.8249980924907754E-02
   3.3000000000000000E+08   6.3468143951592513E-06   1.5755935777209830E+05   5.8416191448742057E-02
   3.4000000000000000E+08   6.3468139986069500E-06   1.5755936761649046E+05   5.8577447687899263E-02
   3.5000000000000000E+08   6.3468136486337707E-06   1.5755937630455912E+05   5.8734036450822549E-02
   3.6000000000000000E+08   6.3468133394257503E-06   1.5755938398063532E+05   5.8886220340346046E-02
   3.7000000000000000E+08   6.3468130660001183E-06   1.5755939076841585E+05   5.9034240403069559E-02
   3.8000000000000000E+08   6.3468128240700961E-06   1.5755939677431958E+05   5.9178318425901842E-02
   3.9000000000000000E+08   6.3468126099343022E-06   1.5755940209023305E+05   5.9318658934694062E-02
   4.0000000000000000E+08   6.3468124203857969E-06   1.5755940679576824E+05   5.9455450940170837E-02
   4.1000000000000000E+08   6.3468122526371135E-06   1.5755941096012382E+05   5.9588869468546336E-02
   4.2000000000000000E+08   6.3468121042579171E-06   1.5755941464363271E+05   5.9719076907933932E-02
   4.3000000000000000E+08   6.3468119731231070E-06   1.5755941789905037E+05   5.9846224196518014E-02
   4.4000000000000000E+08   6.3468118573693234E-06   1.5755942077263465E+05   5.9970451874301937E-02
   4.5000000000000000E+08   6.3468117553585265E-06   1.5755942330504977E+05   6.0091891016797010E-02
   4.6000000000000000E+08   6.3468116656470462E-06   1.5755942553213480E+05   6.0210664066213705E-02
   4.7000000000000000E+08   6.3468115869596090E-06   1.5755942748554828E+05   6.0326885573366455E-02
   4.8000000000000000E+08   6.3468115181671277E-06   1.5755942919331981E+05   6.0440662861557408E-02
   4.9000000000000000E+08   6.3468114582678104E-06   1.5755943068031879E+05   6.0552096622080151E-02
   5.0000000000000000E+08   6.3468114063709852E-06   1.5755943196865616E+05   6.0661281449635056E-02
   5.1000000000000000E+08   6.3468113616832201E-06   1.5755943307802879E+05   6.0768306324774667E-02
   5.2000000000000000E+08   6.3468113234964473E-06   1.5755943402601447E+05   6.0873255049554063E-02
   5.3000000000000000E+08   6.3468112911775952E-06   1.5755943482832919E+05   6.0976206641728356E-02
   5.4000000000000000E+08   6.3468112641597226E-06   1.5755943549904722E+05   6.1077235692141477E-02
   5.5000000000000000E+08   6.3468112419343573E-06   1.5755943605079138E+05   6.1176412689354254E-02
   5.6000000000000000E+08   6.3468112240446344E-06   1.5755943649490332E+05   6.1273804315050522E-02
   5.7000000000000000E+08   6.3468112100795200E-06   1.5755943684158695E+05   6.1369473713321729E-02
   5.8000000000000000E+08   6.3468111996687550E-06   1.5755943710003395E+05   6.1463480736559169E-02
   5.9000000000000000E+08   6.3468111924782897E-06   1.5755943727853708E+05   6.1555882170346722E-02
   6.0000000000000000E+08   6.3468111882063477E-06   1.5755943738458792E+05   6.1646731939457793E-02
   6.1000000000000000E+08   6.3468111865800182E-06   1.5755943742496151E+05   6.1736081296860382E-02
   6.2000000000000000E+08   6.3468111873522319E-06   1.5755943740579134E+05   6.1823978997351266E-02
   6.3000000000000000E+08   6.3468111902989663E-06   1.5755943733263871E+05   6.1910471457318685E-02
   6.4000000000000000E+08   6.3468111952170242E-06   1.5755943721054806E+05   6.1995602901932623E-02
   6.5000000000000000E+08   6.3468112019217644E-06   1.5755943704410302E+05   6.2079415500931108E-02
   6.6000000000000000E+08   6.3468112102453801E-06   1.5755943683746946E+05   6.2161949494052751E-02
   6.7000000000000000E+08   6.3468112200351320E-06   1.5755943659443912E+05   6.2243243307042215E-02
   6.8000000000000000E+08   6.3468112311518990E-06   1.5755943631846565E+05   6.2323333659067164E-02
   6.9000000000000000E+08   6.3468112434689185E-06   1.5755943601269592E+05   6.2402255662305658E-02
   7.0000000000000000E+08   6.3468112568705137E-06   1.5755943568000165E+05   6.2480042914368546E-02
   7.1000000000000000E+08   6.3468112712510943E-06   1.5755943532300409E+05   6.2556727584172966E-02
   7.2000000000000000E+08   6.3468112865142248E-06   1.5755943494409724E+05   6.2632340491816776E-02
   7.3000000000000000E+08   6.3468113025717486E-06   1.5755943454546962E+05   6.2706911182944469E-02
   7.4000000000000000E+08   6.3468113193430196E-06   1.5755943412912323E+05   6.2780467998062389E-02
   7.5000000000000000E+08   6.3468113367542561E-06   1.5755943369688970E+05   6.2853038137197961E-02
   7.6000000000000000E+08   6.3468113547379023E-06   1.5755943325044613E+05   6.2924647720287399E-02
   7.7000000000000000E+08   6.3468113732320934E-06   1.5755943279132832E+05   6.2995321843612645E-02
   7.8000000000000000E+08   6.3468113921800942E-06   1.5755943232094467E+05   6.3065084632601923E-02
   7.9000000000000000E+08   6.3468114115299503E-06   1.5755943184058496E+05   6.3133959291271927E-02
   8.0000000000000000E+08   6.3468114312339586E-06   1.5755943135143348E+05   6.3201968148559329E-02
   8.1000000000000000E+08   6.3468114512484128E-06   1.5755943085457516E+05   6.3269132701770037E-02
   8.2000000000000000E+08   6.3468114715331807E-06   1.5755943035100633E+05   6.3335473657382346E-02
   8.3000000000000000E+08   6.3468114920514459E-06   1.5755942984164093E+05   6.3401010969358157E-02
   8.4000000000000000E+08   6.3468115127694051E-06   1.5755942932731812E+05   6.3465763875174788E-02
   8.5000000000000000E+08   6.3468115336560450E-06   1.5755942880880783E+05   6.3529750929722198E-02
   8.6000000000000000E+08   6.3468115546828671E-06   1.5755942828681754E+05   6.3592990037213373E-02
   8.7000000000000000E+08   6.3468115758237439E-06   1.5755942776199584E+05   6.3655498481265865E-02
   8.8000000000000000E+08   6.3468115970546696E-06   1.5755942723493869E+05   6.3717292953247739E-02
   8.9000000000000000E+08   6.3468116183536121E-06   1.5755942670619301E+05   6.3778389579030606E-02
   9.0000000000000000E+08   6.3468116397003568E-06   1.5755942617626063E+05   6.3838803944258990E-02
   9.1000000000000000E+08   6.3468116610763793E-06   1.5755942564560147E+05   6.3898551118203667E-02
   9.2000000000000000E+08   6.3468116824646134E-06   1.5755942511463913E+05   6.3957645676330180E-02
   9.3000000000000000E+08   6.3468117038495119E-06   1.5755942458375962E+05   6.4016101721640795E-02
   9.4000000000000000E+08   6.3468117252167625E-06   1.5755942405331822E+05   6.4073932904870887E-02
   9.5000000000000000E+08   6.3468117465532675E-06   1.5755942352364009E+05   6.4131152443630879E-02
   9.6000000000000000E+08   6.3468117678470414E-06   1.5755942299502276E+05   6.4187773140526622E-02
   9.7000000000000000E+08   6.3468117890871371E-06   1.5755942246773798E+05   6.4243807400367156E-02
   9.8000000000000000E+08   6.3468118102635062E-06   1.5755942194203520E+05   6.4299267246465661E-02
   9.9000000000000000E+08   6.3468118313670153E-06   1.5755942141814120E+05   6.4354164336127798E-02
   1.0000000000000000E+09   6.3468118523893262E-06   1.5755942089626295E+05   6.4408509975358366E-02
   1.1000000000000000E+09   6.3468120567757277E-06   1.5755941582237658E+05   6.4923898777078562E-02
   1.2000000000000000E+09   6.3468122479817527E-06   1.5755941107569300E+05   6.5394432206592301E-02
   1.3000000000000000E+09   6.3468124246038601E-06   1.5755940669105496E+05   6.5827296669795698E-02
   1.4000000000000000E+09   6.3468125868179929E-06   1.5755940266409461E+05   6.6228078900937973E-02
   1.5000000000000000E+09   6.3468127354866815E-06   1.5755939897339966E+05   6.6601208117612581E-02
   1.6000000000000000E+09   6.3468128717297339E-06   1.5755939559117085E+05   6.6950255234194747E-02
   1.7000000000000000E+09   6.3468129967177766E-06   1.5755939248834734E+05   6.7278141234630176E-02
   1.8000000000000000E+09   6.3468131115756611E-06   1.5755938963700476E+05   6.7587285913344217E-02
   1.9000000000000000E+09   6.3468132173411128E-06   1.5755938701138156E+05   6.7879716358738740E-02
   2.0000000000000000E+09   6.3468133149510729E-06   1.5755938458821821E+05   6.8157147585583153E-02
   2.1000000000000000E+09   6.3468134052413326E-06   1.5755938234676619E+05   6.8421043479156216E-02
   2.2000000000000000E+09   6.3468134889528966E-06   1.5755938026863005E+05   6.8672663552289390E-02
   2.3000000000000000E+09   6.3468135667406518E-06   1.5755937833755231E+05   6.8913099302795405E-02
   2.4000000000000000E+09   6.3468136391827473E-06   1.5755937653918038E+05   6.9143302829087830E-02
   2.5000000000000000E+09   6.3468137067897993E-06   1.5755937486083823E+05   6.9364109601678742E-02
   2.6000000000000000E+09   6.3468137700131779E-06   1.5755937329132060E+05   6.9576256766793465E-02
   2.7000000000000000E+09   6.3468138292525861E-06   1.5755937182070490E+05   6.9780397994405205E-02
   2.8000000000000000E+09   6.3468138848626852E-06   1.5755937044018667E+05   6.9977115625174557E-02
   2.9000000000000000E+09   6.3468139371587806E-06   1.5755936914193846E+05   7.0166930685263487E-02
   3.0000000000000000E+09   6.3468139864219305E-06   1.5755936791898301E+05   7.0350311203038446E-02
   3.1000000000000000E+09   6.3468140329031667E-06   1.5755936676508843E+05   7.0527679161705409E-02
   3.2000000000000000E+09   6.3468140768273282E-06   1.5755936567467314E+05   7.0699416348003655E-02
   3.3000000000000000E+09   6.3468141183962095E-06   1.5755936464272760E+05   7.0865869300749382E-02
   3.4000000000000000E+09   6.3468141577913451E-06   1.5755936366474521E+05   7.1027353520556100E-02
   3.5000000000000000E+09   6.3468141951764750E-06   1.5755936273666113E+05   7.1184157069283549E-02
   3.6000000000000000E+09   6.3468142306995621E-06   1.5755936185480218E+05   7.1336543662314220E-02
   3.7000000000000000E+09   6.3468142644946308E-06   1.5755936101584119E+05   7.1484755337237346E-02
   3.8000000000000000E+09   6.3468142966833423E-06   1.5755936021675798E+05   7.1629014766480065E-02
   3.9000000000000000E+09   6.3468143273763350E-06   1.5755935945480590E+05   7.1769527269658545E-02
   4.0000000000000000E+09   6.3468143566744770E-06   1.5755935872748095E+05   7.1906482571047495E-02
   4.1000000000000000E+09   6.3468143846698536E-06   1.5755935803249708E+05   7.2040056340103256E-02
   4.2000000000000000E+09   6.3468144114466920E-06   1.5755935736776338E+05   7.2170411546293584E-02
   4.3000000000000000E+09   6.3468144370822076E-06   1.5755935673136296E+05   7.2297699654575789E-02
   4.4000000000000000E+09   6.3468144616472795E-06   1.5755935612153626E+05   7.2422061683361086E-02
   4.5000000000000000E+09   6.3468144852070952E-06   1.5755935553666501E+05   7.2543629143640292E-02
   4.6000000000000000E+09   6.3468145078217026E-06   1.5755935497525849E+05   7.2662524874913578E-02
   4.7000000000000000E+09   6.3468145295464782E-06   1.5755935443594202E+05   7.2778863791140902E-02
   4.8000000000000000E+09   6.3468145504326157E-06   1.5755935391744471E+05   7.2892753548234338E-02
   4.9000000000000000E+09   6.3468145705274500E-06   1.5755935341859143E+05   7.3004295142735265E-02
   5.0000000000000000E+09   6.3468145898748786E-06   1.5755935293829249E+05   7.3113583449932212E-02
   5.1000000000000000E+09   6.3468146085156122E-06   1.5755935247553722E+05   7.3220707708792090E-02
   5.2000000000000000E+09   6.3468146264874728E-06   1.5755935202938670E+05   7.3325751959724739E-02
   5.3000000000000000E+09   6.3468146438256494E-06   1.5755935159896733E+05   7.3428795440721631E-02
   5.4000000000000000E+09   6.3468146605629357E-06   1.5755935118346504E+05   7.3529912946406345E-02
   5.5000000000000000E+09   6.3468146767298868E-06   1.5755935078212133E+05   7.3629175154177703E-02
   5.6000000000000000E+09   6.3468146923550316E-06   1.5755935039422789E+05   7.3726648920970889E-02
   5.7000000000000000E+09   6.3468147074650728E-06   1.5755935001912189E+05   7.3822397553719082E-02
   5.8000000000000000E+09   6.3468147220849462E-06   1.5755934965618429E+05   7.3916481056366792E-02
   5.9000000000000000E+09   6.3468147362380434E-06   1.5755934930483438E+05   7.4008956355681471E-02
   6.0000000000000000E+09   6.3468147499462967E-06   1.5755934896452769E+05   7.4099877508132614E-02
   6.1000000000000000E+09   6.3468147632302611E-06   1.5755934863475396E+05   7.4189295889694279E-02
   6.2000000000000000E+09   6.3468147761092657E-06   1.5755934831503333E+05   7.4277260370191486E-02
   6.3000000000000000E+09   6.3468147886015169E-06   1.5755934800491386E+05   7.4363817473647620E-02
   6.4000000000000000E+09   6.3468148007241126E-06   1.5755934770397103E+05   7.4449011526126402E-02
   6.5000000000000000E+09   6.3468148124931526E-06   1.5755934741180524E+05   7.4532884791986623E-02
   6.6000000000000000E+09   6.3468148239238648E-06   1.5755934712803841E+05   7.4615477599833266E-02
   6.7000000000000000E+09   6.3468148350305648E-06   1.5755934685231515E+05   7.4696828458926293E-02
   6.8000000000000000E+09   6.3468148458268273E-06   1.5755934658429850E+05   7.4776974166993707E-02
   6.9000000000000000E+09   6.3468148563254382E-06   1.5755934632367102E+05   7.4855949910208552E-02
   7.0000000000000000E+09   6.3468148665385244E-06   1.5755934607013169E+05   7.4933789355891248E-02
   7.1000000000000000E+09   6.3468148764775183E-06   1.5755934582339670E+05   7.5010524738771803E-02
   7.2000000000000000E+09   6.3468148861532977E-06   1.5755934558319600E+05   7.5086186941005689E-02
   7.3000000000000000E+09   6.3468148955761716E-06   1.5755934534927364E+05   7.5160805566946598E-02
   7.4000000000000000E+09   6.3468149047558903E-06   1.5755934512138760E+05   7.5234409012552197E-02
   7.5000000000000000E+09   6.3468149137017280E-06   1.5755934489930765E+05   7.5307024530376757E-02
   7.6000000000000000E+09   6.3468149224224946E-06   1.5755934468281508E+05   7.5378678290081283E-02
   7.7000000000000000E+09   6.3468149309265529E-06   1.5755934447170229E+05   7.5449395435073174E-02
   7.8000000000000000E+09   6.3468149392218786E-06   1.5755934426577127E+05   7.5519200135469408E-02
   7.9000000000000000E+09   6.3468149473160467E-06   1.5755934406483397E+05   7.5588115637698294E-02
   8.0000000000000000E+09   6.3468149552162527E-06   1.5755934386871179E+05   7.5656164310999918E-02
   8.1000000000000000E+09   6.3468149629294092E-06   1.5755934367723309E+05   7.5723367690961843E-02
   8.2000000000000000E+09   6.3468149704620436E-06   1.5755934349023583E+05   7.5789746520457821E-02
   8.3000000000000000E+09   6.3468149778204179E-06   1.5755934330756459E+05   7.5855320788109692E-02
   8.4000000000000000E+09   6.3468149850104765E-06   1.5755934312907176E+05   7.5920109764362739E-02
   8.5000000000000000E+09   6.3468149920379650E-06   1.5755934295461472E+05   7.5984132035541663E-02
   8.6000000000000000E+09   6.3468149989082916E-06   1.5755934278405923E+05   7.6047405535793797E-02
   8.7000000000000000E+09   6.3468150056266825E-06   1.5755934261727554E+05   7.6109947577327697E-02
   8.8000000000000000E+09   6.3468150121980827E-06   1.5755934245414089E+05   7.6171774878775314E-02
   8.9000000000000000E+09   6.3468150186273177E-06   1.5755934229453548E+05   7.6232903592010445E-02
   9.0000000000000000E+09   6.3468150249188811E-06   1.5755934213834777E+05   7.6293349327581195E-02
   9.1000000000000000E+09   6.3468150310771833E-06   1.5755934198546823E+05   7.6353127178510657E-02
   9.2000000000000000E+09   6.3468150371063816E-06   1.5755934183579372E+05   7.6412251742984091E-02
   9.3000000000000000E+09   6.3468150430104960E-06   1.5755934168922438E+05   7.6470737145762843E-02
   9.4000000000000000E+09   6.3468150487933780E-06   1.5755934154566465E+05   7.6528597058419634E-02
   9.5000000000000000E+09   6.3468150544587223E-06   1.5755934140502280E+05   7.6585844718474710E-02
   9.6000000000000000E+09   6.3468150600100830E-06   1.5755934126721055E+05   7.6642492947635241E-02
   9.7000000000000000E+09   6.3468150654508247E-06   1.5755934113214444E+05   7.6698554169054245E-02
   9.8000000000000000E+09   6.3468150707842540E-06   1.5755934099974236E+05   7.6754040423543793E-02
   9.9000000000000000E+09   6.3468150760134882E-06   1.5755934086992691E+05   7.6808963385317383E-02
   1.0000000000000000E+10   6.3468150811415501E-06   1.5755934074262303E+05   7.6863334376522457E-02
   1.1000000000000000E+10   6.3468151274464629E-06   1.5755933959310609E+05   7.7378951225455128E-02
   1.2000000000000000E+10   6.3468151662432417E-06   1.5755933862997819E+05   7.7849674527498081E-02
   1.3000000000000000E+10   6.3468151992199598E-06   1.5755933781133295E+05   7.8282699532497294E-02
   1.4000000000000000E+10   6.3468152275941761E-06   1.5755933710694461E+05   7.8683619282885586E-02
   1.5000000000000000E+10   6.3468152522661723E-06   1.5755933649446367E+05   7.9056867616707258E-02
   1.6000000000000000E+10   6.3468152739158406E-06   1.5755933595701185E+05   7.9406018909987372E-02
   1.7000000000000000E+10   6.3468152930663365E-06   1.5755933548160185E+05   7.9733996791365669E-02
   1.8000000000000000E+10   6.3468153101266016E-06   1.5755933505808172E+05   8.0043223110644213E-02
   1.9000000000000000E+10   6.3468153254210926E-06   1.5755933467839684E+05   8.0335726577647440E-02
   2.0000000000000000E+10   6.3468153392103850E-06   1.5755933433607843E+05   8.0613223503483072E-02
   2.1000000000000000E+10   6.3468153517062013E-06   1.5755933402587051E+05   8.0877178822229570E-02
   2.2000000000000000E+10   6.3468153630823450E-06   1.5755933374345838E+05   8.1128852904293211E-02
   2.3000000000000000E+10   6.3468153734828254E-06   1.5755933348526704E+05   8.1369337955709831E-02
   2.4000000000000000E+10   6.3468153830279889E-06   1.5755933324830889E+05   8.1599586664705112E-02
   2.5000000000000000E+10   6.3468153918191414E-06   1.5755933303006901E+05   8.1820434997079097E-02
   2.6000000000000000E+10   6.3468153999422467E-06   1.5755933282841340E+05   8.2032620517943466E-02
   2.7000000000000000E+10   6.3468154074706382E-06   1.5755933264152150E+05   8.2236797254091859E-02
   2.8000000000000000E+10   6.3468154144673006E-06   1.5755933246782975E+05   8.2433547851798239E-02
   2.9000000000000000E+10   6.3468154209866566E-06   1.5755933230598710E+05   8.2623393600625566E-02
   3.0000000000000000E+10   6.3468154270759358E-06   1.5755933215482111E+05   8.2806802757281361E-02
   3.1000000000000000E+10   6.3468154327763244E-06   1.5755933201330929E+05   8.2984197503590346E-02
   3.2000000000000000E+10   6.3468154381239127E-06   1.5755933188055572E+05   8.3155959800279525E-02
   3.3000000000000000E+10   6.3468154431504688E-06   1.5755933175577174E+05   8.3322436338816530E-02
   3.4000000000000000E+10   6.3468154478840802E-06   1.5755933163826010E+05   8.3483942754653984E-02
   3.5000000000000000E+10   6.3468154523496032E-06   1.5755933152740376E+05   8.3640767228690335E-02
   3.6000000000000000E+10   6.3468154565691978E-06   1.5755933142265255E+05   8.3793173582789898E-02
   3.7000000000000000E+10   6.3468154605626185E-06   1.5755933132351612E+05   8.3941403948896168E-02
   3.8000000000000000E+10   6.3468154643475954E-06   1.5755933122955429E+05   8.4085681083941391E-02
   3.9000000000000000E+10   6.3468154679400239E-06   1.5755933114037244E+05   8.4226210383592723E-02
   4.0000000000000000E+10   6.3468154713542189E-06   1.5755933105561524E+05   8.4363181640291551E-02
   4.1000000000000000E+10   6.3468154746031323E-06   1.5755933097496117E+05   8.4496770585294700E-02
   4.2000000000000000E+10   6.3468154776985016E-06   1.5755933089811879E+05   8.4627140243666882E-02
   4.3000000000000000E+10   6.3468154806509247E-06   1.5755933082482507E+05   8.4754442130985222E-02
   4.4000000000000000E+10   6.3468154834700900E-06   1.5755933075483944E+05   8.4878817311572513E-02
   4.5000000000000000E+10   6.3468154861648457E-06   1.5755933068794227E+05   8.5000397338447428E-02
   4.6000000000000000E+10   6.3468154887432098E-06   1.5755933062393454E+05   8.5119305089115319E-02
   4.7000000000000000E+10   6.3468154912126005E-06   1.5755933056263207E+05   8.5235655512709466E-02
   4.8000000000000000E+10   6.3468154935797442E-06   1.5755933050386785E+05   8.5349556297009840E-02
   4.9000000000000000E+10   6.3468154958508920E-06   1.5755933044748675E+05   8.5461108468104091E-02
   5.0000000000000000E+10   6.3468154980317596E-06   1.5755933039334684E+05   8.5570406928348011E-02
   5.1000000000000000E+10   6.3468155001276316E-06   1.5755933034131693E+05   8.5677540941472091E-02
   5.2000000000000000E+10   6.3468155021433659E-06   1.5755933029127645E+05   8.5782594571214996E-02
   5.3000000000000000E+10   6.3468155040834745E-06   1.5755933024311336E+05   8.5885647076526572E-02
   5.4000000000000000E+10   6.3468155059521410E-06   1.5755933019672381E+05   8.5986773272035910E-02
   5.5000000000000000E+10   6.3468155077532473E-06   1.5755933015201145E+05   8.6086043853292493E-02
   5.6000000000000000E+10   6.3468155094903747E-06   1.5755933010888737E+05   8.6183525693988905E-02
   5.7000000000000000E+10   6.3468155111668917E-06   1.5755933006726793E+05   8.6279282117311298E-02
   5.8000000000000000E+10   6.3468155127859105E-06   1.5755933002707589E+05   8.6373373141389376E-02
   5.9000000000000000E+10   6.3468155143503295E-06   1.5755932998823927E+05   8.6465855707050857E-02
   6.0000000000000000E+10   6.3468155158628644E-06   1.5755932995069068E+05   8.6556783883244517E-02
   6.1000000000000000E+10   6.3468155173260537E-06   1.5755932991436709E+05   8.6646209058139301E-02
   6.2000000000000000E+10   6.3468155187422987E-06   1.5755932987920888E+05   8.6734180112511439E-02
   6.3000000000000000E+10   6.3468155201137967E-06   1.5755932984516153E+05   8.6820743580974816E-02
   6.4000000000000000E+10   6.3468155214426423E-06   1.5755932981217300E+05   8.6905943799406540E-02
   6.5000000000000000E+10   6.3468155227307931E-06   1.5755932978019473E+05   8.6989823041232664E-02
   6.6000000000000000E+10   6.3468155239800870E-06   1.5755932974918111E+05   8.7072421643891007E-02
   6.7000000000000000E+10   6.3468155251922708E-06   1.5755932971908871E+05   8.7153778124616110E-02
   6.8000000000000000E+10   6.3468155263689588E-06   1.5755932968987749E+05   8.7233929288776213E-02
   6.9000000000000000E+10   6.3468155275116952E-06   1.5755932966150914E+05   8.7312910329917420E-02
   7.0000000000000000E+10   6.3468155286219369E-06   1.5755932963394743E+05   8.7390754921936889E-02
   7.1000000000000000E+10   6.3468155297010187E-06   1.5755932960715931E+05   8.7467495306064472E-02
   7.2000000000000000E+10   6.3468155307502740E-06   1.5755932958111158E+05   8.7543162370451122E-02
   7.3000000000000000E+10   6.3468155317708809E-06   1.5755932955577510E+05   8.7617785725269529E-02
   7.4000000000000000E+10   6.3468155327640398E-06   1.5755932953111996E+05   8.7691393771827886E-02
   7.5000000000000000E+10   6.3468155337308110E-06   1.5755932950711992E+05   8.7764013767811552E-02
   7.6000000000000000E+10   6.3468155346722636E-06   1.5755932948374844E+05   8.7835671887600941E-02
   7.7000000000000000E+10   6.3468155355893436E-06   1.5755932946098197E+05   8.7906393279464243E-02
   7.8000000000000000E+10   6.3468155364830074E-06   1.5755932943879682E+05   8.7976202117636029E-02
   7.9000000000000000E+10   6.3468155373541384E-06   1.5755932941717104E+05   8.8045121652862560E-02
   8.0000000000000000E+10   6.3468155382035642E-06   1.5755932939608410E+05   8.8113174258295179E-02
   8.1000000000000000E+10   6.3468155390321098E-06   1.5755932937551549E+05   8.8180381473229708E-02
   8.2000000000000000E+10   6.3468155398405122E-06   1.5755932935544697E+05   8.8246764044109166E-02
   8.3000000000000000E+10   6.3468155406295132E-06   1.5755932933586006E+05   8.8312341962874269E-02
   8.4000000000000000E+10   6.3468155413997982E-06   1.5755932931673777E+05   8.8377134503219976E-02
   8.5000000000000000E+10   6.3468155421520236E-06   1.5755932929806382E+05   8.8441160254577433E-02
   8.6000000000000000E+10   6.3468155428868170E-06   1.5755932927982262E+05   8.8504437154066973E-02
   8.7000000000000000E+10   6.3468155436047740E-06   1.5755932926199937E+05   8.8566982516672402E-02
   8.8000000000000000E+10   6.3468155443064747E-06   1.5755932924457968E+05   8.8628813063565640E-02
   8.9000000000000000E+10   6.3468155449924681E-06   1.5755932922754996E+05   8.8689944949112975E-02
   9.0000000000000000E+10   6.3468155456632648E-06   1.5755932921089747E+05   8.8750393786717091E-02
   9.1000000000000000E+10   6.3468155463193748E-06   1.5755932919460957E+05   8.8810174671358960E-02
   9.2000000000000000E+10   6.3468155469612564E-06   1.5755932917867490E+05   8.8869302203551784E-02
   9.3000000000000000E+10   6.3468155475893839E-06   1.5755932916308165E+05   8.8927790510171023E-02
   9.4000000000000000E+10   6.3468155482041926E-06   1.5755932914781908E+05   8.8985653264865808E-02
   9.5000000000000000E+10   6.3468155488060967E-06   1.5755932913287682E+05   8.9042903706928939E-02
   9.6000000000000000E+10   6.3468155493955088E-06   1.5755932911824473E+05   8.9099554660327859E-02
   9.7000000000000000E+10   6.3468155499728084E-06   1.5755932910391327E+05   8.9155618549651872E-02
   9.8000000000000000E+10   6.3468155505383562E-06   1.5755932908987359E+05   8.9211107417569088E-02
   9.9000000000000000E+10   6.3468155510925207E-06   1.5755932907611650E+05   8.9266032939929296E-02
   1.0000000000000000E+11   6.3468155516356314E-06   1.5755932906263380E+05   8.9320406440582895E-02
