   1.0000000000000000E+00   0.0000000000000000E+00   1.0000000000000000E+30   0.0000000000000000E+00
   2.0000000000000000E+00   0.0000000000000000E+00   1.0000000000000000E+30   0.0000000000000000E+00
   3.0000000000000000E+00   0.0000000000000000E+00   1.0000000000000000E+30   0.0000000000000000E+00
   4.0000000000000000E+00   0.0000000000000000E+00   1.0000000000000000E+30   0.0000000000000000E+00
   5.0000000000000000E+00   0.0000000000000000E+00   1.0000000000000000E+30   0.0000000000000000E+00
   5.9889999999999999E+00   0.0000000000000000E+00   1.0000000000000000E+30   0.0000000000000000E+00
   5.9910000000000005E+00   0.0000000000000000E+00   1.0000000000000000E+30   0.0000000000000000E+00
   6.0000000000000000E+00   0.0000000000000000E+00   1.0000000000000000E+30   0.0000000000000000E+00
   7.0000000000000000E+00   0.0000000000000000E+00   1.0000000000000000E+30   0.0000000000000000E+00
   8.0000000000000000E+00   0.0000000000000000E+00   1.0000000000000000E+30   0.0000000000000000E+00
   9.0000000000000000E+00   0.0000000000000000E+00   1.0000000000000000E+30   0.0000000000000000E+00
   9.0690000000000008E+00   0.0000000000000000E+00   1.0000000000000000E+30   0.0000000000000000E+00
   9.0709999999999997E+00   0.0000000000000000E+00   1.0000000000000000E+30   0.0000000000000000E+00
   1.0000000000000000E+01   0.0000000000000000E+00   1.0000000000000000E+30   0.0000000000000000E+00
   1.1000000000000000E+01   0.0000000000000000E+00   1.0000000000000000E+30   0.0000000000000000E+00
   1.2000000000000000E+01   0.0000000000000000E+00   1.0000000000000000E+30   0.0000000000000000E+00
   1.3000000000000000E+01   0.0000000000000000E+00   1.0000000000000000E+30   0.0000000000000000E+00
   1.4000000000000000E+01   0.0000000000000000E+00   1.0000000000000000E+30   0.0000000000000000E+00
   1.5000000000000000E+01   0.0000000000000000E+00   1.0000000000000000E+30   0.0000000000000000E+00
   1.6000000000000000E+01   0.0000000000000000E+00   1.0000000000000000E+30   0.0000000000000000E+00
   1.7000000000000000E+01   0.0000000000000000E+00   1.0000000000000000E+30   0.0000000000000000E+00
   1.8000000000000000E+01   0.0000000000000000E+00   1.0000000000000000E+30   0.0000000000000000E+00
   1.9000000000000000E+01   0.0000000000000000E+00   1.0000000000000000E+30   0.0000000000000000E+00
   2.0000000000000000E+01   0.0000000000000000E+00   1.0000000000000000E+30   0.0000000000000000E+00
   2.1000000000000000E+01   0.0000000000000000E+00   1.0000000000000000E+30   0.0000000000000000E+00
   2.2000000000000000E+01   0.0000000000000000E+00   1.0000000000000000E+30   0.0000000000000000E+00
   2.3000000000000000E+01   0.0000000000000000E+00   1.0000000000000000E+30   0.0000000000000000E+00
   2.4000000000000000E+01   0.0000000000000000E+00   1.0000000000000000E+30   0.0000000000000000E+00
   2.5000000000000000E+01   0.0000000000000000E+00   1.0000000000000000E+30   0.0000000000000000E+00
   2.6000000000000000E+01   0.0000000000000000E+00   1.0000000000000000E+30   0.0000000000000000E+00
   2.7000000000000000E+01   0.0000000000000000E+00   1.0000000000000000E+30   0.0000000000000000E+00
   2.8000000000000000E+01   0.0000000000000000E+00   1.0000000000000000E+30   0.0000000000000000E+00
   2.9000000000000000E+01   0.0000000000000000E+00   1.0000000000000000E+30   0.0000000000000000E+00
   3.0000000000000000E+01   0.0000000000000000E+00   1.0000000000000000E+30   0.0000000000000000E+00
   3.1000000000000000E+01   0.0000000000000000E+00   1.0000000000000000E+30   0.0000000000000000E+00
   3.2000000000000000E+01   0.0000000000000000E+00   1.0000000000000000E+30   0.0000000000000000E+00
   3.3000000000000000E+01   0.0000000000000000E+00   1.0000000000000000E+30   0.0000000000000000E+00
   3.4000000000000000E+01   0.0000000000000000E+00   1.0000000000000000E+30   0.0000000000000000E+00
   3.5000000000000000E+01   0.0000000000000000E+00   1.0000000000000000E+30   0.0000000000000000E+00
   3.6000000000000000E+01   0.0000000000000000E+00   1.0000000000000000E+30   0.0000000000000000E+00
   3.7000000000000000E+01   0.0000000000000000E+00   1.0000000000000000E+30   0.0000000000000000E+00
   3.8000000000000000E+01   0.0000000000000000E+00   1.0000000000000000E+30   0.0000000000000000E+00
   3.9000000000000000E+01   0.0000000000000000E+00   1.0000000000000000E+30   0.0000000000000000E+00
   4.0000000000000000E+01   0.0000000000000000E+00   1.0000000000000000E+30   0.0000000000000000E+00
   4.1000000000000000E+01   0.0000000000000000E+00   1.0000000000000000E+30   0.0000000000000000E+00
   4.2000000000000000E+01   0.0000000000000000E+00   1.0000000000000000E+30   0.0000000000000000E+00
   4.3000000000000000E+01   0.0000000000000000E+00   1.0000000000000000E+30   0.0000000000000000E+00
   4.4000000000000000E+01   0.0000000000000000E+00   1.0000000000000000E+30   0.0000000000000000E+00
   4.5000000000000000E+01   0.0000000000000000E+00   1.0000000000000000E+30   0.0000000000000000E+00
   4.6000000000000000E+01   0.0000000000000000E+00   1.0000000000000000E+30   0.0000000000000000E+00
   4.7000000000000000E+01   0.0000000000000000E+00   1.0000000000000000E+30   0.0000000000000000E+00
   4.8000000000000000E+01   0.0000000000000000E+00   1.0000000000000000E+30   0.0000000000000000E+00
   4.9000000000000000E+01   0.0000000000000000E+00   1.0000000000000000E+30   0.0000000000000000E+00
   5.0000000000000000E+01   0.0000000000000000E+00   1.0000000000000000E+30   0.0000000000000000E+00
   5.1000000000000000E+01   0.0000000000000000E+00   1.0000000000000000E+30   0.0000000000000000E+00
   5.2000000000000000E+01   0.0000000000000000E+00   1.0000000000000000E+30   0.0000000000000000E+00
   5.3000000000000000E+01   0.0000000000000000E+00   1.0000000000000000E+30   0.0000000000000000E+00
   5.4000000000000000E+01   0.0000000000000000E+00   1.0000000000000000E+30   0.0000000000000000E+00
   5.5000000000000000E+01   0.0000000000000000E+00   1.0000000000000000E+30   0.0000000000000000E+00
   5.6000000000000000E+01   0.0000000000000000E+00   1.0000000000000000E+30   0.0000000000000000E+00
   5.7000000000000000E+01   0.0000000000000000E+00   1.0000000000000000E+30   0.0000000000000000E+00
   5.8000000000000000E+01   0.0000000000000000E+00   1.0000000000000000E+30   0.0000000000000000E+00
   5.9000000000000000E+01   0.0000000000000000E+00   1.0000000000000000E+30   0.0000000000000000E+00
   6.0000000000000000E+01   0.0000000000000000E+00   1.0000000000000000E+30   0.0000000000000000E+00
   6.1000000000000000E+01   0.0000000000000000E+00   1.0000000000000000E+30   0.0000000000000000E+00
   6.2000000000000000E+01   0.0000000000000000E+00   1.0000000000000000E+30   0.0000000000000000E+00
   6.3000000000000000E+01   0.0000000000000000E+00   1.0000000000000000E+30   0.0000000000000000E+00
   6.4000000000000000E+01   0.0000000000000000E+00   1.0000000000000000E+30   0.0000000000000000E+00
   6.5000000000000000E+01   0.0000000000000000E+00   1.0000000000000000E+30   0.0000000000000000E+00
   6.6000000000000000E+01   0.0000000000000000E+00   1.0000000000000000E+30   0.0000000000000000E+00
   6.7000000000000000E+01   0.0000000000000000E+00   1.0000000000000000E+30   0.0000000000000000E+00
   6.8000000000000000E+01   0.0000000000000000E+00   1.0000000000000000E+30   0.0000000000000000E+00
   6.9000000000000000E+01   0.0000000000000000E+00   1.0000000000000000E+30   0.0000000000000000E+00
   7.0000000000000000E+01   0.0000000000000000E+00   1.0000000000000000E+30   0.0000000000000000E+00
   7.1000000000000000E+01   0.0000000000000000E+00   1.0000000000000000E+30   0.0000000000000000E+00
   7.2000000000000000E+01   0.0000000000000000E+00   1.0000000000000000E+30   0.0000000000000000E+00
   7.3000000000000000E+01   0.0000000000000000E+00   1.0000000000000000E+30   0.0000000000000000E+00
   7.4000000000000000E+01   0.0000000000000000E+00   1.0000000000000000E+30   0.0000000000000000E+00
   7.5000000000000000E+01   0.0000000000000000E+00   1.0000000000000000E+30   0.0000000000000000E+00
   7.6000000000000000E+01   0.0000000000000000E+00   1.0000000000000000E+30   0.0000000000000000E+00
   7.6998999999999995E+01   0.0000000000000000E+00   1.0000000000000000E+30   0.0000000000000000E+00
   7.7001000000000005E+01   0.0000000000000000E+00   1.0000000000000000E+30   0.0000000000000000E+00
   7.8000000000000000E+01   2.0270961531233531E-05   4.9331651015133073E+04   1.5637457876690071E-03
   7.9000000000000000E+01   6.3031585360775653E-05   1.5865061845997878E+04   4.8772953580323757E-03
   8.0000000000000000E+01   1.1904930830948732E-04   8.3998808073738946E+03   9.2401023411507119E-03
   8.1000000000000000E+01   1.8571956499004240E-04   5.3844623212078732E+03   1.4458816470498122E-02
   8.2000000000000000E+01   2.6135922730542293E-04   3.8261515015553891E+03   2.0409720574961401E-02
   8.3000000000000000E+01   3.4532031212391274E-04   2.8958620877220969E+03   2.7048575800112187E-02
   8.4000000000000000E+01   4.3655019030765967E-04   2.2906873532577047E+03   3.4298896755076094E-02
   8.5000000000000000E+01   5.3455250888768133E-04   1.8707236115696867E+03   4.2126933682197151E-02
   8.6000000000000000E+01   6.2716672020932032E-04   1.5944723592257012E+03   4.9548840485797115E-02
   8.7000000000000000E+01   7.3677064893633184E-04   1.3572744807949255E+03   5.8385885571471577E-02
   8.8000000000000000E+01   8.5191413242051742E-04   1.1738272226553290E+03   6.7716684202479269E-02
   8.9000000000000000E+01   9.5886810247869283E-04   1.0428963038972520E+03   7.6408529224480187E-02
   9.0000000000000000E+01   1.0838255182740075E-03   9.2265773700595321E+02   8.6630511089369630E-02
   9.1000000000000000E+01   1.2134206113242169E-03   8.2411654348667366E+02   9.7286385765690708E-02
   9.2000000000000000E+01   1.3325863424620717E-03   7.5042041790133555E+02   1.0710820062245900E-01
   9.3000000000000000E+01   1.4706604404993899E-03   6.7996661395232172E+02   1.1856934427704136E-01
   9.4000000000000000E+01   1.5969492544059640E-03   6.2619397406712335E+02   1.2907498447871416E-01
   9.5000000000000000E+01   1.7427411521027589E-03   5.7380867995996925E+02   1.4129290780084280E-01
   9.6000000000000000E+01   1.8755720292489150E-03   5.3317067241638097E+02   1.5244579107986955E-01
   9.7000000000000000E+01   2.0284088888276120E-03   4.9299724799470005E+02   1.6537801612552158E-01
   9.8000000000000000E+01   2.1673439601104932E-03   4.6139423109796530E+02   1.7715323601463348E-01
   9.9000000000000000E+01   2.3088713740502718E-03   4.3311204393589873E+02   1.8920022423946958E-01
   1.0000000000000000E+02   2.4713754028401302E-03   4.0463298244806913E+02   2.0314603823475805E-01
   1.1000000000000000E+02   4.0848462784246883E-03   2.4480725389393305E+02   3.4490683828483110E-01
   1.2000000000000000E+02   5.8483249515543919E-03   1.7098913078251852E+02   5.0697164737103251E-01
   1.2099900000000000E+02   6.0332863156244490E-03   1.6574714801952831E+02   5.2440118424783000E-01
   1.2100100000000000E+02   6.0334540018603970E-03   1.6574254145165492E+02   5.2441612355827849E-01
   1.3000000000000000E+02   7.7057974386306009E-03   1.2977242238250560E+02   6.8542748960563749E-01
   1.4000000000000000E+02   9.6491412715872700E-03   1.0363616531810831E+02   8.8069680311219956E-01
   1.5000000000000000E+02   1.1589203456171334E-02   8.6287207208144480E+01   1.0840132678768999E+00
   1.6000000000000000E+02   1.3600587288481691E-02   7.3526236682948095E+01   1.3043117248542091E+00
   1.7000000000000000E+02   1.5558375673315269E-02   6.4274061829933586E+01   1.5274991841958712E+00
   1.8000000000000000E+02   1.7554270239144052E-02   5.6966196052406239E+01   1.7648614973930437E+00
   1.9000000000000000E+02   1.9491860495030586E-02   5.1303465887976593E+01   2.0045044814137296E+00
   2.0000000000000000E+02   2.1437241184820512E-02   4.6647793500037203E+01   2.2551590206169321E+00
   2.1000000000000000E+02   2.3284593626991229E-02   4.2946852155530507E+01   2.5023186662963708E+00
   2.2000000000000000E+02   2.5107503973250005E-02   3.9828730130458943E+01   2.7560416451543421E+00
   2.3000000000000000E+02   2.6795867727508974E-02   3.7319187054106393E+01   2.9997512633315306E+00
   2.4000000000000000E+02   2.8431897516327381E-02   3.5171764368724858E+01   3.2451667239956747E+00
   2.5000000000000000E+02   2.9956423681710788E-02   3.3381821896534575E+01   3.4825836659634066E+00
   2.6000000000000000E+02   3.1361244695875097E-02   3.1886489509503711E+01   3.7097018399369031E+00
   2.7000000000000000E+02   3.2641525273799883E-02   3.0635823283744106E+01   3.9246331669254784E+00
   2.8000000000000000E+02   3.3843463069497294E-02   2.9547803602323668E+01   4.1344613004998036E+00
   2.9000000000000000E+02   3.4965327026090655E-02   2.8599761107734349E+01   4.3383774580899974E+00
   3.0000000000000000E+02   3.5914907971908827E-02   2.7843590766880407E+01   4.5184558786732412E+00
   3.1000000000000000E+02   3.6789359911287067E-02   2.7181772186615230E+01   4.6914784913311838E+00
   3.2000000000000000E+02   3.7590778074586585E-02   2.6602269259120622E+01   4.8572654207204735E+00
   3.3000000000000000E+02   3.8279686807978774E-02   2.6123515717781853E+01   5.0071843349814769E+00
   3.4000000000000000E+02   3.8903872139016339E-02   2.5704382238011451E+01   5.1499280513424148E+00
   3.5000000000000000E+02   3.9427339824618567E-02   2.5363111091141807E+01   5.2772355612272639E+00
   3.6000000000000000E+02   3.9895519408302993E-02   2.5065471382028974E+01   5.3978469259848501E+00
   3.7000000000000000E+02   4.0275274865316582E-02   2.4829129120634736E+01   5.5038346657937707E+00
   3.8000000000000000E+02   4.0644254835405264E-02   2.4603723307258146E+01   5.6118476939143918E+00
   3.9000000000000000E+02   4.0900164976693736E-02   2.4449779128515331E+01   5.6980925167881793E+00
   4.0000000000000000E+02   4.1151383623379306E-02   2.4300519495336506E+01   5.7868840178259475E+00
   4.1000000000000000E+02   4.1334324491494177E-02   2.4192968248598845E+01   5.8628497493546385E+00
   4.2000000000000000E+02   4.1455256779187342E-02   2.4122393097853184E+01   5.9266613647654802E+00
   4.3000000000000000E+02   4.1577944979165206E-02   2.4051212740338713E+01   5.9936533358556208E+00
   4.4000000000000000E+02   4.1645486515060476E-02   2.4012205971909221E+01   6.0492564209817381E+00
   4.5000000000000000E+02   4.1663144839463095E-02   2.4002028743946514E+01   6.0941113092044272E+00
   4.6000000000000000E+02   4.1680780008761291E-02   2.3991873467574273E+01   6.4341878615101367E+00
   4.7000000000000000E+02   4.1608239793142945E-02   2.4033701136398481E+01   6.4343146416100048E+00
   4.8000000000000000E+02   4.1510839325292682E-02   2.4090093485310405E+01   6.4302997903751793E+00
   4.9000000000000000E+02   4.1391885971181305E-02   2.4159324382953713E+01   6.4226465950063814E+00
   5.0000000000000000E+02   4.1254258176402360E-02   2.4239921991180175E+01   6.4117956798005222E+00
   5.1000000000000000E+02   4.1100467082250604E-02   2.4330623737165606E+01   6.3981337931174949E+00
   5.2000000000000000E+02   4.0932708192585106E-02   2.4430340530977830E+01   6.3820011967603438E+00
   5.3000000000000000E+02   4.0752904889028933E-02   2.4538128084930936E+01   6.3636979079954914E+00
   5.4000000000000000E+02   4.0562745231668619E-02   2.4653163741473506E+01   6.3434889945036961E+00
   5.5000000000000000E+02   4.0363713201639631E-02   2.4774727612507633E+01   6.3216090836363916E+00
   5.6000000000000000E+02   4.0157115321359051E-02   2.4902187121695793E+01   6.2982662167538503E+00
   5.7000000000000000E+02   3.9944103413972712E-02   2.5034984253775828E+01   6.2736451552479862E+00
   5.8000000000000000E+02   3.9725694124631783E-02   2.5172624973214845E+01   6.2479102255462271E+00
   5.9000000000000000E+02   3.9502785715446007E-02   2.5314670393206967E+01   6.2212077749931325E+00
   6.0000000000000000E+02   3.9276172556466774E-02   2.5460729366190531E+01   6.1936682980437086E+00
   6.1000000000000000E+02   3.9046557663056744E-02   2.5610452235745576E+01   6.1654082821702767E+00
   6.2000000000000000E+02   3.8814563571075086E-02   2.5763525542902354E+01   6.1365318146546812E+00
   6.3000000000000000E+02   3.8580741793494779E-02   2.5919667520975800E+01   6.1071319847561476E+00
   6.4000000000000000E+02   3.8345581062834762E-02   2.6078624245160245E+01   6.0772921102529720E+00
   6.5000000000000000E+02   3.8109514531143272E-02   2.6240166328615800E+01   6.0470868127734239E+00
   6.6000000000000000E+02   3.7872926072912851E-02   2.6404086076549856E+01   6.0165829626360310E+00
   6.7000000000000000E+02   3.7636155813747581E-02   2.6570195025994771E+01   5.9858405107389467E+00
   6.8000000000000000E+02   3.7399504989274995E-02   2.6738321811659507E+01   5.9549132224574244E+00
   6.9000000000000000E+02   3.7163240223256677E-02   2.6908310308588277E+01   5.9238493263126824E+00
   7.0000000000000000E+02   3.6927597301031748E-02   2.7080018010596657E+01   5.8926920883640310E+00
   7.1000000000000000E+02   3.6692784503291345E-02   2.7253314610405219E+01   5.8614803216936542E+00
   7.2000000000000000E+02   3.6458985556257151E-02   2.7428080752739938E+01   5.8302488390902436E+00
   7.3000000000000000E+02   3.6226362246238639E-02   2.7604206936450804E+01   5.7990288558798646E+00
   7.4000000000000000E+02   3.5995056740286718E-02   2.7781592545199992E+01   5.7678483489659875E+00
   7.5000000000000000E+02   3.5765193648772772E-02   2.7960144989577419E+01   5.7367323772945058E+00
   7.6000000000000000E+02   3.5536881861030579E-02   2.8139778946013582E+01   5.7057033682895373E+00
   7.7000000000000000E+02   3.5310216181166823E-02   2.8320415679963002E+01   5.6747813742280728E+00
   7.8000000000000000E+02   3.5085278787472647E-02   2.8501982442763275E+01   5.6439843019909226E+00
   7.9000000000000000E+02   3.4862140536046110E-02   2.8684411932940225E+01   5.6133281192233575E+00
   8.0000000000000000E+02   3.4640862126511872E-02   2.8867641814106726E+01   5.5828270395438988E+00
   8.1000000000000000E+02   3.4421495145496896E-02   2.9051614282676582E+01   5.5524936891169805E+00
   8.2000000000000000E+02   3.4204083001616516E-02   2.9236275679507013E+01   5.5223392566297234E+00
   8.3000000000000000E+02   3.3988661764098094E-02   2.9421576140320148E+01   5.4923736284770905E+00
   8.4000000000000000E+02   3.3775260915563945E-02   2.9607469280546436E+01   5.4626055107235025E+00
   8.5000000000000000E+02   3.3563904028422152E-02   2.9793911910640464E+01   5.4330425392550667E+00
   8.6000000000000000E+02   3.3354609373007868E-02   2.9980863778583107E+01   5.4036913793423418E+00
   8.7000000000000000E+02   3.3147390464865686E-02   3.0168287336523285E+01   5.3745578157263569E+00
   8.8000000000000000E+02   3.2942256557564289E-02   3.0356147529012475E+01   5.3456468341911849E+00
   8.9000000000000000E+02   3.2739213086771239E-02   3.0544411600536144E+01   5.3169626954897016E+00
   9.0000000000000000E+02   3.2538262070620237E-02   3.0733048920364123E+01   5.2885090023855659E+00
   9.1000000000000000E+02   3.2339402470954855E-02   3.0922030822868020E+01   5.2602887605097486E+00
   9.2000000000000000E+02   3.2142630519365098E-02   3.1111330461815385E+01   5.2323044336284132E+00
   9.3000000000000000E+02   3.1947940011626430E-02   3.1300922677208053E+01   5.2045579938751372E+00
   9.4000000000000000E+02   3.1755322573735499E-02   3.1490783873412450E+01   5.1770509674379763E+00
   9.5000000000000000E+02   3.1564767902303024E-02   3.1680891907557424E+01   5.1497844761258920E+00
   9.6000000000000000E+02   3.1376263981941210E-02   3.1871225987120582E+01   5.1227592752228928E+00
   9.7000000000000000E+02   3.1189797281837114E-02   3.2061766575903150E+01   5.0959757879687535E+00
   9.8000000000000000E+02   3.1005352933581691E-02   3.2252495307573383E+01   5.0694341369885674E+00
   9.9000000000000000E+02   3.0822914892032205E-02   3.2443394906122343E+01   5.0431341729480392E+00
   1.0000000000000000E+03   3.0642466080890815E-02   3.2634449112554222E+01   5.0170755006981036E+00
   1.1000000000000000E+03   2.8943121427977486E-02   3.4550523601554715E+01   4.7695392576885460E+00
   1.2000000000000000E+03   2.7420050483847460E-02   3.6469662978522884E+01   4.5445763233659084E+00
   1.3000000000000000E+03   2.6051654003052788E-02   3.8385278719071657E+01   4.3400994375285293E+00
   1.4000000000000000E+03   2.4817868190492105E-02   4.0293549483154521E+01   4.1538940431316940E+00
   1.5000000000000000E+03   2.3701032951033252E-02   4.2192253901592288E+01   3.9838687710053553E+00
   1.5639990000000000E+03   2.3040532312256074E-02   4.3401775030521527E+01   3.8826670529387832E+00
   1.5640010000000000E+03   2.3040512284601179E-02   4.3401812756929758E+01   3.8826639770498428E+00
   1.6000000000000000E+03   2.2685958607883559E-02   4.4080129796785045E+01   3.8281421089091978E+00
   1.7000000000000000E+03   2.1759704861891428E-02   4.5956505676294213E+01   3.6850591450465684E+00
   1.8000000000000000E+03   2.0911279824132153E-02   4.7821080699516756E+01   3.5531795569325793E+00
   1.9000000000000000E+03   2.0131341209842696E-02   4.9673789221310109E+01   3.4312552040992221E+00
   2.0000000000000000E+03   1.9411929078553686E-02   5.1514715304868950E+01   3.3182054616990917E+00
   2.1000000000000000E+03   1.8746237508306170E-02   5.3344037679929933E+01   3.2130937502609145E+00
   2.2000000000000000E+03   1.8128423796272886E-02   5.5161993741871548E+01   3.1151065562809586E+00
   2.3000000000000000E+03   1.7553450692320699E-02   5.6968855726895974E+01   3.0235352534478643E+00
   2.4000000000000000E+03   1.7016956512648597E-02   5.8764914822266043E+01   2.9377606053202232E+00
   2.5000000000000000E+03   1.6515148292465493E-02   6.0550470531119487E+01   2.8572396646181533E+00
   2.6000000000000000E+03   1.6044713777065532E-02   6.2325823563734104E+01   2.7814947413257101E+00
   2.7000000000000000E+03   1.5602748744133308E-02   6.4091271121442873E+01   2.7101041234140961E+00
   2.8000000000000000E+03   1.5186696787214040E-02   6.5847103817988824E+01   2.6426942672373466E+00
   2.9000000000000000E+03   1.4794299236060710E-02   6.7593603728287903E+01   2.5789332139148278E+00
   3.0000000000000000E+03   1.4423553340727195E-02   6.9331043216399465E+01   2.5185250261929526E+00
   3.1000000000000000E+03   1.4072677212352227E-02   7.1059684302447778E+01   2.4612050745289147E+00
   3.2000000000000000E+03   1.3740080307557172E-02   7.2779778401294408E+01   2.4067360306045553E+00
   3.3000000000000000E+03   1.3424338478238011E-02   7.4491566315992756E+01   2.3549044512371746E+00
   3.4000000000000000E+03   1.3124172795906303E-02   7.6195278403521215E+01   2.3055178561969960E+00
   3.5000000000000000E+03   1.2838431509135407E-02   7.7891134854630252E+01   2.2584022203394114E+00
   3.6000000000000000E+03   1.2566074612071095E-02   7.9579346046488553E+01   2.2133998143170177E+00
   3.7000000000000000E+03   1.2306160597512857E-02   8.1260112939051496E+01   2.1703673394671315E+00
   3.8000000000000000E+03   1.2057835044861126E-02   8.2933627494446910E+01   2.1291743117477777E+00
   3.9000000000000000E+03   1.1820320755020763E-02   8.4600073105058783E+01   2.0897016571803340E+00
   4.0000000000000000E+03   1.1592909194380868E-02   8.6259625020154942E+01   2.0518404874865208E+00
   4.1000000000000000E+03   1.1374953050518654E-02   8.7912450764304822E+01   2.0154910297181501E+00
   4.2000000000000000E+03   1.1165859735333260E-02   8.9558710542959716E+01   1.9805616878929786E+00
   4.3000000000000000E+03   1.0965085698297438E-02   9.1198557632364995E+01   1.9469682181262298E+00
   4.4000000000000000E+03   1.0772131434700159E-02   9.2832138751919629E+01   1.9146330016327104E+00
   4.5000000000000000E+03   1.0586537091949833E-02   9.4459594418312264E+01   1.8834844023606965E+00
   4.6000000000000000E+03   1.0407878592134566E-02   9.6081059280968105E+01   1.8534561980179369E+00
   4.7000000000000000E+03   1.0235764201507923E-02   9.7696662439007838E+01   1.8244870749116371E+00
   4.8000000000000000E+03   1.0069831487976910E-02   9.9306527740208111E+01   1.7965201784192313E+00
   4.9000000000000000E+03   9.9097446163808542E-03   1.0091077406243099E+02   1.7695027120814846E+00
   5.0000000000000000E+03   9.7551919385990612E-03   1.0250951557838951E+02   1.7433855792947073E+00
   5.1000000000000000E+03   9.6058838416630769E-03   1.0410286200450963E+02   1.7181230624151373E+00
   5.2000000000000000E+03   9.4615508222060437E-03   1.0569091883468226E+02   1.6936725347965955E+00
   5.3000000000000000E+03   9.3219417599253070E-03   1.0727378755990134E+02   1.6699942018817933E+00
   5.4000000000000000E+03   9.1868223664700842E-03   1.0885156587437503E+02   1.6470508679841147E+00
   5.5000000000000000E+03   9.0559737892604852E-03   1.1042434786923788E+02   1.6248077258284119E+00
   5.6000000000000000E+03   8.9291913524753887E-03   1.1199222421443302E+02   1.6032321663004154E+00
   5.7000000000000000E+03   8.8062834197191828E-03   1.1355528232952199E+02   1.5822936061729300E+00
   5.8000000000000000E+03   8.6870703648297982E-03   1.1511360654433847E+02   1.5619633318530430E+00
   5.9000000000000000E+03   8.5713836390191468E-03   1.1666727824988985E+02   1.5422143574376295E+00
   6.0000000000000000E+03   8.4590649239568317E-03   1.1821637604032455E+02   1.5230212955670521E+00
   6.1000000000000000E+03   8.3499653616828061E-03   1.1976097584654718E+02   1.5043602397476659E+00
   6.2000000000000000E+03   8.2439448533323488E-03   1.2130115106189514E+02   1.4862086569708359E+00
   6.3000000000000000E+03   8.1408714195779809E-03   1.2283697266058033E+02   1.4685452895882645E+00
   6.4000000000000000E+03   8.0406206165352673E-03   1.2436850930928561E+02   1.4513500655242508E+00
   6.5000000000000000E+03   7.9430750015918802E-03   1.2589582747230627E+02   1.4346040160082301E+00
   6.6000000000000000E+03   7.8481236442241361E-03   1.2741899151091420E+02   1.4182892000989546E+00
   6.7000000000000000E+03   7.7556616774611415E-03   1.2893806377682989E+02   1.4023886353564012E+00
   6.8000000000000000E+03   7.6655898860593626E-03   1.3045310470086582E+02   1.3868862340787922E+00
   6.9000000000000000E+03   7.5778143279593303E-03   1.3196417287638869E+02   1.3717667445931105E+00
   7.0000000000000000E+03   7.4922459858960131E-03   1.3347132513834677E+02   1.3570156971336269E+00
   7.1000000000000000E+03   7.4088004463945187E-03   1.3497461663806163E+02   1.3426193538948277E+00
   7.2000000000000000E+03   7.3273976036697620E-03   1.3647410091396878E+02   1.3285646628870218E+00
   7.3000000000000000E+03   7.2479613861975217E-03   1.3796982995857644E+02   1.3148392152597577E+00
   7.4000000000000000E+03   7.1704195039446871E-03   1.3946185428200772E+02   1.3014312057910211E+00
   7.5000000000000000E+03   7.0947032144633012E-03   1.4095022297217375E+02   1.2883293962715237E+00
   7.6000000000000000E+03   7.0207471062139542E-03   1.4243498375193084E+02   1.2755230815377507E+00
   7.7000000000000000E+03   6.9484888976646857E-03   1.4391618303313251E+02   1.2630020579336050E+00
   7.8000000000000000E+03   6.8778692508118071E-03   1.4539386596829655E+02   1.2507565939968783E+00
   7.9000000000000000E+03   6.8088315979572527E-03   1.4686807649935335E+02   1.2387774031922734E+00
   8.0000000000000000E+03   6.7413219806284827E-03   1.4833885740416329E+02   1.2270556185230155E+00
   8.1000000000000000E+03   6.6752888996587404E-03   1.4980625034088382E+02   1.2155827688714491E+00
   8.2000000000000000E+03   6.6106831755559552E-03   1.5127029588978914E+02   1.2043507569346517E+00
   8.3000000000000000E+03   6.5474578183049919E-03   1.5273103359356662E+02   1.1933518386264632E+00
   8.4000000000000000E+03   6.4855679059002162E-03   1.5418850199536953E+02   1.1825786038367241E+00
   8.5000000000000000E+03   6.4249704709105418E-03   1.5564273867523019E+02   1.1720239584418839E+00
   8.6000000000000000E+03   6.3656243944698754E-03   1.5709378028473503E+02   1.1616811074735491E+00
   8.7000000000000000E+03   6.3074903071309993E-03   1.5854166258003434E+02   1.1515435393587208E+00
   8.8000000000000000E+03   6.2505304960551950E-03   1.5998642045361035E+02   1.1416050111510061E+00
   8.9000000000000000E+03   6.1947088180931004E-03   1.6142808796424225E+02   1.1318595346834777E+00
   9.0000000000000000E+03   6.1399906182979698E-03   1.6286669836593401E+02   1.1223013635734969E+00
   9.1000000000000000E+03   6.0863426534986604E-03   1.6430228413531108E+02   1.1129249810210238E+00
   9.2000000000000000E+03   6.0337330205482067E-03   1.6573487699811139E+02   1.1037250883420353E+00
   9.3000000000000000E+03   5.9821310889387478E-03   1.6716450795420531E+02   1.0946965941881088E+00
   9.4000000000000000E+03   5.9315074374504994E-03   1.6859120730190361E+02   1.0858346044017977E+00
   9.5000000000000000E+03   5.8818337945861282E-03   1.7001500466069606E+02   1.0771344124678468E+00
   9.6000000000000000E+03   5.8330829824894534E-03   1.7143592899362773E+02   1.0685914905152591E+00
   9.7000000000000000E+03   5.7852288641402167E-03   1.7285400862851034E+02   1.0602014808364095E+00
   9.8000000000000000E+03   5.7382462936100337E-03   1.7426927127780746E+02   1.0519601878896250E+00
   9.9000000000000000E+03   5.6921110691307191E-03   1.7568174405857420E+02   1.0438635707483359E+00
   1.0000000000000000E+04   5.6467998888433393E-03   1.7709145351081935E+02   1.0359077359737445E+00
   1.1000000000000000E+04   5.2344503761994343E-03   1.9104202507046554E+02   9.6332886189137745E-01
   1.2000000000000000E+04   4.8842009227401820E-03   2.0474178188373349E+02   9.0142172139920373E-01
   1.3000000000000000E+04   4.5827414779370046E-03   2.1820999609390282E+02   8.4794033285863735E-01
   1.4000000000000000E+04   4.3203481340269084E-03   2.3146282868365068E+02   8.0123494086105262E-01
   1.5000000000000000E+04   4.0897449338133446E-03   2.4451402622500078E+02   7.6006514909400391E-01
   1.6000000000000000E+04   3.8853748162476164E-03   2.5737542638570233E+02   7.2347949178058246E-01
   1.7000000000000000E+04   3.7029174097549405E-03   2.7005733300062457E+02   6.9073534589913865E-01
   1.8000000000000000E+04   3.5389611325696577E-03   2.8256879986525735E+02   6.6124420438264719E-01
   1.9000000000000000E+04   3.3907747622683249E-03   2.9491784919710523E+02   6.3453338123248426E-01
   2.0000000000000000E+04   3.2561448736149142E-03   3.0711164239133433E+02   6.1021864837789230E-01
   2.1000000000000000E+04   3.1332579429734736E-03   3.1915661531874912E+02   5.8798431702350140E-01
   2.2000000000000000E+04   3.0206133890805704E-03   3.3105858684695335E+02   5.6756849520137242E-01
   2.3000000000000000E+04   2.9169584500568801E-03   3.4282284685285811E+02   5.4875201207103796E-01
   2.4000000000000000E+04   2.8212387386505546E-03   3.5445422831472843E+02   5.3134998370253483E-01
   2.5000000000000000E+04   2.7325602295358918E-03   3.6595716690564728E+02   5.1520531093532251E-01
   2.6000000000000000E+04   2.6501597005371687E-03   3.7733575067091510E+02   5.0018361014965296E-01
   2.7000000000000000E+04   2.5733815064090089E-03   3.8859376175258092E+02   4.8616922030978543E-01
   2.8000000000000000E+04   2.5016591523573709E-03   3.9973471168431445E+02   4.7306202785745488E-01
   2.9000000000000000E+04   2.4345005452463589E-03   4.1076187144530104E+02   4.6077491978020280E-01
   3.0000000000000000E+04   2.3714760912569460E-03   4.2167829719504925E+02   4.4923172398157613E-01
   3.1000000000000000E+04   2.3122090170316794E-03   4.3248685245755155E+02   4.3836553113755400E-01
   3.2000000000000000E+04   2.2563674430976697E-03   4.4319022730940634E+02   4.2811731779908524E-01
   3.3000000000000000E+04   2.2036578489608807E-03   4.5379095510291813E+02   4.1843480923075355E-01
   3.4000000000000000E+04   2.1538196523192706E-03   4.6429142705759170E+02   4.0927153451392134E-01
   3.5000000000000000E+04   2.1066206860191629E-03   4.7469390509483662E+02   4.0058603686632005E-01
   3.6000000000000000E+04   2.0618534036154403E-03   4.8500053313514422E+02   3.9234121013668116E-01
   3.7000000000000000E+04   2.0193316796817554E-03   4.9521334709986780E+02   3.8450373846906838E-01
   3.8000000000000000E+04   1.9788880985589603E-03   5.0533428379715201E+02   3.7704362082707693E-01
   3.9000000000000000E+04   1.9403716464733193E-03   5.1536518883767894E+02   3.6993376570193137E-01
   4.0000000000000000E+04   1.9036457385085176E-03   5.2530782370436611E+02   3.6314964416636453E-01
   4.1000000000000000E+04   1.8685865248527561E-03   5.3516387210316623E+02   3.5666899166197197E-01
   4.2000000000000000E+04   1.8350814311882083E-03   5.4493494566750860E+02   3.5047155069462332E-01
   4.3000000000000000E+04   1.8030278961935916E-03   5.5462258909644174E+02   3.4453884801328899E-01
   4.4000000000000000E+04   1.7723322756073147E-03   5.6422828482166869E+02   3.3885400096934976E-01
   4.5000000000000000E+04   1.7429088878393164E-03   5.7375345721008966E+02   3.3340154869391697E-01
   4.6000000000000000E+04   1.7146791800405617E-03   5.8319947640371106E+02   3.2816730443010816E-01
   4.7000000000000000E+04   1.6875709973031485E-03   5.9256766180389866E+02   3.2313822599064346E-01
   4.8000000000000000E+04   1.6615179403037675E-03   6.0185928526126827E+02   3.1830230178084851E-01
   4.9000000000000000E+04   1.6364587991544756E-03   6.1107557398736799E+02   3.1364845024476734E-01
   5.0000000000000000E+04   1.6123370530789236E-03   6.2021771321970004E+02   3.0916643091818924E-01
   5.1000000000000000E+04   1.5891004271060400E-03   6.2928684867395771E+02   3.0484676554697759E-01
   5.2000000000000000E+04   1.5667004983184172E-03   6.3828408880531265E+02   3.0068066796165915E-01
   5.3000000000000000E+04   1.5450923453392215E-03   6.4721050687779598E+02   2.9665998159613011E-01
   5.4000000000000000E+04   1.5242342355407798E-03   6.5606714288582577E+02   2.9277712368550945E-01
   5.5000000000000000E+04   1.5040873453325979E-03   6.6485500533140294E+02   2.8902503532450480E-01
   5.6000000000000000E+04   1.4846155095299971E-03   6.7357507285949237E+02   2.8539713668069328E-01
   5.7000000000000000E+04   1.4657849962767604E-03   6.8222829578696701E+02   2.8188728674481894E-01
   5.8000000000000000E+04   1.4475643045635321E-03   6.9081559751607654E+02   2.7848974709330143E-01
   5.9000000000000000E+04   1.4299239817001635E-03   6.9933787585757636E+02   2.7519914919888494E-01
   6.0000000000000000E+04   1.4128364585338823E-03   7.0779600424362798E+02   2.7201046489538300E-01
   6.1000000000000000E+04   1.3962759003319396E-03   7.1619083288787556E+02   2.6891897963531541E-01
   6.2000000000000000E+04   1.3802180717403907E-03   7.2452318983118857E+02   2.6592026825013748E-01
   6.3000000000000000E+04   1.3646402141159371E-03   7.3279388197411140E+02   2.6301017292390755E-01
   6.4000000000000000E+04   1.3495209341314613E-03   7.4100369598459804E+02   2.6018478317033683E-01
   6.5000000000000000E+04   1.3348401022975692E-03   7.4915339918149630E+02   2.5744041758487124E-01
   6.6000000000000000E+04   1.3205787604395249E-03   7.5724374036363622E+02   2.5477360719661385E-01
   6.7000000000000000E+04   1.3067190371983590E-03   7.6527545060032742E+02   2.5218108025602670E-01
   6.8000000000000000E+04   1.2932440708858873E-03   7.7324924390721435E+02   2.4965974833021437E-01
   6.9000000000000000E+04   1.2801379386941415E-03   7.8116581797434435E+02   2.4720669354700001E-01
   7.0000000000000000E+04   1.2673855918600894E-03   7.8902585481687663E+02   2.4481915690096900E-01
   7.1000000000000000E+04   1.2549727962266183E-03   7.9683002134129435E+02   2.4249452752150122E-01
   7.2000000000000000E+04   1.2428860774627685E-03   8.0457896997398450E+02   2.4023033278708289E-01
   7.3000000000000000E+04   1.2311126708314539E-03   8.1227333914501287E+02   2.3802422924323668E-01
   7.4000000000000000E+04   1.2196404747284201E-03   8.1991375386477910E+02   2.3587399421072550E-01
   7.5000000000000000E+04   1.2084580079978005E-03   8.2750082616178111E+02   2.3377751806031513E-01
   7.6000000000000000E+04   1.1975543703920792E-03   8.3503515558345816E+02   2.3173279706201080E-01
   7.7000000000000000E+04   1.1869192061845452E-03   8.4251732956161948E+02   2.2973792679000971E-01
   7.8000000000000000E+04   1.1765426702290648E-03   8.4994792395018453E+02   2.2779109598730482E-01
   7.9000000000000000E+04   1.1664153968456001E-03   8.5732750331001625E+02   2.2589058091600611E-01
   8.0000000000000000E+04   1.1565284707821936E-03   8.6465662131401859E+02   2.2403474009568436E-01
   8.1000000000000000E+04   1.1468734002872379E-03   8.7193582111987882E+02   2.2222200942042986E-01
   8.2000000000000000E+04   1.1374420920905201E-03   8.7916563573103463E+02   2.2045089762039996E-01
   8.3000000000000000E+04   1.1282268282720614E-03   8.8634658824019698E+02   2.1871998205478979E-01
   8.4000000000000000E+04   1.1192202445067896E-03   8.9347919223948043E+02   2.1702790476959266E-01
   8.5000000000000000E+04   1.1104153100212355E-03   9.0056395204139994E+02   2.1537336884864053E-01
   8.6000000000000000E+04   1.1018053088097674E-03   9.0760136296698090E+02   2.1375513499958207E-01
   8.7000000000000000E+04   1.0933838220381249E-03   9.1459191168198151E+02   2.1217201835941982E-01
   8.8000000000000000E+04   1.0851447118120738E-03   9.2153607635437743E+02   2.1062288553265696E-01
   8.9000000000000000E+04   1.0770821058278686E-03   9.2843432695539821E+02   2.0910665180222995E-01
   9.0000000000000000E+04   1.0691903830405910E-03   9.3528712553153969E+02   2.0762227852274587E-01
   9.1000000000000000E+04   1.0614641604178112E-03   9.4209492631986973E+02   2.0616877069839409E-01
   9.2000000000000000E+04   1.0538982802658543E-03   9.4885817609242338E+02   2.0474517468387415E-01
   9.3000000000000000E+04   1.0464877986189479E-03   9.5557731425029726E+02   2.0335057605850571E-01
   9.4000000000000000E+04   1.0392279740943195E-03   9.6225277314296102E+02   2.0198409760325303E-01
   9.5000000000000000E+04   1.0321142577550304E-03   9.6888497807899444E+02   2.0064489743722774E-01
   9.6000000000000000E+04   1.0251422831582368E-03   9.7547434773563452E+02   1.9933216721897015E-01
   9.7000000000000000E+04   1.0183078574239474E-03   9.8202129415925231E+02   1.9804513050222305E-01
   9.8000000000000000E+04   1.0116069526081080E-03   9.8852622297802225E+02   1.9678304116379627E-01
   9.9000000000000000E+04   1.0050356975843137E-03   9.9498953360918699E+02   1.9554518192361448E-01
   1.0000000000000000E+05   9.9859037043958346E-04   1.0014116194208805E+03   1.9433086295514701E-01
   1.1000000000000000E+05   9.4033784023171609E-04   1.0634475793865556E+03   1.8334784625565259E-01
   1.2000000000000000E+05   8.9146127375846270E-04   1.1217537199164362E+03   1.7412166378178254E-01
   1.3000000000000000E+05   8.4987594071004940E-04   1.1766423216599424E+03   1.6626439079156191E-01
   1.4000000000000000E+05   8.1407500121669454E-04   1.2283880459483796E+03   1.5949502032970034E-01
   1.5000000000000000E+05   7.8294160349680168E-04   1.2772344649125357E+03   1.5360486595828379E-01
   1.6000000000000000E+05   7.5562998484258548E-04   1.3233990445843972E+03   1.4843561709685676E-01
   1.7000000000000000E+05   7.3148767080514425E-04   1.3670770402723342E+03   1.4386494869614844E-01
   1.8000000000000000E+05   7.1000307449918564E-04   1.4084446052650821E+03   1.3979681012132980E-01
   1.9000000000000000E+05   6.9076930462547257E-04   1.4476613151509230E+03   1.3615470600046015E-01
   2.0000000000000000E+05   6.7345861026439657E-04   1.4848722471710696E+03   1.3287694408134498E-01
   2.1000000000000000E+05   6.5780397920755487E-04   1.5202097153694372E+03   1.2991320821184754E-01
   2.2000000000000000E+05   6.4358565406564617E-04   1.5537947337433961E+03   1.2722204368618295E-01
   2.3000000000000000E+05   6.3062109545561535E-04   1.5857382621770898E+03   1.2476898304619823E-01
   2.4000000000000000E+05   6.1875740477948613E-04   1.6161422752692260E+03   1.2252512945177858E-01
   2.5000000000000000E+05   6.0786552943580636E-04   1.6451006868709194E+03   1.2046607209338431E-01
   2.6000000000000000E+05   5.9783577944372095E-04   1.6727001534275655E+03   1.1857104614574800E-01
   2.7000000000000000E+05   5.8857432077324035E-04   1.6990207773357301E+03   1.1682227509215058E-01
   2.8000000000000000E+05   5.8000040543300390E-04   1.7241367258242558E+03   1.1520445075483253E-01
   2.9000000000000000E+05   5.7204416417074694E-04   1.7481167760003834E+03   1.1370431853457889E-01
   3.0000000000000000E+05   5.6464483210135190E-04   1.7710247985064414E+03   1.1231034373102475E-01
   3.1000000000000000E+05   5.5774931074063555E-04   1.7929201896674685E+03   1.1101244095308990E-01
   3.2000000000000000E+05   5.5131099546118706E-04   1.8138582546561986E+03   1.0980175324334110E-01
   3.3000000000000000E+05   5.4528881142688261E-04   1.8338905531240475E+03   1.0867047040207337E-01
   3.4000000000000000E+05   5.3964641705115974E-04   1.8530652078899986E+03   1.0761167873733220E-01
   3.5000000000000000E+05   5.3435154159361584E-04   1.8714271825953083E+03   1.0661923602919283E-01
   3.6000000000000000E+05   5.2937543045228775E-04   1.8890185348149239E+03   1.0568766681228903E-01
   3.7000000000000000E+05   5.2469237959250196E-04   1.9058786422182118E+03   1.0481207437086923E-01
   3.8000000000000000E+05   5.2027934148777849E-04   1.9220444101055864E+03   1.0398806626275738E-01
   3.9000000000000000E+05   5.1611559153556450E-04   1.9375504565261563E+03   1.0321169116654348E-01
   4.0000000000000000E+05   5.1218244259132440E-04   1.9524292846522083E+03   1.0247938489167405E-01
   4.1000000000000000E+05   5.0846300106629854E-04   1.9667114380061059E+03   1.0178792418612775E-01
   4.2000000000000000E+05   5.0494195748356418E-04   1.9804256413620571E+03   1.0113438703409437E-01
   4.3000000000000000E+05   5.0160540582504503E-04   1.9935989293320938E+03   1.0051611839028769E-01
   4.4000000000000000E+05   4.9844068557396918E-04   2.0062567702483409E+03   9.9930700325480959E-02
   4.5000000000000000E+05   4.9543624723117838E-04   2.0184231686491530E+03   9.9375926382075791E-02
   4.6000000000000000E+05   4.9258153267753193E-04   2.0301207691735560E+03   9.8849778942739303E-02
   4.7000000000000000E+05   4.8986687151609252E-04   2.0413709482029128E+03   9.8350409539232658E-02
   4.8000000000000000E+05   4.8728339046974657E-04   2.0521938969353932E+03   9.7876121610283404E-02
   4.9000000000000000E+05   4.8482293225935320E-04   2.0626087040475550E+03   9.7425355171719408E-02
   5.0000000000000000E+05   4.8247798715990377E-04   2.0726334187523839E+03   9.6996673636253306E-02
   5.1000000000000000E+05   4.8024162796130482E-04   2.0822851285198763E+03   9.6588751653206836E-02
   5.2000000000000000E+05   4.7810745650975759E-04   2.0915800127865009E+03   9.6200364791716661E-02
   5.3000000000000000E+05   4.7606955421210316E-04   2.1005334013745191E+03   9.5830380149194816E-02
   5.4000000000000000E+05   4.7412243751975794E-04   2.1091598305940274E+03   9.5477747936359991E-02
   5.5000000000000000E+05   4.7226102032759342E-04   2.1174730857658542E+03   9.5141494200995519E-02
   5.6000000000000000E+05   4.7048057650692408E-04   2.1254862579545470E+03   9.4820713891836841E-02
   5.7000000000000000E+05   4.6877671187735655E-04   2.1332117715387376E+03   9.4514565256966457E-02
   5.8000000000000000E+05   4.6714533299274495E-04   2.1406614374022456E+03   9.4222264140559911E-02
   5.9000000000000000E+05   4.6558262471320925E-04   2.1478464764787618E+03   9.3943079478429808E-02
   6.0000000000000000E+05   4.6408502446905036E-04   2.1547775672013518E+03   9.3676328623497035E-02
   6.1000000000000000E+05   4.6264920413100928E-04   2.1614648659739792E+03   9.3421373691297216E-02
   6.2000000000000000E+05   4.6127205005821331E-04   2.1679180428855348E+03   9.3177617858827402E-02
   6.3000000000000000E+05   4.5995064607695061E-04   2.1741463101080158E+03   9.2944502127705941E-02
   6.4000000000000000E+05   4.5868225966277687E-04   2.1801584406931279E+03   9.2721502567016306E-02
   6.5000000000000000E+05   4.5746432581054237E-04   2.1859628031719953E+03   9.2508127410114299E-02
   6.6000000000000000E+05   4.5629443664744221E-04   2.1915673733551439E+03   9.2303914888581959E-02
   6.7000000000000000E+05   4.5517032819761760E-04   2.1969797635091850E+03   9.2108430838849606E-02
   6.8000000000000000E+05   4.5408987054648296E-04   2.2022072388369538E+03   9.1921266766495272E-02
   6.9000000000000000E+05   4.5305105769903093E-04   2.2072567385204429E+03   9.1742037948628202E-02
   7.0000000000000000E+05   4.5205200013480117E-04   2.2121348864772231E+03   9.1570381900796027E-02
   7.1000000000000000E+05   4.5109091540434241E-04   2.2168480141162549E+03   9.1405956685046932E-02
   7.2000000000000000E+05   4.5016611971837020E-04   2.2214021806563610E+03   9.1248439381341848E-02
   7.3000000000000000E+05   4.4927602481957638E-04   2.2258031694470847E+03   9.1097525193814810E-02
   7.4000000000000000E+05   4.4841912733959756E-04   2.2300565230855514E+03   9.0952925765935791E-02
   7.5000000000000000E+05   4.4759400617601353E-04   2.2341675406769332E+03   9.0814368426098677E-02
   7.6000000000000000E+05   4.4679931571582875E-04   2.2381412970560937E+03   9.0681595007877147E-02
   7.7000000000000000E+05   4.4603378164502586E-04   2.2419826505335104E+03   9.0554360990321395E-02
   7.8000000000000000E+05   4.4529619509333718E-04   2.2456962601946175E+03   9.0432434483239788E-02
   7.9000000000000000E+05   4.4458541076404187E-04   2.2492865842841111E+03   9.0315595682403688E-02
   8.0000000000000000E+05   4.4390034033061135E-04   2.2527579033960928E+03   9.0203635823962749E-02
   8.1000000000000000E+05   4.4323995143545625E-04   2.2561143163233519E+03   9.0096356783924539E-02
   8.2000000000000000E+05   4.4260326217167057E-04   2.2593597595585152E+03   8.9993570196812089E-02
   8.3000000000000000E+05   4.4198933917508830E-04   2.2624980092650226E+03   8.9895096994495161E-02
   8.4000000000000000E+05   4.4139729495375245E-04   2.2655326877451198E+03   8.9800766877906835E-02
   8.5000000000000000E+05   4.4082628427661251E-04   2.2684672753599098E+03   8.9710417700426343E-02
   8.6000000000000000E+05   4.4027550180478643E-04   2.2713051166843929E+03   8.9623895004142570E-02
   8.7000000000000000E+05   4.3974418162811890E-04   2.2740494173170805E+03   8.9541051781431041E-02
   8.8000000000000000E+05   4.3923159265034178E-04   2.2767032625452971E+03   8.9461747788031384E-02
   8.9000000000000000E+05   4.3873703629858585E-04   2.2792696245489574E+03   8.9385849125932351E-02
   9.0000000000000000E+05   4.3825984848923285E-04   2.2817513478526384E+03   8.9313228309763293E-02
   9.1000000000000000E+05   4.3779939310453677E-04   2.2841511791708272E+03   8.9243763400182460E-02
   9.2000000000000000E+05   4.3735506337367296E-04   2.2864717565773499E+03   8.9177338024416658E-02
   9.3000000000000000E+05   4.3692627998207937E-04   2.2887156159181254E+03   8.9113841041898303E-02
   9.4000000000000000E+05   4.3651248780016719E-04   2.2908852047728683E+03   8.9053166064423595E-02
   9.5000000000000000E+05   4.3611315717502865E-04   2.2929828727883632E+03   8.8995211490437459E-02
   9.6000000000000000E+05   4.3572778048326624E-04   2.2950108870517706E+03   8.8939880019728565E-02
   9.7000000000000000E+05   4.3535587131345287E-04   2.2969714339283778E+03   8.8887078466496613E-02
   9.8000000000000000E+05   4.3499696627455884E-04   2.2988666071956604E+03   8.8836717869940240E-02
   9.9000000000000000E+05   4.3465061799581817E-04   2.3006984428344267E+03   8.8788712631887548E-02
   1.0000000000000000E+06   4.3431640030354001E-04   2.3024688897336337E+03   8.8742981012018898E-02
   1.1000000000000000E+06   4.3155900368838394E-04   2.3171802498693105E+03   8.8394929227336314E-02
   1.2000000000000000E+06   4.2965280182677662E-04   2.3274606746383342E+03   8.8204953418950613E-02
   1.3000000000000000E+06   4.2837060562663865E-04   2.3344272152781300E+03   8.8129627464133595E-02
   1.4000000000000000E+06   4.2755379934068750E-04   2.3388869460218984E+03   8.8138704341743548E-02
   1.5000000000000000E+06   4.2708896626375098E-04   2.3414325327768947E+03   8.8210620323396174E-02
   1.6000000000000000E+06   4.2689335411238966E-04   2.3425054299082076E+03   8.8329698419960120E-02
   1.7000000000000000E+06   4.2690552337649800E-04   2.3424386550231552E+03   8.8484349649677635E-02
   1.8000000000000000E+06   4.2707917804923212E-04   2.3414861959969489E+03   8.8665885363524363E-02
   1.9000000000000000E+06   4.2737897271052070E-04   2.3398437074660114E+03   8.8867711257266099E-02
   2.0000000000000000E+06   4.2777761611581148E-04   2.3376632210911939E+03   8.9084770303625008E-02
   2.1000000000000000E+06   4.2825382321487498E-04   2.3350638004654857E+03   8.9313149436329092E-02
   2.2000000000000000E+06   4.2879085473348599E-04   2.3321392911272510E+03   8.9549798539410516E-02
   2.3000000000000000E+06   4.2937544178461883E-04   2.3289641248313756E+03   8.9792324643490573E-02
   2.4000000000000000E+06   4.2999698772100637E-04   2.3255976868582788E+03   9.0038839667452394E-02
   2.5000000000000000E+06   4.3064700012872091E-04   2.3220874630523349E+03   9.0287849922781035E-02
   2.6000000000000000E+06   4.3131861693796413E-04   2.3184716836459406E+03   9.0538167767021283E-02
   2.7000000000000000E+06   4.3200628240237354E-04   2.3147811518828644E+03   9.0788848452460935E-02
   2.8000000000000000E+06   4.3270548546700793E-04   2.3110407276689034E+03   9.1039140225239359E-02
   2.9000000000000000E+06   4.3341254104909663E-04   2.3072705685429646E+03   9.1288443913107628E-02
   3.0000000000000000E+06   4.3412443924967703E-04   2.3034869949463323E+03   9.1536283620222592E-02
   3.1000000000000000E+06   4.3483871438304046E-04   2.2997032392086430E+03   9.1782282333453744E-02
   3.2000000000000000E+06   4.3555335116104207E-04   2.2959299873008181E+03   9.2026143734652316E-02
   3.3000000000000000E+06   4.3626670566352760E-04   2.2921758342275471E+03   9.2267637262129706E-02
   3.4000000000000000E+06   4.3697741289944300E-04   2.2884478018320815E+03   9.2506582933291046E-02
   3.5000000000000000E+06   4.3768438148047669E-04   2.2847513923560145E+03   9.2742846822391284E-02
   3.6000000000000000E+06   4.3838670059969130E-04   2.2810910974991934E+03   9.2976327569610634E-02
   3.7000000000000000E+06   4.3908365335822646E-04   2.2774703461441550E+03   9.3206955313643383E-02
   3.8000000000000000E+06   4.3977465676240475E-04   2.2738918321531792E+03   9.3434682966277618E-02
   3.9000000000000000E+06   4.4045922896254823E-04   2.2703576954338923E+03   9.3659480902157310E-02
   4.0000000000000000E+06   4.4113700604072546E-04   2.2668694448809874E+03   9.3881337464879006E-02
   4.1000000000000000E+06   4.4180770538129646E-04   2.2634281562313699E+03   9.4100253792414490E-02
   4.2000000000000000E+06   4.4247111522073643E-04   2.2600345324262084E+03   9.4316241754676136E-02
   4.3000000000000000E+06   4.4312705949810124E-04   2.2566890885260527E+03   9.4529319313764140E-02
   4.4000000000000000E+06   4.4377544892106301E-04   2.2533918954535857E+03   9.4739515595577042E-02
   4.5000000000000000E+06   4.4441618788713868E-04   2.2501430579165904E+03   9.4946860061763505E-02
   4.6000000000000000E+06   4.4504928151308009E-04   2.2469421736851177E+03   9.5151393998459510E-02
   4.7000000000000000E+06   4.4567467575368967E-04   2.2437891457684450E+03   9.5353152433511890E-02
   4.8000000000000000E+06   4.4629241338127028E-04   2.2406833950495461E+03   9.5552181197801483E-02
   4.9000000000000000E+06   4.4690253212216144E-04   2.2376243769562011E+03   9.5748525398259926E-02
   5.0000000000000000E+06   4.4750507909190144E-04   2.2346115088330339E+03   9.5942230849923094E-02
   5.1000000000000000E+06   4.4810012234794671E-04   2.2316441128384849E+03   9.6133345222262107E-02
   5.2000000000000000E+06   4.4868775908416805E-04   2.2287213764002263E+03   9.6321918840990922E-02
   5.3000000000000000E+06   4.4926804287346575E-04   2.2258427143050667E+03   9.6507996522063808E-02
   5.4000000000000000E+06   4.4984107924658610E-04   2.2230072933197757E+03   9.6691628122374626E-02
   5.5000000000000000E+06   4.5040697112205255E-04   2.2202143042075991E+03   9.6872862429460652E-02
   5.6000000000000000E+06   4.5096585408777788E-04   2.2174627877820567E+03   9.7051751044421306E-02
   5.7000000000000000E+06   4.5151776883551063E-04   2.2147522623064328E+03   9.7228334188324425E-02
   5.8000000000000000E+06   4.5206289965579120E-04   2.2120815505130327E+03   9.7402667176231236E-02
   5.9000000000000000E+06   4.5260130181328943E-04   2.2094501186665339E+03   9.7574790128348077E-02
   6.0000000000000000E+06   4.5313313906103665E-04   2.2068569120152147E+03   9.7744754348698823E-02
   6.1000000000000000E+06   4.5365848182766122E-04   2.2043013413334279E+03   9.7912599912504686E-02
   6.2000000000000000E+06   4.5417747740898230E-04   2.2017824523242707E+03   9.8078374576336266E-02
   6.3000000000000000E+06   4.5469022189150880E-04   2.1992995491304073E+03   9.8242119562738747E-02
   6.4000000000000000E+06   4.5519684424308429E-04   2.1968517854354454E+03   9.8403878912980955E-02
   6.5000000000000000E+06   4.5569743919897458E-04   2.1944384891822106E+03   9.8563692047497653E-02
   6.6000000000000000E+06   4.5619213875773047E-04   2.1920588169781445E+03   9.8721601723388605E-02
   6.7000000000000000E+06   4.5668103395423809E-04   2.1897121308966061E+03   9.8877645363350655E-02
   6.8000000000000000E+06   4.5716424497670258E-04   2.1873976606612373E+03   9.9031862862139983E-02
   6.9000000000000000E+06   4.5764187040736029E-04   2.1851147472801626E+03   9.9184290967881297E-02
   7.0000000000000000E+06   4.5811403340981081E-04   2.1828626216858092E+03   9.9334968431695453E-02
   7.1000000000000000E+06   4.5858082684896835E-04   2.1806406667092210E+03   9.9483929931955623E-02
   7.2000000000000000E+06   4.5904235988093609E-04   2.1784481943221422E+03   9.9631211268930375E-02
   7.3000000000000000E+06   4.5949871399727366E-04   2.1762846544243721E+03   9.9776844502440412E-02
   7.4000000000000000E+06   4.5995000839246276E-04   2.1741493243907662E+03   9.9920865231941616E-02
   7.5000000000000000E+06   4.6039633082004580E-04   2.1720416368628016E+03   1.0006330493614703E-01
   7.6000000000000000E+06   4.6083776262486345E-04   2.1699610602745502E+03   1.0020419377253276E-01
   7.7000000000000000E+06   4.6127442137582693E-04   2.1679068980615389E+03   1.0034356533139191E-01
   7.8000000000000000E+06   4.6170642948624815E-04   2.1658784373280751E+03   1.0048145316890629E-01
   7.9000000000000000E+06   4.6213375587210817E-04   2.1638756903028357E+03   1.0061787323807089E-01
   8.0000000000000000E+06   4.6255662322641083E-04   2.1618974840849337E+03   1.0075286914237526E-01
   8.1000000000000000E+06   4.6297502450680698E-04   2.1599437271271149E+03   1.0088645844898834E-01
   8.2000000000000000E+06   4.6338905187968737E-04   2.1580138674912769E+03   1.0101866924133088E-01
   8.3000000000000000E+06   4.6379887763049347E-04   2.1561069856591930E+03   1.0114953801491587E-01
   8.4000000000000000E+06   4.6420442971728787E-04   2.1542233033170864E+03   1.0127907365662273E-01
   8.5000000000000000E+06   4.6460590771593761E-04   2.1523617831639908E+03   1.0140731476609971E-01
   8.6000000000000000E+06   4.6500334674457865E-04   2.1505221564551221E+03   1.0153428123539093E-01
   8.7000000000000000E+06   4.6539679786500738E-04   2.1487040834562408E+03   1.0165999430041302E-01
   8.8000000000000000E+06   4.6578638882448312E-04   2.1469068740366702E+03   1.0178448330132808E-01
   8.9000000000000000E+06   4.6617215329099393E-04   2.1451302763161407E+03   1.0190776672894722E-01
   9.0000000000000000E+06   4.6655411999887980E-04   2.1433740634471328E+03   1.0202986213902211E-01
   9.1000000000000000E+06   4.6693244673659827E-04   2.1416374188365435E+03   1.0215080104672916E-01
   9.2000000000000000E+06   4.6730707620030017E-04   2.1399205167853561E+03   1.0227059071420022E-01
   9.3000000000000000E+06   4.6767819608357279E-04   2.1382224109958356E+03   1.0238926526442342E-01
   9.4000000000000000E+06   4.6804580412164665E-04   2.1365430288957291E+03   1.0250683738173037E-01
   9.5000000000000000E+06   4.6841001142264668E-04   2.1348817822292431E+03   1.0262333201368319E-01
   9.6000000000000000E+06   4.6877077115458677E-04   2.1332388056895929E+03   1.0273875624665511E-01
   9.7000000000000000E+06   4.6912827270904867E-04   2.1316131603524050E+03   1.0285314309575627E-01
   9.8000000000000000E+06   4.6948245314775534E-04   2.1300050583259617E+03   1.0296649725073172E-01
   9.9000000000000000E+06   4.6983348394929244E-04   2.1284136490108626E+03   1.0307884914841731E-01
   1.0000000000000000E+07   4.7018134610940152E-04   2.1268389490027125E+03   1.0319020778800549E-01
   1.1000000000000000E+07   4.7349738758139148E-04   2.1119440702893125E+03   1.0425272402126397E-01
   1.2000000000000000E+07   4.7654925994178033E-04   2.0984189548886707E+03   1.0523220308269648E-01
   1.3000000000000000E+07   4.7937445295016112E-04   2.0860519242229343E+03   1.0614040173838318E-01
   1.4000000000000000E+07   4.8200331254887616E-04   2.0746745384630485E+03   1.0698680357118701E-01
   1.5000000000000000E+07   4.8446075170115773E-04   2.0641507005233225E+03   1.0777916353864907E-01
   1.6000000000000000E+07   4.8676726553139801E-04   2.0543698617619903E+03   1.0852387716227324E-01
   1.7000000000000000E+07   4.8893996418265481E-04   2.0452408746576239E+03   1.0922628368252164E-01
   1.8000000000000000E+07   4.9099312005010539E-04   2.0366884161186438E+03   1.0989086743939758E-01
   1.9000000000000000E+07   4.9293944767430633E-04   2.0286467328147728E+03   1.1052150645956337E-01
   2.0000000000000000E+07   4.9478884847393859E-04   2.0210641429859793E+03   1.1112141468420164E-01
   2.1000000000000000E+07   4.9655062321205727E-04   2.0138933539772027E+03   1.1169345113039857E-01
   2.2000000000000000E+07   4.9823247095526105E-04   2.0070951981164542E+03   1.1224005853578269E-01
   2.3000000000000000E+07   4.9984158910242505E-04   2.0006338444060227E+03   1.1276342510560776E-01
   2.4000000000000000E+07   5.0138360280635626E-04   1.9944808613659809E+03   1.1326539732816115E-01
   2.5000000000000000E+07   5.0286389262722440E-04   1.9886096708504490E+03   1.1374765310452975E-01
   2.6000000000000000E+07   5.0428744188824742E-04   1.9829960394326163E+03   1.1421170573450845E-01
   2.7000000000000000E+07   5.0565820587285043E-04   1.9776204329045415E+03   1.1465885106972053E-01
   2.8000000000000000E+07   5.0697967927479176E-04   1.9724656448369856E+03   1.1509024479756988E-01
   2.9000000000000000E+07   5.0825575392300269E-04   1.9675133872689880E+03   1.1550700959483122E-01
   3.0000000000000000E+07   5.0948931335581624E-04   1.9627497060014327E+03   1.1591008899823954E-01
   3.1000000000000000E+07   5.1068279252379490E-04   1.9581627081225886E+03   1.1630031798504707E-01
   3.2000000000000000E+07   5.1183890514972452E-04   1.9537397214998291E+03   1.1667851090037405E-01
   3.3000000000000000E+07   5.1296003725766724E-04   1.9494696026343388E+03   1.1704540018536838E-01
   3.4000000000000000E+07   5.1404812071259381E-04   1.9453431686779843E+03   1.1740162754950885E-01
   3.5000000000000000E+07   5.1510413754035113E-04   1.9413550137163563E+03   1.1774769340791308E-01
   3.6000000000000000E+07   5.1613169588093303E-04   1.9374900010610688E+03   1.1808435794718899E-01
   3.7000000000000000E+07   5.1713087917749998E-04   1.9337464465291778E+03   1.1841196132660026E-01
   3.8000000000000000E+07   5.1810383430088013E-04   1.9301150344686832E+03   1.1873104729052363E-01
   3.9000000000000000E+07   5.1905136689439906E-04   1.9265915933970559E+03   1.1904198758380249E-01
   4.0000000000000000E+07   5.1997562541498368E-04   1.9231670699985548E+03   1.1934528232477795E-01
   4.1000000000000000E+07   5.2087713119444636E-04   1.9198385571408289E+03   1.1964123212094663E-01
   4.2000000000000000E+07   5.2175617503726903E-04   1.9166040534710878E+03   1.1993009494444917E-01
   4.3000000000000000E+07   5.2261614889157989E-04   1.9134502485637058E+03   1.2021245773617811E-01
   4.4000000000000000E+07   5.2345579122945558E-04   1.9103810040027863E+03   1.2048837648141662E-01
   4.5000000000000000E+07   5.2427707591568581E-04   1.9073883752277968E+03   1.2075825365819043E-01
   4.6000000000000000E+07   5.2508032557733130E-04   1.9044705186782419E+03   1.2102229657857465E-01
   4.7000000000000000E+07   5.2586586622614965E-04   1.9016256125852981E+03   1.2128070215247691E-01
   4.8000000000000000E+07   5.2663477864665843E-04   1.8988491465941381E+03   1.2153374122826557E-01
   4.9000000000000000E+07   5.2738948554278888E-04   1.8961318483071404E+03   1.2178182460237796E-01
   5.0000000000000000E+07   5.2812760474591717E-04   1.8934817854883790E+03   1.2202482101170072E-01
   5.1000000000000000E+07   5.2885049756033731E-04   1.8908935599250501E+03   1.2226300724660560E-01
   5.2000000000000000E+07   5.2956203809838265E-04   1.8883528804121322E+03   1.2249693204732703E-01
   5.3000000000000000E+07   5.3025803315930812E-04   1.8858743054620827E+03   1.2272624150119681E-01
   5.4000000000000000E+07   5.3094199945109106E-04   1.8834448979998567E+03   1.2295143190299421E-01
   5.5000000000000000E+07   5.3161138702771356E-04   1.8810733261209639E+03   1.2317232003136466E-01
   5.6000000000000000E+07   5.3227207778392511E-04   1.8787384154423903E+03   1.2338965389876909E-01
   5.7000000000000000E+07   5.3291884130669191E-04   1.8764583319066883E+03   1.2360294234838240E-01
   5.8000000000000000E+07   5.3355429906778019E-04   1.8742234890566685E+03   1.2381256174341798E-01
   5.9000000000000000E+07   5.3417985961434224E-04   1.8720286472836369E+03   1.2401874944556941E-01
   6.0000000000000000E+07   5.3479421224299846E-04   1.8698781271507528E+03   1.2422143678936680E-01
   6.1000000000000000E+07   5.3540037631541601E-04   1.8677611078309710E+03   1.2442103230923757E-01
   6.2000000000000000E+07   5.3599546581171347E-04   1.8656874242128085E+03   1.2461728512648879E-01
   6.3000000000000000E+07   5.3658013119563036E-04   1.8636545445165073E+03   1.2481033387760893E-01
   6.4000000000000000E+07   5.3715661574707876E-04   1.8616544424556657E+03   1.2500049103389110E-01
   6.5000000000000000E+07   5.3772437158587357E-04   1.8596888161322665E+03   1.2518775616042233E-01
   6.6000000000000000E+07   5.3828205400488938E-04   1.8577621017826407E+03   1.2537203760017551E-01
   6.7000000000000000E+07   5.3883391769476031E-04   1.8558594163452090E+03   1.2555386306358882E-01
   6.8000000000000000E+07   5.3937731691248482E-04   1.8539897185966618E+03   1.2573299142063141E-01
   6.9000000000000000E+07   5.3991132983489053E-04   1.8521559832904575E+03   1.2590937074639436E-01
   7.0000000000000000E+07   5.4043481617300105E-04   1.8503619124343863E+03   1.2608292270870250E-01
   7.1000000000000000E+07   5.4095563367966958E-04   1.8485804338478463E+03   1.2625456636553389E-01
   7.2000000000000000E+07   5.4146728316258497E-04   1.8468336519969071E+03   1.2642362423688855E-01
   7.3000000000000000E+07   5.4197321673617638E-04   1.8451096274131637E+03   1.2659052232714924E-01
   7.4000000000000000E+07   5.4247357923118322E-04   1.8434077497695703E+03   1.2675531758967068E-01
   7.5000000000000000E+07   5.4296076404954964E-04   1.8417537071034878E+03   1.2691720440582707E-01
   7.6000000000000000E+07   5.4345003917635987E-04   1.8400955523263494E+03   1.2707791630194420E-01
   7.7000000000000000E+07   5.4392686388366807E-04   1.8384824622559447E+03   1.2723587449251042E-01
   7.8000000000000000E+07   5.4439837711614265E-04   1.8368901195064711E+03   1.2739190677134440E-01
   7.9000000000000000E+07   5.4486397511220770E-04   1.8353204573564678E+03   1.2754597963618952E-01
   8.0000000000000000E+07   5.4532324364457826E-04   1.8337747595658395E+03   1.2769807938810987E-01
   8.1000000000000000E+07   5.4578131605281755E-04   1.8322356786270529E+03   1.2784880730950324E-01
   8.2000000000000000E+07   5.4623103683595117E-04   1.8307271695737218E+03   1.2799739863108189E-01
   8.3000000000000000E+07   5.4667525318505793E-04   1.8292395607332987E+03   1.2814419850725969E-01
   8.4000000000000000E+07   5.4711319417584717E-04   1.8277753317690801E+03   1.2828914920336729E-01
   8.5000000000000000E+07   5.4754837947005924E-04   1.8263226364907573E+03   1.2843266856325986E-01
   8.6000000000000000E+07   5.4797133801561535E-04   1.8249129664725340E+03   1.2857373061980798E-01
   8.7000000000000000E+07   5.4839707680471228E-04   1.8234962261771987E+03   1.2871402729373477E-01
   8.8000000000000000E+07   5.4881854932653800E-04   1.8220958479393828E+03   1.2885280017310316E-01
   8.9000000000000000E+07   5.4923049681901578E-04   1.8207291943759697E+03   1.2898948859990347E-01
   9.0000000000000000E+07   5.4963610114750784E-04   1.8193855860490987E+03   1.2912446864131238E-01
   9.1000000000000000E+07   5.5004170062858718E-04   1.8180439753153280E+03   1.2925846620989381E-01
   9.2000000000000000E+07   5.5044129426511416E-04   1.8167241637186487E+03   1.2939083598048004E-01
   9.3000000000000000E+07   5.5083941918797135E-04   1.8154111074224973E+03   1.2952210241871848E-01
   9.4000000000000000E+07   5.5123027143519560E-04   1.8141238821960515E+03   1.2965164075401911E-01
   9.5000000000000000E+07   5.5162127832506186E-04   1.8128379728867451E+03   1.2978029519102260E-01
   9.6000000000000000E+07   5.5199890524309679E-04   1.8115977957594075E+03   1.2990658109411901E-01
   9.7000000000000000E+07   5.5238393496382472E-04   1.8103350526757979E+03   1.3003282488798690E-01
   9.8000000000000000E+07   5.5276284737400662E-04   1.8090940893561665E+03   1.3015754242448019E-01
   9.9000000000000000E+07   5.5313070407495501E-04   1.8078909607312085E+03   1.3028020219887393E-01
   1.0000000000000000E+08   5.5349953219519779E-04   1.8066862604814976E+03   1.3040215656116225E-01
   1.1000000000000000E+08   5.5699071223873646E-04   1.7953620734188864E+03   1.3155838020188496E-01
   1.2000000000000000E+08   5.6017838242144200E-04   1.7851456453520636E+03   1.3261460417024828E-01
   1.3000000000000000E+08   5.6311131287708365E-04   1.7758478246347734E+03   1.3358677741634337E-01
   1.4000000000000000E+08   5.6582696526136613E-04   1.7673247501346659E+03   1.3448726682828349E-01
   1.5000000000000000E+08   5.6835531411933481E-04   1.7594627430368937E+03   1.3532591982711387E-01
   1.6000000000000000E+08   5.7072053124540415E-04   1.7521710631608769E+03   1.3611068475090135E-01
   1.7000000000000000E+08   5.7294239263588453E-04   1.7453761719383167E+03   1.3684806974075545E-01
   1.8000000000000000E+08   5.7503728352330426E-04   1.7390176752938728E+03   1.3754347091601846E-01
   1.9000000000000000E+08   5.7701893180964973E-04   1.7330453904931594E+03   1.3820141211251064E-01
   2.0000000000000000E+08   5.7889895285536904E-04   1.7274171857931105E+03   1.3882572325554915E-01
   2.1000000000000000E+08   5.8068726232818118E-04   1.7220973575184782E+03   1.3941967544813283E-01
   2.2000000000000000E+08   5.8239239201518186E-04   1.7170553972036298E+03   1.3998608461085454E-01
   2.3000000000000000E+08   5.8402173607596580E-04   1.7122650378031933E+03   1.4052739221757535E-01
   2.4000000000000000E+08   5.8558174472993359E-04   1.7077035085190259E+03   1.4104572887591038E-01
   2.5000000000000000E+08   5.8707807810826431E-04   1.7033509464742576E+03   1.4154296492846166E-01
   2.6000000000000000E+08   5.8851573074033853E-04   1.6991899243577134E+03   1.4202075124386820E-01
   2.7000000000000000E+08   5.8989913126436240E-04   1.6952050732074256E+03   1.4248055218535582E-01
   2.8000000000000000E+08   5.9123222562153948E-04   1.6913827708710212E+03   1.4292367277701304E-01
   2.9000000000000000E+08   5.9251854415188370E-04   1.6877108908572225E+03   1.4335128094699906E-01
   3.0000000000000000E+08   5.9376125798492926E-04   1.6841785929141608E+03   1.4376442608245796E-01
   3.1000000000000000E+08   5.9496322674542485E-04   1.6807761472422631E+03   1.4416405461075077E-01
   3.2000000000000000E+08   5.9612703729417925E-04   1.6774947912763703E+03   1.4455102295751576E-01
   3.3000000000000000E+08   5.9725503807674118E-04   1.6743266046280055E+03   1.4492610868907796E-01
   3.4000000000000000E+08   5.9834936681349784E-04   1.6712644074907071E+03   1.4529001982465684E-01
   3.5000000000000000E+08   5.9941197567672149E-04   1.6683016699341460E+03   1.4564340296799214E-01
   3.6000000000000000E+08   6.0044465168521642E-04   1.6654324377665553E+03   1.4598685015831200E-01
   3.7000000000000000E+08   6.0144903494875330E-04   1.6626512670108541E+03   1.4632090485587876E-01
   3.8000000000000000E+08   6.0242663457619995E-04   1.6599531670831393E+03   1.4664606714147885E-01
   3.9000000000000000E+08   6.0337884176832790E-04   1.6573335536083616E+03   1.4696279815849264E-01
   4.0000000000000000E+08   6.0430694240102602E-04   1.6547882041977057E+03   1.4727152412105995E-01
   4.1000000000000000E+08   6.0521212685462050E-04   1.6523132231291404E+03   1.4757263969482110E-01
   4.2000000000000000E+08   6.0609549961941004E-04   1.6499050077552754E+03   1.4786651107764481E-01
   4.3000000000000000E+08   6.0695808695800969E-04   1.6475602211873679E+03   1.4815347862813244E-01
   4.4000000000000000E+08   6.0780084460625031E-04   1.6452757656956317E+03   1.4843385929453273E-01
   4.5000000000000000E+08   6.0862466393376983E-04   1.6430487610157377E+03   1.4870794869616694E-01
   4.6000000000000000E+08   6.0943037721276102E-04   1.6408765256722436E+03   1.4897602295255055E-01
   4.7000000000000000E+08   6.1021876328104594E-04   1.6387565577681758E+03   1.4923834042285869E-01
   4.8000000000000000E+08   6.1099055171020048E-04   1.6366865202758670E+03   1.4949514316267148E-01
   4.9000000000000000E+08   6.1174642696347448E-04   1.6346642267511063E+03   1.4974665827734954E-01
   5.0000000000000000E+08   6.1248703190746679E-04   1.6326876291334736E+03   1.4999309911374206E-01
   5.1000000000000000E+08   6.1321297135798951E-04   1.6307548057658537E+03   1.5023466637645516E-01
   5.2000000000000000E+08   6.1392481491503201E-04   1.6288639515872990E+03   1.5047154909518562E-01
   5.3000000000000000E+08   6.1462309959795056E-04   1.6270133690942303E+03   1.5070392550780584E-01
   5.4000000000000000E+08   6.1530833208789674E-04   1.6252014605535201E+03   1.5093196384477439E-01
   5.5000000000000000E+08   6.1598099168113187E-04   1.6234267185271510E+03   1.5115582314345197E-01
   5.6000000000000000E+08   6.1664153108039073E-04   1.6216877222783612E+03   1.5137565377858020E-01
   5.7000000000000000E+08   6.1729037944578463E-04   1.6199831283581962E+03   1.5159159820461537E-01
   5.8000000000000000E+08   6.1792794359036415E-04   1.6183116662270879E+03   1.5180379145694939E-01
   5.9000000000000000E+08   6.1855460918635349E-04   1.6166721339533785E+03   1.5201236162292120E-01
   6.0000000000000000E+08   6.1917074252181698E-04   1.6150633925742452E+03   1.5221743034563673E-01
   6.1000000000000000E+08   6.1977669188133233E-04   1.6134843615439941E+03   1.5241911326058899E-01
   6.2000000000000000E+08   6.2037278844371787E-04   1.6119340155273803E+03   1.5261752035563961E-01
   6.3000000000000000E+08   6.2095934722713542E-04   1.6104113811402515E+03   1.5281275631545480E-01
   6.4000000000000000E+08   6.2153666923238447E-04   1.6089155306557034E+03   1.5300492098022303E-01
   6.5000000000000000E+08   6.2210504015383346E-04   1.6074455846760561E+03   1.5319410940604183E-01
   6.6000000000000000E+08   6.2266473382389693E-04   1.6060007025912951E+03   1.5338041243555062E-01
   6.7000000000000000E+08   6.2321601103591513E-04   1.6045800850619858E+03   1.5356391674112543E-01
   6.8000000000000000E+08   6.2375912101804735E-04   1.6031829696820851E+03   1.5374470514964897E-01
   6.9000000000000000E+08   6.2429430255991176E-04   1.6018086275968103E+03   1.5392285691698757E-01
   7.0000000000000000E+08   6.2482178354319800E-04   1.6004563642600076E+03   1.5409844781443280E-01
   7.1000000000000000E+08   6.2534178252905540E-04   1.5991255149395633E+03   1.5427155043382643E-01
   7.2000000000000000E+08   6.2585450894652513E-04   1.5978154438533304E+03   1.5444223432827187E-01
   7.3000000000000000E+08   6.2636016307629255E-04   1.5965255438478407E+03   1.5461056612185659E-01
   7.4000000000000000E+08   6.2685893767232596E-04   1.5952552319238430E+03   1.5477660979374999E-01
   7.5000000000000000E+08   6.2735101731202329E-04   1.5940039505867794E+03   1.5494042670300337E-01
   7.6000000000000000E+08   6.2783657922062068E-04   1.5927711654541904E+03   1.5510207577071855E-01
   7.7000000000000000E+08   6.2831579401133016E-04   1.5915563631080195E+03   1.5526161364689567E-01
   7.8000000000000000E+08   6.2878882526559298E-04   1.5903590519084241E+03   1.5541909474304472E-01
   7.9000000000000000E+08   6.2925583090633853E-04   1.5891787582797067E+03   1.5557457145887110E-01
   8.0000000000000000E+08   6.2971696206024635E-04   1.5880150293685881E+03   1.5572809412543961E-01
   8.1000000000000000E+08   6.3017236492071476E-04   1.5868674281294695E+03   1.5587971127727290E-01
   8.2000000000000000E+08   6.3062218005554074E-04   1.5857355348838623E+03   1.5602946963667899E-01
   8.3000000000000000E+08   6.3106654256941941E-04   1.5846189467254110E+03   1.5617741418929706E-01
   8.4000000000000000E+08   6.3150558361909205E-04   1.5835172735434980E+03   1.5632358840643487E-01
   8.5000000000000000E+08   6.3193942908122659E-04   1.5824301412144750E+03   1.5646803414799665E-01
   8.6000000000000000E+08   6.3236820021021236E-04   1.5813571897947736E+03   1.5661079178342993E-01
   8.7000000000000000E+08   6.3279201439489833E-04   1.5802980714860018E+03   1.5675190032089778E-01
   8.8000000000000000E+08   6.3321098512324561E-04   1.5792524505956956E+03   1.5689139744591798E-01
   8.9000000000000000E+08   6.3362522153576051E-04   1.5782200045260702E+03   1.5702931951193055E-01
   9.0000000000000000E+08   6.3403482950930761E-04   1.5772004209515121E+03   1.5716570169854296E-01
   9.1000000000000000E+08   6.3443991177704838E-04   1.5761933974157273E+03   1.5730057806072453E-01
   9.2000000000000000E+08   6.3484056653613735E-04   1.5751986446869203E+03   1.5743398140799023E-01
   9.3000000000000000E+08   6.3523689023801662E-04   1.5742158797252953E+03   1.5756594364636878E-01
   9.4000000000000000E+08   6.3562897503648716E-04   1.5732448319282439E+03   1.5769649552528656E-01
   9.5000000000000000E+08   6.3601691091095538E-04   1.5722852377741317E+03   1.5782566690211303E-01
   9.6000000000000000E+08   6.3640078422543868E-04   1.5713368443080990E+03   1.5795348660933634E-01
   9.7000000000000000E+08   6.3678067998896139E-04   1.5703994034764610E+03   1.5807998273141605E-01
   9.8000000000000000E+08   6.3715667931603501E-04   1.5694726783268827E+03   1.5820518234723846E-01
   9.9000000000000000E+08   6.3752886143219592E-04   1.5685564379838743E+03   1.5832911177609202E-01
   1.0000000000000000E+09   6.3789730261681876E-04   1.5676504601880945E+03   1.5845179648233582E-01
   1.1000000000000000E+09   6.4139134075535042E-04   1.5591105405668955E+03   1.5961529182073336E-01
   1.2000000000000000E+09   6.4458115133331098E-04   1.5513950383617457E+03   1.6067754080717878E-01
   1.3000000000000000E+09   6.4751549563476249E-04   1.5443645854678666E+03   1.6165476222819480E-01
   1.4000000000000000E+09   6.5023227641755393E-04   1.5379119681807967E+03   1.6255956503647997E-01
   1.5000000000000000E+09   6.5276153989000008E-04   1.5319530010430990E+03   1.6340194595976690E-01
   1.6000000000000000E+09   6.5512750957358453E-04   1.5264204073049680E+03   1.6418996493335358E-01
   1.7000000000000000E+09   6.5734999681367424E-04   1.5212596103251371E+03   1.6493021486209089E-01
   1.8000000000000000E+09   6.5944541490359546E-04   1.5164257380517090E+03   1.6562815778011900E-01
   1.9000000000000000E+09   6.6142751075803907E-04   1.5118814741375588E+03   1.6628836915854456E-01
   2.0000000000000000E+09   6.6330791512490481E-04   1.5075954578526237E+03   1.6691472021139050E-01
   2.1000000000000000E+09   6.6509655541001258E-04   1.5035410901858143E+03   1.6751051535706216E-01
   2.2000000000000000E+09   6.6680197302435831E-04   1.4996956224715161E+03   1.6807859775467635E-01
   2.3000000000000000E+09   6.6843156887035006E-04   1.4960394550036006E+03   1.6862143122879908E-01
   2.4000000000000000E+09   6.6999179913018161E-04   1.4925555824686996E+03   1.6914116503806462E-01
   2.5000000000000000E+09   6.7148832847632462E-04   1.4892291609432766E+03   1.6963968513003788E-01
   2.6000000000000000E+09   6.7292615495986603E-04   1.4860471578187373E+03   1.7011865553412051E-01
   2.7000000000000000E+09   6.7430971170710698E-04   1.4829980684519044E+03   1.7057955198356828E-01
   2.8000000000000000E+09   6.7564294475021573E-04   1.4800716972922714E+03   1.7102368882608232E-01
   2.9000000000000000E+09   6.7692938989015764E-04   1.4772589503940223E+03   1.7145224262118894E-01
   3.0000000000000000E+09   6.7817221635018635E-04   1.4745517080924358E+03   1.7186626949587222E-01
   3.1000000000000000E+09   6.7937428822083896E-04   1.4719426645050451E+03   1.7226672242541505E-01
   3.2000000000000000E+09   6.8053819230116746E-04   1.4694252450675936E+03   1.7265446312175473E-01
   3.3000000000000000E+09   6.8166627888852018E-04   1.4669934995618880E+03   1.7303027400662976E-01
   3.4000000000000000E+09   6.8276068502318328E-04   1.4646420362737274E+03   1.7339486712487970E-01
   3.5000000000000000E+09   6.8382336565447996E-04   1.4623659415950360E+03   1.7374889301984225E-01
   3.6000000000000000E+09   6.8485610687423198E-04   1.4601607402818147E+03   1.7409294685437052E-01
   3.7000000000000000E+09   6.8586055120891537E-04   1.4580223315619692E+03   1.7442757523401273E-01
   3.8000000000000000E+09   6.8683820671428669E-04   1.4559469613430861E+03   1.7475328069578488E-01
   3.9000000000000000E+09   6.8779046553597595E-04   1.4539311754208863E+03   1.7507052679665075E-01
   4.0000000000000000E+09   6.8871861388416600E-04   1.4519717920215642E+03   1.7537974186505320E-01
   4.1000000000000000E+09   6.8962384352639510E-04   1.4500658719781134E+03   1.7568132259472916E-01
   4.2000000000000000E+09   6.9050725756202328E-04   1.4482107016958869E+03   1.7597563672416366E-01
   4.3000000000000000E+09   6.9136988450748814E-04   1.4464037592733318E+03   1.7626302639931873E-01
   4.4000000000000000E+09   6.9221267753072282E-04   1.4446427123629453E+03   1.7654380968023506E-01
   4.5000000000000000E+09   6.9303652985568120E-04   1.4429253826031961E+03   1.7681828366466998E-01
   4.6000000000000000E+09   6.9384227504130111E-04   1.4412497421557009E+03   1.7708672577671769E-01
   4.7000000000000000E+09   6.9463069058673006E-04   1.4396139035482804E+03   1.7734939528934521E-01
   4.8000000000000000E+09   6.9540250667967794E-04   1.4380160991577047E+03   1.7760653530036269E-01
   4.9000000000000000E+09   6.9615840809301229E-04   1.4364546752215513E+03   1.7785837384366182E-01
   5.0000000000000000E+09   6.9689903800235859E-04   1.4349280820740862E+03   1.7810512512280954E-01
   5.1000000000000000E+09   6.9762500118899801E-04   1.4334348658600952E+03   1.7834699059639336E-01
   5.2000000000000000E+09   6.9833686631543749E-04   1.4319736623331898E+03   1.7858415988935530E-01
   5.3000000000000000E+09   6.9903517232702112E-04   1.4305431823567560E+03   1.7881681209997033E-01
   5.4000000000000000E+09   6.9972042385929188E-04   1.4291422200948818E+03   1.7904511582999602E-01
   5.5000000000000000E+09   7.0039310189493910E-04   1.4277696300755442E+03   1.7926923085899737E-01
   5.6000000000000000E+09   7.0105365942423211E-04   1.4264243350805550E+03   1.7948930810878311E-01
   5.7000000000000000E+09   7.0170252407265909E-04   1.4251053198384295E+03   1.7970549034233391E-01
   5.8000000000000000E+09   7.0234010462314150E-04   1.4238116169324769E+03   1.7991791325970377E-01
   5.9000000000000000E+09   7.0296678386472364E-04   1.4225423205663676E+03   1.8012670504355588E-01
   6.0000000000000000E+09   7.0358293148149601E-04   1.4212965597308551E+03   1.8033198810196080E-01
   6.1000000000000000E+09   7.0418889505194913E-04   1.4200735158230925E+03   1.8053387835437501E-01
   6.2000000000000000E+09   7.0478500520048109E-04   1.4188724116165654E+03   1.8073248606595860E-01
   6.3000000000000000E+09   7.0537157634689642E-04   1.4176925092147571E+03   1.8092791617226878E-01
   6.4000000000000000E+09   7.0594891003920607E-04   1.4165331028621654E+03   1.8112026887180788E-01
   6.5000000000000000E+09   7.0651729233038119E-04   1.4153935237757503E+03   1.8130963953961049E-01
   6.6000000000000000E+09   7.0707699564537144E-04   1.4142731359648728E+03   1.8149611912418737E-01
   6.7000000000000000E+09   7.0762828335421495E-04   1.4131713267026578E+03   1.8167979483062280E-01
   6.8000000000000000E+09   7.0817140465829283E-04   1.4120875164149286E+03   1.8186074971480692E-01
   6.9000000000000000E+09   7.0870659504823207E-04   1.4110211573972213E+03   1.8203906288475666E-01
   7.0000000000000000E+09   7.0923408411171162E-04   1.4099717179448046E+03   1.8221481050719357E-01
   7.1000000000000000E+09   7.0975409101626207E-04   1.4089386911009547E+03   1.8238806543573188E-01
   7.2000000000000000E+09   7.1026682704581473E-04   1.4079215893543294E+03   1.8255889761307262E-01
   7.3000000000000000E+09   7.1077248987341595E-04   1.4069199557485599E+03   1.8272737354713328E-01
   7.4000000000000000E+09   7.1127127124548200E-04   1.4059333483959440E+03   1.8289355726933776E-01
   7.5000000000000000E+09   7.1176335784386947E-04   1.4049613385961313E+03   1.8305751052773175E-01
   7.6000000000000000E+09   7.1224892590259956E-04   1.4040035212868131E+03   1.8321929228050646E-01
   7.7000000000000000E+09   7.1272814850045123E-04   1.4030595004616505E+03   1.8337895959101996E-01
   7.8000000000000000E+09   7.1320118640986151E-04   1.4021289070393125E+03   1.8353656669110330E-01
   7.9000000000000000E+09   7.1366819699728815E-04   1.4012113811536428E+03   1.8369216604425787E-01
   8.0000000000000000E+09   7.1412933580512370E-04   1.4003065689390567E+03   1.8384580859130129E-01
   8.1000000000000000E+09   7.1458474326607509E-04   1.3994141484597174E+03   1.8399754234039781E-01
   8.2000000000000000E+09   7.1503456373049146E-04   1.3985337922446458E+03   1.8414741454181480E-01
   8.3000000000000000E+09   7.1547893375053097E-04   1.3976651901657167E+03   1.8429547044467962E-01
   8.4000000000000000E+09   7.1591797805143568E-04   1.3968080571489077E+03   1.8444175290370701E-01
   8.5000000000000000E+09   7.1635183113019640E-04   1.3959620908936449E+03   1.8458630482941921E-01
   8.6000000000000000E+09   7.1678060671237053E-04   1.3951270313892292E+03   1.8472916584393373E-01
   8.7000000000000000E+09   7.1720442385175929E-04   1.3943026098883804E+03   1.8487037522494162E-01
   8.8000000000000000E+09   7.1762339926840536E-04   1.3934885638058470E+03   1.8500997109797773E-01
   8.9000000000000000E+09   7.1803764067232306E-04   1.3926846496009125E+03   1.8514798973476745E-01
   9.0000000000000000E+09   7.1844725335409496E-04   1.3918906298708316E+03   1.8528446632360795E-01
   9.1000000000000000E+09   7.1885233958692994E-04   1.3911062744466053E+03   1.8541943493898030E-01
   9.2000000000000000E+09   7.1925299801986248E-04   1.3903313615001223E+03   1.8555292850803706E-01
   9.3000000000000000E+09   7.1964932463359436E-04   1.3895656756283970E+03   1.8568497894910227E-01
   9.4000000000000000E+09   7.2004141537779004E-04   1.3888090027089927E+03   1.8581561749501316E-01
   9.5000000000000000E+09   7.2042935295649527E-04   1.3880611553321694E+03   1.8594487325433040E-01
   9.6000000000000000E+09   7.2081323171486382E-04   1.3873219247389952E+03   1.8607277600273830E-01
   9.7000000000000000E+09   7.2119313007017953E-04   1.3865911339209372E+03   1.8619935314696140E-01
   9.8000000000000000E+09   7.2156913253146966E-04   1.3858685951430818E+03   1.8632463219506887E-01
   9.9000000000000000E+09   7.2194131801418034E-04   1.3851541324032630E+03   1.8644863948204343E-01
   1.0000000000000000E+10   7.2230976264279882E-04   1.3844475759834447E+03   1.8657140050302198E-01
   1.1000000000000000E+10   7.2580382739408382E-04   1.3777827592758590E+03   1.8773558208590488E-01
   1.2000000000000000E+10   7.2899365764736402E-04   1.3717540468421057E+03   1.8879840252361835E-01
   1.3000000000000000E+10   7.3192801683252796E-04   1.3662545728575515E+03   1.8977610718235932E-01
   1.4000000000000000E+10   7.3464481242756750E-04   1.3612020163806649E+03   1.9068132434718332E-01
   1.5000000000000000E+10   7.3717408154047538E-04   1.3565316863966466E+03   1.9152406352296802E-01
   1.6000000000000000E+10   7.3954006361245581E-04   1.3521917867644208E+03   1.9231239675123393E-01
   1.7000000000000000E+10   7.4176255633472794E-04   1.3481403064362014E+03   1.9305292332371779E-01
   1.8000000000000000E+10   7.4385798014671271E-04   1.3443426389036897E+03   1.9375111221413205E-01
   1.9000000000000000E+10   7.4584007987607516E-04   1.3407699947771041E+03   1.9441154351265980E-01
   2.0000000000000000E+10   7.4772049135831255E-04   1.3373981475128433E+03   1.9503809287849505E-01
   2.1000000000000000E+10   7.4950913387134878E-04   1.3342065557424514E+03   1.9563406696782448E-01
   2.2000000000000000E+10   7.5121455458794213E-04   1.3311776161585719E+03   1.9620231214872350E-01
   2.3000000000000000E+10   7.5284415042070868E-04   1.3282961678604720E+03   1.9674529392467735E-01
   2.4000000000000000E+10   7.5440438496446392E-04   1.3255490290490623E+03   1.9726516414559866E-01
   2.5000000000000000E+10   7.5590091510585112E-04   1.3229247114484140E+03   1.9776380937942326E-01
   2.6000000000000000E+10   7.5733874204628475E-04   1.3204131051028221E+03   1.9824289526193836E-01
   2.7000000000000000E+10   7.5872229985878643E-04   1.3180052836012865E+03   1.9870389870171415E-01
   2.8000000000000000E+10   7.6005553754321918E-04   1.3156933284538263E+03   1.9914813529322964E-01
   2.9000000000000000E+10   7.6134198104247112E-04   1.3134701946039352E+03   1.9957678129177625E-01
   3.0000000000000000E+10   7.6258480907594639E-04   1.3113295571829433E+03   1.9999089456427668E-01
   3.1000000000000000E+10   7.6378688610556850E-04   1.3092657365444513E+03   2.0039142872386301E-01
   3.2000000000000000E+10   7.6495079119110550E-04   1.3072736331743631E+03   2.0077924514498885E-01
   3.3000000000000000E+10   7.6607887925338105E-04   1.3053486097601310E+03   2.0115512722180423E-01
   3.4000000000000000E+10   7.6717328394765977E-04   1.3034864755121282E+03   2.0151978702785336E-01
   3.5000000000000000E+10   7.6823596234355438E-04   1.3016834006955810E+03   2.0187387570044085E-01
   3.6000000000000000E+10   7.6926870778710370E-04   1.2999358870018559E+03   2.0221798952669087E-01
   3.7000000000000000E+10   7.7027315211879621E-04   1.2982407568656554E+03   2.0255267420976561E-01
   3.8000000000000000E+10   7.7125080432916340E-04   1.2965950821533386E+03   2.0287843264439703E-01
   3.9000000000000000E+10   7.7220307146748108E-04   1.2949961440837290E+03   2.0319573027131996E-01
   4.0000000000000000E+10   7.7313120890371435E-04   1.2934415122343612E+03   2.0350499219871576E-01
   4.1000000000000000E+10   7.7403644918627354E-04   1.2919288246067440E+03   2.0380661983510906E-01
   4.2000000000000000E+10   7.7491986511385783E-04   1.2904560136073833E+03   2.0410097772131749E-01
   4.3000000000000000E+10   7.7578248527347346E-04   1.2890211096316348E+03   2.0438840816327250E-01
   4.4000000000000000E+10   7.7662527486274191E-04   1.2876222708264763E+03   2.0466923069487306E-01
   4.5000000000000000E+10   7.7744913952352288E-04   1.2862577745122626E+03   2.0494374391949716E-01
   4.6000000000000000E+10   7.7825487813781326E-04   1.2849260930978967E+03   2.0521222152447252E-01
   4.7000000000000000E+10   7.7904329869651011E-04   1.2836257004882698E+03   2.0547492627475902E-01
   4.8000000000000000E+10   7.7981511674374672E-04   1.2823552384771324E+03   2.0573209973815540E-01
   4.9000000000000000E+10   7.8057101602350195E-04   1.2811134150155167E+03   2.0598396992264495E-01
   5.0000000000000000E+10   7.8131164283776883E-04   1.2798990123428118E+03   2.0623075146058531E-01
   5.1000000000000000E+10   7.8203760967176616E-04   1.2787108799277778E+03   2.0647264674123406E-01
   5.2000000000000000E+10   7.8274947417560016E-04   1.2775479677622402E+03   2.0670984423587277E-01
   5.3000000000000000E+10   7.8344777951860000E-04   1.2764092593567161E+03   2.0694252357575690E-01
   5.4000000000000000E+10   7.8413303672235769E-04   1.2752937998632949E+03   2.0717085413127403E-01
   5.5000000000000000E+10   7.8480570575688129E-04   1.2742007259434761E+03   2.0739499340297923E-01
   5.6000000000000000E+10   7.8546626055914573E-04   1.2731291593456037E+03   2.0761509469113823E-01
   5.7000000000000000E+10   7.8611512718438476E-04   1.2720783068781327E+03   2.0783130063045496E-01
   5.8000000000000000E+10   7.8675271368979839E-04   1.2710474112127195E+03   2.0804374688570965E-01
   5.9000000000000000E+10   7.8737939409811845E-04   1.2700357762669444E+03   2.0825256070672984E-01
   6.0000000000000000E+10   7.8799554189463929E-04   1.2690427125965991E+03   2.0845786496190208E-01
   6.1000000000000000E+10   7.8860149533401577E-04   1.2680675929690515E+03   2.0865977457158946E-01
   6.2000000000000000E+10   7.8919761385865537E-04   1.2671097611543200E+03   2.0885840303486103E-01
   6.3000000000000000E+10   7.8978419151715703E-04   1.2661686708099633E+03   2.0905385305643553E-01
   6.4000000000000000E+10   7.9036152435114936E-04   1.2652437766640455E+03   2.0924622425271411E-01
   6.5000000000000000E+10   7.9092989696125148E-04   1.2643345558715064E+03   2.0943561186509732E-01
   6.6000000000000000E+10   7.9148960143489769E-04   1.2634404775338708E+03   2.0962210905201656E-01
   6.7000000000000000E+10   7.9204089033161284E-04   1.2625610775995651E+03   2.0980580184217168E-01
   6.8000000000000000E+10   7.9258401744765046E-04   1.2616958934149204E+03   2.0998677382510555E-01
   6.9000000000000000E+10   7.9311918933808341E-04   1.2608445406983205E+03   2.1016510091645538E-01
   7.0000000000000000E+10   7.9364670192528077E-04   1.2600064960569152E+03   2.1034086667085916E-01
   7.1000000000000000E+10   7.9416669344794676E-04   1.2591814895414582E+03   2.1051413497336541E-01
   7.2000000000000000E+10   7.9467943554494425E-04   1.2583690419952281E+03   2.1068498248768613E-01
   7.3000000000000000E+10   7.9518510707194507E-04   1.2575688240468069E+03   2.1085347364941984E-01
   7.4000000000000000E+10   7.9568387362689136E-04   1.2567805294856532E+03   2.1101966960156116E-01
   7.5000000000000000E+10   7.9617596146951076E-04   1.2560037584584809E+03   2.1118363650393809E-01
   7.6000000000000000E+10   7.9666154492519486E-04   1.2552381954044215E+03   2.1134543311676851E-01
   7.7000000000000000E+10   7.9714075470800009E-04   1.2544835953925217E+03   2.1150511181225290E-01
   7.8000000000000000E+10   7.9761379263779803E-04   1.2537396033397170E+03   2.1166273139463157E-01
   7.9000000000000000E+10   7.9808081525347091E-04   1.2530059373528477E+03   2.1181834424760290E-01
   8.0000000000000000E+10   7.9854195693198834E-04   1.2522823520031645E+03   2.1197199897337254E-01
   8.1000000000000000E+10   7.9899735501494905E-04   1.2515685987236971E+03   2.1212374324762120E-01
   8.2000000000000000E+10   7.9944717694402530E-04   1.2508643833387591E+03   2.1227362689651647E-01
   8.3000000000000000E+10   7.9989155126471785E-04   1.2501694741229464E+03   2.1242169428967989E-01
   8.4000000000000000E+10   8.0033057868208698E-04   1.2494836841630004E+03   2.1256798562387219E-01
   8.5000000000000000E+10   8.0076444462226395E-04   1.2488066955466779E+03   2.1271254947546803E-01
   8.6000000000000000E+10   8.0119320576697134E-04   1.2481383925899793E+03   2.1285541913953149E-01
   8.7000000000000000E+10   8.0161703164305517E-04   1.2474784847701205E+03   2.1299663950844477E-01
   8.8000000000000000E+10   8.0203600261928359E-04   1.2468268216566428E+03   2.1313624467804901E-01
   8.9000000000000000E+10   8.0245023948006069E-04   1.2461831909327359E+03   2.1327427237974861E-01
   9.0000000000000000E+10   8.0285984447549447E-04   1.2455474101501447E+03   2.1341075747188124E-01
   9.1000000000000000E+10   8.0326493053763429E-04   1.2449192812770862E+03   2.1354573521955711E-01
   9.2000000000000000E+10   8.0366562143381257E-04   1.2442985905206560E+03   2.1367924134681146E-01
   9.3000000000000000E+10   8.0406194194546684E-04   1.2436852782516378E+03   2.1381129986963132E-01
   9.4000000000000000E+10   8.0445401851217575E-04   1.2430791281886854E+03   2.1394194541420999E-01
   9.5000000000000000E+10   8.0484195605087132E-04   1.2424799583097201E+03   2.1407120956176426E-01
   9.6000000000000000E+10   8.0522583638986027E-04   1.2418876230839635E+03   2.1419912070363373E-01
   9.7000000000000000E+10   8.0560574946674055E-04   1.2413019652130538E+03   2.1432570753144173E-01
   9.8000000000000000E+10   8.0598174377706500E-04   1.2407228919525014E+03   2.1445099355821096E-01
   9.9000000000000000E+10   8.0635392428361741E-04   1.2401502242187537E+03   2.1457500801724863E-01
   1.0000000000000000E+11   8.0672237059065165E-04   1.2395838227069839E+03   2.1469777679534505E-01
